# d_l
# unit = Mpc
1.230584539643007738e+05
1.227798254540810303e+05
1.225012454124264041e+05
1.222227139747560868e+05
1.219442312771224824e+05
1.216657974562158779e+05
1.213874126493679214e+05
1.211090769945564243e+05
1.208307906304091157e+05
1.205525536962084734e+05
1.202743663318958716e+05
1.199962286780762079e+05
1.197181408760216436e+05
1.194401030676770024e+05
1.191621153956636263e+05
1.188841780032841343e+05
1.186062910345272539e+05
1.183284546340719535e+05
1.180506689472925354e+05
1.177729341202632786e+05
1.174952502997630072e+05
1.172176176332800969e+05
1.169400362690170441e+05
1.166625063558958500e+05
1.163850280435623281e+05
1.161076014823915757e+05
1.158302268234928488e+05
1.155529042187142913e+05
1.152756338206486253e+05
1.149984157826378359e+05
1.147212502587784838e+05
1.144441374039272050e+05
1.141670773737056152e+05
1.138900703245059703e+05
1.136131164134961437e+05
1.133362157986257516e+05
1.130593686386308545e+05
1.127825750930399954e+05
1.125058353221798898e+05
1.122291494871803880e+05
1.119525177499809652e+05
1.116759402733359457e+05
1.113994172208204691e+05
1.111229487568364275e+05
1.108465350466181699e+05
1.105701762562386575e+05
1.102938725526153139e+05
1.100176241035160783e+05
1.097414310775659251e+05
1.094652936442524660e+05
1.091892119739326008e+05
1.089131862378385122e+05
1.086372166080845782e+05
1.083613032576730184e+05
1.080854463605009369e+05
1.078096460913666815e+05
1.075339026259765960e+05
1.072582161409513064e+05
1.069825868138330261e+05
1.067070148230916529e+05
1.064315003481324384e+05
1.061560435693020554e+05
1.058806446678961947e+05
1.056053038261667243e+05
1.053300212273281795e+05
1.050547970555654756e+05
1.047796314960409509e+05
1.045045247349020065e+05
1.042294769592880475e+05
1.039544883573382249e+05
1.036795591181993950e+05
1.034046894320327992e+05
1.031298794900226203e+05
1.028551294843833602e+05
1.025804396083678294e+05
1.023058100562751642e+05
1.020312410234585550e+05
1.017567327063336852e+05
1.014822853023866192e+05
1.012078990101822565e+05
1.009335740293726994e+05
1.006593105607054604e+05
1.003851088060320908e+05
1.001109689683169709e+05
9.983689125164572033e+04
9.956287586123398796e+04
9.928892300343653187e+04
9.901503288575605256e+04
9.874120571685221512e+04
9.846744170655068592e+04
9.819374106585253321e+04
9.792010400694372947e+04
9.764653074320398446e+04
9.737302148921688786e+04
9.709957646077932441e+04
9.682619587491090351e+04
9.655287994986418926e+04
9.627962890513449383e+04
9.600644296146971465e+04
9.573332234088094265e+04
9.546026726665197930e+04
9.518727796335049788e+04
9.491435465683792427e+04
9.464149757428014709e+04
9.436870694415837352e+04
9.409598299627975211e+04
9.382332596178834501e+04
9.355073607317611459e+04
9.327821356429423031e+04
9.300575867036404088e+04
9.273337162798883219e+04
9.246105267516504682e+04
9.218880205129414389e+04
9.191661999719413870e+04
9.164450675511169538e+04
9.137246256873404491e+04
9.110048768320113595e+04
9.082858234511819319e+04
9.055674680256766442e+04
9.028498130512217176e+04
9.001328610385714273e+04
8.974166145136347041e+04
8.947010760176075564e+04
8.919862481071034563e+04
8.892721333542847424e+04
8.865587343469999905e+04
8.838460536889170180e+04
8.811340939996611269e+04
8.784228579149565485e+04
8.757123480867614853e+04
8.730025671834158129e+04
8.702935178897822334e+04
8.675852029073910671e+04
8.648776249545894098e+04
8.621707867666876700e+04
8.594646910961116373e+04
8.567593407125539670e+04
8.540547384031295951e+04
8.513508869725291152e+04
8.486477892431775399e+04
8.459454480553955364e+04
8.432438662675574597e+04
8.405430467562563717e+04
8.378429924164716795e+04
8.351437061617303698e+04
8.324451909242813417e+04
8.297474496552652272e+04
8.270504853248856671e+04
8.243543009225878632e+04
8.216588994572320371e+04
8.189642839572764933e+04
8.162704574709587905e+04
8.135774230664757488e+04
8.108851838321764080e+04
8.081937428767427627e+04
8.055031033293885412e+04
8.028132683400443057e+04
8.001242410795589967e+04
7.974360247398934735e+04
7.947486225343259866e+04
7.920620376976483385e+04
7.893762734863783407e+04
7.866913331789600488e+04
7.840072200759811676e+04
7.813239375003817258e+04
7.786414887976738100e+04
7.759598773361547501e+04
7.732791065071335470e+04
7.705991797251519165e+04
7.679201004282140639e+04
7.652418720780123840e+04
7.625644981601662585e+04
7.598879821844519756e+04
7.572123276850447292e+04
7.545375382207611983e+04
7.518636173753037292e+04
7.491905687575085904e+04
7.465183960015961202e+04
7.438471027674306242e+04
7.411766927407722687e+04
7.385071696335455636e+04
7.358385371840962034e+04
7.331707991574701737e+04
7.305039593456753937e+04
7.278380215679657704e+04
7.251729896711173933e+04
7.225088675297118607e+04
7.198456590464245528e+04
7.171833681523147970e+04
7.145219988071224361e+04
7.118615549995658512e+04
7.092020407476452237e+04
7.065434600989511819e+04
7.038858171309743193e+04
7.012291159514231549e+04
6.985733606985447113e+04
6.959185555414469854e+04
6.932647046804304409e+04
6.906118123473219748e+04
6.879598828058120853e+04
6.853089203518007707e+04
6.826589293137435743e+04
6.800099140530053410e+04
6.773618789642206684e+04
6.747148284756550856e+04
6.720687670495745260e+04
6.694236991826197482e+04
6.667796294061855588e+04
6.641365622868045466e+04
6.614945024265418760e+04
6.588534544633849873e+04
6.562134230716522143e+04
6.535744129623979097e+04
6.509364288838234643e+04
6.482994756217055692e+04
6.456635579998142930e+04
6.430286808803513850e+04
6.403948491643870511e+04
6.377620677923074982e+04
6.351303417442661157e+04
6.324996760406451358e+04
6.298700757425204938e+04
6.272415459521362936e+04
6.246140918133858213e+04
6.219877185122993251e+04
6.193624312775421276e+04
6.167382353809144843e+04
6.141151361378677393e+04
6.114931389080201188e+04
6.088722490956863476e+04
6.062524721504135232e+04
6.036338135675241938e+04
6.010162788886718045e+04
5.983998737024001457e+04
5.957846036447180086e+04
5.931704743996736215e+04
5.905574916999496782e+04
5.879456613274597476e+04
5.853349891139563260e+04
5.827254809416522039e+04
5.801171427438478713e+04
5.775099805055680190e+04
5.749040002642180480e+04
5.722992081102357770e+04
5.696956101877734181e+04
5.670932126953696570e+04
5.644920218866512732e+04
5.618920440710364346e+04
5.592932856144539255e+04
5.566957529400709609e+04
5.540994525290375168e+04
5.515043909212423023e+04
5.489105747160790634e+04
5.463180105732306401e+04
5.437267052134612459e+04
5.411366654194283183e+04
5.385478980365033931e+04
5.359604099736132048e+04
5.333742082040876267e+04
5.307892997665318399e+04
5.282056917657055601e+04
5.256233913734256930e+04
5.230424058294771385e+04
5.204627424425491336e+04
5.178844085911793809e+04
5.153074117247226968e+04
5.127317593643339933e+04
5.101574594480697851e+04
5.075845189433921769e+04
5.050129459495159244e+04
5.024427482849873195e+04
4.998739338453485107e+04
4.973065106042366824e+04
4.947404866145028063e+04
4.921758700093525113e+04
4.896126690035073261e+04
4.870508918943893514e+04
4.844905470633280493e+04
4.819316429767910449e+04
4.793741881876374828e+04
4.768181913363983767e+04
4.742636611525788612e+04
4.717106064559877996e+04
4.691590361580940953e+04
4.666089592634099972e+04
4.640603848708995065e+04
4.615133221754192346e+04
4.589677804691834899e+04
4.564237691432645806e+04
4.538812976891190192e+04
4.513403757001458871e+04
4.488010128732808516e+04
4.462632190106171038e+04
4.437270040210651496e+04
4.411923779220451252e+04
4.386593508412137453e+04
4.361279330182300328e+04
4.335981348065561178e+04
4.310699666752972553e+04
4.285434392110828048e+04
4.260185631199846830e+04
4.234953492294794705e+04
4.209738084904522839e+04
4.184539519792451028e+04
4.159357908997503546e+04
4.134193365855472075e+04
4.109046005020919256e+04
4.083915942489505687e+04
4.058803295620853896e+04
4.033708183161917259e+04
4.008630725270879338e+04
3.983571043541599647e+04
3.958529261028610927e+04
3.933505502272711601e+04
3.908499893327123573e+04
3.883512561784283025e+04
3.858543636803243135e+04
3.833593249137725797e+04
3.808661531164845655e+04
3.783748616914500599e+04
3.758854642099477496e+04
3.733979744146279700e+04
3.709124062226699607e+04
3.684287737290150108e+04
3.659470912096805841e+04
3.634673731251543359e+04
3.609896341238720197e+04
3.585138890457838716e+04
3.560401529260066309e+04
3.535684409985708771e+04
3.510987687002612802e+04
3.486311516745551489e+04
3.461656057756610244e+04
3.437021470726621192e+04
3.412407918537667138e+04
3.387815566306675464e+04
3.363244581430187827e+04
3.338695133630269265e+04
3.314167395001661498e+04
3.289661540060176776e+04
3.265177745792394489e+04
3.240716191706694735e+04
3.216277059885675772e+04
3.191860535040000468e+04
3.167466804563708502e+04
3.143096058591089604e+04
3.118748490055082220e+04
3.094424294747345630e+04
3.070123671380000087e+04
3.045846821649116464e+04
3.021593950299999779e+04
2.997365265194358653e+04
2.973160977379381802e+04
2.948981301158840142e+04
2.924826454166229087e+04
2.900696657440082708e+04
2.876592135501478697e+04
2.852513116433858886e+04
2.828459831965227932e+04
2.804432517552801801e+04
2.780431412470236683e+04
2.756456759897480879e+04
2.732508807013394471e+04
2.708587805091192786e+04
2.684694009596860997e+04
2.660827680290622084e+04
2.636989081331571288e+04
2.613178481385628038e+04
2.589396153736888664e+04
2.565642376402533046e+04
2.541917432251423816e+04
2.518221609126526164e+04
2.494555199971301408e+04
2.470918502960231490e+04
2.447311821633634099e+04
2.423735465036930327e+04
2.400189747864542733e+04
2.376674990608623921e+04
2.353191519712772424e+04
2.329739667730964720e+04
2.306319773491907472e+04
2.282932182269010445e+04
2.259577245956238039e+04
2.236255323250041329e+04
2.212966779837660215e+04
2.189711988592022317e+04
2.166491329773526741e+04
2.143305191238998304e+04
2.120153968658111989e+04
2.097038065737583747e+04
2.073957894453482368e+04
2.050913875291969089e+04
2.027906437498858213e+04
2.004936019338339247e+04
1.982003068361284022e+04
1.959108041683522970e+04
1.936251407256614766e+04
1.913433640161814765e+04
1.890655229050442358e+04
1.867916672295646640e+04
1.845218479392361041e+04
1.822561171305189418e+04
1.799945280829742842e+04
1.777371352968004794e+04
1.754839945318335594e+04
1.732351628480783256e+04
1.709906986478359613e+04
1.687506617195014405e+04
1.665151132831014183e+04
1.642841160376555854e+04
1.620577342104369200e+04
1.598360336082215144e+04
1.576190816706130681e+04
1.554069475255373436e+04
1.531997020470027201e+04
1.509974179152304714e+04
1.488001696792587791e+04
1.466080338221337297e+04
1.444210888288026763e+04
1.422394152568306890e+04
1.400630958100675707e+04
1.378922154153972588e+04
1.357268613027055653e+04
1.335671230882127384e+04
1.314130928613168544e+04
1.292648652751050213e+04
1.271225376406936994e+04
1.249862100255652695e+04
1.228559853560749798e+04
1.207319695243088609e+04
1.186142714994788184e+04
1.165030034440481722e+04
1.143982808347872378e+04
1.123002225889638612e+04
1.102089511958805997e+04
1.081245928539758461e+04
1.060472776137109940e+04
1.039771395264715102e+04
1.019143167997141973e+04
9.985895195859455271e+03
9.781119201431582042e+03
9.577118863943740507e+03
9.373909835038663005e+03
9.171508269741399999e+03
8.969930846223111075e+03
8.769194786356889381e+03
8.569317877088366004e+03
8.370318492643518766e+03
8.172215617594841206e+03
7.975028870805459519e+03
7.778778530269575640e+03
7.583485558865051644e+03
7.389171631031676043e+03
7.195859160385614814e+03
7.003571328276983877e+03
6.812332113293347902e+03
6.622166321707145471e+03
6.433099618859556358e+03
6.245158561466897481e+03
6.058370630828486355e+03
5.872764266906750890e+03
5.688368903241088447e+03
5.505215002646687026e+03
5.323334093637943624e+03
5.142758807503340904e+03
4.963522915944389752e+03
4.785661369175623804e+03
4.609210334365504423e+03
4.434207234279388103e+03
4.260690785965352006e+03
4.088701039301858145e+03
3.918279415202552173e+03
3.749468743248473857e+03
3.582313298491234036e+03
3.416858837142694028e+03
3.253152630837286779e+03
3.091243499122879257e+03
2.931181839804808078e+03
2.773019656736230900e+03
2.616810584616411234e+03
2.462609910327425496e+03
2.310474590309929226e+03
2.160463263450410977e+03
2.012636258926840810e+03
1.867055598437536901e+03
1.723784992220382037e+03
1.582889828257403224e+03
1.444437154054171515e+03
1.308495650385684939e+03
1.175135596411723327e+03
1.044428825585967161e+03
9.164486718160611645e+02
7.912699053768972135e+02
6.689686581379371546e+02
5.496223377380640613e+02
4.333095304285893121e+02
3.201098924071214356e+02
2.101040295815912771e+02
1.033733658343551980e+02
0.000000000000000000e+00
