# d_m
# unit = Mpc
1.025487116369173054e+04
1.025048233253913895e+04
1.024608137123714005e+04
1.024166822391322967e+04
1.023724283433447454e+04
1.023280514590455459e+04
1.022835510166068707e+04
1.022389264427062335e+04
1.021941771602951667e+04
1.021493025885685529e+04
1.021043021429330292e+04
1.020591752349753187e+04
1.020139212724296340e+04
1.019685396591459721e+04
1.019230297950568092e+04
1.018773910761442130e+04
1.018316228944065551e+04
1.017857246378243508e+04
1.017396956903263890e+04
1.016935354317552810e+04
1.016472432378324265e+04
1.016008184801229254e+04
1.015542605259998345e+04
1.015075687386085883e+04
1.014607424768301826e+04
1.014137810952448672e+04
1.013666839440949298e+04
1.013194503692469334e+04
1.012720797121543364e+04
1.012245713098188025e+04
1.011769244947516017e+04
1.011291385949347750e+04
1.010812129337812257e+04
1.010331468300950655e+04
1.009849395980309419e+04
1.009365905470538019e+04
1.008880989818969829e+04
1.008394642025209760e+04
1.007906855040713890e+04
1.007417621768357822e+04
1.006926935062013399e+04
1.006434787726108698e+04
1.005941172515190192e+04
1.005446082133479104e+04
1.004949509234419747e+04
1.004451446420227330e+04
1.003951886241427201e+04
1.003450821196390461e+04
1.002948243730867944e+04
1.002444146237511086e+04
1.001938521055394631e+04
1.001431360469530409e+04
1.000922656710380397e+04
1.000412401953354856e+04
9.999005883183159312e+03
9.993872078690686976e+03
9.988722526128503887e+03
9.983557144998079821e+03
9.978375854224799696e+03
9.973178572152601191e+03
9.967965216538679670e+03
9.962735704548002104e+03
9.957489952747870120e+03
9.952227877102397542e+03
9.946949392966835148e+03
9.941654415081959087e+03
9.936342857568306499e+03
9.931014633920414781e+03
9.925669657000902589e+03
9.920307839034570861e+03
9.914929091602432891e+03
9.909533325635560686e+03
9.904120451409022280e+03
9.898690378535638956e+03
9.893243015959709737e+03
9.887778271950668568e+03
9.882296054096626904e+03
9.876796269297901745e+03
9.871278823760414525e+03
9.865743622989049982e+03
9.860190571780927712e+03
9.854619574218564594e+03
9.849030533662999005e+03
9.843423352746831370e+03
9.837797933367142832e+03
9.832154176678361182e+03
9.826491983085050379e+03
9.820811252234598214e+03
9.815111883009811208e+03
9.809393773521418552e+03
9.803656821100521483e+03
9.797900922290938979e+03
9.792125972841395196e+03
9.786331867697728740e+03
9.780518500994929127e+03
9.774685766049065933e+03
9.768833555349196104e+03
9.762961760549098472e+03
9.757070272458939144e+03
9.751158981036862315e+03
9.745227775380388266e+03
9.739276543717838649e+03
9.733305173399532578e+03
9.727313550888937243e+03
9.721301561753722126e+03
9.715269090656651315e+03
9.709216021346408525e+03
9.703142236648280232e+03
9.697047618454753319e+03
9.690932047715943554e+03
9.684795404429974951e+03
9.678637567633177241e+03
9.672458415390196024e+03
9.666257824783955584e+03
9.660035671905519848e+03
9.653791831843802356e+03
9.647526178675163465e+03
9.641238585452878397e+03
9.634928924196432490e+03
9.628597065880736409e+03
9.622242880425174008e+03
9.615866236682493764e+03
9.609467002427596526e+03
9.603045044346161376e+03
9.596600228023098680e+03
9.590132417930912197e+03
9.583641477417852002e+03
9.577127268695945531e+03
9.570589652828892213e+03
9.564028489719717982e+03
9.557443638098386145e+03
9.550834955509155407e+03
9.544202298297797824e+03
9.537545521598674895e+03
9.530864479321600811e+03
9.524159024138567474e+03
9.517429007470267607e+03
9.510674279472475973e+03
9.503894689022190505e+03
9.497090083703646087e+03
9.490260309794117347e+03
9.483405212249519536e+03
9.476524634689831146e+03
9.469618419384356457e+03
9.462686407236680679e+03
9.455728437769550510e+03
9.448744349109478208e+03
9.441733977971125569e+03
9.434697159641544204e+03
9.427633727964101126e+03
9.420543515322291569e+03
9.413426352623258936e+03
9.406282069281080112e+03
9.399110493199907069e+03
9.391911450756746490e+03
9.384684766784142994e+03
9.377430264552484005e+03
9.370147765752168198e+03
9.362837090475455625e+03
9.355498057198126844e+03
9.348130482760798259e+03
9.340734182350077390e+03
9.333308969479339794e+03
9.325854655969358646e+03
9.318371051928548695e+03
9.310857965733026504e+03
9.303315204006275962e+03
9.295742571598641007e+03
9.288139871566443617e+03
9.280506905150854436e+03
9.272843471756390500e+03
9.265149368929218326e+03
9.257424392334996810e+03
9.249668335736532754e+03
9.241880990971030769e+03
9.234062147927063052e+03
9.226211594521142615e+03
9.218329116674003672e+03
9.210414498286545495e+03
9.202467521215361558e+03
9.194487965247984903e+03
9.186475608077658762e+03
9.178430225277912541e+03
9.170351590276528441e+03
9.162239474329337099e+03
9.154093646493487540e+03
9.145913873600360603e+03
9.137699920228080373e+03
9.129451548673598154e+03
9.121168518924381715e+03
9.112850588629640697e+03
9.104497513071133653e+03
9.096109045133556720e+03
9.087684935274415693e+03
9.079224931493516124e+03
9.070728779301945906e+03
9.062196221690554012e+03
9.053626999098005399e+03
9.045020849378310231e+03
9.036377507767840143e+03
9.027696706851862473e+03
9.018978176530528799e+03
9.010221643984325055e+03
9.001426833639043252e+03
8.992593467130123827e+03
8.983721263266479582e+03
8.974809937993746644e+03
8.965859204356953342e+03
8.956868772462579727e+03
8.947838349440075035e+03
8.938767639402640270e+03
8.929656343407539680e+03
8.920504159415660979e+03
8.911310782250422562e+03
8.902075903556165940e+03
8.892799211755653232e+03
8.883480392007068076e+03
8.874119126160208907e+03
8.864715092712016485e+03
8.855267966761352000e+03
8.845777419963058492e+03
8.836243120481240112e+03
8.826664732941793773e+03
8.817041918384144083e+03
8.807374334212183385e+03
8.797661634144420532e+03
8.787903468163229263e+03
8.778099482463361710e+03
8.768249319399483284e+03
8.758352617432905390e+03
8.748409011077395917e+03
8.738418130844054758e+03
8.728379603185308952e+03
8.718293050437887359e+03
8.708158090764916778e+03
8.697974338096888459e+03
8.687741402071782431e+03
8.677458887974042227e+03
8.667126396672527335e+03
8.656743524557441560e+03
8.646309863476108148e+03
8.635825000667618951e+03
8.625288518696475876e+03
8.614699995384846261e+03
8.604059003743914218e+03
8.593365111903718571e+03
8.582617883042015819e+03
8.571816875311744298e+03
8.560961641767255060e+03
8.550051730289178522e+03
8.539086683508021451e+03
8.528066038726368788e+03
8.516989327839659381e+03
8.505856077255602941e+03
8.494665807812058119e+03
8.483418034693519076e+03
8.472112267346001317e+03
8.460748009390476000e+03
8.449324758534594366e+03
8.437842006482936995e+03
8.426299238845494983e+03
8.414695935044575890e+03
8.403031568219867040e+03
8.391305605131890843e+03
8.379517506063504698e+03
8.367666724719707418e+03
8.355752708125493882e+03
8.343774902149682021e+03
8.331732728708970171e+03
8.319625619967264356e+03
8.307452995169272981e+03
8.295214266339504320e+03
8.282908838168026705e+03
8.270536107894033194e+03
8.258095465187185255e+03
8.245586292026666342e+03
8.233007962577921717e+03
8.220359843067006295e+03
8.207641291652516884e+03
8.194851658295001471e+03
8.181990284623891966e+03
8.169056503801754843e+03
8.156049640385928797e+03
8.142969010187441199e+03
8.129813920127149686e+03
8.116583668088988816e+03
8.103277542770379114e+03
8.089894823529583846e+03
8.076434780230107208e+03
8.062896673081893823e+03
8.049279752479371382e+03
8.035583258836280038e+03
8.021806422417072099e+03
8.007948463164972964e+03
7.994008590526525040e+03
7.979986003272535527e+03
7.965879889315400760e+03
7.951689425522656165e+03
7.937413777526690865e+03
7.923052099530578744e+03
7.908603534109834072e+03
7.894067212010095318e+03
7.879442251940572532e+03
7.864727760363212838e+03
7.849922831277435762e+03
7.835026546000305643e+03
7.820037972942175656e+03
7.804956167377491511e+03
7.789780171210793014e+03
7.774509012737724333e+03
7.759141706400965631e+03
7.743677252540935115e+03
7.728114637141145977e+03
7.712452831568105466e+03
7.696690792305582363e+03
7.680827460683143727e+03
7.664861762598798123e+03
7.648792608235607076e+03
7.632618891772120151e+03
7.616339491086469025e+03
7.599953267453967783e+03
7.583459065238068433e+03
7.566855711574500674e+03
7.550142016048396727e+03
7.533316770364298463e+03
7.516378748008784896e+03
7.499326703905583599e+03
7.482159374062991446e+03
7.464875475213331811e+03
7.447473704444357281e+03
7.429952738822323226e+03
7.412311235006520292e+03
7.394547828855087573e+03
7.376661135021866357e+03
7.358649746544061600e+03
7.340512234420456480e+03
7.322247147180034517e+03
7.303853010440615435e+03
7.285328326457397452e+03
7.266671573661036746e+03
7.247881206185074916e+03
7.228955653382389755e+03
7.209893319330422855e+03
7.190692582324876639e+03
7.171351794361571592e+03
7.151869280606263601e+03
7.132243338851905719e+03
7.112472238963267046e+03
7.092554222308424869e+03
7.072487501176869046e+03
7.052270258183815713e+03
7.031900645660483860e+03
7.011376785029827261e+03
6.990696766167511669e+03
6.969858646747605235e+03
6.948860451572738384e+03
6.927700171888213845e+03
6.906375764679745771e+03
6.884885151954384128e+03
6.863226220004159586e+03
6.841396818652110596e+03
6.819394760480133300e+03
6.797217820038304126e+03
6.774863733035113000e+03
6.752330195508234283e+03
6.729614862975267897e+03
6.706715349563985910e+03
6.683629227121621625e+03
6.660354024302615471e+03
6.636887225634339302e+03
6.613226270560273406e+03
6.589368552460075989e+03
6.565311417645987603e+03
6.541052164335042107e+03
6.516588041596496623e+03
6.491916248273903875e+03
6.467033931881245735e+03
6.441938187472586833e+03
6.416626056484553374e+03
6.391094525551134211e+03
6.365340525290164805e+03
6.339360929060858325e+03
6.313152551691840017e+03
6.286712148178989082e+03
6.260036412352565094e+03
6.233121975512944118e+03
6.205965405034384275e+03
6.178563202936222297e+03
6.150911804420917179e+03
6.123007576378316116e+03
6.094846815855639761e+03
6.066425748492545608e+03
6.037740526920824777e+03
6.008787229128115541e+03
5.979561856785252530e+03
5.950060333536688631e+03
5.920278506256438050e+03
5.890212131034827507e+03
5.859856890038327037e+03
5.829208376957646578e+03
5.798262098342494028e+03
5.767013471663218297e+03
5.735457823333598753e+03
5.703590386694753761e+03
5.671406299960164688e+03
5.638900604122053664e+03
5.606068240819326093e+03
5.572904050167519017e+03
5.539402768551173722e+03
5.505559026379458373e+03
5.471367345805684636e+03
5.436822138411896958e+03
5.401917702859609562e+03
5.366648222508174513e+03
5.331007763002395222e+03
5.294990269831342630e+03
5.258589565860490438e+03
5.221799348839738741e+03
5.184613188890110905e+03
5.147024525972336050e+03
5.109026667340915083e+03
5.070612784987710256e+03
5.031775913079500242e+03
4.992508945394617513e+03
4.952804632764132293e+03
4.912655580523793105e+03
4.872054245983575129e+03
4.830992935922314246e+03
4.789463804115735911e+03
4.747458848907022912e+03
4.704969910829882792e+03
4.661988670295110751e+03
4.618506645352656051e+03
4.574515189542282315e+03
4.530005489847151694e+03
4.484968564765914380e+03
4.439395262520283723e+03
4.393276259416536050e+03
4.346602058380973176e+03
4.299362987690999034e+03
4.251549199925399989e+03
4.203150671159125523e+03
4.154157200430099692e+03
4.104558409507585566e+03
4.054343742993960859e+03
4.003502468794225024e+03
3.952023678989920427e+03
3.899896291156971529e+03
3.847109050169647162e+03
3.793650530535676353e+03
3.739509139310710907e+03
3.684673119643291557e+03
3.629130555004730013e+03
3.572869374161612996e+03
3.515877356951926686e+03
3.458142140929176549e+03
3.399651228942248053e+03
3.340391997722079850e+03
3.280351707549454659e+03
3.219517513081378638e+03
3.157876475416453104e+03
3.095415575482336862e+03
3.032121728830791199e+03
2.967981801927747256e+03
2.902982630027338473e+03
2.837111036719645199e+03
2.770353855242037298e+03
2.702697951643227498e+03
2.634130249887398804e+03
2.564637758982762989e+03
2.494207602214703002e+03
2.422827048557711805e+03
2.350483546332900005e+03
2.277164759168313140e+03
2.202858604307757560e+03
2.127553293299876714e+03
2.051237375082867857e+03
1.973899781460997701e+03
1.895529874947094868e+03
1.816117498920151775e+03
1.735653030018905838e+03
1.654127432660910699e+03
1.571532315541917114e+03
1.487859989932583176e+03
1.403103529548691085e+03
1.317256831727366944e+03
1.230314679595707503e+03
1.142272804870097616e+03
1.053127950874930320e+03
9.628779353192937833e+02
8.715217123200627611e+02
7.790594331110979738e+02
6.854925048317217033e+02
5.908236467448330131e+02
4.950569431972815551e+02
3.981978926038048598e+02
3.002534517126947549e+02
2.012320743977236930e+02
1.011437442183200943e+02
0.000000000000000000e+00
