# h
# unit = Mpc/c
5.029699298507449984e-03
5.015848862318455191e-03
5.002011284543208224e-03
4.988186577064420042e-03
4.974374751799356432e-03
4.960575820700009742e-03
4.946789795753280157e-03
4.933016688981138771e-03
4.919256512440807125e-03
4.905509278224944557e-03
4.891774998461807800e-03
4.878053685315451339e-03
4.864345350985888744e-03
4.850650007709294761e-03
4.836967667758170983e-03
4.823298343441542735e-03
4.809642047105142960e-03
4.795998791131597834e-03
4.782368587940615846e-03
4.768751449989185563e-03
4.755147389771755169e-03
4.741556419820438031e-03
4.727978552705200052e-03
4.714413801034060027e-03
4.700862177453284801e-03
4.687323694647593103e-03
4.673798365340350695e-03
4.660286202293775076e-03
4.646787218309147115e-03
4.633301426226998400e-03
4.619828838927338491e-03
4.606369469329850072e-03
4.592923330394109264e-03
4.579490435119781648e-03
4.566070796546858185e-03
4.552664427755850375e-03
4.539271341868020108e-03
4.525891552045588698e-03
4.512525071491967597e-03
4.499171913451967438e-03
4.485832091212038283e-03
4.472505618100476067e-03
4.459192507487666317e-03
4.445892772786302731e-03
4.432606427451623969e-03
4.419333484981641767e-03
4.406073958917380330e-03
4.392827862843107917e-03
4.379595210386579701e-03
4.366376015219273696e-03
4.353170291056634479e-03
4.339978051658319527e-03
4.326799310828442942e-03
4.313634082415824383e-03
4.300482380314234535e-03
4.287344218462660513e-03
4.274219610845536588e-03
4.261108571493030413e-03
4.248011114481276343e-03
4.234927253932646921e-03
4.221857004016013951e-03
4.208800378947013913e-03
4.195757392988311643e-03
4.182728060449873546e-03
4.169712395689240819e-03
4.156710413111794865e-03
4.143722127171039181e-03
4.130747552368878653e-03
4.117786703255897109e-03
4.104839594431640946e-03
4.091906240544907099e-03
4.078986656294029262e-03
4.066080856427162389e-03
4.053188855742592342e-03
4.040310669089006504e-03
4.027446311365814706e-03
4.014595797523435455e-03
4.001759142563607319e-03
3.988936361539687295e-03
3.976127469556963931e-03
3.963332481772965238e-03
3.950551413397779613e-03
3.937784279694358548e-03
3.925031095978851435e-03
3.912291877620916944e-03
3.899566640044050455e-03
3.886855398725915390e-03
3.874158169198669340e-03
3.861474967049301037e-03
3.848805807919960815e-03
3.836150707508314498e-03
3.823509681567866057e-03
3.810882745908321899e-03
3.798269916395925674e-03
3.785671208953823863e-03
3.773086639562404920e-03
3.760516224259672670e-03
3.747959979141601925e-03
3.735417920362501046e-03
3.722890064135386205e-03
3.710376426732349582e-03
3.697877024484933200e-03
3.685391873784513161e-03
3.672920991082676521e-03
3.660464392891612032e-03
3.648022095784496117e-03
3.635594116395888392e-03
3.623180471422126746e-03
3.610781177621729798e-03
3.598396251815798915e-03
3.586025710888433252e-03
3.573669571787130468e-03
3.561327851523214336e-03
3.549000567172249775e-03
3.536687735874466127e-03
3.524389374835189097e-03
3.512105501325270100e-03
3.499836132681522979e-03
3.487581286307171995e-03
3.475340979672286376e-03
3.463115230314235682e-03
3.450904055838146904e-03
3.438707473917357229e-03
3.426525502293879810e-03
3.414358158778874313e-03
3.402205461253114422e-03
3.390067427667469661e-03
3.377944076043382874e-03
3.365835424473362456e-03
3.353741491121468507e-03
3.341662294223816335e-03
3.329597852089070421e-03
3.317548183098960064e-03
3.305513305708782882e-03
3.293493238447931307e-03
3.281487999920404755e-03
3.269497608805351299e-03
3.257522083857588950e-03
3.245561443908152963e-03
3.233615707864833169e-03
3.221684894712737324e-03
3.209769023514834081e-03
3.197868113412521973e-03
3.185982183626198411e-03
3.174111253455831703e-03
3.162255342281541752e-03
3.150414469564189867e-03
3.138588654845966830e-03
3.126777917750996581e-03
3.114982277985939036e-03
3.103201755340606344e-03
3.091436369688580887e-03
3.079686140987834570e-03
3.067951089281374579e-03
3.056231234697870912e-03
3.044526597452312973e-03
3.032837197846652288e-03
3.021163056270481651e-03
3.009504193201681735e-03
2.997860629207117593e-03
2.986232384943306086e-03
2.974619481157122353e-03
2.963021938686487625e-03
2.951439778461081333e-03
2.939873021503058848e-03
2.928321688927769222e-03
2.916785801944493314e-03
2.905265381857181483e-03
2.893760450065201682e-03
2.882271028064099273e-03
2.870797137446362036e-03
2.859338799902197328e-03
2.847896037220316173e-03
2.836468871288725171e-03
2.825057324095537042e-03
2.813661417729769465e-03
2.802281174382188159e-03
2.790916616346116996e-03
2.779567766018300155e-03
2.768234645899739568e-03
2.756917278596570948e-03
2.745615686820926816e-03
2.734329893391825549e-03
2.723059921236068229e-03
2.711805793389140268e-03
2.700567532996130376e-03
2.689345163312662976e-03
2.678138707705832785e-03
2.666948189655159347e-03
2.655773632753551973e-03
2.644615060708285521e-03
2.633472497341985286e-03
2.622345966593633577e-03
2.611235492519579753e-03
2.600141099294568051e-03
2.589062811212776687e-03
2.578000652688873431e-03
2.566954648259079860e-03
2.555924822582255566e-03
2.544911200440987988e-03
2.533913806742707844e-03
2.522932666520807162e-03
2.511967804935784625e-03
2.501019247276393097e-03
2.490087018960812290e-03
2.479171145537834887e-03
2.468271652688063065e-03
2.457388566225129738e-03
2.446521912096931515e-03
2.435671716386874665e-03
2.424838005315151437e-03
2.414020805240013785e-03
2.403220142659085248e-03
2.392436044210675874e-03
2.381668536675123592e-03
2.370917646976151202e-03
2.360183402182242009e-03
2.349465829508036712e-03
2.338764956315749800e-03
2.328080810116602006e-03
2.317413418572280941e-03
2.306762809496416041e-03
2.296129010856073904e-03
2.285512050773283541e-03
2.274911957526574210e-03
2.264328759552540135e-03
2.253762485447430818e-03
2.243213163968756953e-03
2.232680824036928444e-03
2.222165494736908897e-03
2.211667205319904801e-03
2.201185985205066867e-03
2.190721863981229083e-03
2.180274871408664685e-03
2.169845037420875533e-03
2.159432392126406190e-03
2.149036965810683601e-03
2.138658788937886253e-03
2.128297892152846305e-03
2.117954306282974694e-03
2.107628062340218770e-03
2.097319191523052892e-03
2.087027725218496780e-03
2.076753695004166390e-03
2.066497132650359485e-03
2.056258070122172869e-03
2.046036539581651270e-03
2.035832573389974830e-03
2.025646204109679549e-03
2.015477464506912862e-03
2.005326387553729110e-03
1.995193006430418404e-03
1.985077354527875395e-03
1.974979465450010969e-03
1.964899373016197343e-03
1.954837111263756956e-03
1.944792714450495385e-03
1.934766217057272419e-03
1.924757653790617811e-03
1.914767059585397325e-03
1.904794469607511316e-03
1.894839919256653595e-03
1.884903444169109101e-03
1.874985080220601666e-03
1.865084863529192956e-03
1.855202830458230635e-03
1.845339017619348349e-03
1.835493461875518191e-03
1.825666200344159759e-03
1.815857270400300172e-03
1.806066709679794149e-03
1.796294556082598951e-03
1.786540847776112205e-03
1.776805623198566761e-03
1.767088921062491460e-03
1.757390780358226339e-03
1.747711240357515674e-03
1.738050340617157191e-03
1.728408120982720224e-03
1.718784621592341078e-03
1.709179882880579099e-03
1.699593945582351029e-03
1.690026850736940601e-03
1.680478639692082297e-03
1.670949354108122948e-03
1.661439035962265732e-03
1.651947727552892245e-03
1.642475471503973897e-03
1.633022310769563328e-03
1.623588288638379718e-03
1.614173448738478881e-03
1.604777835042020062e-03
1.595401491870125340e-03
1.586044463897837023e-03
1.576706796159175680e-03
1.567388534052296381e-03
1.558089723344755536e-03
1.548810410178878567e-03
1.539550641077244665e-03
1.530310462948278891e-03
1.521089923091960283e-03
1.511889069205655297e-03
1.502707949390063571e-03
1.493546612155297265e-03
1.484405106427081613e-03
1.475283481553094685e-03
1.466181787309435523e-03
1.457100073907233867e-03
1.448038391999404090e-03
1.438996792687542671e-03
1.429975327528976159e-03
1.420974048543966351e-03
1.411993008223068986e-03
1.403032259534658325e-03
1.394091855932620434e-03
1.385171851364214298e-03
1.376272300278111619e-03
1.367393257632616580e-03
1.358534778904075570e-03
1.349696920095473825e-03
1.340879737745231124e-03
1.332083288936199367e-03
1.323307631304870922e-03
1.314552823050797736e-03
1.305818922946229248e-03
1.297105990345983175e-03
1.288414085197543127e-03
1.279743268051397338e-03
1.271093600071625468e-03
1.262465143046738025e-03
1.253857959400775986e-03
1.245272112204681703e-03
1.236707665187943440e-03
1.228164682750525292e-03
1.219643229975092644e-03
1.211143372639536661e-03
1.202665177229812104e-03
1.194208710953091092e-03
1.185774041751253612e-03
1.177361238314710012e-03
1.168970370096579980e-03
1.160601507327228442e-03
1.152254721029174209e-03
1.143930083032382002e-03
1.135627665989949117e-03
1.127347543394199327e-03
1.119089789593196577e-03
1.110854479807689334e-03
1.102641690148505093e-03
1.094451497634402193e-03
1.086283980210395661e-03
1.078139216766575920e-03
1.070017287157428842e-03
1.061918272221679246e-03
1.053842253802671951e-03
1.045789314769306200e-03
1.037759539037544278e-03
1.029753011592511244e-03
1.021769818511203323e-03
1.013810046985826442e-03
1.005873785347788764e-03
9.979611230923576045e-04
9.900721509040171908e-04
9.822069606825367845e-04
9.743656455697824589e-04
9.665482999772903117e-04
9.587550196146295192e-04
9.509859015185819029e-04
9.432410440831603439e-04
9.355205470905014970e-04
9.278245117426562249e-04
9.201530406943090852e-04
9.125062380864562518e-04
9.048842095810800349e-04
8.972870623968460212e-04
8.897149053458621891e-04
8.821678488715327436e-04
8.746460050875467856e-04
8.671494878180353166e-04
8.596784126389419006e-04
8.522328969206444940e-04
8.448130598718693205e-04
8.374190225849448190e-04
8.300509080824389251e-04
8.227088413652242473e-04
8.153929494620250221e-04
8.081033614804889994e-04
8.008402086598428050e-04
7.936036244251794616e-04
7.863937444434340122e-04
7.792107066811089370e-04
7.720546514637976121e-04
7.649257215375798594e-04
7.578240621323395704e-04
7.507498210270783460e-04
7.437031486172853258e-04
7.366841979844336802e-04
7.296931249676757558e-04
7.227300882378038778e-04
7.157952493735568250e-04
7.088887729403460253e-04
7.020108265714740088e-04
6.951615810519362962e-04
6.883412104048769811e-04
6.815498919807888622e-04
6.747878065495409566e-04
6.680551383953189405e-04
6.613520754145704554e-04
6.546788092170419083e-04
6.480355352299985985e-04
6.414224528057226038e-04
6.348397653323777654e-04
6.282876803483376143e-04
6.217664096600712155e-04
6.152761694636771361e-04
6.088171804701634398e-04
6.023896680345626128e-04
5.959938622889753143e-04
5.896299982796316362e-04
5.832983161080565037e-04
5.769990610764229137e-04
5.707324838371758465e-04
5.644988405469959130e-04
5.582983930251778732e-04
5.521314089164831157e-04
5.459981618585205230e-04
5.398989316537013703e-04
5.338340044457980712e-04
5.278036729011337681e-04
5.218082363944020075e-04
5.158480011991101047e-04
5.099232806826142122e-04
5.040343955056961114e-04
4.981816738266055082e-04
4.923654515094637481e-04
4.865860723368984134e-04
4.808438882267360897e-04
4.751392594525499042e-04
4.694725548678124706e-04
4.638441521333526679e-04
4.582544379477731058e-04
4.527038082804110187e-04
4.471926686063764375e-04
4.417214341431159423e-04
4.362905300878813439e-04
4.309003918553914623e-04
4.255514653148775362e-04
4.202442070256060327e-04
4.149790844698512515e-04
4.097565762821671126e-04
4.045771724736771445e-04
3.994413746499471331e-04
3.943496962208507752e-04
3.893026626006629840e-04
3.843008113964312350e-04
3.793446925824745983e-04
3.744348686586431579e-04
3.695719147897450017e-04
3.647564189232996301e-04
3.599889818825155029e-04
3.552702174311200161e-04
3.506007523063722655e-04
3.459812262162924768e-04
3.414122917968198103e-04
3.368946145242839073e-04
3.324288725782388403e-04
3.280157566493594021e-04
3.236559696867536947e-04
3.193502265786948629e-04
3.150992537604280349e-04
3.109037887423767108e-04
3.067645795517476900e-04
3.026823840802413796e-04
2.986579693303081560e-04
2.946921105521668575e-04
2.907855902636319735e-04
2.869391971446890810e-04
2.831537247987253960e-04
2.794299703723882749e-04
2.757687330262057813e-04
2.721708122484009897e-04
2.686370060047557845e-04
2.651681087179663578e-04
2.617649090706916583e-04
2.584281876274415780e-04
2.551587142716007540e-04
2.519572454552519085e-04
2.488245212610565370e-04
2.457612622772746536e-04
2.427681662890755852e-04
2.398459047915822923e-04
2.369951193326212213e-04
2.342164176958757258e-04
2.315103699380572765e-04
2.288775042967781893e-04
2.263183029889811375e-04
2.238331979230160534e-04
2.214225663506839427e-04
2.190867264887230302e-04
2.168259331422175474e-04
