# rho
# unit = KG/M^3
4.251981434466373438e-24
4.228591632679819263e-24
4.205287828833863047e-24
4.182069613414500992e-24
4.158937395935736896e-24
4.135890357369565366e-24
4.112928497715984933e-24
4.090052226489000130e-24
4.067260724660603358e-24
4.044553992230796823e-24
4.021931619685575990e-24
3.999394426052946988e-24
3.976941182790902094e-24
3.954571889899439838e-24
3.932286956892564753e-24
3.910085974256272307e-24
3.887968532476560903e-24
3.865935041067432873e-24
3.843984271486879756e-24
3.822117452276910013e-24
3.800333354895515184e-24
3.778631979342694534e-24
3.757013735132452598e-24
3.735478212750785577e-24
3.714024593169687341e-24
3.692653695417164020e-24
3.671364700465210219e-24
3.650158017827828268e-24
3.629032828477012039e-24
3.607989541926766064e-24
3.587027748663085811e-24
3.566147039171969685e-24
3.545347822967419280e-24
3.524629690535432267e-24
3.503992232362006315e-24
3.483435448447141426e-24
3.462959338790836865e-24
3.442563493879089566e-24
3.422247913711901000e-24
3.402012393532268533e-24
3.381856933340192163e-24
3.361781123621669562e-24
3.341784964376699995e-24
3.321868250848283032e-24
3.302030983036418673e-24
3.282272751427103118e-24
3.262593351263335204e-24
3.242992987302116829e-24
3.223471045272443396e-24
3.204027729931316439e-24
3.184662836521734793e-24
3.165375955529695025e-24
3.146167291712198667e-24
3.127036435555243391e-24
3.107983182301827297e-24
3.089007531951950384e-24
3.070109279748611488e-24
3.051288425691810608e-24
3.032544560267544682e-24
3.013877478718812543e-24
2.995287181045613824e-24
2.976773667247948893e-24
2.958336323054813153e-24
2.939975557980209668e-24
2.921690757753134210e-24
2.903481922373586778e-24
2.885348847084565473e-24
2.867291531886071029e-24
2.849309772021101548e-24
2.831403362732655863e-24
2.813571894506730912e-24
2.795815572100328225e-24
2.778134190756446272e-24
2.760527545718083886e-24
2.742995227471238004e-24
2.725537440772910158e-24
2.708153980866098815e-24
2.690844438236800912e-24
2.673608812885017183e-24
2.656447104810746893e-24
2.639358904499987346e-24
2.622344007195737376e-24
2.605402617654998516e-24
2.588534121606765801e-24
2.571738723808041499e-24
2.555016219501823711e-24
2.538366199174109371e-24
2.521788867581900380e-24
2.505283610454192508e-24
2.488850632547986553e-24
2.472489729106281716e-24
2.456200695372076467e-24
2.439983326588369273e-24
2.423837417998158602e-24
2.407763174358445985e-24
2.391759776641225662e-24
2.375827634360500697e-24
2.359966542759269557e-24
2.344175887566527647e-24
2.328456078296278397e-24
2.312806705434518377e-24
2.297227359467245256e-24
2.281718449908461732e-24
2.266279362487163208e-24
2.250909892446348887e-24
2.235610244543019565e-24
2.220380214020174079e-24
2.205219391363809364e-24
2.190127571816924255e-24
2.175104960136520284e-24
2.160151146808594754e-24
2.145266131833146931e-24
2.130449505696174485e-24
2.115701268397677415e-24
2.101021215180654191e-24
2.086409346045104811e-24
2.071865456234027743e-24
2.057389136233420292e-24
2.042980386043282456e-24
2.028639205663614235e-24
2.014365185580412933e-24
2.000158325793678182e-24
1.986018626303410350e-24
1.971945472838604840e-24
1.957939070156263185e-24
1.943999008742382686e-24
1.930125288596963345e-24
1.916317909720005161e-24
1.902576462597505070e-24
1.888900742472461540e-24
1.875290749344874938e-24
1.861746483214745264e-24
1.848267329811067921e-24
1.834853493890844443e-24
1.821504770697073663e-24
1.808220955472754050e-24
1.795001843460884072e-24
1.781847229904462196e-24
1.768757114803488790e-24
1.755731293400961954e-24
1.742769560939880524e-24
1.729871917420244866e-24
1.717037850949550600e-24
1.704267463906299042e-24
1.691560653911989611e-24
1.678917011452618874e-24
1.666336638906688148e-24
1.653819229138694584e-24
1.641364679770138151e-24
1.628972888422517900e-24
1.616643547960331531e-24
1.604376556005078462e-24
1.592171810178258112e-24
1.580029105722868763e-24
1.567948237881909436e-24
1.555929206655379579e-24
1.543971704907777444e-24
1.532075630260602266e-24
1.520240880335353279e-24
1.508467147996528367e-24
1.496754330865626766e-24
1.485102428942648474e-24
1.473511032713590795e-24
1.461980142178453546e-24
1.450509654958735959e-24
1.439099263918936105e-24
1.427748866680553401e-24
1.416458258486585947e-24
1.405227439337034111e-24
1.394055999717895012e-24
1.382944042007669232e-24
1.371891259070854657e-24
1.360897548528950705e-24
1.349962705624955842e-24
1.339086525601868722e-24
1.328269008459689343e-24
1.317509847062915408e-24
1.306809041411547100e-24
1.296166181991581355e-24
1.285581371181519306e-24
1.275054301845858288e-24
1.264584973984598668e-24
1.254172978083737565e-24
1.243818314143274796e-24
1.233520879784709778e-24
1.223280367872540397e-24
1.213096676028265886e-24
1.202969701873385480e-24
1.192899240650898014e-24
1.182885087603801772e-24
1.172927140353596171e-24
1.163025296521780445e-24
1.153179351351353063e-24
1.143389100085313043e-24
1.133654337966658485e-24
1.123975064995389574e-24
1.114351076414504776e-24
1.104782167467002928e-24
1.095268133395882313e-24
1.085808871822642533e-24
1.076404280368782638e-24
1.067054154277301279e-24
1.057758391169697507e-24
1.048516683910469757e-24
1.039328930121116714e-24
1.030195129801638744e-24
1.021114873438032967e-24
1.012088263408799781e-24
1.003114890199936857e-24
9.941947538114436440e-25
9.853276494863191602e-25
9.765134748460626400e-25
9.677519227551716014e-25
9.590429932136464116e-25
9.503864814644855386e-25
9.417822851291882163e-25
9.332300970722521465e-25
9.247298149151771139e-25
9.162813362794619853e-25
9.078844564081054121e-25
8.995390729226068119e-25
8.912449810659644690e-25
8.830019760811774020e-25
8.748099555897446613e-25
8.666688172131652971e-25
8.585783561944383283e-25
8.505383677765622226e-25
8.425486983917857392e-25
8.346092968508584032e-25
8.267198560182785591e-25
8.188803247047954566e-25
8.110904981534078390e-25
8.033502739856148483e-25
7.956593962551649368e-25
7.880177625835571547e-25
7.804252705922909195e-25
7.728816643351144998e-25
7.653867902442766545e-25
7.579405971305271842e-25
7.505428290476142657e-25
7.431933324277868417e-25
7.358920048925441459e-25
7.286386416848848300e-25
7.214330892370577449e-25
7.142751939813118331e-25
7.071648023498961294e-25
7.001017607750594845e-25
6.930859156890508411e-25
6.861171135241191420e-25
6.791951495232629469e-25
6.723199213079815814e-25
6.654912241212736053e-25
6.587089555846382525e-25
6.519729109410741745e-25
6.452829366228302221e-25
6.386388790621554299e-25
6.320405846912986488e-25
6.254878999425089134e-25
6.189806712480350744e-25
6.125187450401259828e-25
6.061019165617803819e-25
5.997300834344975056e-25
5.934030409012759136e-25
5.871206865836148398e-25
5.808828157245130276e-25
5.746892747562191442e-25
5.685399101109824077e-25
5.624346194103018684e-25
5.563731467079259785e-25
5.503553896253537882e-25
5.443811945948344238e-25
5.384504080486167363e-25
5.325628252296992853e-25
5.267182925703310136e-25
5.209167076920111550e-25
5.151578658377384529e-25
5.094416646290120494e-25
5.037678993088305959e-25
4.981363651201926522e-25
4.925470108738477433e-25
4.869995806235443215e-25
4.814939719907815287e-25
4.760300314078082158e-25
4.706076053068735094e-25
4.652264889309758770e-25
4.598865287123643534e-25
4.545876222725380806e-25
4.493295648544956182e-25
4.441122028904860927e-25
4.389353828127582631e-25
4.337989510535611639e-25
4.287027540451436460e-25
4.236466382197547439e-25
4.186304244150180711e-25
4.136539590631827540e-25
4.087170885964975057e-25
4.038196594472114067e-25
3.989615180475733536e-25
3.941424852352070979e-25
3.893624074423615820e-25
3.846211566959108944e-25
3.799185282388535948e-25
3.752543940980638632e-25
3.706286007057905506e-25
3.660409944942826455e-25
3.614913707065387536e-25
3.569796269640580629e-25
3.525055585098392248e-25
3.480690373707563737e-25
3.436699099790583603e-25
3.393079971723689818e-25
3.349831453829371809e-25
3.306952010430118543e-25
3.264440105848419908e-25
3.222294204406764871e-25
3.180512514481390943e-25
3.139093500394787553e-25
3.098035626469443668e-25
3.057337612974101089e-25
3.016997412338745413e-25
2.977013488885865608e-25
2.937384562884203017e-25
2.898108842709994691e-25
2.859184792685730978e-25
2.820610877133900384e-25
2.782385560376992338e-25
2.744507050791244810e-25
2.706973812699146769e-25
2.669784566369439097e-25
2.632937264232108310e-25
2.596430626555894832e-25
2.560263117663288548e-25
2.524432945930526052e-25
2.488938831626349606e-25
2.453778727180744346e-25
2.418951352862451614e-25
2.384455172993960380e-25
2.350288651897760069e-25
2.316449742003836738e-25
2.282937419527183186e-25
2.249749892844036923e-25
2.216885626276887377e-25
2.184342828201971601e-25
2.152120218888031396e-25
2.120215878738178087e-25
2.088628528021152557e-25
2.057356503086318505e-25
2.026398140283039401e-25
1.995752031906930400e-25
1.965416386334229014e-25
1.935389667887424669e-25
1.905670340889006793e-25
1.876256869661464354e-25
1.847147590554161051e-25
1.818341095862711810e-25
1.789835465990228872e-25
1.761629421205452664e-25
1.733721297857747112e-25
1.706109432296475458e-25
1.678792288844127127e-25
1.651768459796317276e-25
1.625036025556157458e-25
1.598593706392389017e-25
1.572439710681249233e-25
1.546572502745227535e-25
1.520990674879939306e-25
1.495692435461621830e-25
1.470676376785890491e-25
1.445940707228982801e-25
1.421484019086513914e-25
1.397304648707847531e-25
1.373401060415472619e-25
1.349771590558752647e-25
1.326414831433303231e-25
1.303328991415361421e-25
1.280512534827416876e-25
1.257964053965084750e-25
1.235681757204602556e-25
1.213664236841585218e-25
1.191909829225396895e-25
1.170416870705400368e-25
1.149183825604085063e-25
1.128209286217066367e-25
1.107491332947456061e-25
1.087028686063995031e-25
1.066819681916046744e-25
1.046862720839537535e-25
1.027156203170393852e-25
1.007698529244542143e-25
9.884881633844716056e-26
9.695235059261088030e-26
9.508029572053799540e-26
9.323249815447743707e-26
9.140879792802185015e-26
8.960903507476387948e-26
8.783304962829615840e-26
8.608068802086761813e-26
8.435179028607089204e-26
8.264620285615492284e-26
8.096375936605604598e-26
7.930430624802319271e-26
7.766768353564900786e-26
7.605373126252613624e-26
7.446230225955978403e-26
7.289322376303002324e-26
7.134634220518577362e-26
6.982151041693226429e-26
6.831854923589324644e-26
6.683732429028654494e-26
6.537765641773591097e-26
6.393939844914657365e-26
6.252239681676746421e-26
6.112647875687863172e-26
5.975149710038529381e-26
5.839729188088010679e-26
5.706370313195569253e-26
5.575057728586099374e-26
5.445774797753235738e-26
5.318506163921870318e-26
5.193235830451267599e-26
5.069948440566321852e-26
4.948627997626295262e-26
4.829258185057637994e-26
4.711823966018057491e-26
4.596308704001187873e-26
4.482697362164738305e-26
4.370973623935156655e-26
4.261122132537337194e-26
4.153126571397728363e-26
4.046971263808408964e-26
3.942640533061457227e-26
3.840118382516137635e-26
3.739389135464527843e-26
3.640436795265892334e-26
3.543246005145124230e-26
3.447800448528673122e-26
3.354084448708616664e-26
3.262082328977033659e-26
3.171778412626002910e-26
3.083156383081973433e-26
2.996200883569838924e-26
2.910895597516047824e-26
2.827225168145493256e-26
2.745173918750254598e-26
2.664725372790372557e-26
2.585864333457149136e-26
2.508574644143439365e-26
2.432840628141322619e-26
2.358646448776469968e-26
2.285976269374552767e-26
2.214814253261241800e-26
2.145144563762208134e-26
2.076951524169531147e-26
2.010219297808881047e-26
1.944931888039522316e-26
1.881073618153533472e-26
1.818628651476585296e-26
1.757581151334349431e-26
1.697915441018904106e-26
1.639615523889513231e-26
1.582665563271847873e-26
1.527049882457986837e-26
1.472752644773601191e-26
1.419758013544362292e-26
1.368050152095941208e-26
1.317613303737212589e-26
1.268431551810644066e-26
1.220489139625110720e-26
1.173770230506283477e-26
1.128259067763037415e-26
1.083939734737839880e-26
1.040796554722769532e-26
9.988135310770901364e-27
9.579750670760839326e-27
9.182651660790146862e-27
8.796680713947574769e-27
8.421680263321869535e-27
8.057491142337707487e-27
7.703956583915872350e-27
7.360916621649004650e-27
7.028214488457888112e-27
6.705691417683218397e-27
6.393189442497723377e-27
6.090550196158116614e-27
5.797616111753146032e-27
5.514228422623505139e-27
5.240229561857942579e-27
4.975460762797152577e-27
4.719764058613864441e-27
4.472981482480808914e-27
4.234954667654697404e-27
4.005525647308261371e-27
3.784536054698211506e-27
3.571828322913297170e-27
3.367243285378192535e-27
3.170623775097666297e-27
2.981811025412410529e-27
2.800647069495155973e-27
2.626973940518633374e-27
2.460633071781544470e-27
