# cl_isw_fnu_z_2
1.906119229534554194e-11
1.529759213180942841e-11
1.223538686834160950e-11
9.753289795874922402e-12
7.750134789143395986e-12
6.139137677546089292e-12
4.848057457861462731e-12
3.817303820235132395e-12
2.996764988087874088e-12
2.345612278959811577e-12
1.830664409451652761e-12
1.424797558493328109e-12
1.105697918096285820e-12
8.556314301933867067e-13
6.602675411858329655e-13
5.079900148514809609e-13
3.896687347721233547e-13
2.980528919728892732e-13
2.272837998498801881e-13
1.727607978358765251e-13
1.308793766047353223e-13
9.881032580120668777e-14
7.432617440664504060e-14
5.570289159260716982e-14
4.157855310851838173e-14
3.089824056729984828e-14
2.286296069019869684e-14
1.683581848197170358e-14
1.233609397554580154e-14
8.991474035213521188e-15
6.511492987532383018e-15
4.689834229285493133e-15
3.354387374855716691e-15
2.382227238329423110e-15
1.681214383510040304e-15
1.176707416436298394e-15
8.178466914897908099e-16
5.645302405370414971e-16
3.866797647387326178e-16
2.633223738621767837e-16
1.782026642697139447e-16
1.200262081690782364e-16
8.050534048142932579e-17
5.378489555452674310e-17
3.580131832814983357e-17
2.374647996985255546e-17
1.567565959003568208e-17
1.030476340663068764e-17
6.745373013323039888e-18
4.404737045581506105e-18
2.868312342049316494e-18
1.862703265429429118e-18
1.203476914491024330e-18
7.735781751627102402e-19
4.943602849439378031e-19
3.146865433789326000e-19
1.994040594976143070e-19
1.256735840354193391e-19
7.884911919142269553e-20
4.931203729169214135e-20
3.075550172936383161e-20
1.910246310069708508e-20
1.177571623036079331e-20
7.297427539913859016e-21
4.486347403592393276e-21
2.748239958916301514e-21
1.689785045547438907e-21
1.024538246755087089e-21
6.228129654982723393e-22
3.780828161114302828e-22
2.277733828312922768e-22
1.379680986767803043e-22
8.278395245205080662e-23
4.973704689573773698e-23
2.977774263783062285e-23
1.776326544598905726e-23
1.057775688682759666e-23
6.296625955211073053e-24
3.735451599484299147e-24
2.211209251274344171e-24
