# cl_iswg_fnu_z_2
9.337826289757500029e-10
8.610623590622929511e-10
7.927470294152833769e-10
7.286487025077926840e-10
6.685581039902396892e-10
6.123722298999956562e-10
5.599571026078601793e-10
5.110892816280983835e-10
4.656368127342900413e-10
4.234642544393856144e-10
3.843665312945384212e-10
3.481957510904097875e-10
3.147929399859351090e-10
2.840031660151218248e-10
2.556799260572978304e-10
2.296889243358471513e-10
2.058483607688968482e-10
1.840152837349896522e-10
1.640788323071886051e-10
1.458957465464087019e-10
1.293680416353298617e-10
1.143676015373235815e-10
1.007515901419664119e-10
8.856870327054735089e-11
7.758627145820714869e-11
6.770158671544194765e-11
5.884612409022740796e-11
5.086246125460373515e-11
4.386120844413189246e-11
3.764325316838101725e-11
3.214168382387732548e-11
2.730770893347436395e-11
2.307653139491567986e-11
1.938630108714397278e-11
1.619919376627134816e-11
1.344402378319046582e-11
1.109942307326708866e-11
9.111411184134462729e-12
7.419527583874877141e-12
5.995722912258380349e-12
4.815445132537570299e-12
3.840664791126403680e-12
3.038971330279869093e-12
2.390280450172174379e-12
1.879651347022175588e-12
1.469663197241936540e-12
1.145286470788297067e-12
8.890507962637826834e-13
6.878276992723388415e-13
5.321997141205640811e-13
4.108196808884671203e-13
3.177469338053326993e-13
2.446509848655526216e-13
1.877393548048549083e-13
1.414331909381883395e-13
1.068958807407589324e-13
8.036744520819181727e-14
5.970676989022333413e-14
4.392640157610482231e-14
3.241780835580190235e-14
2.383916297429798882e-14
1.763215689392656572e-14
1.290562551627365207e-14
9.515679227908313399e-15
6.931350664320568291e-15
4.975723095815543886e-15
3.627764257653035888e-15
2.617644948553194358e-15
1.874915788664568606e-15
1.356166162734992007e-15
9.624392910271497971e-16
6.888481872646952879e-16
4.909050074214481253e-16
3.464208155861213035e-16
2.460855457888652782e-16
1.736250732110674343e-16
1.227196485845938043e-16
8.637015802050017018e-17
6.061412072203350080e-17
4.242442383119091339e-17
