# ells_fnu_z_2
2.511886431509580131e+00
2.733435690823561082e+00
2.974525672077377170e+00
3.236879873761217219e+00
3.522373807533196288e+00
3.833048405833788141e+00
4.171124612056518188e+00
4.539019257576806687e+00
4.939362339140286551e+00
5.375015820122803767e+00
5.849094090068104990e+00
6.364986228763878984e+00
6.926380234017075921e+00
7.537289386327462815e+00
8.202080938934571464e+00
8.925507338336794660e+00
9.712740198471170316e+00
1.056940727142765546e+01
1.150163267899328012e+01
1.251608069263260070e+01
1.362000337487755708e+01
1.482129242270469227e+01
1.612853558351621430e+01
1.755107804703027341e+01
1.909908925195748353e+01
2.078363558504938524e+01
2.261675949222864546e+01
2.461156556734820455e+01
2.678231423400928080e+01
2.914452369014824029e+01
3.171508084417156326e+01
3.451236203569683170e+01
3.755636440390476594e+01
4.086884884262624240e+01
4.447349556411727889e+01
4.839607338361384592e+01
5.266462393484275140e+01
5.730966213340564508e+01
6.236439432110255154e+01
6.786495565066141467e+01
7.385066840788363152e+01
8.036432311789216953e+01
8.745248444504994723e+01
9.516582407335639004e+01
1.035594829470125262e+02
1.126934654607287740e+02
1.226330684177563199e+02
1.334493478221666294e+02
1.452196268423715537e+02
1.580280485772049133e+02
1.719661775761631191e+02
1.871336544139432192e+02
2.036389079986808497e+02
2.215999307060260435e+02
2.411451218803120753e+02
2.624142057328232909e+02
2.855592301990109263e+02
3.107456538952606024e+02
3.381535289456305122e+02
3.679787881343148683e+02
4.004346455854097258e+02
4.357531209831159913e+02
4.741866982287030510e+02
5.160101303915873814e+02
5.615224038577341616e+02
6.110488757166245932e+02
6.649435996665046105e+02
7.235918570652886501e+02
7.874129112210287076e+02
8.568630046117735901e+02
9.324386204612536631e+02
1.014680031986691233e+03
1.104175164691491318e+03
1.201563799313510344e+03
1.307542145474813424e+03
1.422867818728943575e+03
1.548365256585499083e+03
1.684931612229953544e+03
1.833543168071639911e+03
1.995262314968878854e+03
