# mu
5.101088374965785022e+01
5.099867367962961850e+01
5.098639922683631198e+01
5.097405971943620528e+01
5.096165447509210367e+01
5.094918280075255268e+01
5.093664399242719298e+01
5.092403733495638818e+01
5.091136210177457855e+01
5.089861755466749571e+01
5.088580294352283317e+01
5.087291750607428042e+01
5.085996046763855816e+01
5.084693104084543336e+01
5.083382842536030211e+01
5.082065180759920509e+01
5.080740036043597740e+01
5.079407324290129111e+01
5.078066959987327778e+01
5.076718856175956063e+01
5.075362924417024146e+01
5.073999074758168604e+01
5.072627215699071712e+01
5.071247254155889550e+01
5.069859095424649809e+01
5.068462643143604396e+01
5.067057799254465067e+01
5.065644463962518529e+01
5.064222535695555649e+01
5.062791911061589190e+01
5.061352484805308904e+01
5.059904149763221426e+01
5.058446796817452196e+01
5.056980314848128444e+01
5.055504590684318345e+01
5.054019509053454584e+01
5.052524952529199709e+01
5.051020801477687172e+01
5.049506934002074843e+01
5.047983225885360525e+01
5.046449550531375650e+01
5.044905778903905968e+01
5.043351779463847606e+01
5.041787418104338769e+01
5.040212558083785410e+01
5.038627059956685628e+01
5.037030781502183885e+01
5.035423577650251303e+01
5.033805300405406058e+01
5.032175798767870134e+01
5.030534918652054444e+01
5.028882502802279220e+01
5.027218390862573472e+01
5.025542418651208720e+01
5.023854419031648888e+01
5.022154221165362742e+01
5.020441650576485415e+01
5.018716529048283803e+01
5.016978674515922876e+01
5.015227900955382268e+01
5.013464018268332723e+01
5.011686832162824601e+01
5.009896144029578835e+01
5.008091750813701992e+01
5.006273444881613699e+01
5.004441013882973266e+01
5.002594240607374587e+01
5.000732902835579807e+01
4.998856773185028857e+01
4.996965618949363375e+01
4.995059201931695725e+01
4.993137278271310464e+01
4.991199598263496995e+01
4.989245906172187262e+01
4.987275940035046062e+01
4.985289431460643783e+01
4.983286105417335676e+01
4.981265680013426334e+01
4.979227866268191605e+01
4.977172367873293979e+01
4.975098880944116786e+01
4.973007093760477915e+01
4.970896686496213590e+01
4.968767330937013327e+01
4.966618690185921281e+01
4.964450418355841066e+01
4.962262160248344856e+01
4.960053551018069129e+01
4.957824215821891300e+01
4.955573769452075794e+01
4.953301815952492859e+01
4.951007948216966525e+01
4.948691747568754096e+01
4.946352783320078572e+01
4.943990612310574306e+01
4.941604778423425159e+01
4.939194812077900565e+01
4.936760229696872671e+01
4.934300533147869317e+01
4.931815209156017232e+01
4.929303728687222730e+01
4.926765546299719034e+01
4.924200099462051838e+01
4.921606807835387087e+01
4.918985072517889279e+01
4.916334275248747332e+01
4.913653777569241754e+01
4.910942919938047169e+01
4.908201020797761771e+01
4.905427375589391659e+01
4.902621255711309800e+01
4.899781907418868343e+01
4.896908550660619142e+01
4.894000377846671768e+01
4.891056552544450398e+01
4.888076208096639164e+01
4.885058446155711209e+01
4.882002335128952097e+01
4.878906908527352471e+01
4.875771163211189219e+01
4.872594057524458577e+01
4.869374509309650279e+01
4.866111393793558193e+01
4.862803541333995128e+01
4.859449735016330862e+01
4.856048708087724464e+01
4.852599141215787171e+01
4.849099659557121100e+01
4.845548829619762188e+01
4.841945155901976250e+01
4.838287077288092064e+01
4.834572963180095684e+01
4.830801109476182376e+01
4.826969733548538244e+01
4.823076970281678655e+01
4.819120866303847350e+01
4.815099374541064492e+01
4.811010348172921169e+01
4.806851534096192324e+01
4.802620565847652756e+01
4.798314955931829218e+01
4.793932087492976279e+01
4.789469205263261387e+01
4.784923405710819111e+01
4.780291626301819008e+01
4.775570633779810947e+01
4.770757011353128973e+01
4.765847144666801682e+01
4.760837206418869272e+01
4.755723139461929350e+01
4.750500638208622206e+01
4.745165128134063082e+01
4.739711743138369826e+01
4.734135300497477772e+01
4.728430273089563229e+01
4.722590758536301081e+01
4.716610444841566618e+01
4.710482572043138561e+01
4.704199889313413507e+01
4.697754606850337211e+01
4.691138341786357557e+01
4.684342057206974630e+01
4.677355993206149520e+01
4.670169588706697539e+01
4.662771392531293912e+01
4.655148961913002381e+01
4.647288746269083504e+01
4.639175953610052971e+01
4.630794396393545043e+01
4.622126313036090295e+01
4.613152159625718696e+01
4.603850367667079269e+01
4.594197058081048368e+01
4.584165704115911666e+01
4.573726730719008771e+01
4.562847035635046211e+01
4.551489413096328462e+01
4.539611855232611504e+01
4.527166698511506837e+01
4.514099571725529358e+01
4.500348086911684931e+01
4.485840193036453627e+01
4.470492081024967490e+01
4.454205482494572266e+01
4.436864134707094820e+01
4.418329076131179534e+01
4.398432265069237701e+01
4.376967732002236744e+01
4.353678998345124285e+01
4.328240651223015334e+01
4.300230407620527728e+01
4.269084970883018570e+01
4.234026692086774801e+01
4.193933928526386978e+01
4.147093018279976206e+01
4.090671294266820013e+01
4.019419476270370950e+01
3.921659877910759207e+01
3.760363599359009612e+01
-inf
