# bb
1.780526304173690733e-06
3.561818857633625157e-06
5.938039521424798295e-06
8.910202268452849239e-06
1.247953150596003979e-05
1.664748015173245221e-05
2.141570621461141855e-05
2.678606506378855556e-05
3.276059214840643108e-05
3.934148480766452849e-05
4.653107680496759713e-05
5.433182013803161681e-05
6.274627958191558719e-05
7.177708903327584267e-05
8.142693695845082402e-05
9.169853728963062167e-05
1.025946330628357828e-04
1.141179236583411694e-04
1.262710866285488009e-04
1.390567194903269410e-04
1.524773979326710105e-04
1.665354793658480048e-04
1.812332775443792343e-04
1.965729607036337256e-04
2.125564788002520800e-04
2.291856944793835282e-04
2.464621211402118206e-04
2.643872285261750221e-04
2.829621953424066305e-04
3.021879529114812613e-04
3.220651997253298759e-04
3.425944887567311525e-04
3.637759655248373747e-04
3.856096591334789991e-04
4.080953658558428288e-04
4.312325327191501856e-04
4.550204903353005648e-04
4.794583655893802643e-04
5.045449361205101013e-04
5.302788922563195229e-04
5.566587788052856922e-04
5.836828495375812054e-04
6.113492418080568314e-04
6.396562093868851662e-04
6.686015403829514980e-04
6.981831393204629421e-04
7.283987943083047867e-04
7.592463516630232334e-04
7.907235412858426571e-04
8.228281512856483459e-04
8.555579697713255882e-04
8.889110176824033260e-04
9.228851995430886745e-04
9.574786527082324028e-04
9.926893981173634529e-04
1.028516213409602642e-03
1.064957468770444393e-03
1.102011883631348610e-03
1.139678643085062504e-03
1.177956699393689632e-03
1.216846052557229996e-03
1.256345887668430805e-03
1.296456670388579369e-03
1.337178633548319340e-03
1.378512359224259853e-03
1.420458895154297352e-03
1.463019289076328278e-03
1.506195170804858208e-03
1.549988402985036373e-03
1.594401081092655659e-03
1.639435649849474430e-03
1.685094903223216534e-03
1.731381751596927643e-03
1.778299221768975258e-03
1.825851388275623322e-03
1.874041394330561161e-03
1.922873430885374546e-03
1.972351688891649246e-03
2.022480126470327377e-03
2.073263749480247498e-03
2.124706748872995377e-03
2.176814014092087746e-03
2.229589968919754028e-03
2.283040201291441917e-03
2.337168902158737183e-03
2.391981426626443863e-03
2.447482664138078690e-03
2.503677038475871086e-03
2.560570370405912399e-03
2.618166618049144745e-03
2.676470670849084854e-03
2.735487418249249458e-03
2.795221284031867981e-03
2.855676691979169846e-03
2.916858065873384476e-03
2.978769363835453987e-03
3.041414776816964149e-03
3.104798030108213425e-03
3.168923081830143929e-03
3.233793424442410469e-03
3.299412550404667854e-03
3.365783719345927238e-03
3.432909958064556122e-03
3.500794991850852966e-03
3.569441149011254311e-03
3.638851223513484001e-03
3.709028474986553192e-03
3.779975697398185730e-03
3.851695451885461807e-03
3.924190532416105270e-03
3.997463267296552658e-03
4.071516916155815125e-03
4.146354738622903824e-03
4.221978597342967987e-03
4.298391751945018768e-03
4.375597927719354630e-03
4.453599918633699417e-03
4.532401449978351593e-03
4.612006247043609619e-03
4.692418035119771957e-03
4.773641470819711685e-03
4.855679813772439957e-03
4.938539117574691772e-03
5.022224038839340210e-03
5.106739699840545654e-03
5.192092154175043106e-03
5.278286989778280258e-03
5.365331191569566727e-03
5.453230813145637512e-03
5.541993770748376846e-03
5.631627049297094345e-03
5.722138565033674240e-03
5.813536699861288071e-03
5.905829370021820068e-03
5.999025888741016388e-03
6.093135103583335876e-03
6.188166793435811996e-03
6.284130271524190903e-03
6.381035782396793365e-03
6.478893104940652847e-03
6.577712483704090118e-03
6.677504628896713257e-03
6.778279319405555725e-03
6.880047731101512909e-03
6.982820574194192886e-03
7.086608093231916428e-03
7.191420532763004303e-03
7.297268602997064590e-03
7.404162082821130753e-03
7.512110751122236252e-03
7.621125783771276474e-03
7.731216028332710266e-03
7.842389866709709167e-03
7.954656146466732025e-03
8.068024180829524994e-03
8.182500489056110382e-03
8.298093453049659729e-03
8.414808660745620728e-03
8.532653562724590302e-03
8.651632815599441528e-03
8.771752007305622101e-03
8.893015794456005096e-03
9.015426971018314362e-03
9.138987399637699127e-03
9.263700805604457855e-03
9.389567188918590546e-03
9.516589343547821045e-03
9.644763544201850891e-03
9.774092584848403931e-03
9.904571808874607086e-03
1.003620121628046036e-02
1.016897428780794144e-02
1.030288916081190109e-02
1.043794117867946625e-02
1.057412382215261459e-02
1.071143150329589844e-02
1.084985677152872086e-02
1.098939310759305954e-02
1.113003212958574295e-02
1.127176452428102493e-02
1.141458190977573395e-02
1.155847311019897461e-02
1.170342788100242615e-02
1.184943690896034241e-02
1.199648901820182800e-02
1.214457210153341293e-02
1.229367498308420181e-02
1.244378462433815002e-02
1.259488984942436218e-02
1.274697761982679367e-02
1.290003489702939987e-02
1.305404957383871078e-02
1.320900861173868179e-02
1.336490083485841751e-02
1.352171134203672409e-02
1.367942616343498230e-02
1.383803505450487137e-02
1.399752404540777206e-02
1.415788009762763977e-02
1.431909017264842987e-02
1.448114216327667236e-02
1.464402396231889725e-02
1.480772346258163452e-02
1.497222669422626495e-02
1.513752248138189316e-02
1.530359964817762375e-02
1.547044515609741211e-02
1.563804782927036285e-02
1.580639183521270752e-02
1.597547158598899841e-02
1.614527031779289246e-02
1.631577871739864349e-02
1.648698747158050537e-02
1.665887795388698578e-02
1.683144085109233856e-02
1.700466498732566833e-02
1.717853918671607971e-02
1.735304854810237885e-02
1.752818003296852112e-02
1.770392246544361115e-02
1.788026094436645508e-02
1.805718243122100830e-02
1.823467202484607697e-02
1.841271482408046722e-02
1.859129592776298523e-02
1.877040229737758636e-02
1.895001344382762909e-02
1.913011446595191956e-02
1.931069046258926392e-02
1.949172094464302063e-02
1.967318728566169739e-02
1.985507272183895111e-02
2.003735490143299103e-02
2.022001519799232483e-02
2.040303125977516174e-02
2.058638446033000946e-02
2.077004685997962952e-02
2.095400355756282806e-02
2.113822288811206818e-02
2.132268436253070831e-02
2.150736190378665924e-02
2.169223316013813019e-02
2.187727205455303192e-02
2.206244878470897675e-02
2.224773913621902466e-02
2.243311516940593719e-02
2.261855080723762512e-02
2.280401438474655151e-02
2.298948355019092560e-02
2.317492477595806122e-02
2.336031384766101837e-02
2.354562096297740936e-02
2.373081445693969727e-02
2.391587011516094208e-02
2.410075813531875610e-02
2.428545057773590088e-02
2.446991950273513794e-02
2.465413510799407959e-02
2.483807131648063660e-02
2.502170391380786896e-02
2.520500123500823975e-02
2.538794092833995819e-02
2.557049691677093506e-02
2.575264312326908112e-02
2.593435533344745636e-02
2.611561119556427002e-02
2.629638835787773132e-02
2.647666260600090027e-02
2.665641531348228455e-02
2.683562226593494415e-02
2.701426669955253601e-02
2.719233185052871704e-02
2.736979536712169647e-02
2.754664234817028046e-02
2.772285602986812592e-02
2.789842337369918823e-02
2.807332575321197510e-02
2.824755385518074036e-02
2.842109277844429016e-02
2.859393320977687836e-02
2.876606397330760956e-02
2.893746830523014069e-02
2.910814806818962097e-02
2.927808277308940887e-02
2.944727241992950439e-02
2.961570769548416138e-02
2.978338301181793213e-02
2.995028905570507050e-02
3.011642396450042725e-02
3.028177656233310699e-02
3.044634684920310974e-02
3.061012923717498779e-02
3.077312186360359192e-02
3.093531914055347443e-02
3.109671734273433685e-02
3.125731274485588074e-02
3.141710534691810608e-02
3.157608956098556519e-02
3.173425793647766113e-02
3.189161792397499084e-02
3.204816207289695740e-02
3.220389038324356079e-02
3.235879540443420410e-02
3.251287713646888733e-02
3.266612812876701355e-02
3.281855210661888123e-02
3.297014534473419189e-02
3.312090784311294556e-02
3.327082842588424683e-02
3.341991081833839417e-02
3.356814756989479065e-02
3.371554240584373474e-02
3.386208787560462952e-02
3.400778397917747498e-02
3.415262326598167419e-02
3.429660201072692871e-02
3.443972766399383545e-02
3.458199277520179749e-02
3.472338989377021790e-02
3.486393019556999207e-02
3.500359877943992615e-02
3.514239937067031860e-02
3.528033569455146790e-02
3.541739657521247864e-02
3.555360063910484314e-02
3.568892925977706909e-02
3.582339361310005188e-02
3.595699742436408997e-02
3.608974069356918335e-02
3.622162714600563049e-02
3.635266050696372986e-02
3.648284822702407837e-02
3.661219403147697449e-02
3.674070909619331360e-02
3.686839714646339417e-02
3.699526935815811157e-02
3.712133690714836121e-02
3.724660724401473999e-02
3.737109526991844177e-02
3.749480843544006348e-02
3.761776909232139587e-02
3.773999214172363281e-02
3.786148875951766968e-02
3.798227757215499878e-02
3.810237720608711243e-02
3.822181001305580139e-02
3.834059461951255798e-02
3.845874965190887451e-02
3.857630118727684021e-02
3.869327157735824585e-02
3.880968317389488220e-02
3.892555832862854004e-02
3.904092684388160706e-02
3.915581479668617249e-02
3.927024453878402710e-02
3.938424587249755859e-02
3.949784860014915466e-02
3.961107879877090454e-02
3.972396999597549438e-02
3.983654081821441650e-02
3.994882851839065552e-02
4.006085917353630066e-02
4.017266258597373962e-02
4.028426855802536011e-02
4.039570689201354980e-02
4.050700739026069641e-02
4.061819612979888916e-02
4.072930291295051575e-02
4.084035754203796387e-02
4.095138609409332275e-02
4.106242209672927856e-02
4.117348045110702515e-02
4.128460213541984558e-02
4.139580950140953064e-02
4.150712490081787109e-02
4.161857441067695618e-02
4.173018410801887512e-02
4.184197261929512024e-02
4.195397347211837769e-02
4.206620156764984131e-02
4.217868298292160034e-02
4.229143634438514709e-02
4.240448400378227234e-02
4.251784831285476685e-02
4.263154044747352600e-02
4.274559020996093750e-02
4.286000877618789673e-02
4.297481849789619446e-02
4.309003055095672607e-02
4.320567101240158081e-02
4.332174733281135559e-02
4.343828186392784119e-02
4.355528578162193298e-02
4.367277398705482483e-02
4.379076510667800903e-02
4.390927404165267944e-02
4.402831196784973145e-02
4.414790123701095581e-02
4.426804557442665100e-02
4.438876360654830933e-02
4.451007395982742310e-02
4.463198408484458923e-02
4.475450888276100159e-02
4.487767070531845093e-02
4.500147700309753418e-02
4.512594267725944519e-02
4.525108635425567627e-02
4.537691920995712280e-02
4.550346359610557556e-02
4.563072696328163147e-02
4.575872421264648438e-02
4.588748142123222351e-02
4.601700231432914734e-02
4.614731296896934509e-02
4.627842828631401062e-02
4.641035944223403931e-02
4.654312878847122192e-02
4.667675122618675232e-02
4.681124910712242126e-02
4.694662615656852722e-02
4.708291590213775635e-02
4.722012579441070557e-02
4.735827818512916565e-02
4.749738425016403198e-02
4.763746261596679688e-02
4.777853190898895264e-02
4.792060703039169312e-02
4.806370288133621216e-02
4.820784181356430054e-02
4.835302755236625671e-02
4.849928617477416992e-02
4.864662513136863708e-02
4.879505559802055359e-02
4.894459247589111328e-02
4.909525066614151001e-02
4.924703761935234070e-02
4.939996078610420227e-02
4.955403506755828857e-02
4.970926418900489807e-02
4.986565932631492615e-02
5.002321675419807434e-02
5.018195137381553650e-02
5.034185945987701416e-02
5.050294473767280579e-02
5.066521465778350830e-02
5.082866176962852478e-02
5.099328607320785522e-02
5.115908384323120117e-02
5.132605135440826416e-02
5.149418115615844727e-02
5.166347324848175049e-02
5.183391645550727844e-02
5.200549960136413574e-02
5.217820778489112854e-02
5.235204100608825684e-02
5.252697691321372986e-02
5.270300805568695068e-02
5.288010835647583008e-02
5.305827781558036804e-02
5.323748663067817688e-02
5.341771990060806274e-02
5.359895899891853333e-02
5.378118902444839478e-02
5.396438762545585632e-02
5.414852872490882874e-02
5.433358997106552124e-02
5.451955646276473999e-02
5.470639839768409729e-02
5.489409714937210083e-02
5.508262664079666138e-02
5.527196824550628662e-02
5.546209216117858887e-02
5.565296858549118042e-02
5.584459006786346436e-02
5.603691190481185913e-02
5.622992664575576782e-02
5.642360448837280273e-02
5.661791190505027771e-02
5.681283399462699890e-02
5.700834468007087708e-02
5.720442160964012146e-02
5.740103498101234436e-02
5.759816616773605347e-02
5.779579281806945801e-02
5.799388885498046875e-02
5.819243192672729492e-02
5.839140340685844421e-02
5.859078094363212585e-02
5.879053100943565369e-02
5.899064242839813232e-02
5.919109284877777100e-02
5.939185991883277893e-02
5.959292128682136536e-02
5.979425832629203796e-02
5.999584868550300598e-02
6.019767373800277710e-02
6.039970368146896362e-02
6.060193106532096863e-02
6.080432608723640442e-02
6.100687384605407715e-02
6.120954453945159912e-02
6.141232699155807495e-02
6.161519512534141541e-02
6.181812658905982971e-02
6.202109903097152710e-02
6.222409382462501526e-02
6.242708861827850342e-02
6.263004988431930542e-02
6.283296644687652588e-02
6.303580850362777710e-02
6.323855370283126831e-02
6.344117969274520874e-02
6.364364922046661377e-02
6.384593993425369263e-02
6.404803693294525146e-02
6.424990296363830566e-02
6.445150822401046753e-02
6.465283036231994629e-02
6.485382467508316040e-02
6.505447626113891602e-02
6.525475531816482544e-02
6.545461714267730713e-02
6.565404683351516724e-02
6.585299223661422729e-02
6.605143100023269653e-02
6.624933332204818726e-02
6.644666194915771484e-02
6.664337962865829468e-02
6.683945655822753906e-02
6.703485548496246338e-02
6.722953915596008301e-02
6.742347776889801025e-02
6.761662662029266357e-02
6.780896335840225220e-02
6.800044327974319458e-02
6.819103658199310303e-02
6.838070601224899292e-02
6.856941431760787964e-02
6.875713169574737549e-02
6.894382089376449585e-02
6.912945955991744995e-02
6.931400299072265625e-02
6.949742138385772705e-02
6.967968493700027466e-02
6.986076384782791138e-02
7.004063576459884644e-02
7.021925598382949829e-02
7.039660215377807617e-02
7.057265937328338623e-02
7.074739038944244385e-02
7.092077285051345825e-02
7.109278440475463867e-02
7.126340270042419434e-02
7.143259793519973755e-02
7.160036265850067139e-02
7.176668196916580200e-02
7.193151861429214478e-02
7.209487259387969971e-02
7.225671410560607910e-02
7.241705060005187988e-02
7.257584482431411743e-02
7.273310422897338867e-02
7.288881391286849976e-02
7.304295152425765991e-02
7.319552451372146606e-02
7.334651798009872437e-02
7.349593192338943481e-02
7.364375144243240356e-02
7.378997653722763062e-02
7.393460720777511597e-02
7.407762855291366577e-02
7.421906292438507080e-02
7.435888051986694336e-02
7.449709624052047729e-02
7.463371008634567261e-02
7.476871460676193237e-02
7.490211725234985352e-02
7.503391057252883911e-02
7.516410946846008301e-02
7.529271394014358521e-02
7.541971653699874878e-02
7.554511725902557373e-02
7.566893845796585083e-02
7.579115778207778931e-02
7.591180503368377686e-02
7.603085786104202271e-02
7.614833116531372070e-02
7.626423239707946777e-02
7.637855410575866699e-02
7.649131119251251221e-02
7.660248875617980957e-02
7.671210169792175293e-02
7.682015746831893921e-02
7.692665606737136841e-02
7.703159004449844360e-02
7.713496685028076172e-02
7.723679393529891968e-02
7.733707875013351440e-02
7.743581384420394897e-02
7.753299921751022339e-02
7.762864977121353149e-02
7.772275805473327637e-02
7.781534641981124878e-02
7.790639251470565796e-02
7.799592614173889160e-02
7.808392494916915894e-02
7.817041873931884766e-02
7.825540006160736084e-02
7.833887636661529541e-02
7.842086255550384521e-02
7.850134372711181641e-02
7.858034968376159668e-02
7.865788787603378296e-02
7.873395830392837524e-02
7.880856841802597046e-02
7.888174057006835938e-02
7.895348221063613892e-02
7.902380824089050293e-02
7.909272611141204834e-02
7.916025817394256592e-02
7.922641932964324951e-02
7.929122447967529297e-02
7.935469597578048706e-02
7.941684871912002563e-02
7.947769761085510254e-02
7.953727245330810547e-02
7.959560304880142212e-02
7.965271174907684326e-02
7.970860600471496582e-02
7.976332306861877441e-02
7.981690019369125366e-02
7.986935228109359741e-02
7.992071658372879028e-02
7.997101545333862305e-02
8.002028614282608032e-02
8.006856590509414673e-02
8.011587709188461304e-02
8.016224950551986694e-02
8.020773530006408691e-02
8.025236427783966064e-02
8.029615879058837891e-02
8.033917099237442017e-02
8.038142323493957520e-02
8.042296022176742554e-02
8.046381920576095581e-02
8.050404489040374756e-02
8.054365962743759155e-02
8.058270812034606934e-02
8.062123507261276245e-02
8.065926283597946167e-02
8.069684356451034546e-02
8.073399960994720459e-02
8.077078312635421753e-02
8.080721646547317505e-02
8.084335178136825562e-02
8.087920397520065308e-02
8.091481775045394897e-02
8.095023036003112793e-02
8.098547905683517456e-02
8.102057874202728271e-02
8.105557411909103394e-02
8.109050244092941284e-02
8.112537860870361328e-02
8.116025477647781372e-02
8.119513094425201416e-02
8.123005926609039307e-02
8.126505464315414429e-02
8.130014687776565552e-02
8.133535832166671753e-02
8.137071132659912109e-02
8.140624314546585083e-02
8.144196867942810059e-02
8.147791028022766113e-02
8.151408284902572632e-02
8.155052363872528076e-02
8.158724755048751831e-02
8.162426203489303589e-02
8.166159689426422119e-02
8.169926702976226807e-02
8.173729479312896729e-02
8.177570253610610962e-02
8.181449770927429199e-02
8.185370266437530518e-02
8.189333230257034302e-02
8.193340897560119629e-02
8.197394013404846191e-02
8.201495558023452759e-02
8.205646276473999023e-02
8.209847658872604370e-02
8.214101940393447876e-02
8.218410611152648926e-02
8.222775161266326904e-02
8.227198570966720581e-02
8.231680840253829956e-02
8.236224949359893799e-02
8.240832388401031494e-02
8.245504647493362427e-02
8.250243216753005981e-02
8.255051076412200928e-02
8.259929716587066650e-02
8.264881372451782227e-02
8.269906789064407349e-02
8.275008946657180786e-02
8.280189335346221924e-02
8.285450935363769531e-02
8.290795981884002686e-02
8.296224474906921387e-02
8.301740139722824097e-02
8.307345211505889893e-02
8.313040435314178467e-02
8.318829536437988281e-02
8.324713259935379028e-02
8.330693840980529785e-02
8.336773514747619629e-02
8.342954516410827637e-02
8.349238336086273193e-02
8.355627208948135376e-02
8.362122625112533569e-02
8.368726819753646851e-02
8.375439792871475220e-02
8.382266014814376831e-02
8.389203995466232300e-02
8.396257460117340088e-02
8.403427153825759888e-02
8.410713076591491699e-02
8.418118208646774292e-02
8.425641804933547974e-02
8.433285355567932129e-02
8.441051095724105835e-02
8.448937535285949707e-02
8.456945419311523438e-02
8.465076237916946411e-02
8.473328500986099243e-02
8.481703698635101318e-02
8.490201830863952637e-02
8.498821407556533813e-02
8.507563173770904541e-02
8.516426384449005127e-02
8.525408804416656494e-02
8.534511923789978027e-02
8.543733507394790649e-02
8.553071320056915283e-02
8.562526851892471313e-02
8.572096377611160278e-02
8.581779897212982178e-02
8.591573685407638550e-02
8.601478487253189087e-02
8.611490577459335327e-02
8.621608465909957886e-02
8.631830662488937378e-02
8.642154932022094727e-02
8.652577549219131470e-02
8.663097769021987915e-02
8.673713356256484985e-02
8.684420585632324219e-02
8.695217967033386230e-02
8.706101775169372559e-02
8.717070519924163818e-02
8.728121221065521240e-02
8.739251643419265747e-02
8.750458806753158569e-02
8.761740475893020630e-02
8.773093670606613159e-02
8.784515410661697388e-02
8.796003460884094238e-02
8.807555586099624634e-02
8.819168806076049805e-02
8.830840140581130981e-02
8.842568844556808472e-02
8.854350447654724121e-02
8.866184204816818237e-02
8.878067135810852051e-02
8.889997005462646484e-02
8.901971578598022461e-02
8.913988620042800903e-02
8.926045894622802734e-02
8.938141912221908569e-02
8.950274437665939331e-02
8.962441235780715942e-02
8.974640816450119019e-02
8.986870199441909790e-02
8.999129384756088257e-02
9.011415392160415649e-02
9.023725986480712891e-02
9.036061167716979980e-02
9.048417210578918457e-02
9.060793370008468628e-02
9.073188900947570801e-02
9.085600078105926514e-02
9.098025411367416382e-02
9.110464900732040405e-02
9.122915565967559814e-02
9.135375916957855225e-02
9.147843718528747559e-02
9.160317480564117432e-02
9.172794967889785767e-02
9.185273945331573486e-02
9.197752922773361206e-02
9.210229665040969849e-02
9.222701936960220337e-02
9.235166758298873901e-02
9.247622638940811157e-02
9.260066598653793335e-02
9.272495657205581665e-02
9.284908324480056763e-02
9.297300875186920166e-02
9.309671074151992798e-02
9.322015196084976196e-02
9.334331005811691284e-02
9.346614778041839600e-02
9.358862787485122681e-02
9.371072798967361450e-02
9.383241087198257446e-02
9.395363926887512207e-02
9.407436847686767578e-02
9.419457614421844482e-02
9.431421011686325073e-02
9.443324059247970581e-02
9.455163776874542236e-02
9.466934204101562500e-02
9.478632360696792603e-02
9.490254521369934082e-02
9.501796960830688477e-02
9.513255208730697632e-02
9.524624794721603394e-02
9.535901248455047607e-02
9.547083079814910889e-02
9.558163583278656006e-02
9.569140523672103882e-02
9.580008685588836670e-02
9.590765833854675293e-02
9.601407498121261597e-02
9.611929208040237427e-02
9.622329473495483398e-02
9.632603079080581665e-02
9.642747789621353149e-02
9.652759879827499390e-02
9.662635624408721924e-02
9.672373533248901367e-02
9.681970626115798950e-02
9.691423922777175903e-02
9.700730443000793457e-02
9.709888696670532227e-02
9.718896448612213135e-02
9.727750718593597412e-02
9.736450761556625366e-02
9.744995087385177612e-02
9.753381460905075073e-02
9.761609137058258057e-02
9.769676625728607178e-02
9.777582436800003052e-02
9.785327315330505371e-02
9.792909026145935059e-02
9.800327569246292114e-02
9.807582199573516846e-02
9.814673662185668945e-02
9.821600466966629028e-02
9.828364104032516479e-02
9.834962338209152222e-02
9.841397404670715332e-02
9.847668558359146118e-02
9.853776544332504272e-02
9.859721362590789795e-02
9.865503013134002686e-02
9.871122986078262329e-02
9.876580536365509033e-02
9.881877154111862183e-02
9.887013584375381470e-02
9.891989082098007202e-02
9.896805137395858765e-02
9.901462495326995850e-02
9.905959665775299072e-02
9.910299628973007202e-02
9.914480894804000854e-02
9.918504208326339722e-02
9.922370314598083496e-02
9.926079958677291870e-02
9.929630905389785767e-02
9.933025389909744263e-02
9.936263412237167358e-02
9.939344227313995361e-02
9.942266345024108887e-02
9.945032000541687012e-02
9.947639703750610352e-02
9.950089454650878906e-02
9.952379763126373291e-02
9.954510629177093506e-02
9.956482797861099243e-02
9.958294779062271118e-02
9.959945082664489746e-02
9.961433708667755127e-02
9.962760657072067261e-02
9.963924437761306763e-02
9.964923560619354248e-02
9.965759515762329102e-02
9.966430068016052246e-02
9.966934472322463989e-02
9.967273473739624023e-02
9.967444837093353271e-02
9.967449307441711426e-02
9.967285394668579102e-02
9.966953843832015991e-02
9.966453909873962402e-02
9.965785592794418335e-02
9.964948892593383789e-02
9.963944554328918457e-02
9.962771087884902954e-02
9.961430728435516357e-02
9.959924221038818359e-02
9.958250820636749268e-02
9.956412762403488159e-02
9.954410791397094727e-02
9.952246397733688354e-02
9.949920326471328735e-02
9.947435557842254639e-02
9.944793581962585449e-02
9.941995888948440552e-02
9.939045459032058716e-02
9.935944527387619019e-02
9.932696074247360229e-02
9.929302334785461426e-02
9.925767034292221069e-02
9.922093152999877930e-02
9.918284416198730469e-02
9.914343059062957764e-02
9.910275042057037354e-02
9.906082600355148315e-02
9.901769459247589111e-02
9.897340834140777588e-02
9.892800450325012207e-02
9.888152033090591431e-02
9.883400052785873413e-02
9.878548979759216309e-02
9.873603284358978271e-02
9.868567436933517456e-02
9.863445907831192017e-02
9.858242422342300415e-02
9.852962195873260498e-02
9.847608953714370728e-02
9.842187911272048950e-02
9.836701303720474243e-02
9.831155091524124146e-02
9.825552254915237427e-02
9.819897264242172241e-02
9.814193844795227051e-02
9.808444976806640625e-02
9.802655875682830811e-02
9.796827286481857300e-02
9.790963679552078247e-02
9.785069525241851807e-02
9.779144823551177979e-02
9.773194044828414917e-02
9.767218679189682007e-02
9.761223196983337402e-02
9.755206853151321411e-02
9.749173372983932495e-02
9.743124991655349731e-02
9.737060964107513428e-02
9.730985015630722046e-02
9.724897891283035278e-02
9.718801081180572510e-02
9.712695330381393433e-02
9.706580638885498047e-02
9.700459241867065430e-02
9.694331884384155273e-02
9.688197821378707886e-02
9.682060033082962036e-02
9.675916284322738647e-02
9.669768810272216797e-02
9.663617610931396484e-02
9.657464176416397095e-02
9.651307761669158936e-02
9.645149111747741699e-02
9.638989716768264771e-02
9.632829576730728149e-02
9.626669436693191528e-02
9.620510041713714600e-02
9.614352136850357056e-02
9.608197957277297974e-02
9.602046757936477661e-02
9.595901519060134888e-02
9.589762240648269653e-02
9.583631902933120728e-02
9.577511996030807495e-02
9.571403264999389648e-02
9.565308690071105957e-02
9.559231251478195190e-02
9.553171694278717041e-02
9.547134488821029663e-02
9.541121125221252441e-02
9.535134583711624146e-02
9.529179334640502930e-02
9.523256123065948486e-02
9.517370909452438354e-02
9.511525183916091919e-02
9.505724161863327026e-02
9.499970823526382446e-02
9.494268894195556641e-02
9.488622099161148071e-02
9.483034908771514893e-02
9.477511793375015259e-02
9.472055733203887939e-02
9.466671198606491089e-02
9.461362659931182861e-02
9.456133097410202026e-02
9.450988471508026123e-02
9.445930272340774536e-02
9.440962970256805420e-02
9.436091035604476929e-02
9.431317448616027832e-02
9.426645189523696899e-02
9.422078728675842285e-02
9.417620301246643066e-02
9.413272142410278320e-02
9.409037232398986816e-02
9.404918551445007324e-02
9.400917589664459229e-02
9.397037327289581299e-02
9.393277764320373535e-02
9.389641135931015015e-02
9.386128187179565430e-02
9.382741153240203857e-02
9.379478543996810913e-02
9.376341104507446289e-02
9.373329579830169678e-02
9.370443224906921387e-02
9.367680549621582031e-02
9.365041553974151611e-02
9.362525492906570435e-02
9.360130876302719116e-02
9.357855468988418579e-02
9.355697035789489746e-02
9.353654831647872925e-02
9.351726621389389038e-02
9.349908679723739624e-02
9.348199516534805298e-02
9.346596151590347290e-02
9.345096349716186523e-02
9.343696385622024536e-02
9.342393279075622559e-02
9.341184794902801514e-02
9.340067207813262939e-02
9.339038282632827759e-02
9.338095039129257202e-02
9.337233752012252808e-02
9.336452186107635498e-02
9.335746616125106812e-02
9.335115551948547363e-02
9.334556758403778076e-02
9.334066510200500488e-02
9.333642572164535522e-02
9.333284199237823486e-02
9.332988411188125610e-02
9.332753717899322510e-02
9.332578629255294800e-02
9.332461655139923096e-02
9.332402050495147705e-02
9.332399815320968628e-02
9.332452714443206787e-02
9.332560747861862183e-02
9.332724660634994507e-02
9.332943707704544067e-02
9.333217144012451172e-02
9.333547949790954590e-02
9.333933889865875244e-02
9.334378689527511597e-02
9.334880113601684570e-02
9.335441887378692627e-02
9.336063265800476074e-02
9.336747229099273682e-02
9.337493777275085449e-02
9.338305145502090454e-02
9.339182078838348389e-02
9.340126067399978638e-02
9.341139346361160278e-02
9.342223405838012695e-02
9.343378245830535889e-02
9.344606101512908936e-02
9.345908463001251221e-02
9.347285330295562744e-02
9.348738938570022583e-02
9.350267797708511353e-02
9.351874887943267822e-02
9.353559464216232300e-02
9.355320781469345093e-02
9.357158839702606201e-02
9.359074383974075317e-02
9.361065924167633057e-02
9.363131970167160034e-02
9.365271776914596558e-02
9.367482364177703857e-02
9.369762241840362549e-02
9.372110664844512939e-02
9.374523162841796875e-02
9.376997500658035278e-02
9.379530698060989380e-02
9.382118284702301025e-02
9.384757280349731445e-02
9.387442469596862793e-02
9.390170872211456299e-02
9.392936527729034424e-02
9.395734965801239014e-02
9.398561716079711914e-02
9.401411563158035278e-02
9.404277801513671875e-02
9.407155215740203857e-02
9.410039335489273071e-02
9.412923455238342285e-02
9.415802359580993652e-02
9.418669342994689941e-02
9.421518445014953613e-02
9.424345195293426514e-02
9.427143633365631104e-02
9.429907053709030151e-02
9.432630985975265503e-02
9.435308724641799927e-02
9.437937289476394653e-02
9.440510720014572144e-02
9.443023800849914551e-02
9.445472806692123413e-02
9.447852522134780884e-02
9.450160712003707886e-02
9.452392160892486572e-02
9.454544633626937866e-02
9.456615149974822998e-02
9.458600729703903198e-02
9.460499882698059082e-02
9.462310373783111572e-02
9.464029967784881592e-02
9.465659409761428833e-02
9.467196464538574219e-02
9.468641132116317749e-02
9.469992667436599731e-02
9.471253305673599243e-02
9.472421556711196899e-02
9.473498910665512085e-02
9.474486857652664185e-02
9.475386887788772583e-02
9.476199746131896973e-02
9.476928412914276123e-02
9.477573633193969727e-02
9.478139132261276245e-02
9.478625655174255371e-02
9.479036182165145874e-02
9.479373693466186523e-02
9.479638934135437012e-02
9.479837119579315186e-02
9.479966759681701660e-02
9.480033814907073975e-02
9.480038285255432129e-02
9.479983150959014893e-02
9.479869157075881958e-02
9.479700028896331787e-02
9.479475766420364380e-02
9.479197114706039429e-02
9.478866308927536011e-02
9.478482604026794434e-02
9.478048235177993774e-02
9.477561712265014648e-02
9.477022290229797363e-02
9.476431459188461304e-02
9.475786983966827393e-02
9.475087374448776245e-02
9.474330395460128784e-02
9.473515301942825317e-02
9.472639113664627075e-02
9.471699595451354980e-02
9.470693022012710571e-02
9.469616413116455078e-02
9.468466043472290039e-02
9.467238187789916992e-02
9.465928375720977783e-02
9.464533627033233643e-02
9.463047981262207031e-02
9.461466968059539795e-02
9.459786862134933472e-02
9.458000957965850830e-02
9.456106275320053101e-02
9.454096853733062744e-02
9.451967477798461914e-02
9.449715167284011841e-02
9.447332471609115601e-02
9.444816410541534424e-02
9.442163258790969849e-02
9.439367055892944336e-02
9.436424076557159424e-02
9.433332085609436035e-02
9.430085867643356323e-02
9.426683187484741211e-02
9.423121809959411621e-02
9.419398009777069092e-02
9.415511041879653931e-02
9.411458671092987061e-02
9.407240897417068481e-02
9.402855485677719116e-02
9.398304671049118042e-02
9.393586218357086182e-02
9.388701617717742920e-02
9.383653849363327026e-02
9.378442168235778809e-02
9.373071044683456421e-02
9.367541223764419556e-02
9.361857175827026367e-02
9.356022626161575317e-02
9.350039809942245483e-02
9.343914687633514404e-02
9.337650984525680542e-02
9.331254661083221436e-02
9.324729442596435547e-02
9.318082034587860107e-02
9.311317652463912964e-02
9.304442256689071655e-02
9.297462552785873413e-02
9.290383011102676392e-02
9.283211827278137207e-02
9.275952726602554321e-02
9.268613904714584351e-02
9.261199831962585449e-02
9.253717958927154541e-02
9.246173501014709473e-02
9.238570928573608398e-02
9.230916202068328857e-02
9.223215281963348389e-02
9.215471148490905762e-02
9.207690507173538208e-02
9.199874103069305420e-02
9.192028641700744629e-02
9.184156358242034912e-02
9.176259487867355347e-02
9.168340265750885010e-02
9.160400927066802979e-02
9.152442961931228638e-02
9.144467860460281372e-02
9.136474877595901489e-02
9.128465503454208374e-02
9.120437502861022949e-02
9.112391620874404907e-02
9.104324877262115479e-02
9.096236526966094971e-02
9.088125824928283691e-02
9.079987555742263794e-02
9.071821719408035278e-02
9.063623100519180298e-02
9.055388718843460083e-02
9.047116339206695557e-02
9.038800746202468872e-02
9.030440449714660645e-02
9.022028744220733643e-02
9.013563394546508789e-02
9.005039185285568237e-02
8.996453881263732910e-02
8.987803012132644653e-02
8.979082107543945312e-02
8.970288932323455811e-02
8.961419016122817993e-02
8.952470868825912476e-02
8.943441510200500488e-02
8.934327214956283569e-02
8.925127983093261719e-02
8.915840834379196167e-02
8.906466513872146606e-02
8.897002786397933960e-02
8.887450397014617920e-02
8.877810090780258179e-02
8.868082612752914429e-02
8.858268707990646362e-02
8.848371356725692749e-02
8.838393539190292358e-02
8.828336745500564575e-02
8.818206936120986938e-02
8.808007091283798218e-02
8.797740936279296875e-02
8.787415921688079834e-02
8.777035772800445557e-02
8.766607940196990967e-02
8.756137639284133911e-02
8.745632320642471313e-02
8.735099434852600098e-02
8.724546432495117188e-02
8.713980019092559814e-02
8.703408390283584595e-02
8.692840486764907837e-02
8.682282269001007080e-02
8.671743422746658325e-02
8.661231398582458496e-02
8.650754392147064209e-02
8.640319854021072388e-02
8.629935979843139648e-02
8.619608730077743530e-02
8.609347045421600342e-02
8.599156141281127930e-02
8.589043468236923218e-02
8.579013496637344360e-02
8.569073677062988281e-02
8.559227734804153442e-02
8.549480140209197998e-02
8.539835363626480103e-02
8.530295640230178833e-02
8.520864695310592651e-02
8.511544018983840942e-02
8.502335846424102783e-02
8.493240177631378174e-02
8.484257757663726807e-02
8.475387096405029297e-02
8.466628938913345337e-02
8.457980304956436157e-02
8.449438959360122681e-02
8.441002666950225830e-02
8.432667702436447144e-02
8.424430340528488159e-02
8.416286110877990723e-02
8.408230543136596680e-02
8.400259166955947876e-02
8.392366021871566772e-02
8.384544402360916138e-02
8.376790583133697510e-02
8.369096368551254272e-02
8.361457288265228271e-02
8.353865891695022583e-02
8.346316963434219360e-02
8.338803052902221680e-02
8.331319689750671387e-02
8.323860168457031250e-02
8.316419273614883423e-02
8.308991044759750366e-02
8.301570266485214233e-02
8.294153958559036255e-02
8.286736160516738892e-02
8.279314637184143066e-02
8.271884918212890625e-02
8.264445513486862183e-02
8.256993442773818970e-02
8.249527215957641602e-02
8.242046833038330078e-02
8.234551548957824707e-02
8.227042108774185181e-02
8.219517767429351807e-02
8.211982995271682739e-02
8.204438537359237671e-02
8.196888118982315063e-02
8.189333975315093994e-02
8.181781321763992310e-02
8.174234628677368164e-02
8.166698366403579712e-02
8.159179240465164185e-02
8.151681721210479736e-02
8.144214004278182983e-02
8.136781305074691772e-02
8.129392564296722412e-02
8.122052997350692749e-02
8.114771544933319092e-02
8.107554167509078979e-02
8.100409805774688721e-02
8.093344420194625854e-02
8.086366951465606689e-02
8.079484105110168457e-02
8.072701841592788696e-02
8.066029101610183716e-02
8.059470355510711670e-02
8.053031563758850098e-02
8.046718686819076538e-02
8.040536940097808838e-02
8.034491539001464844e-02
8.028583973646163940e-02
8.022819459438323975e-02
8.017200231552124023e-02
8.011726289987564087e-02
8.006401360034942627e-02
8.001223951578140259e-02
7.996194064617156982e-02
7.991310954093933105e-02
7.986571639776229858e-02
7.981974631547927856e-02
7.977514714002609253e-02
7.973189651966094971e-02
7.968993484973907471e-02
7.964920997619628906e-02
7.960965484380722046e-02
7.957120239734649658e-02
7.953378558158874512e-02
7.949732244014739990e-02
7.946171611547470093e-02
7.942690700292587280e-02
7.939277589321136475e-02
7.935924828052520752e-02
7.932622730731964111e-02
7.929361611604690552e-02
7.926130294799804688e-02
7.922922074794769287e-02
7.919725030660629272e-02
7.916530966758728027e-02
7.913330197334289551e-02
7.910113781690597534e-02
7.906874269247055054e-02
7.903601974248886108e-02
7.900291681289672852e-02
7.896933704614639282e-02
7.893522828817367554e-02
7.890053838491439819e-02
7.886520773172378540e-02
7.882919162511825562e-02
7.879246771335601807e-02
7.875499874353408813e-02
7.871675491333007812e-02
7.867773622274398804e-02
7.863794267177581787e-02
7.859735935926437378e-02
7.855601608753204346e-02
7.851391285657882690e-02
7.847109436988830566e-02
7.842758297920227051e-02
7.838343083858489990e-02
7.833868265151977539e-02
7.829337567090988159e-02
7.824759185314178467e-02
7.820138335227966309e-02
7.815482467412948608e-02
7.810798287391662598e-02
7.806093245744705200e-02
7.801374793052673340e-02
7.796652615070343018e-02
7.791931927204132080e-02
7.787223160266876221e-02
7.782533019781112671e-02
7.777868956327438354e-02
7.773239165544509888e-02
7.768650352954864502e-02
7.764109969139099121e-02
7.759623974561691284e-02
7.755198329687118530e-02
7.750837504863739014e-02
7.746548205614089966e-02
7.742332667112350464e-02
7.738194614648818970e-02
7.734136283397674561e-02
7.730160653591156006e-02
7.726266980171203613e-02
7.722456008195877075e-02
7.718726992607116699e-02
7.715077698230743408e-02
7.711506634950637817e-02
7.708008587360382080e-02
7.704579830169677734e-02
7.701216638088226318e-02
7.697910815477371216e-02
7.694657146930694580e-02
7.691447436809539795e-02
7.688273489475250244e-02
7.685127854347229004e-02
7.681999355554580688e-02
7.678879052400588989e-02
7.675758004188537598e-02
7.672623544931411743e-02
7.669465988874435425e-02
7.666273415088653564e-02
7.663036137819290161e-02
7.659742236137390137e-02
7.656380534172058105e-02
7.652940601110458374e-02
7.649411261081695557e-02
7.645782083272933960e-02
7.642044126987457275e-02
7.638186216354370117e-02
7.634200900793075562e-02
7.630079239606857300e-02
7.625813037157058716e-02
7.621396332979202271e-02
7.616823911666870117e-02
7.612087577581405640e-02
7.607186585664749146e-02
7.602114230394363403e-02
7.596870511770248413e-02
7.591452449560165405e-02
7.585860043764114380e-02
7.580094784498214722e-02
7.574155926704406738e-02
7.568047940731048584e-02
7.561773806810379028e-02
7.555336505174636841e-02
7.548742741346359253e-02
7.541997730731964111e-02
7.535109668970108032e-02
7.528084516525268555e-02
7.520930469036102295e-02
7.513657212257385254e-02
7.506274431943893433e-02
7.498791813850402832e-02
7.491219043731689453e-02
7.483566552400588989e-02
7.475845515727996826e-02
7.468066364526748657e-02
7.460240274667739868e-02
7.452377676963806152e-02
7.444489002227783203e-02
7.436585426330566406e-02
7.428675889968872070e-02
7.420770078897476196e-02
7.412877678871154785e-02
7.405005395412445068e-02
7.397163659334182739e-02
7.389356940984725952e-02
7.381592690944671631e-02
7.373876124620437622e-02
7.366211712360382080e-02
7.358602434396743774e-02
7.351052016019821167e-02
7.343560457229614258e-02
7.336129248142242432e-02
7.328757643699645996e-02
7.321444153785705566e-02
7.314185798168182373e-02
7.306980341672897339e-02
7.299821078777313232e-02
7.292705029249191284e-02
7.285624742507934570e-02
7.278572767972946167e-02
7.271541655063629150e-02
7.264522463083267212e-02
7.257506251335144043e-02
7.250482589006423950e-02
7.243441790342330933e-02
7.236373424530029297e-02
7.229265570640563965e-02
7.222107797861099243e-02
7.214888930320739746e-02
7.207597047090530396e-02
7.200220227241516113e-02
7.192748785018920898e-02
7.185171544551849365e-02
7.177478075027465820e-02
7.169658690690994263e-02
7.161703705787658691e-02
7.153604924678802490e-02
7.145354151725769043e-02
7.136943191289901733e-02
7.128368318080902100e-02
7.119621336460113525e-02
7.110700011253356934e-02
7.101600617170333862e-02
7.092320173978805542e-02
7.082857936620712280e-02
7.073213905096054077e-02
7.063389569520950317e-02
7.053387165069580078e-02
7.043209671974182129e-02
7.032862305641174316e-02
7.022350281476974487e-02
7.011681050062179565e-02
7.000859826803207397e-02
6.989898532629013062e-02
6.978804618120193481e-02
6.967588514089584351e-02
6.956262141466140747e-02
6.944837421178817749e-02
6.933326274156570435e-02
6.921740621328353882e-02
6.910095363855361938e-02
6.898403167724609375e-02
6.886677443981170654e-02
6.874932348728179932e-02
6.863182038068771362e-02
6.851439177989959717e-02
6.839717179536819458e-02
6.828030198812484741e-02
6.816390156745910645e-02
6.804808229207992554e-02
6.793297082185745239e-02
6.781866401433944702e-02
6.770526617765426636e-02
6.759285926818847656e-02
6.748153269290924072e-02
6.737134605646133423e-02
6.726236641407012939e-02
6.715463101863861084e-02
6.704818457365036011e-02
6.694304943084716797e-02
6.683922559022903442e-02
6.673672795295715332e-02
6.663553416728973389e-02
6.653562188148498535e-02
6.643696129322052002e-02
6.633949279785156250e-02
6.624316424131393433e-02
6.614791601896286011e-02
6.605365127325057983e-02
6.596029549837112427e-02
6.586775183677673340e-02
6.577590852975845337e-02
6.568466871976852417e-02
6.559389829635620117e-02
6.550350040197372437e-02
6.541334092617034912e-02
6.532328575849533081e-02
6.523322314023971558e-02
6.514301151037216187e-02
6.505253911018371582e-02
6.496167927980422974e-02
6.487030535936355591e-02
6.477829813957214355e-02
6.468556076288223267e-02
6.459198147058486938e-02
6.449746340513229370e-02
6.440191715955734253e-02
6.430526822805404663e-02
6.420744955539703369e-02
6.410839408636093140e-02
6.400806456804275513e-02
6.390641629695892334e-02
6.380343437194824219e-02
6.369911134243011475e-02
6.359343975782394409e-02
6.348643451929092407e-02
6.337812542915344238e-02
6.326855719089508057e-02
6.315778195858001709e-02
6.304586678743362427e-02
6.293287128210067749e-02
6.281890720129013062e-02
6.270405650138854980e-02
6.258843094110488892e-02
6.247215718030929565e-02
6.235533952713012695e-02
6.223812326788902283e-02
6.212064623832702637e-02
6.200304627418518066e-02
6.188547611236572266e-02
6.176807731389999390e-02
6.165101006627082825e-02
6.153441965579986572e-02
6.141845136880874634e-02
6.130325794219970703e-02
6.118898093700408936e-02
6.107576563954353333e-02
6.096374243497848511e-02
6.085304543375968933e-02
6.074377894401550293e-02
6.063606590032577515e-02
6.053000316023826599e-02
6.042567640542984009e-02
6.032317131757736206e-02
6.022254750132560730e-02
6.012386456131935120e-02
6.002716347575187683e-02
5.993246659636497498e-02
5.983978137373924255e-02
5.974912270903587341e-02
5.966046452522277832e-02
5.957378447055816650e-02
5.948903784155845642e-02
5.940617248415946960e-02
5.932511389255523682e-02
5.924578383564949036e-02
5.916810035705566406e-02
5.909195169806480408e-02
5.901721864938735962e-02
5.894379317760467529e-02
5.887153372168540955e-02
5.880031362175941467e-02
5.872998014092445374e-02
5.866038799285888672e-02
5.859138816595077515e-02
5.852282419800758362e-02
5.845454335212707520e-02
5.838638916611671448e-02
5.831820890307426453e-02
5.824984982609748840e-02
5.818117037415504456e-02
5.811203271150588989e-02
5.804229900240898132e-02
5.797184631228446960e-02
5.790054798126220703e-02
5.782830715179443359e-02
5.775502324104309082e-02
5.768061056733131409e-02
5.760499089956283569e-02
5.752811580896377563e-02
5.744992941617965698e-02
5.737039819359779358e-02
5.728951096534729004e-02
5.720725283026695251e-02
5.712364614009857178e-02
5.703870207071304321e-02
5.695246905088424683e-02
5.686500295996665955e-02
5.677635967731475830e-02
5.668662115931510925e-02
5.659588053822517395e-02
5.650423467159271240e-02
5.641180276870727539e-02
5.631870031356811523e-02
5.622507259249687195e-02
5.613104626536369324e-02
5.603677034378051758e-02
5.594239011406898499e-02
5.584806948900222778e-02
5.575395748019218445e-02
5.566021427512168884e-02
5.556700006127357483e-02
5.547446757555007935e-02
5.538276210427284241e-02
5.529205501079559326e-02
5.520246550440788269e-02
5.511414259672164917e-02
5.502721294760704041e-02
5.494179576635360718e-02
5.485799908638000488e-02
5.477591976523399353e-02
5.469564348459243774e-02
5.461724475026130676e-02
5.454077571630477905e-02
5.446628853678703308e-02
5.439381301403045654e-02
5.432335659861564636e-02
5.425492301583290100e-02
5.418849736452102661e-02
5.412404984235763550e-02
5.406152829527854919e-02
5.400087311863899231e-02
5.394201725721359253e-02
5.388485640287399292e-02
5.382929742336273193e-02
5.377521365880966187e-02
5.372249335050582886e-02
5.367099121212959290e-02
5.362056195735931396e-02
5.357104912400245667e-02
5.352228879928588867e-02
5.347410961985588074e-02
5.342634394764900208e-02
5.337880551815032959e-02
5.333133414387702942e-02
5.328373610973358154e-02
5.323584377765655518e-02
5.318747833371162415e-02
5.313846096396446228e-02
5.308864265680313110e-02
5.303785949945449829e-02
5.298595502972602844e-02
5.293279141187667847e-02
5.287824571132659912e-02
5.282218754291534424e-02
5.276451632380485535e-02
5.270514264702796936e-02
5.264397710561752319e-02
5.258096754550933838e-02
5.251606181263923645e-02
5.244921892881393433e-02
5.238043144345283508e-02
5.230969190597534180e-02
5.223702266812324524e-02
5.216244980692863464e-02
5.208602175116539001e-02
5.200779810547828674e-02
5.192786082625389099e-02
5.184629559516906738e-02
5.176320672035217285e-02
5.167871713638305664e-02
5.159295350313186646e-02
5.150604993104934692e-02
5.141815915703773499e-02
5.132943391799926758e-02
5.124003812670707703e-02
5.115013942122459412e-02
5.105990543961524963e-02
5.096951127052307129e-02
5.087913200259208679e-02
5.078893899917602539e-02
5.069911107420921326e-02
5.060980096459388733e-02
5.052118748426437378e-02
5.043341219425201416e-02
5.034662783145904541e-02
5.026097223162651062e-02
5.017657577991485596e-02
5.009355023503303528e-02
5.001199990510940552e-02
4.993201419711112976e-02
4.985366761684417725e-02
4.977701976895332336e-02
4.970211908221244812e-02
4.962898790836334229e-02
4.955763742327690125e-02
4.948806762695312500e-02
4.942025244235992432e-02
4.935415461659431458e-02
4.928971454501152039e-02
4.922686889767646790e-02
4.916552826762199402e-02
4.910558834671974182e-02
4.904694110155105591e-02
4.898945242166519165e-02
4.893298074603080750e-02
4.887738451361656189e-02
4.882249236106872559e-02
4.876814037561416626e-02
4.871415346860885620e-02
4.866035282611846924e-02
4.860654473304748535e-02
4.855254665017127991e-02
4.849817231297492981e-02
4.844322800636291504e-02
4.838753119111061096e-02
4.833089932799339294e-02
4.827315360307693481e-02
4.821412265300750732e-02
4.815365001559257507e-02
4.809158667922019958e-02
4.802777990698814392e-02
4.796210676431655884e-02
4.789445176720619202e-02
4.782471433281898499e-02
4.775280505418777466e-02
4.767865315079689026e-02
4.760221019387245178e-02
4.752343520522117615e-02
4.744230583310127258e-02
4.735882580280303955e-02
4.727300629019737244e-02
4.718488082289695740e-02
4.709450155496597290e-02
4.700193554162979126e-02
4.690726473927497864e-02
4.681058973073959351e-02
4.671202600002288818e-02
4.661170393228530884e-02
4.650975391268730164e-02
4.640634357929229736e-02
4.630162566900253296e-02
4.619577899575233459e-02
4.608898237347602844e-02
4.598142206668853760e-02
4.587328806519508362e-02
4.576478525996208191e-02
4.565609619021415710e-02
4.554742574691772461e-02
4.543896391987800598e-02
4.533090814948081970e-02
4.522343724966049194e-02
4.511673748493194580e-02
4.501097276806831360e-02
4.490631446242332458e-02
4.480290785431861877e-02
4.470089450478553772e-02
4.460039734840393066e-02
4.450153186917304993e-02
4.440439119935035706e-02
4.430905729532241821e-02
4.421559348702430725e-02
4.412404447793960571e-02
4.403444007039070129e-02
4.394679144024848938e-02
4.386109113693237305e-02
4.377731308341026306e-02
4.369540885090827942e-02
4.361532256007194519e-02
4.353697597980499268e-02
4.346027970314025879e-02
4.338511452078819275e-02
4.331136494874954224e-02
4.323888570070266724e-02
4.316753894090652466e-02
4.309715330600738525e-02
4.302756115794181824e-02
4.295859113335609436e-02
4.289004951715469360e-02
4.282175004482269287e-02
4.275349900126457214e-02
4.268510267138481140e-02
4.261635988950729370e-02
4.254708811640739441e-02
4.247708618640899658e-02
4.240617901086807251e-02
4.233418032526969910e-02
4.226092249155044556e-02
4.218624532222747803e-02
4.211000353097915649e-02
4.203205183148384094e-02
4.195227473974227905e-02
4.187055677175521851e-02
4.178680852055549622e-02
4.170095548033714294e-02
4.161293804645538330e-02
4.152271524071693420e-02
4.143026098608970642e-02
4.133557900786399841e-02
4.123868048191070557e-02
4.113959521055221558e-02
4.103838279843330383e-02
4.093510657548904419e-02
4.082986339926719666e-02
4.072275012731552124e-02
4.061389341950416565e-02
4.050342366099357605e-02
4.039149731397628784e-02
4.027827456593513489e-02
4.016393795609474182e-02
4.004866257309913635e-02
3.993264585733413696e-02
3.981609642505645752e-02
0.000000000000000000e+00
0.000000000000000000e+00
0.000000000000000000e+00
0.000000000000000000e+00
0.000000000000000000e+00
0.000000000000000000e+00
0.000000000000000000e+00
0.000000000000000000e+00
0.000000000000000000e+00
0.000000000000000000e+00
0.000000000000000000e+00
0.000000000000000000e+00
0.000000000000000000e+00
0.000000000000000000e+00
0.000000000000000000e+00
0.000000000000000000e+00
0.000000000000000000e+00
0.000000000000000000e+00
0.000000000000000000e+00
0.000000000000000000e+00
0.000000000000000000e+00
0.000000000000000000e+00
0.000000000000000000e+00
0.000000000000000000e+00
0.000000000000000000e+00
0.000000000000000000e+00
0.000000000000000000e+00
0.000000000000000000e+00
0.000000000000000000e+00
0.000000000000000000e+00
0.000000000000000000e+00
0.000000000000000000e+00
0.000000000000000000e+00
0.000000000000000000e+00
0.000000000000000000e+00
0.000000000000000000e+00
0.000000000000000000e+00
0.000000000000000000e+00
0.000000000000000000e+00
0.000000000000000000e+00
0.000000000000000000e+00
0.000000000000000000e+00
0.000000000000000000e+00
0.000000000000000000e+00
0.000000000000000000e+00
0.000000000000000000e+00
0.000000000000000000e+00
0.000000000000000000e+00
0.000000000000000000e+00
0.000000000000000000e+00
0.000000000000000000e+00
0.000000000000000000e+00
0.000000000000000000e+00
0.000000000000000000e+00
0.000000000000000000e+00
0.000000000000000000e+00
0.000000000000000000e+00
0.000000000000000000e+00
0.000000000000000000e+00
0.000000000000000000e+00
0.000000000000000000e+00
0.000000000000000000e+00
0.000000000000000000e+00
0.000000000000000000e+00
0.000000000000000000e+00
0.000000000000000000e+00
0.000000000000000000e+00
0.000000000000000000e+00
0.000000000000000000e+00
0.000000000000000000e+00
0.000000000000000000e+00
0.000000000000000000e+00
0.000000000000000000e+00
0.000000000000000000e+00
0.000000000000000000e+00
0.000000000000000000e+00
0.000000000000000000e+00
0.000000000000000000e+00
0.000000000000000000e+00
0.000000000000000000e+00
0.000000000000000000e+00
0.000000000000000000e+00
0.000000000000000000e+00
0.000000000000000000e+00
0.000000000000000000e+00
0.000000000000000000e+00
0.000000000000000000e+00
0.000000000000000000e+00
0.000000000000000000e+00
0.000000000000000000e+00
0.000000000000000000e+00
0.000000000000000000e+00
0.000000000000000000e+00
0.000000000000000000e+00
0.000000000000000000e+00
0.000000000000000000e+00
0.000000000000000000e+00
0.000000000000000000e+00
0.000000000000000000e+00
0.000000000000000000e+00
