# ee
5.763915553689002991e-02
8.833155781030654907e-02
9.289819747209548950e-02
7.643413543701171875e-02
5.193374305963516235e-02
3.048172034323215485e-02
1.695440709590911865e-02
1.073238812386989594e-02
8.698781020939350128e-03
7.968165911734104156e-03
7.188179995864629745e-03
6.090822629630565643e-03
5.282155703753232956e-03
4.929633811116218567e-03
5.005305632948875427e-03
5.358611233532428741e-03
5.676585715264081955e-03
5.967960692942142487e-03
6.374764721840620041e-03
6.983213126659393311e-03
7.917043752968311310e-03
9.146454744040966034e-03
1.058387104421854019e-02
1.223545521497726440e-02
1.408777944743633270e-02
1.611955091357231140e-02
1.833266951143741608e-02
2.071520686149597168e-02
2.326432801783084869e-02
2.598803676664829254e-02
2.888793498277664185e-02
3.197746351361274719e-02
3.528903052210807800e-02
3.887064009904861450e-02
4.276389256119728088e-02
4.693637043237686157e-02
5.135320127010345459e-02
5.601548030972480774e-02
6.093886867165565491e-02
6.614175438880920410e-02
7.163342088460922241e-02
7.742064446210861206e-02
8.349536359310150146e-02
8.985991775989532471e-02
9.651845693588256836e-02
1.034689396619796753e-01
1.107148975133895874e-01
1.182375177741050720e-01
1.260105818510055542e-01
1.340054273605346680e-01
1.423099488019943237e-01
1.510764360427856445e-01
1.603011637926101685e-01
1.699655503034591675e-01
1.799282282590866089e-01
1.900771558284759521e-01
2.004152387380599976e-01
2.109751999378204346e-01
2.218045890331268311e-01
2.329928576946258545e-01
2.445295304059982300e-01
2.563791573047637939e-01
2.685582935810089111e-01
2.810463607311248779e-01
2.937793433666229248e-01
3.067570924758911133e-01
3.200178444385528564e-01
3.335180580615997314e-01
3.472959101200103760e-01
3.613379299640655518e-01
3.756169676780700684e-01
3.900987207889556885e-01
4.047712683677673340e-01
4.196448624134063721e-01
4.347200691699981689e-01
4.499876797199249268e-01
4.654733836650848389e-01
4.811209440231323242e-01
4.969337880611419678e-01
5.128608345985412598e-01
5.289237499237060547e-01
5.450971722602844238e-01
5.613782405853271484e-01
5.777416229248046875e-01
5.941995978355407715e-01
6.107211112976074219e-01
6.273201704025268555e-01
6.439810395240783691e-01
6.606656312942504883e-01
6.773657202720642090e-01
6.940655708312988281e-01
7.107571959495544434e-01
7.274025678634643555e-01
7.440010905265808105e-01
7.605370879173278809e-01
7.769951820373535156e-01
7.933670282363891602e-01
8.096148371696472168e-01
8.257379531860351562e-01
8.417950868606567383e-01
8.576369285583496094e-01
8.733370304107666016e-01
8.888948559761047363e-01
9.042353034019470215e-01
9.194319844245910645e-01
9.343357086181640625e-01
9.490200281143188477e-01
9.634099006652832031e-01
9.775047898292541504e-01
9.913781285285949707e-01
1.004954338073730469e+00
1.018232464790344238e+00
1.031136512756347656e+00
1.043813943862915039e+00
1.056040763854980469e+00
1.067889690399169922e+00
1.079508185386657715e+00
1.090746402740478516e+00
1.101454377174377441e+00
1.111928224563598633e+00
1.121869206428527832e+00
1.131350636482238770e+00
1.140445351600646973e+00
1.149077773094177246e+00
1.157321214675903320e+00
1.165025711059570312e+00
1.172338366508483887e+00
1.179109692573547363e+00
1.185338139533996582e+00
1.191171407699584961e+00
1.196459770202636719e+00
1.201276421546936035e+00
1.205620527267456055e+00
1.209416627883911133e+00
1.212664127349853516e+00
1.215435981750488281e+00
1.217656970024108887e+00
1.219475030899047852e+00
1.220665931701660156e+00
1.221303105354309082e+00
1.221459984779357910e+00
1.221135616302490234e+00
1.220254659652709961e+00
1.218964815139770508e+00
1.217042207717895508e+00
1.214708566665649414e+00
1.211814641952514648e+00
1.208433508872985840e+00
1.204638838768005371e+00
1.200355052947998047e+00
1.195507645606994629e+00
1.190244436264038086e+00
1.184565424919128418e+00
1.178470015525817871e+00
1.171957492828369141e+00
1.165027856826782227e+00
1.157754659652709961e+00
1.149989008903503418e+00
1.141879081726074219e+00
1.133498549461364746e+00
1.124698400497436523e+00
1.115552544593811035e+00
1.106135010719299316e+00
1.096370577812194824e+00
1.086407780647277832e+00
1.076022982597351074e+00
1.065587401390075684e+00
1.054803252220153809e+00
1.043892860412597656e+00
1.032855868339538574e+00
1.021617531776428223e+00
1.010177016258239746e+00
9.988312721252441406e-01
9.872826337814331055e-01
9.757534265518188477e-01
9.641700983047485352e-01
9.527558088302612305e-01
9.412140846252441406e-01
9.297685623168945312e-01
9.184196591377258301e-01
9.072423577308654785e-01
8.961628079414367676e-01
8.852559924125671387e-01
8.746710419654846191e-01
8.642672896385192871e-01
8.541865944862365723e-01
8.444144129753112793e-01
8.349885940551757812e-01
8.259615898132324219e-01
8.173562884330749512e-01
8.091953396797180176e-01
8.015239238739013672e-01
7.943722009658813477e-01
7.877777814865112305e-01
7.817783951759338379e-01
7.764189243316650391e-01
7.717222571372985840e-01
7.677258253097534180e-01
7.644599080085754395e-01
7.619849443435668945e-01
7.603119611740112305e-01
7.595044970512390137e-01
7.595891952514648438e-01
7.606145739555358887e-01
7.626221776008605957e-01
7.656383514404296875e-01
7.697191834449768066e-01
7.748911380767822266e-01
7.812103629112243652e-01
7.887106537818908691e-01
7.974258065223693848e-01
8.074045777320861816e-01
8.186435103416442871e-01
8.313398361206054688e-01
8.453118205070495605e-01
8.607196807861328125e-01
8.775671720504760742e-01
8.958585858345031738e-01
9.157462716102600098e-01
9.371600151062011719e-01
9.602524638175964355e-01
9.849531054496765137e-01
1.011265993118286133e+00
1.039343595504760742e+00
1.069189786911010742e+00
1.100808739662170410e+00
1.134203910827636719e+00
1.169453859329223633e+00
1.206562280654907227e+00
1.245607256889343262e+00
1.286518573760986328e+00
1.329522728919982910e+00
1.374475121498107910e+00
1.421453833580017090e+00
1.470462560653686523e+00
1.521579504013061523e+00
1.574882745742797852e+00
1.630227446556091309e+00
1.687691688537597656e+00
1.747427821159362793e+00
1.809290885925292969e+00
1.873433589935302734e+00
1.939785003662109375e+00
2.008423328399658203e+00
2.079352140426635742e+00
2.152501344680786133e+00
2.228245735168457031e+00
2.306068897247314453e+00
2.386420726776123047e+00
2.469007730484008789e+00
2.554057836532592773e+00
2.641352653503417969e+00
2.731194972991943359e+00
2.823292732238769531e+00
2.918022394180297852e+00
3.014942884445190430e+00
3.114431142807006836e+00
3.216343641281127930e+00
3.320685148239135742e+00
3.427386999130249023e+00
3.536676406860351562e+00
3.648336410522460938e+00
3.762445688247680664e+00
3.878935575485229492e+00
3.998033761978149414e+00
4.119374275207519531e+00
4.243333339691162109e+00
4.369618892669677734e+00
4.498310565948486328e+00
4.629338741302490234e+00
4.763006687164306641e+00
4.898724079132080078e+00
5.037091255187988281e+00
5.177593231201171875e+00
5.320457935333251953e+00
5.465690612792968750e+00
5.613222122192382812e+00
5.762983322143554688e+00
5.914979457855224609e+00
6.069291114807128906e+00
6.225624561309814453e+00
6.384209156036376953e+00
6.544975280761718750e+00
6.707928657531738281e+00
6.872926235198974609e+00
7.039972782135009766e+00
7.209073066711425781e+00
7.380160331726074219e+00
7.553089618682861328e+00
7.728609085083007812e+00
7.905610561370849609e+00
8.083727836608886719e+00
8.264451980590820312e+00
8.446302413940429688e+00
8.630771636962890625e+00
8.815634727478027344e+00
9.003127098083496094e+00
9.192510604858398438e+00
9.382305145263671875e+00
9.574002265930175781e+00
9.766855239868164062e+00
9.961603164672851562e+00
1.015824508666992188e+01
1.035529136657714844e+01
1.055348014831542969e+01
1.075281047821044922e+01
1.095476436614990234e+01
1.115636634826660156e+01
1.135835647583007812e+01
1.156296062469482422e+01
1.176720428466796875e+01
1.197256946563720703e+01
1.217905426025390625e+01
1.238516998291015625e+01
1.259239864349365234e+01
1.279925251007080078e+01
1.300795745849609375e+01
1.321628093719482422e+01
1.342496490478515625e+01
1.363474655151367188e+01
1.384339714050292969e+01
1.405239963531494141e+01
1.426249408721923828e+01
1.446996116638183594e+01
1.467925834655761719e+01
1.488815402984619141e+01
1.509590148925781250e+01
1.530398559570312500e+01
1.551091766357421875e+01
1.571743869781494141e+01
1.592428779602050781e+01
1.612997817993164062e+01
1.633524894714355469e+01
1.653861236572265625e+01
1.674155616760253906e+01
1.694407272338867188e+01
1.714467620849609375e+01
1.734559249877929688e+01
1.754459381103515625e+01
1.774167442321777344e+01
1.793906402587890625e+01
1.813378524780273438e+01
1.832732582092285156e+01
1.851893806457519531e+01
1.871010780334472656e+01
1.889860343933105469e+01
1.908516693115234375e+01
1.927053833007812500e+01
1.945323181152343750e+01
1.963472747802734375e+01
1.981427192687988281e+01
1.999110984802246094e+01
2.016596984863281250e+01
2.033883857727050781e+01
2.050970458984375000e+01
2.067780876159667969e+01
2.084239959716796875e+01
2.100494575500488281e+01
2.116543769836425781e+01
2.132311630249023438e+01
2.147796821594238281e+01
2.163072586059570312e+01
2.177914810180664062e+01
2.192544746398925781e+01
2.206887054443359375e+01
2.220791816711425781e+01
2.234480476379394531e+01
2.247877502441406250e+01
2.260907554626464844e+01
2.273568916320800781e+01
2.285935020446777344e+01
2.297929954528808594e+01
2.309626960754394531e+01
2.320950126647949219e+01
2.331972694396972656e+01
2.342544937133789062e+01
2.352739524841308594e+01
2.362629699707031250e+01
2.372214126586914062e+01
2.381119918823242188e+01
2.389866065979003906e+01
2.398153877258300781e+01
2.405982208251953125e+01
2.413572692871093750e+01
2.420701026916503906e+01
2.427366065979003906e+01
2.433640670776367188e+01
2.439300727844238281e+01
2.444865036010742188e+01
2.449886512756347656e+01
2.454660987854003906e+01
2.458890151977539062e+01
2.462721252441406250e+01
2.466078567504882812e+01
2.469035339355468750e+01
2.471590042114257812e+01
2.473666954040527344e+01
2.475339508056640625e+01
2.476606369018554688e+01
2.477391433715820312e+01
2.477693939208984375e+01
2.477661323547363281e+01
2.477143478393554688e+01
2.476139259338378906e+01
2.474796485900878906e+01
2.472964668273925781e+01
2.470717239379882812e+01
2.468127441406250000e+01
2.464970970153808594e+01
2.461469268798828125e+01
2.457547187805175781e+01
2.453203582763671875e+01
2.448436737060546875e+01
2.443320083618164062e+01
2.437703704833984375e+01
2.431734848022460938e+01
2.425189399719238281e+01
2.418363380432128906e+01
2.411181259155273438e+01
2.403567314147949219e+01
2.395520591735839844e+01
2.387039566040039062e+01
2.378196907043457031e+01
2.368917846679687500e+01
2.359349250793457031e+01
2.349341011047363281e+01
2.338966560363769531e+01
2.328224372863769531e+01
2.317187309265136719e+01
2.305706024169921875e+01
2.293852615356445312e+01
2.281775093078613281e+01
2.269248771667480469e+01
2.256495475769042969e+01
2.243365287780761719e+01
2.229856681823730469e+01
2.216042709350585938e+01
2.201996040344238281e+01
2.187566947937011719e+01
2.172828483581542969e+01
2.157778930664062500e+01
2.142491340637207031e+01
2.126964378356933594e+01
2.110973739624023438e+01
2.094889259338378906e+01
2.078561210632324219e+01
2.061839485168457031e+01
2.044945526123046875e+01
2.027877807617187500e+01
2.010486793518066406e+01
1.992921066284179688e+01
1.975181388854980469e+01
1.957194328308105469e+01
1.939034271240234375e+01
1.920627593994140625e+01
1.902123641967773438e+01
1.883448600769042969e+01
1.864677429199218750e+01
1.845661926269531250e+01
1.826551055908203125e+01
1.807271385192871094e+01
1.787972068786621094e+01
1.768578910827636719e+01
1.749092674255371094e+01
1.729439735412597656e+01
1.709768867492675781e+01
1.690080642700195312e+01
1.670227241516113281e+01
1.650431823730468750e+01
1.630694961547851562e+01
1.610868263244628906e+01
1.591026496887207031e+01
1.571245002746582031e+01
1.551374912261962891e+01
1.531640052795410156e+01
1.511892032623291016e+01
1.492131423950195312e+01
1.472507286071777344e+01
1.452945423126220703e+01
1.433446693420410156e+01
1.414085483551025391e+01
1.394787979125976562e+01
1.375629234313964844e+01
1.356534767150878906e+01
1.337654018402099609e+01
1.318912792205810547e+01
1.300237369537353516e+01
1.281776714324951172e+01
1.263531017303466797e+01
1.245426559448242188e+01
1.227537918090820312e+01
1.209716892242431641e+01
1.192261123657226562e+01
1.174947834014892578e+01
1.157926082611083984e+01
1.141121959686279297e+01
1.124461364746093750e+01
1.108167743682861328e+01
1.092018508911132812e+01
1.076237010955810547e+01
1.060751152038574219e+01
1.045489215850830078e+01
1.030527687072753906e+01
1.015943527221679688e+01
1.001679515838623047e+01
9.877084732055664062e+00
9.741368293762207031e+00
9.608702659606933594e+00
9.479783058166503906e+00
9.354334831237792969e+00
9.232828140258789062e+00
9.115064620971679688e+00
9.001363754272460938e+00
8.891677856445312500e+00
8.786103248596191406e+00
8.684814453125000000e+00
8.587685585021972656e+00
8.494963645935058594e+00
8.406598091125488281e+00
8.322688102722167969e+00
8.243479728698730469e+00
8.168848991394042969e+00
8.098820686340332031e+00
8.033566474914550781e+00
7.973109722137451172e+00
7.917476654052734375e+00
7.866689682006835938e+00
7.821071147918701172e+00
7.780421257019042969e+00
7.744691848754882812e+00
7.714202404022216797e+00
7.688829421997070312e+00
7.668671607971191406e+00
7.653828144073486328e+00
7.644173622131347656e+00
7.639807701110839844e+00
7.640902996063232422e+00
7.647188186645507812e+00
7.659132003784179688e+00
7.676314353942871094e+00
7.698983192443847656e+00
7.727235794067382812e+00
7.760951519012451172e+00
7.800152778625488281e+00
7.844642162322998047e+00
7.894668102264404297e+00
7.950255870819091797e+00
8.011430740356445312e+00
8.078216552734375000e+00
8.150640487670898438e+00
8.228721618652343750e+00
8.310997009277343750e+00
8.400457382202148438e+00
8.494896888732910156e+00
8.595077514648437500e+00
8.700279235839843750e+00
8.812007904052734375e+00
8.928057670593261719e+00
9.049190521240234375e+00
9.176173210144042969e+00
9.309025764465332031e+00
9.446284294128417969e+00
9.590200424194335938e+00
9.737823486328125000e+00
9.891403198242187500e+00
1.004947853088378906e+01
1.021355438232421875e+01
1.038291263580322266e+01
1.055683040618896484e+01
1.073607540130615234e+01
1.091992473602294922e+01
1.110840225219726562e+01
1.130227470397949219e+01
1.150007724761962891e+01
1.170331954956054688e+01
1.191128063201904297e+01
1.212324237823486328e+01
1.234071350097656250e+01
1.256223011016845703e+01
1.278781700134277344e+01
1.301823997497558594e+01
1.325277996063232422e+01
1.349146080017089844e+01
1.373430633544921875e+01
1.398059749603271484e+01
1.423184394836425781e+01
1.448658466339111328e+01
1.474558639526367188e+01
1.500738811492919922e+01
1.527424430847167969e+01
1.554320526123046875e+01
1.581726837158203125e+01
1.609423065185546875e+01
1.637337493896484375e+01
1.665769577026367188e+01
1.694276237487792969e+01
1.723231506347656250e+01
1.752489280700683594e+01
1.782052230834960938e+01
1.811922073364257812e+01
1.841950225830078125e+01
1.872358512878417969e+01
1.902923583984375000e+01
1.933718299865722656e+01
1.964742279052734375e+01
1.995994567871093750e+01
2.027474403381347656e+01
2.059032249450683594e+01
2.090741920471191406e+01
2.122676658630371094e+01
2.154835891723632812e+01
2.186847496032714844e+01
2.219156265258789062e+01
2.251464462280273438e+01
2.283994102478027344e+01
2.316596221923828125e+01
2.349269866943359375e+01
2.382089042663574219e+01
2.414755439758300781e+01
2.447565841674804688e+01
2.480371093750000000e+01
2.513096046447753906e+01
2.545814704895019531e+01
2.578526115417480469e+01
2.611229896545410156e+01
2.643851280212402344e+01
2.676389312744140625e+01
2.708843803405761719e+01
2.741214179992675781e+01
2.773499488830566406e+01
2.805625534057617188e+01
2.837739562988281250e+01
2.869544792175292969e+01
2.901337242126464844e+01
2.933042144775390625e+01
2.964361763000488281e+01
2.995667648315429688e+01
3.026661682128906250e+01
3.057565879821777344e+01
3.088232040405273438e+01
3.118584632873535156e+01
3.148846435546875000e+01
3.178645324707031250e+01
3.208278274536132812e+01
3.237669754028320312e+01
3.266746139526367188e+01
3.295580291748046875e+01
3.324023437500000000e+01
3.352149581909179688e+01
3.380106353759765625e+01
3.407667541503906250e+01
3.434756851196289062e+01
3.461592483520507812e+01
3.488097763061523438e+01
3.514195632934570312e+01
3.539881896972656250e+01
3.565228271484375000e+01
3.590156936645507812e+01
3.614590072631835938e+01
3.638599395751953125e+01
3.662256240844726562e+01
3.685482025146484375e+01
3.708125686645507812e+01
3.730332565307617188e+01
3.752099227905273438e+01
3.773347854614257812e+01
3.794149780273437500e+01
3.814427947998046875e+01
3.834178161621093750e+01
3.853546524047851562e+01
3.872232437133789062e+01
3.890529251098632812e+01
3.908211517333984375e+01
3.925349807739257812e+01
3.941941452026367188e+01
3.957982254028320312e+01
3.973395538330078125e+01
3.988326263427734375e+01
4.002696228027343750e+01
4.016429138183593750e+01
4.029520416259765625e+01
4.042190170288085938e+01
4.054063796997070312e+01
4.065434646606445312e+01
4.076151275634765625e+01
4.086359024047851562e+01
4.095830917358398438e+01
4.104712677001953125e+01
4.113075637817382812e+01
4.120618438720703125e+01
4.127709579467773438e+01
4.134123229980468750e+01
4.139855194091796875e+01
4.145125198364257812e+01
4.149633407592773438e+01
4.153523635864257812e+01
4.156719207763671875e+01
4.159365081787109375e+01
4.161308670043945312e+01
4.162621688842773438e+01
4.163374328613281250e+01
4.163416290283203125e+01
4.162892150878906250e+01
4.161651229858398438e+01
4.159838867187500000e+01
4.157377243041992188e+01
4.154337692260742188e+01
4.150643539428710938e+01
4.146291732788085938e+01
4.141352462768554688e+01
4.135823822021484375e+01
4.129627990722656250e+01
4.122910308837890625e+01
4.115518569946289062e+01
4.107524871826171875e+01
4.099000167846679688e+01
4.089866256713867188e+01
4.079971694946289062e+01
4.069610977172851562e+01
4.058780670166015625e+01
4.047253799438476562e+01
4.035250473022460938e+01
4.022618865966796875e+01
4.009504699707031250e+01
3.995977783203125000e+01
3.981738662719726562e+01
3.966857528686523438e+01
3.951554489135742188e+01
3.935750961303710938e+01
3.919295883178710938e+01
3.902556228637695312e+01
3.885158157348632812e+01
3.867319869995117188e+01
3.848889923095703125e+01
3.830013275146484375e+01
3.810760498046875000e+01
3.791054153442382812e+01
3.770815658569335938e+01
3.750116348266601562e+01
3.728877639770507812e+01
3.707467651367187500e+01
3.685659790039062500e+01
3.663301849365234375e+01
3.640538787841796875e+01
3.617440795898437500e+01
3.593855667114257812e+01
3.570002365112304688e+01
3.545580673217773438e+01
3.520957565307617188e+01
3.495906829833984375e+01
3.470652008056640625e+01
3.444896316528320312e+01
3.418936920166015625e+01
3.392626571655273438e+01
3.366039276123046875e+01
3.339250946044921875e+01
3.312112808227539062e+01
3.284699630737304688e+01
3.257086181640625000e+01
3.229273605346679688e+01
3.201261520385742188e+01
3.173125076293945312e+01
3.144716453552246094e+01
3.116110038757324219e+01
3.087454795837402344e+01
3.058677101135253906e+01
3.029702949523925781e+01
3.000532341003417969e+01
2.971389198303222656e+01
2.942124938964843750e+01
2.912814712524414062e+01
2.883458137512207031e+01
2.854055976867675781e+01
2.824608230590820312e+01
2.795190048217773438e+01
2.765727233886718750e+01
2.736294364929199219e+01
2.706891441345214844e+01
2.677370262145996094e+01
2.648103141784667969e+01
2.618792533874511719e+01
2.589587402343750000e+01
2.560488128662109375e+01
2.531420516967773438e+01
2.502459144592285156e+01
2.473678588867187500e+01
2.444930267333984375e+01
2.416214561462402344e+01
2.387902832031250000e+01
2.359624099731445312e+01
2.331601333618164062e+01
2.303834533691406250e+01
2.276249504089355469e+01
2.248772430419921875e+01
2.221626091003417969e+01
2.194587516784667969e+01
2.167879867553710938e+01
2.141429138183593750e+01
2.115160942077636719e+01
2.089224624633789062e+01
2.063549423217773438e+01
2.038064765930175781e+01
2.012998199462890625e+01
1.988204765319824219e+01
1.963688659667968750e+01
1.939602661132812500e+01
1.915876388549804688e+01
1.892514038085937500e+01
1.869519615173339844e+01
1.846897315979003906e+01
1.824799728393554688e+01
1.802933502197265625e+01
1.781600379943847656e+01
1.760655403137207031e+01
1.740177154541015625e+01
1.720095634460449219e+01
1.700563240051269531e+01
1.681435775756835938e+01
1.662791252136230469e+01
1.644559860229492188e+01
1.626968383789062500e+01
1.609798431396484375e+01
1.593202495574951172e+01
1.577036190032958984e+01
1.561526679992675781e+01
1.546455097198486328e+01
1.531974411010742188e+01
1.518088817596435547e+01
1.504728412628173828e+01
1.491897106170654297e+01
1.479599475860595703e+01
1.467914199829101562e+01
1.456770992279052734e+01
1.446323108673095703e+01
1.436351776123046875e+01
1.427010059356689453e+01
1.418302249908447266e+01
1.410158824920654297e+01
1.402732372283935547e+01
1.395804595947265625e+01
1.389454555511474609e+01
1.383760643005371094e+01
1.378727531433105469e+01
1.374211215972900391e+01
1.370513439178466797e+01
1.367267227172851562e+01
1.364700126647949219e+01
1.362742614746093750e+01
1.361473369598388672e+01
1.360822582244873047e+01
1.360868358612060547e+01
1.361465358734130859e+01
1.362765502929687500e+01
1.364698410034179688e+01
1.367118453979492188e+01
1.370252227783203125e+01
1.374177742004394531e+01
1.378452301025390625e+01
1.383451366424560547e+01
1.389104080200195312e+01
1.395339584350585938e+01
1.402236080169677734e+01
1.409648323059082031e+01
1.417728805541992188e+01
1.426406764984130859e+01
1.435760307312011719e+01
1.445644378662109375e+01
1.456137275695800781e+01
1.467168140411376953e+01
1.478815269470214844e+01
1.491082191467285156e+01
1.503898811340332031e+01
1.517343139648437500e+01
1.531195831298828125e+01
1.545758342742919922e+01
1.560811424255371094e+01
1.576359081268310547e+01
1.592554092407226562e+01
1.609251403808593750e+01
1.626380920410156250e+01
1.644095230102539062e+01
1.662398529052734375e+01
1.681071662902832031e+01
1.700341796875000000e+01
1.720138931274414062e+01
1.740318298339843750e+01
1.761107254028320312e+01
1.782212257385253906e+01
1.803935241699218750e+01
1.826057434082031250e+01
1.848583030700683594e+01
1.871665000915527344e+01
1.895084762573242188e+01
1.918920898437500000e+01
1.943252182006835938e+01
1.968008613586425781e+01
1.993120384216308594e+01
2.018666267395019531e+01
2.044576454162597656e+01
2.070854759216308594e+01
2.097501564025878906e+01
2.124516487121582031e+01
2.151824951171875000e+01
2.179575538635253906e+01
2.207544708251953125e+01
2.235806655883789062e+01
2.264361381530761719e+01
2.293208503723144531e+01
2.322422409057617188e+01
2.351705741882324219e+01
2.381355285644531250e+01
2.411148452758789062e+01
2.441159248352050781e+01
2.471387672424316406e+01
2.501759910583496094e+01
2.532423782348632812e+01
2.563156890869140625e+01
2.594033813476562500e+01
2.625053977966308594e+01
2.656217765808105469e+01
2.687451171875000000e+01
2.718754386901855469e+01
2.750201034545898438e+01
2.781643486022949219e+01
2.813230514526367188e+01
2.844813156127929688e+01
2.876466178894042969e+01
2.908115196228027344e+01
2.939686393737792969e+01
2.971402740478515625e+01
3.002967262268066406e+01
3.034528541564941406e+01
3.066161537170410156e+01
3.097643089294433594e+01
3.129047966003417969e+01
3.160450553894042969e+01
3.191776657104492188e+01
3.222878265380859375e+01
3.253977966308593750e+01
3.284927749633789062e+01
3.315727615356445312e+01
3.346377563476562500e+01
3.376877975463867188e+01
3.407155227661132812e+01
3.437357330322265625e+01
3.467336654663085938e+01
3.497240829467773438e+01
3.526773834228515625e+01
3.556158447265625000e+01
3.585393905639648438e+01
3.614403152465820312e+01
3.643034744262695312e+01
3.671506881713867188e+01
3.699668121337890625e+01
3.727588653564453125e+01
3.755116653442382812e+01
3.782322692871093750e+01
3.809352111816406250e+01
3.835978317260742188e+01
3.862271499633789062e+01
3.888228607177734375e+01
3.913845825195312500e+01
3.939045333862304688e+01
3.963897705078125000e+01
3.988399505615234375e+01
4.012546539306640625e+01
4.036112976074218750e+01
4.059318542480468750e+01
4.082158279418945312e+01
4.104554748535156250e+01
4.126430511474609375e+01
4.147855377197265625e+01
4.168900680541992188e+01
4.189488220214843750e+01
4.209465789794921875e+01
4.229052734375000000e+01
4.248170471191406250e+01
4.266815948486328125e+01
4.284910964965820312e+01
4.302377700805664062e+01
4.319509506225585938e+01
4.336079406738281250e+01
4.351935577392578125e+01
4.367444992065429688e+01
4.382382202148437500e+01
4.396742630004882812e+01
4.410670852661132812e+01
4.423940658569335938e+01
4.436994552612304688e+01
4.449158477783203125e+01
4.460801315307617188e+01
4.471844482421875000e+01
4.482432937622070312e+01
4.492413330078125000e+01
4.501634216308593750e+01
4.510536575317382812e+01
4.518745803833007812e+01
4.526405334472656250e+01
4.533512115478515625e+01
4.539987182617187500e+01
4.545826339721679688e+01
4.551173782348632812e+01
4.555875778198242188e+01
4.560002517700195312e+01
4.563474655151367188e+01
4.566361618041992188e+01
4.568659973144531250e+01
4.570363235473632812e+01
4.571542739868164062e+01
4.572192382812500000e+01
4.572159194946289062e+01
4.571660995483398438e+01
4.570470428466796875e+01
4.568805313110351562e+01
4.566437911987304688e+01
4.563585662841796875e+01
4.560021209716796875e+01
4.556036376953125000e+01
4.551255035400390625e+01
4.545969009399414062e+01
4.540173339843750000e+01
4.533714294433593750e+01
4.526660537719726562e+01
4.519156265258789062e+01
4.510972595214843750e+01
4.502402114868164062e+01
4.493216323852539062e+01
4.483409881591796875e+01
4.473126602172851562e+01
4.462286376953125000e+01
4.450735092163085938e+01
4.438764953613281250e+01
4.426370620727539062e+01
4.413323211669921875e+01
4.399692153930664062e+01
4.385620498657226562e+01
4.371101760864257812e+01
4.355983352661132812e+01
4.340333175659179688e+01
4.324294662475585938e+01
4.307638931274414062e+01
4.290509414672851562e+01
4.272825622558593750e+01
4.254879379272460938e+01
4.236293792724609375e+01
4.217211151123046875e+01
4.197700881958007812e+01
4.177756881713867188e+01
4.157298660278320312e+01
4.136395645141601562e+01
4.115047836303710938e+01
4.093254470825195312e+01
4.071089935302734375e+01
4.048554229736328125e+01
4.025573348999023438e+01
4.002220535278320312e+01
3.978570556640625000e+01
3.954474639892578125e+01
3.930006790161132812e+01
3.905315399169921875e+01
3.880251693725585938e+01
3.854889678955078125e+01
3.829228591918945312e+01
3.803194046020507812e+01
3.776934432983398438e+01
3.750448989868164062e+01
3.723662948608398438e+01
3.696725082397460938e+01
3.669410705566406250e+01
3.642017745971679688e+01
3.614321899414062500e+01
3.586471176147460938e+01
3.558465194702148438e+01
3.530154418945312500e+01
3.501760864257812500e+01
3.473210144042968750e+01
3.444575500488281250e+01
3.415706634521484375e+01
3.386677932739257812e+01
3.357711410522460938e+01
3.328582763671875000e+01
3.299291229248046875e+01
3.269984817504882812e+01
3.240587615966796875e+01
3.211173629760742188e+01
3.181741142272949219e+01
3.152066612243652344e+01
3.122520256042480469e+01
3.092953109741210938e+01
3.063288879394531250e+01
3.033601188659667969e+01
3.004037475585937500e+01
2.974374198913574219e+01
2.944906806945800781e+01
2.915262985229492188e+01
2.885738945007324219e+01
2.856333541870117188e+01
2.826971244812011719e+01
2.797725296020507812e+01
2.768446922302246094e+01
2.739287376403808594e+01
2.710249900817871094e+01
2.681412315368652344e+01
2.652629089355468750e+01
2.623903846740722656e+01
2.595388603210449219e+01
2.566938018798828125e+01
2.538481521606445312e+01
2.510468292236328125e+01
2.482604789733886719e+01
2.454894065856933594e+01
2.427488899230957031e+01
2.400169563293457031e+01
2.373162651062011719e+01
2.346397590637207031e+01
2.319877815246582031e+01
2.293681526184082031e+01
2.267663764953613281e+01
2.241976737976074219e+01
2.216550064086914062e+01
2.191387367248535156e+01
2.166641044616699219e+01
2.142092132568359375e+01
2.117892837524414062e+01
2.094047546386718750e+01
2.070484924316406250e+01
2.047358322143554688e+01
2.024596786499023438e+01
2.002129936218261719e+01
1.980036544799804688e+01
1.958319854736328125e+01
1.937058448791503906e+01
1.916107749938964844e+01
1.895545959472656250e+01
1.875451087951660156e+01
1.855678939819335938e+01
1.836455917358398438e+01
1.817489242553710938e+01
1.799079895019531250e+01
1.780934715270996094e+01
1.763354682922363281e+01
1.746121215820312500e+01
1.729312324523925781e+01
1.713080787658691406e+01
1.697207832336425781e+01
1.681845664978027344e+01
1.666850090026855469e+01
1.652373313903808594e+01
1.638345527648925781e+01
1.624770355224609375e+01
1.611652183532714844e+01
1.599068832397460938e+01
1.586950302124023438e+01
1.575300407409667969e+01
1.564049243927001953e+01
1.553274917602539062e+01
1.543055629730224609e+01
1.533247089385986328e+01
1.524002075195312500e+01
1.515176010131835938e+01
1.506847190856933594e+01
1.499019813537597656e+01
1.491698265075683594e+01
1.484812450408935547e+01
1.478440761566162109e+01
1.472513198852539062e+01
1.467108726501464844e+01
1.462156963348388672e+01
1.457662773132324219e+01
1.453704547882080078e+01
1.450212764739990234e+01
1.447191905975341797e+01
1.444572162628173828e+01
1.442432594299316406e+01
1.440778064727783203e+01
1.439687347412109375e+01
1.438942432403564453e+01
1.438845539093017578e+01
1.439178752899169922e+01
1.439872455596923828e+01
1.441080665588378906e+01
1.442733764648437500e+01
1.444763088226318359e+01
1.447396373748779297e+01
1.450416278839111328e+01
1.453902339935302734e+01
1.457785511016845703e+01
1.462145709991455078e+01
1.466914081573486328e+01
1.472170352935791016e+01
1.477845859527587891e+01
1.483946323394775391e+01
1.490477371215820312e+01
1.497444725036621094e+01
1.504928493499755859e+01
1.512711524963378906e+01
1.520948219299316406e+01
1.529570102691650391e+01
1.538657569885253906e+01
1.548067092895507812e+01
1.558023452758789062e+01
1.568305206298828125e+01
1.578988075256347656e+01
1.589924335479736328e+01
1.601338768005371094e+01
1.613084030151367188e+01
1.625235366821289062e+01
1.637646102905273438e+01
1.650391769409179688e+01
1.663547706604003906e+01
1.676967048645019531e+01
1.690650939941406250e+01
1.704749679565429688e+01
1.719041442871093750e+01
1.733676338195800781e+01
1.748581314086914062e+01
1.763831901550292969e+01
1.779207038879394531e+01
1.794856071472167969e+01
1.810706329345703125e+01
1.826907920837402344e+01
1.843313217163085938e+01
1.859775352478027344e+01
1.876592254638671875e+01
1.893542671203613281e+01
1.910702323913574219e+01
1.928072357177734375e+01
1.945579910278320312e+01
1.963226127624511719e+01
1.981086730957031250e+01
1.999014472961425781e+01
2.017233657836914062e+01
2.035448265075683594e+01
2.053882980346679688e+01
2.072315788269042969e+01
2.090896987915039062e+01
2.109628105163574219e+01
2.128361701965332031e+01
2.147248268127441406e+01
2.166140556335449219e+01
2.185262870788574219e+01
2.204245567321777344e+01
2.223461532592773438e+01
2.242689895629882812e+01
2.261857795715332031e+01
2.281115531921386719e+01
2.300390815734863281e+01
2.319834136962890625e+01
2.339149856567382812e+01
2.358413505554199219e+01
2.377845954895019531e+01
2.397147750854492188e+01
2.416389846801757812e+01
2.435718536376953125e+01
2.454907989501953125e+01
2.474104690551757812e+01
2.493157005310058594e+01
2.512211227416992188e+01
2.531116485595703125e+01
2.550018310546875000e+01
2.568840599060058594e+01
2.587506294250488281e+01
2.606087112426757812e+01
2.624506759643554688e+01
2.642836761474609375e+01
2.660926246643066406e+01
2.679070091247558594e+01
2.696820068359375000e+01
2.714471054077148438e+01
2.732020759582519531e+01
2.749391746520996094e+01
2.766508102416992188e+01
2.783366394042968750e+01
2.800114059448242188e+01
2.816672897338867188e+01
2.833040809631347656e+01
2.849141311645507812e+01
2.864971351623535156e+01
2.880676651000976562e+01
2.896105766296386719e+01
2.911256408691406250e+01
2.926199531555175781e+01
2.940858078002929688e+01
2.955303382873535156e+01
2.969383430480957031e+01
2.983244132995605469e+01
2.996807861328125000e+01
3.010145378112792969e+01
3.023105049133300781e+01
3.035832214355468750e+01
3.048100090026855469e+01
3.060277175903320312e+01
3.072062683105468750e+01
3.083526992797851562e+01
3.094740676879882812e+01
3.105625724792480469e+01
3.116178894042968750e+01
3.126395988464355469e+01
3.136198806762695312e+01
3.145806503295898438e+01
3.154991531372070312e+01
3.163824081420898438e+01
3.172373962402343750e+01
3.180488204956054688e+01
3.188385009765625000e+01
3.195837402343750000e+01
3.202914810180664062e+01
3.209538650512695312e+01
3.215927505493164062e+01
3.221928024291992188e+01
3.227610015869140625e+01
3.232820129394531250e+01
3.237702941894531250e+01
3.242254257202148438e+01
3.246320343017578125e+01
3.250194549560546875e+01
3.253500366210937500e+01
3.256456756591796875e+01
3.259059143066406250e+01
3.261377716064453125e+01
3.263110733032226562e+01
3.264551162719726562e+01
3.265620422363281250e+01
3.266314315795898438e+01
3.266629028320312500e+01
3.266633605957031250e+01
3.266250228881835938e+01
3.265400314331054688e+01
3.264154052734375000e+01
3.262581253051757812e+01
3.260603713989257812e+01
3.258216857910156250e+01
3.255566024780273438e+01
3.252423095703125000e+01
3.249007034301757812e+01
3.245091247558593750e+01
3.240893554687500000e+01
3.236261749267578125e+01
3.231339645385742188e+01
3.226123046875000000e+01
3.220458602905273438e+01
3.214416503906250000e+01
3.207992172241210938e+01
3.201329421997070312e+01
3.194201087951660156e+01
3.186750602722167969e+01
3.178973197937011719e+01
3.170715141296386719e+01
3.162269401550292969e+01
3.153407859802246094e+01
3.144203376770019531e+01
3.134803390502929688e+01
3.124983406066894531e+01
3.114816093444824219e+01
3.104448890686035156e+01
3.093656921386718750e+01
3.082587432861328125e+01
3.071237945556640625e+01
3.059755706787109375e+01
3.047767257690429688e+01
3.035566902160644531e+01
3.023078918457031250e+01
3.010375213623046875e+01
2.997378921508789062e+01
2.984087753295898438e+01
2.970499229431152344e+01
2.956833457946777344e+01
2.942790794372558594e+01
2.928591728210449219e+01
2.914159202575683594e+01
2.899490356445312500e+01
2.884656715393066406e+01
2.869581031799316406e+01
2.854261016845703125e+01
2.838768005371093750e+01
2.823173141479492188e+01
2.807176589965820312e+01
2.791221809387207031e+01
2.774859809875488281e+01
2.758459281921386719e+01
2.741869354248046875e+01
2.725086975097656250e+01
2.708184051513671875e+01
2.691083335876464844e+01
2.673857116699218750e+01
2.656502723693847656e+01
2.638943290710449219e+01
2.621250724792480469e+01
2.603497505187988281e+01
2.585606575012207031e+01
2.567576026916503906e+01
2.549478149414062500e+01
2.531236076354980469e+01
2.512848663330078125e+01
2.494462013244628906e+01
2.475925827026367188e+01
2.457238197326660156e+01
2.438620567321777344e+01
2.419848060607910156e+01
2.400919914245605469e+01
2.382061004638671875e+01
2.363125610351562500e+01
2.344190979003906250e+01
2.325111198425292969e+01
2.306112098693847656e+01
2.287048339843750000e+01
2.267922401428222656e+01
2.248885917663574219e+01
2.229793167114257812e+01
2.210721206665039062e+01
2.191747474670410156e+01
2.172800064086914062e+01
2.153882026672363281e+01
2.134995841979980469e+01
2.116218757629394531e+01
2.097404289245605469e+01
2.078703880310058594e+01
2.060120010375976562e+01
2.041654968261718750e+01
2.023236656188964844e+01
2.004941749572753906e+01
1.986771965026855469e+01
1.968729782104492188e+01
1.950817108154296875e+01
1.933035659790039062e+01
1.915387535095214844e+01
1.897799491882324219e+01
1.880496597290039062e+01
1.863257217407226562e+01
1.846157264709472656e+01
1.829272460937500000e+01
1.812529754638671875e+01
1.796004867553710938e+01
1.779549980163574219e+01
1.763315200805664062e+01
1.747301864624023438e+01
1.731362152099609375e+01
1.715720176696777344e+01
1.700228309631347656e+01
1.684887695312500000e+01
1.669774055480957031e+01
1.654962158203125000e+01
1.640230751037597656e+01
1.625803756713867188e+01
1.611459350585937500e+01
1.597421836853027344e+01
1.583618450164794922e+01
1.569901561737060547e+01
1.556495952606201172e+01
1.543329048156738281e+01
1.530328941345214844e+01
1.517572593688964844e+01
1.505063056945800781e+01
1.492728710174560547e+01
1.480721473693847656e+01
1.468821716308593750e+01
1.457255744934082031e+01
1.445878219604492188e+01
1.434841442108154297e+01
1.423852157592773438e+01
1.413211345672607422e+01
1.402848720550537109e+01
1.392694187164306641e+01
1.382826519012451172e+01
1.373250007629394531e+01
1.363894748687744141e+01
1.354840183258056641e+01
1.346016311645507812e+01
1.337428188323974609e+01
1.329229640960693359e+01
1.321276760101318359e+01
1.313574790954589844e+01
1.306129074096679688e+01
1.298944759368896484e+01
1.292101573944091797e+01
1.285530376434326172e+01
1.279236698150634766e+01
1.273299980163574219e+01
1.267651653289794922e+01
1.262222480773925781e+01
1.257166481018066406e+01
1.252414798736572266e+01
1.247898292541503906e+01
1.243696498870849609e+01
1.239888858795166016e+01
1.236257648468017578e+01
1.233030700683593750e+01
1.230138778686523438e+01
1.227437973022460938e+01
1.225081729888916016e+01
1.223074722290039062e+01
1.221272850036621094e+01
1.219829177856445312e+01
1.218748092651367188e+01
1.217959594726562500e+01
1.217393493652343750e+01
1.217202472686767578e+01
1.217241668701171875e+01
1.217663860321044922e+01
1.218323516845703125e+01
1.219296073913574219e+01
1.220582199096679688e+01
1.222107887268066406e+01
1.223947906494140625e+01
1.226028347015380859e+01
1.228423881530761719e+01
1.231060504913330078e+01
1.233864116668701172e+01
1.237058162689208984e+01
1.240419960021972656e+01
1.244024085998535156e+01
1.247871017456054688e+01
1.252035522460937500e+01
1.256369590759277344e+01
1.260873794555664062e+01
1.265623092651367188e+01
1.270618343353271484e+01
1.275712013244628906e+01
1.281053447723388672e+01
1.286644268035888672e+01
1.292336940765380859e+01
1.298207378387451172e+01
1.304331398010253906e+01
1.310636806488037109e+01
1.317051219940185547e+01
1.323576736450195312e+01
1.330364418029785156e+01
1.337268257141113281e+01
1.344290828704833984e+01
1.351509571075439453e+01
1.358927631378173828e+01
1.366399288177490234e+01
1.374077033996582031e+01
1.381890010833740234e+01
1.389767456054687500e+01
1.397862148284912109e+01
1.406103801727294922e+01
1.414347839355468750e+01
1.422747039794921875e+01
1.431380462646484375e+01
1.440103530883789062e+01
1.448846626281738281e+01
1.457837104797363281e+01
1.466856670379638672e+01
1.475984382629394531e+01
1.485299015045166016e+01
1.494730854034423828e+01
1.504210376739501953e+01
1.513815975189208984e+01
1.523551654815673828e+01
1.533344268798828125e+01
1.543342590332031250e+01
1.553472423553466797e+01
1.563585376739501953e+01
1.573755264282226562e+01
1.584056758880615234e+01
1.594489002227783203e+01
1.604828643798828125e+01
1.615372467041015625e+01
1.625896072387695312e+01
1.636547470092773438e+01
1.647176742553710938e+01
1.657930755615234375e+01
1.668585205078125000e+01
1.679361152648925781e+01
1.689959144592285156e+01
1.700823020935058594e+01
1.711578941345214844e+01
1.722447204589843750e+01
1.733425140380859375e+01
1.744138336181640625e+01
1.754955482482910156e+01
1.765650749206542969e+01
1.776443481445312500e+01
1.786959457397460938e+01
1.797566223144531250e+01
1.808112335205078125e+01
1.818519973754882812e+01
1.829008293151855469e+01
1.839351463317871094e+01
1.849619865417480469e+01
1.859661865234375000e+01
1.869771385192871094e+01
1.879796409606933594e+01
1.889585304260253906e+01
1.899357795715332031e+01
1.908962631225585938e+01
1.918470954895019531e+01
1.927806282043457031e+01
1.937040138244628906e+01
1.946170425415039062e+01
1.955120658874511719e+01
1.963963508605957031e+01
1.972697067260742188e+01
1.981171035766601562e+01
1.989533233642578125e+01
1.997707748413085938e+01
2.005768585205078125e+01
2.013714981079101562e+01
2.021471595764160156e+01
2.028963470458984375e+01
2.036337280273437500e+01
2.043517875671386719e+01
2.050578498840332031e+01
2.057444000244140625e+01
2.064187812805175781e+01
2.070809745788574219e+01
2.077085876464843750e+01
2.083239173889160156e+01
2.089269256591796875e+01
2.095026969909667969e+01
2.100661087036132812e+01
2.106171035766601562e+01
2.111482429504394531e+01
2.116594696044921875e+01
2.121582031250000000e+01
2.126369285583496094e+01
2.130956459045410156e+01
2.135416412353515625e+01
2.139600181579589844e+01
2.143729400634765625e+01
2.147654342651367188e+01
2.151447677612304688e+01
2.154959106445312500e+01
2.158409500122070312e+01
2.161573791503906250e+01
2.164672660827636719e+01
2.167554283142089844e+01
2.170290184020996094e+01
2.172802734375000000e+01
2.175087928771972656e+01
2.177290725708007812e+01
2.179257965087890625e+01
2.181134033203125000e+01
2.182616806030273438e+01
2.184072494506835938e+01
2.185347366333007812e+01
2.186361122131347656e+01
2.187182617187500000e+01
2.187805366516113281e+01
2.188223266601562500e+01
2.188578414916992188e+01
2.188492584228515625e+01
2.188255882263183594e+01
2.187862014770507812e+01
2.187228965759277344e+01
2.186350440979003906e+01
2.185293006896972656e+01
2.183901023864746094e+01
2.182390785217285156e+01
2.180459785461425781e+01
2.178400611877441406e+01
2.176208686828613281e+01
2.173730659484863281e+01
2.170961952209472656e+01
2.167972946166992188e+01
2.164685249328613281e+01
2.161169242858886719e+01
2.157495880126953125e+01
2.153512954711914062e+01
2.149365997314453125e+01
2.144978141784667969e+01
2.140272521972656250e+01
2.135395240783691406e+01
2.130270385742187500e+01
2.124970436096191406e+01
2.119420051574707031e+01
2.113692283630371094e+01
2.107711982727050781e+01
2.101479148864746094e+01
2.095067214965820312e+01
2.088402557373046875e+01
2.081708145141601562e+01
2.074687385559082031e+01
2.067415237426757812e+01
2.060115242004394531e+01
2.052491760253906250e+01
2.044842720031738281e+01
2.036946678161621094e+01
2.028804969787597656e+01
2.020641899108886719e+01
2.012384223937988281e+01
2.003885078430175781e+01
1.995293998718261719e+01
1.986612510681152344e+01
1.977692604064941406e+01
1.968758392333984375e+01
1.959736061096191406e+01
1.950551986694335938e+01
1.941354751586914062e+01
1.931921577453613281e+01
1.922475051879882812e+01
1.913014411926269531e+01
1.903315544128417969e+01
1.893674850463867188e+01
1.883866882324218750e+01
1.874038696289062500e+01
1.864113426208496094e+01
1.854013442993164062e+01
1.844033622741699219e+01
1.833875465393066406e+01
1.823761367797851562e+01
1.813467216491699219e+01
1.803214263916015625e+01
1.792703628540039062e+01
1.782229804992675781e+01
1.771790885925292969e+01
1.761308860778808594e+01
1.750855636596679688e+01
1.740353012084960938e+01
1.729648590087890625e+01
1.718961715698242188e+01
1.708288383483886719e+01
1.697475433349609375e+01
1.686667442321777344e+01
1.675786209106445312e+01
1.664901161193847656e+01
1.653933906555175781e+01
1.642955017089843750e+01
1.631959724426269531e+01
1.620795822143554688e+01
1.609608078002929688e+01
1.598467636108398438e+01
1.587147998809814453e+01
1.575869274139404297e+01
1.564480113983154297e+01
1.553201198577880859e+01
1.541807937622070312e+01
1.530298614501953125e+01
1.518746757507324219e+01
1.507151508331298828e+01
1.495587253570556641e+01
1.483905696868896484e+01
1.472256183624267578e+01
1.460491466522216797e+01
1.448836326599121094e+01
1.437069797515869141e+01
1.425343418121337891e+01
1.413586139678955078e+01
1.401801490783691406e+01
1.390067481994628906e+01
1.378314399719238281e+01
1.366621398925781250e+01
1.354844760894775391e+01
1.343212699890136719e+01
1.331656551361083984e+01
1.320182228088378906e+01
1.308646965026855469e+01
1.297205448150634766e+01
1.285789871215820312e+01
1.274407577514648438e+01
1.263066291809082031e+01
1.251922416687011719e+01
1.240960884094238281e+01
1.230011081695556641e+01
1.219191265106201172e+01
1.208493614196777344e+01
1.197939682006835938e+01
1.187543201446533203e+01
1.177295017242431641e+01
1.167193317413330078e+01
1.157272815704345703e+01
1.147530746459960938e+01
1.137941360473632812e+01
1.128523063659667969e+01
1.119279098510742188e+01
1.110226535797119141e+01
1.101352596282958984e+01
1.092651081085205078e+01
1.084145069122314453e+01
1.075812625885009766e+01
1.067660903930664062e+01
1.059696197509765625e+01
1.051909923553466797e+01
1.044292831420898438e+01
1.036864948272705078e+01
1.029593753814697266e+01
1.022498512268066406e+01
1.015560913085937500e+01
1.008777141571044922e+01
1.002150821685791016e+01
9.956701278686523438e+00
9.893235206604003906e+00
9.831214904785156250e+00
9.770446777343750000e+00
9.711034774780273438e+00
9.652714729309082031e+00
9.595518112182617188e+00
9.539405822753906250e+00
9.484268188476562500e+00
9.430143356323242188e+00
9.376930236816406250e+00
9.324527740478515625e+00
9.273138999938964844e+00
9.222451210021972656e+00
9.172454833984375000e+00
9.123221397399902344e+00
9.074828147888183594e+00
9.027135848999023438e+00
8.980086326599121094e+00
8.933691024780273438e+00
8.888040542602539062e+00
8.843012809753417969e+00
8.798788070678710938e+00
8.755331039428710938e+00
8.712615013122558594e+00
8.670470237731933594e+00
8.629034042358398438e+00
8.588595390319824219e+00
8.549006462097167969e+00
8.510420799255371094e+00
8.472774505615234375e+00
8.436161041259765625e+00
8.400672912597656250e+00
8.366335868835449219e+00
8.333250999450683594e+00
8.301524162292480469e+00
8.271335601806640625e+00
8.242423057556152344e+00
8.215190887451171875e+00
8.189522743225097656e+00
8.165678024291992188e+00
8.143313407897949219e+00
8.122755050659179688e+00
8.104921340942382812e+00
8.088718414306640625e+00
8.074460029602050781e+00
8.061488151550292969e+00
8.052114486694335938e+00
8.044179916381835938e+00
8.038496017456054688e+00
8.035121917724609375e+00
8.033363342285156250e+00
8.034753799438476562e+00
8.039321899414062500e+00
8.044125556945800781e+00
8.052151679992675781e+00
8.062665939331054688e+00
8.074178695678710938e+00
8.088910102844238281e+00
8.105355262756347656e+00
8.123484611511230469e+00
8.144006729125976562e+00
8.166133880615234375e+00
8.190557479858398438e+00
8.216476440429687500e+00
8.243824958801269531e+00
8.272534370422363281e+00
8.302527427673339844e+00
8.334463119506835938e+00
8.368236541748046875e+00
8.401511192321777344e+00
8.435657501220703125e+00
8.469819068908691406e+00
8.505369186401367188e+00
8.542196273803710938e+00
8.577960968017578125e+00
8.614783287048339844e+00
8.650332450866699219e+00
8.686737060546875000e+00
8.722419738769531250e+00
8.758036613464355469e+00
8.794250488281250000e+00
8.828763008117675781e+00
8.862254142761230469e+00
8.895416259765625000e+00
8.927461624145507812e+00
8.958362579345703125e+00
8.988839149475097656e+00
9.018883705139160156e+00
9.047013282775878906e+00
9.074729919433593750e+00
9.100574493408203125e+00
9.126073837280273438e+00
9.150535583496093750e+00
9.174022674560546875e+00
9.195866584777832031e+00
9.216898918151855469e+00
9.237215042114257812e+00
9.256921768188476562e+00
9.276878356933593750e+00
9.294980049133300781e+00
9.314332962036132812e+00
9.332101821899414062e+00
9.350662231445312500e+00
9.368677139282226562e+00
9.386301040649414062e+00
9.404432296752929688e+00
9.423227310180664062e+00
9.442842483520507812e+00
9.462691307067871094e+00
9.483670234680175781e+00
9.505184173583984375e+00
9.528120040893554688e+00
9.552616119384765625e+00
9.577315330505371094e+00
9.603823661804199219e+00
9.632253646850585938e+00
9.661217689514160156e+00
0.000000000000000000e+00
0.000000000000000000e+00
0.000000000000000000e+00
0.000000000000000000e+00
0.000000000000000000e+00
0.000000000000000000e+00
0.000000000000000000e+00
0.000000000000000000e+00
0.000000000000000000e+00
0.000000000000000000e+00
0.000000000000000000e+00
0.000000000000000000e+00
0.000000000000000000e+00
0.000000000000000000e+00
0.000000000000000000e+00
0.000000000000000000e+00
0.000000000000000000e+00
0.000000000000000000e+00
0.000000000000000000e+00
0.000000000000000000e+00
0.000000000000000000e+00
0.000000000000000000e+00
0.000000000000000000e+00
0.000000000000000000e+00
0.000000000000000000e+00
0.000000000000000000e+00
0.000000000000000000e+00
0.000000000000000000e+00
0.000000000000000000e+00
0.000000000000000000e+00
0.000000000000000000e+00
0.000000000000000000e+00
0.000000000000000000e+00
0.000000000000000000e+00
0.000000000000000000e+00
0.000000000000000000e+00
0.000000000000000000e+00
0.000000000000000000e+00
0.000000000000000000e+00
0.000000000000000000e+00
0.000000000000000000e+00
0.000000000000000000e+00
0.000000000000000000e+00
0.000000000000000000e+00
0.000000000000000000e+00
0.000000000000000000e+00
0.000000000000000000e+00
0.000000000000000000e+00
0.000000000000000000e+00
0.000000000000000000e+00
0.000000000000000000e+00
0.000000000000000000e+00
0.000000000000000000e+00
0.000000000000000000e+00
0.000000000000000000e+00
0.000000000000000000e+00
0.000000000000000000e+00
0.000000000000000000e+00
0.000000000000000000e+00
0.000000000000000000e+00
0.000000000000000000e+00
0.000000000000000000e+00
0.000000000000000000e+00
0.000000000000000000e+00
0.000000000000000000e+00
0.000000000000000000e+00
0.000000000000000000e+00
0.000000000000000000e+00
0.000000000000000000e+00
0.000000000000000000e+00
0.000000000000000000e+00
0.000000000000000000e+00
0.000000000000000000e+00
0.000000000000000000e+00
0.000000000000000000e+00
0.000000000000000000e+00
0.000000000000000000e+00
0.000000000000000000e+00
0.000000000000000000e+00
0.000000000000000000e+00
0.000000000000000000e+00
0.000000000000000000e+00
0.000000000000000000e+00
0.000000000000000000e+00
0.000000000000000000e+00
0.000000000000000000e+00
0.000000000000000000e+00
0.000000000000000000e+00
0.000000000000000000e+00
0.000000000000000000e+00
0.000000000000000000e+00
0.000000000000000000e+00
0.000000000000000000e+00
0.000000000000000000e+00
0.000000000000000000e+00
0.000000000000000000e+00
0.000000000000000000e+00
0.000000000000000000e+00
0.000000000000000000e+00
0.000000000000000000e+00
