# pp
1.629650072831982688e-07
2.497795564241841288e-07
3.263089633029586038e-07
3.935557991516343485e-07
4.526401776043489176e-07
5.048064667569521285e-07
5.510575322599289012e-07
5.922616832547882000e-07
6.290109456706537207e-07
6.620283388342860138e-07
6.915903377706450469e-07
7.180823565577559543e-07
7.419178377465416509e-07
7.633616093152449514e-07
7.826426243958785975e-07
7.999949513082158793e-07
8.156284293235616863e-07
8.296508663315867561e-07
8.421615643557426949e-07
8.533278333362382047e-07
8.633131024398277297e-07
8.721972698226888311e-07
8.800456346169533748e-07
8.869486308691462689e-07
8.929982321151171854e-07
8.982674349336197971e-07
9.028133723454003145e-07
9.066487000962692962e-07
9.097911521581023451e-07
9.123232526819718457e-07
9.143306406896910197e-07
9.158466245068390197e-07
9.168938794850580651e-07
9.175048797764762876e-07
9.177135016315769594e-07
9.175494308937774705e-07
9.170393494811935731e-07
9.162021140178003484e-07
9.150546248040372071e-07
9.136141689884466512e-07
9.118995811119835476e-07
9.099300825637061725e-07
9.077248947326725901e-07
9.053032390079407588e-07
9.026832663439061988e-07
8.998788459563125598e-07
8.969027766262410536e-07
8.937678571347728918e-07
8.904868862629887566e-07
8.870718954486041670e-07
8.835318467558699648e-07
8.798749349056714049e-07
8.761093546188936365e-07
8.722433006164215970e-07
8.682843853293141428e-07
8.642378920293227369e-07
8.601085216983728670e-07
8.559009753183897034e-07
8.516199538712982046e-07
8.472706301317484558e-07
8.428600640452873432e-07
8.383957873501874089e-07
8.338853317847200306e-07
8.293362290871572212e-07
8.247553369562807194e-07
8.201468169329113805e-07
8.155141565183804210e-07
8.108608432140183162e-07
8.061903645211560707e-07
8.015057234193991308e-07
7.968079848014502848e-07
7.920977290382873976e-07
7.873755365008882285e-07
7.826419875602299012e-07
7.778980754383838103e-07
7.731464447617939862e-07
7.683901530079979890e-07
7.636322576545333785e-07
7.588758161789375030e-07
7.541237161424934533e-07
7.493781654414652787e-07
7.446412020558626654e-07
7.399148639656948759e-07
7.352011891509717023e-07
7.305020469172418608e-07
7.258186318722119883e-07
7.211519699491282814e-07
7.165030870812367247e-07
7.118730092017831971e-07
7.072626699643007301e-07
7.026726339034704353e-07
6.981033732742596242e-07
6.935553603316361376e-07
6.890290673305677104e-07
6.845249665260219715e-07
6.800435301729668678e-07
6.755852305263698163e-07
6.711505398411987639e-07
6.667399303724211277e-07
6.623538743750049604e-07
6.579928441039178908e-07
6.536573118141275481e-07
6.493477497606015613e-07
6.450646301983077712e-07
6.408084253822140185e-07
6.365796075672878264e-07
6.323786490084969298e-07
6.282060219608089578e-07
6.240621986791918569e-07
6.199475718773834803e-07
6.158622161042033187e-07
6.118061263672407690e-07
6.077792976740858637e-07
6.037817250323279998e-07
5.998134034495567861e-07
5.958743279333620433e-07
5.919644934913334860e-07
5.880838951310606171e-07
5.842325278601331514e-07
5.804103866861408037e-07
5.766174666166730768e-07
5.728537626593197913e-07
5.691192698216704501e-07
5.654139831113149799e-07
5.617378975358427775e-07
5.580910081028435577e-07
5.544733098199072471e-07
5.508847976946231367e-07
5.473254667345810472e-07
5.437952822032555320e-07
5.402940903876606056e-07
5.368217078306953330e-07
5.333779510752587791e-07
5.299626366642496912e-07
5.265755811405671345e-07
5.232166010471101737e-07
5.198855129267775563e-07
5.165821333224686648e-07
5.133062787770820349e-07
5.100577658335169433e-07
5.068364110346722432e-07
5.036420309234467878e-07
5.004744420427398538e-07
4.973334609354500827e-07
4.942189041444768571e-07
4.911305882127188185e-07
4.880683296830750319e-07
4.850319450984443504e-07
4.820212510017260507e-07
4.790360660506572853e-07
4.760762173623292493e-07
4.731415341686713842e-07
4.702318457016131846e-07
4.673469811930842505e-07
4.644867698750139176e-07
4.616510409793318921e-07
4.588396237379675094e-07
4.560523473828503171e-07
4.532890411459097564e-07
4.505495342590754806e-07
4.478336559542768253e-07
4.451412354634434438e-07
4.424721020185047244e-07
4.398260848513902675e-07
4.372030131940294616e-07
4.346027162783519600e-07
4.320250233362869922e-07
4.294697635997643174e-07
4.269367663007133771e-07
4.244258606710636127e-07
4.219368759427446244e-07
4.194696413476858008e-07
4.170239861178167422e-07
4.145997394850668371e-07
4.121967248162474551e-07
4.098147420176968851e-07
4.074535851306352911e-07
4.051130481962828370e-07
4.027929252558596342e-07
4.004930103505857935e-07
3.982130975216814792e-07
3.959529808103667494e-07
3.937124542578618210e-07
3.914913119053867523e-07
3.892893477941617603e-07
3.871063559654068501e-07
3.849421304603422388e-07
3.827964653201880904e-07
3.806691545861644631e-07
3.785599922994915210e-07
3.764687725013894281e-07
3.743952892330781368e-07
3.723393365357780756e-07
3.703007084507091441e-07
3.682791990190915592e-07
3.662746022821454320e-07
3.642867122810908737e-07
3.623153230571481012e-07
3.603602286515371197e-07
3.584212351307361830e-07
3.564981966622554263e-07
3.545909794388631276e-07
3.526994496533276707e-07
3.508234734984170687e-07
3.489629171668997055e-07
3.471176468515437531e-07
3.452875287451174894e-07
3.434724290403891394e-07
3.416722139301269809e-07
3.398867496070992389e-07
3.381159022640741384e-07
3.363595380938199573e-07
3.346175232891048676e-07
3.328897240426971472e-07
3.311760065473651270e-07
3.294762369958769260e-07
3.277902815810008221e-07
3.261180064955050404e-07
3.244592779321579116e-07
3.228139620837275549e-07
3.211819251429823540e-07
3.195630333026904280e-07
3.179571527556200548e-07
3.163641496945394594e-07
3.147838903122170255e-07
3.132162408014208194e-07
3.116610673549191188e-07
3.101182361654801488e-07
3.085876134258722932e-07
3.070690653288636181e-07
3.055624580672225072e-07
3.040676578337170797e-07
3.025845308211157194e-07
3.011129432221864923e-07
2.996527612296978353e-07
2.982038510364178144e-07
2.967660788351147606e-07
2.953393108185568987e-07
2.939234131795125596e-07
2.925182521107498095e-07
2.911236938050370321e-07
2.897396044551423995e-07
2.883658502538341895e-07
2.870022973938806272e-07
2.856488120680499904e-07
2.843052604691104512e-07
2.829715087898303404e-07
2.816474232229777770e-07
2.803328699613211450e-07
2.790277250922084671e-07
2.777319042813070112e-07
2.764453330888642664e-07
2.751679370751274044e-07
2.738996418003435438e-07
2.726403728247600150e-07
2.713900557086240426e-07
2.701486160121829569e-07
2.689159792956838236e-07
2.676920711193741320e-07
2.664768170435008948e-07
2.652701426283114425e-07
2.640719734340530524e-07
2.628822350209728963e-07
2.617008529493183045e-07
2.605277527793365015e-07
2.593628600712747118e-07
2.582061003853801601e-07
2.570573992819000707e-07
2.559166823210817741e-07
2.547838750631723890e-07
2.536589030684192987e-07
2.525416918970696748e-07
2.514321671093707418e-07
2.503302542655697772e-07
2.492358789259140055e-07
2.481489666506507571e-07
2.470694430000270977e-07
2.459972335342904637e-07
2.449322638136879735e-07
2.438744593984668519e-07
2.428237458488744821e-07
2.417800487251579827e-07
2.407432935875646843e-07
2.397134059963417053e-07
2.386903115117364292e-07
2.376739356939960276e-07
2.366642041033677779e-07
2.356610423000989046e-07
2.346643758444366323e-07
2.336741302966282120e-07
2.326902312169208947e-07
2.317126041655619577e-07
2.307411747027986257e-07
2.297758683888781233e-07
2.288166107840477012e-07
2.278633274485546107e-07
2.269159439426460497e-07
2.259743858265693751e-07
2.250385786605717055e-07
2.241084534888694194e-07
2.231839632915549807e-07
2.222650665326900604e-07
2.213517216763362236e-07
2.204438871865550351e-07
2.195415215274080335e-07
2.186445831629568897e-07
2.177530305572631157e-07
2.168668221743883824e-07
2.159859164783943078e-07
2.151102719333422716e-07
2.142398470032940769e-07
2.133746001523112094e-07
2.125144898444552606e-07
2.116594745437878483e-07
2.108095127143705640e-07
2.099645628202649728e-07
2.091245833255326396e-07
2.082895326942351824e-07
2.074593693904341661e-07
2.066340518781912352e-07
2.058135386215679017e-07
2.049977880846258365e-07
2.041867587314264987e-07
2.033804090260315857e-07
2.025786974325026624e-07
2.017815824149013204e-07
2.009890224372891245e-07
2.002009759637276664e-07
1.994174014582785374e-07
1.986382573850033025e-07
1.978635022079636062e-07
1.970930943912209605e-07
1.963269923988370098e-07
1.955651546948732926e-07
1.948075397433914799e-07
1.940541060084530571e-07
1.933048119541196687e-07
1.925596160444529327e-07
1.918184767435143611e-07
1.910813525153655718e-07
1.903482018240681563e-07
1.896189831336837061e-07
1.888936549082738126e-07
1.881721756119000408e-07
1.874545037086239822e-07
1.867405976625072283e-07
1.860304159376113970e-07
1.853239169979980267e-07
1.846210593077287356e-07
1.839218045976447700e-07
1.832261276657061027e-07
1.825340065766523878e-07
1.818454193952233590e-07
1.811603441861584852e-07
1.804787590141975794e-07
1.798006419440802164e-07
1.791259710405461034e-07
1.784547243683347622e-07
1.777868799921860588e-07
1.771224159768394355e-07
1.764613103870345997e-07
1.758035412875112848e-07
1.751490867430090922e-07
1.744979248182676496e-07
1.738500335780266112e-07
1.732053910870256841e-07
1.725639754100044431e-07
1.719257646117025425e-07
1.712907367568597158e-07
1.706588699102155114e-07
1.700301421365096894e-07
1.694045315004818245e-07
1.687820160668715445e-07
1.681625739004185566e-07
1.675461830658624884e-07
1.669328216279430207e-07
1.663224676513997812e-07
1.657150992009723976e-07
1.651106943414005241e-07
1.645092311374238679e-07
1.639106876537820567e-07
1.633150419552146918e-07
1.627222721064614538e-07
1.621323561722619969e-07
1.615452722173560284e-07
1.609609983064830700e-07
1.603795125043828819e-07
1.598007928757950653e-07
1.592248174854593008e-07
1.586515643981152163e-07
1.580810116785024659e-07
1.575131373913607303e-07
1.569479196014296107e-07
1.563853363734487879e-07
1.558253657721578896e-07
1.552679858622965699e-07
1.547131747086045361e-07
1.541609103758213629e-07
1.536111709286867574e-07
1.530639361648342852e-07
1.525191928134735010e-07
1.519769293367078707e-07
1.514371341966408604e-07
1.508997958553759096e-07
1.503649027750165107e-07
1.498324434176661562e-07
1.493024062454282857e-07
1.487747797204064180e-07
1.482495523047040192e-07
1.477267124604244759e-07
1.472062486496713864e-07
1.466881493345481108e-07
1.461724029771582210e-07
1.456589980396051036e-07
1.451479229839923039e-07
1.446391662724232351e-07
1.441327163670014425e-07
1.436285617298302863e-07
1.431266908230133648e-07
1.426270921086540382e-07
1.421297540488558782e-07
1.416346651057222980e-07
1.411418137413567900e-07
1.406511884178628202e-07
1.401627775973438546e-07
1.396765697419033593e-07
1.391925533136448266e-07
1.387107167746717490e-07
1.382310485870875661e-07
1.377535372129957439e-07
1.372781711144997748e-07
1.368049387537031512e-07
1.363338285927092864e-07
1.358648290936216726e-07
1.353979287185438289e-07
1.349331159295792212e-07
1.344703791888312626e-07
1.340097069584034721e-07
1.335510877003992891e-07
1.330945098769222326e-07
1.326399619500757156e-07
1.321874323819632837e-07
1.317369096346883762e-07
1.312883821703544591e-07
1.308418384510649721e-07
1.303972669389234340e-07
1.299546560960333373e-07
1.295139943844980951e-07
1.290752702664212263e-07
1.286384726179656535e-07
1.282035919715323907e-07
1.277706192735817232e-07
1.273395454705742274e-07
1.269103615089702417e-07
1.264830583352302101e-07
1.260576268958145238e-07
1.256340581371836534e-07
1.252123430057979901e-07
1.247924724481180310e-07
1.243744374106040878e-07
1.239582288397166577e-07
1.235438376819161846e-07
1.231312548836630070e-07
1.227204713914176218e-07
1.223114781516404202e-07
1.219042661107918728e-07
1.214988262153323179e-07
1.210951494117222789e-07
1.206932266464220943e-07
1.202930488658922344e-07
1.198946070165931435e-07
1.194978920449852128e-07
1.191028948975288466e-07
1.187096065206845024e-07
1.183180178609126242e-07
1.179281198646735768e-07
1.175399034784278440e-07
1.171533596486357773e-07
1.167684793217579001e-07
1.163852534442545641e-07
1.160036729625862000e-07
1.156237288232132785e-07
1.152454119725961644e-07
1.148687133571953148e-07
1.144936239234711344e-07
1.141201346178840936e-07
1.137482363868945704e-07
1.133779201769629957e-07
1.130091769345498136e-07
1.126419976061154154e-07
1.122763731381202716e-07
1.119122944770247601e-07
1.115497525692893516e-07
1.111887383613744372e-07
1.108292427997404347e-07
1.104712568308477880e-07
1.101147714011569282e-07
1.097597774571282596e-07
1.094062659452222263e-07
1.090542283525930797e-07
1.087036583291705512e-07
1.083545500655781662e-07
1.080068977524394899e-07
1.076606955803780608e-07
1.073159377400174442e-07
1.069726184219811785e-07
1.066307318168928157e-07
1.062902721153759210e-07
1.059512335080540461e-07
1.056136101855507165e-07
1.052773963384894973e-07
1.049425861574939536e-07
1.046091738331876108e-07
1.042771535561940473e-07
1.039465195171368149e-07
1.036172659066394258e-07
1.032893869153254716e-07
1.029628767338184776e-07
1.026377295527420223e-07
1.023139395627196178e-07
1.019915009543748556e-07
1.016704079183312612e-07
1.013506546452123997e-07
1.010322353256418230e-07
1.007151441502430829e-07
1.003993753096397049e-07
1.000849229944552672e-07
9.977178139531330858e-08
9.945994470283739409e-08
9.914940710765107560e-08
9.884016280037786529e-08
9.853220597164136798e-08
9.822553081206512230e-08
9.792013151227261396e-08
9.761600226288750070e-08
9.731313725453326823e-08
9.701153067783348166e-08
9.671117672341167963e-08
9.641206958189144047e-08
9.611420344389628960e-08
9.581757250004979213e-08
9.552217094097549993e-08
9.522799295729695163e-08
9.493503273963771236e-08
9.464328447862133398e-08
9.435274236487134189e-08
9.406340058901132769e-08
9.377525334166483000e-08
9.348829481345537423e-08
9.320251934683436226e-08
9.291792189156439743e-08
9.263449754923601249e-08
9.235224142143964755e-08
9.207114860976574272e-08
9.179121421580477781e-08
9.151243334114724588e-08
9.123480108738360025e-08
9.095831255610428105e-08
9.068296284889980779e-08
9.040874706736060735e-08
9.013566031307715953e-08
8.986369768763991768e-08
8.959285429263937485e-08
8.932312522966598438e-08
8.905450560031023932e-08
8.878699050616254007e-08
8.852057504881343262e-08
8.825525432985331738e-08
8.799102345087271387e-08
8.772787751346206218e-08
8.746581161921184214e-08
8.720482086971252032e-08
8.694490036655453683e-08
8.668604521132839795e-08
8.642825050562455704e-08
8.617151135103346742e-08
8.591582284914559568e-08
8.566118010155144810e-08
8.540757820984145156e-08
8.515501227560608587e-08
8.490347740043581761e-08
8.465296868592112658e-08
8.440348123365246614e-08
8.415501014522027639e-08
8.390755052221509008e-08
8.366109746622732086e-08
8.341564607884744853e-08
8.317119146166597939e-08
8.292772871627332706e-08
8.268525294425995812e-08
8.244375924721639210e-08
8.220324272673306911e-08
8.196369848440044248e-08
8.172512162180900526e-08
8.148750724054917110e-08
8.125085044221147274e-08
8.101514632838633706e-08
8.078039000066425710e-08
8.054657656063568622e-08
8.031370126468004905e-08
8.008175998833260252e-08
7.985074876191756162e-08
7.962066361575912809e-08
7.939150058018155663e-08
7.916325568550900929e-08
7.893592496206571429e-08
7.870950444017588663e-08
7.848399015016374128e-08
7.825937812235351970e-08
7.803566438706938395e-08
7.781284497463557548e-08
7.759091591537630928e-08
7.736987323961580033e-08
7.714971297767822393e-08
7.693043115988786123e-08
7.671202381656887428e-08
7.649448697804547807e-08
7.627781667464191406e-08
7.606200893668237077e-08
7.584705979449106317e-08
7.563296527839221951e-08
7.541972141871005475e-08
7.520732424576874420e-08
7.499576978989255577e-08
7.478505408140565152e-08
7.457517315063229936e-08
7.436612302789666136e-08
7.415789974352297896e-08
7.395049932783544069e-08
7.374391781115828800e-08
7.353815122381573588e-08
7.333319559613195962e-08
7.312904695843122714e-08
7.292570134103768725e-08
7.272315477427562112e-08
7.252140328846919080e-08
7.232044291394262451e-08
7.212026968102015047e-08
7.192087962002595720e-08
7.172226876128427293e-08
7.152443313511931264e-08
7.132736877185527808e-08
7.113107170181639747e-08
7.093553795532688582e-08
7.074076356271093162e-08
7.054674455429274988e-08
7.035347696039658205e-08
7.016095681134664311e-08
6.996918013746710836e-08
6.977814308879006372e-08
6.958784229417902598e-08
6.939827450220534319e-08
6.920943646144038982e-08
6.902132492045547422e-08
6.883393662782199736e-08
6.864726833211129402e-08
6.846131678189475195e-08
6.827607872574370593e-08
6.809155091222951725e-08
6.790773008992353393e-08
6.772461300739711723e-08
6.754219641322165489e-08
6.736047705596845523e-08
6.717945168420891924e-08
6.699911704651436846e-08
6.681946989145620387e-08
6.664050696760573380e-08
6.646222502353435921e-08
6.628462080781341491e-08
6.610769106901424892e-08
6.593143255570823574e-08
6.575584201646673665e-08
6.558091619986109967e-08
6.540665185446268606e-08
6.523304572884285710e-08
6.506009457157294758e-08
6.488779513122434523e-08
6.471614415636839809e-08
6.454513839557645419e-08
6.437477459741988802e-08
6.420504951047004763e-08
6.403595988329828104e-08
6.386750246447596275e-08
6.369967400257444079e-08
6.353247124616506319e-08
6.336589094381923093e-08
6.319992984410823910e-08
6.303458469560348866e-08
6.286985224687632765e-08
6.270572924649810410e-08
6.254221244304019251e-08
6.237929858507394091e-08
6.221698442117069733e-08
6.205526669990183628e-08
6.189414216983870578e-08
6.173360757955266710e-08
6.157365967761506826e-08
6.141429521259728379e-08
6.125551093307066169e-08
6.109730370024386637e-08
6.093967082587478795e-08
6.078260973435860645e-08
6.062611785009051512e-08
6.047019259746570722e-08
6.031483140087936277e-08
6.016003168472668824e-08
6.000579087340286367e-08
5.985210639130308230e-08
5.969897566282252415e-08
5.954639611235639571e-08
5.939436516429986376e-08
5.924288024304814803e-08
5.909193877299642191e-08
5.894153817853987204e-08
5.879167588407370492e-08
5.864234931399310055e-08
5.849355589269322572e-08
5.834529304456930677e-08
5.819755819401652372e-08
5.805034876543005659e-08
5.790366218320510524e-08
5.775749587173685632e-08
5.761184725542048322e-08
5.746671375865120567e-08
5.732209280582420368e-08
5.717798182133465728e-08
5.703437822957776633e-08
5.689127945494870423e-08
5.674868292184269071e-08
5.660658605465489916e-08
5.646498627778050961e-08
5.632388101561472855e-08
5.618326769255273598e-08
5.604314373298971193e-08
5.590350656132088937e-08
5.576435360194140859e-08
5.562568227924648932e-08
5.548749001763129836e-08
5.534977424149104879e-08
5.521253237522092064e-08
5.507576184321611379e-08
5.493946006987179500e-08
5.480362447958317078e-08
5.466825249674543437e-08
5.453334154575375918e-08
5.439888905100335831e-08
5.426489243688940516e-08
5.413134912780709298e-08
5.399825654815161503e-08
5.386561222418283649e-08
5.373341408961935657e-08
5.360166018004443318e-08
5.347034853104135069e-08
5.333947717819336702e-08
5.320904415708375991e-08
5.307904750329580713e-08
5.294948525241275997e-08
5.282035544001788957e-08
5.269165610169450016e-08
5.256338527302582317e-08
5.243554098959515622e-08
5.230812128698575060e-08
5.218112420078089067e-08
5.205454776656382774e-08
5.192839001991785941e-08
5.180264899642623697e-08
5.167732273167224480e-08
5.155240926123913418e-08
5.142790662071018949e-08
5.130381284566868189e-08
5.118012597169788249e-08
5.105684403438105584e-08
5.093396506930146645e-08
5.081148711204240532e-08
5.068940819818712373e-08
5.056772636331889283e-08
5.044643964302100362e-08
5.032554607287670738e-08
5.020504368846927524e-08
5.008493052538199160e-08
4.996520461919812097e-08
4.984586400550092788e-08
4.972690671987369008e-08
4.960833079789965226e-08
4.949013427516213186e-08
4.937231518724436695e-08
4.925487156972962866e-08
4.913780145820120800e-08
4.902110288824235624e-08
4.890477389543634454e-08
4.878881251536645726e-08
4.867321678361595232e-08
4.855798473576810747e-08
4.844311440740619385e-08
4.832860383411346938e-08
4.821445105147321843e-08
4.810065409506871213e-08
4.798721100048320840e-08
4.787411980329999161e-08
4.776137862660724204e-08
4.764898594351284931e-08
4.753694031462959234e-08
4.742524030057027651e-08
4.731388446194770057e-08
4.720287135937465004e-08
4.709219955346394356e-08
4.698186760482834678e-08
4.687187407408067833e-08
4.676221752183373696e-08
4.665289650870030159e-08
4.654390959529317097e-08
4.643525534222515710e-08
4.632693231010903890e-08
4.621893905955762173e-08
4.611127415118371099e-08
4.600393614560008557e-08
4.589692360341953763e-08
4.579023508525488577e-08
4.568386915171890891e-08
4.557782436342441242e-08
4.547209928098420168e-08
4.536669246501104238e-08
4.526160247611775311e-08
4.515682787491712604e-08
4.505236722202196652e-08
4.494821907804506010e-08
4.484438200359919892e-08
4.474085455929718173e-08
4.463763530575182054e-08
4.453472280357588763e-08
4.443211561338220162e-08
4.432981229578354142e-08
4.422781141139271240e-08
4.412611152082250010e-08
4.402471118468572313e-08
4.392360896359516040e-08
4.382280341816361067e-08
4.372229310900386608e-08
4.362207659672873862e-08
4.352215244195100722e-08
4.342251920528347725e-08
4.332317544733894084e-08
4.322411972873019677e-08
4.312535061007005042e-08
4.302686665197127406e-08
4.292866641504667309e-08
4.283074845990906612e-08
4.273311134717122543e-08
4.263575363744595642e-08
4.253867395953125717e-08
4.244187121496594302e-08
4.234534437347404186e-08
4.224909240477958160e-08
4.215311427860657028e-08
4.205740896467903581e-08
4.196197543272099946e-08
4.186681265245648914e-08
4.177191959360952612e-08
4.167729522590413832e-08
4.158293851906433377e-08
4.148884844281414038e-08
4.139502396687758605e-08
4.130146406097869205e-08
4.120816769484147968e-08
4.111513383818997022e-08
4.102236146074819156e-08
4.092984953224015837e-08
4.083759702238989194e-08
4.074560290092142016e-08
4.065386613755876431e-08
4.056238570202594569e-08
4.047116056404699880e-08
4.038018969334592509e-08
4.028947205964675905e-08
4.019900663267352861e-08
4.010879238215024841e-08
4.001882827780093313e-08
3.992911328934962390e-08
3.983964638652032215e-08
3.975042653903706902e-08
3.966145271662387918e-08
3.957272388900478713e-08
3.948423902590379431e-08
3.939599709704492201e-08
3.930799707215221797e-08
3.922023792094968363e-08
3.913271861316135350e-08
3.904543811851123563e-08
3.895839540672337778e-08
3.887158944752176813e-08
3.878501921063046107e-08
3.869868366577345801e-08
3.861258178267479349e-08
3.852671253105848877e-08
3.844107488064856515e-08
3.835566780116903066e-08
3.827049026234392646e-08
3.818554123389726720e-08
3.810081968555308077e-08
3.801632463613343489e-08
3.793205530085258950e-08
3.784801094402285759e-08
3.776419082995655216e-08
3.768059422296598620e-08
3.759722038736346606e-08
3.751406858746131137e-08
3.743113808757182850e-08
3.734842815200732381e-08
3.726593804508012353e-08
3.718366703110252079e-08
3.710161437438683521e-08
3.701977933924537977e-08
3.693816118999046746e-08
3.685675919093439803e-08
3.677557260638951095e-08
3.669460070066808612e-08
3.661384273808244975e-08
3.653329798294490823e-08
3.645296569956777454e-08
3.637284515226336828e-08
3.629293560534398922e-08
3.621323632312196357e-08
3.613374656990957786e-08
3.605446561001916492e-08
3.597539270776303113e-08
3.589652712745348948e-08
3.581786813340284634e-08
3.573941498992341470e-08
3.566116696132750092e-08
3.558312331192742463e-08
3.550528330603549880e-08
3.542764620796403642e-08
3.535021128202533725e-08
3.527297779253171428e-08
3.519594500379548712e-08
3.511911218012896874e-08
3.504247858584445892e-08
3.496604348525427725e-08
3.488980614267073673e-08
3.481376582240613710e-08
3.473792178877281121e-08
3.466227330608305220e-08
3.458681963864917967e-08
3.451156005078350000e-08
3.443649380679832617e-08
3.436162017100595794e-08
3.428693840771873476e-08
3.421244778124894978e-08
3.413814755590892260e-08
3.406403702914420842e-08
3.399011563093340410e-08
3.391638282438835531e-08
3.384283807262092097e-08
3.376948083874291369e-08
3.369631058586621222e-08
3.362332677710264240e-08
3.355052887556406315e-08
3.347791634436230690e-08
3.340548864660923259e-08
3.333324524541668589e-08
3.326118560389649263e-08
3.318930918516052496e-08
3.311761545232061534e-08
3.304610386848860282e-08
3.297477389677635294e-08
3.290362500029569814e-08
3.283265664215847750e-08
3.276186828547654993e-08
3.269125939336175450e-08
3.262082942892594349e-08
3.255057785528095599e-08
3.248050413553864429e-08
3.241060773281084744e-08
3.234088811020940453e-08
3.227134473084618769e-08
3.220197705783301615e-08
3.213278455428174220e-08
3.206376668330421814e-08
3.199492290801229628e-08
3.192625269151780243e-08
3.185775549693260214e-08
3.178943078736852124e-08
3.172127802593741864e-08
3.165329667575113340e-08
3.158548619992152445e-08
3.151784606156043085e-08
3.145037572377969167e-08
3.138307464969115920e-08
3.131594230240666589e-08
3.124897814503807727e-08
3.118218164069723242e-08
3.111555225249597701e-08
3.104908944354615010e-08
3.098279267695960401e-08
3.091666141584819102e-08
3.085069512332373697e-08
3.078489326249810739e-08
3.071925529648313473e-08
3.065378068839067790e-08
3.058846891911466951e-08
3.052331954067750893e-08
3.045833212288363614e-08
3.039350623553754405e-08
3.032884144844369248e-08
3.026433733140657435e-08
3.019999345423063625e-08
3.013580938672037771e-08
3.007178469868026517e-08
3.000791895991477169e-08
2.994421174022836371e-08
2.988066260942552092e-08
2.981727113731070976e-08
2.975403689368841320e-08
2.969095944836310101e-08
2.962803837113924955e-08
2.956527323182132858e-08
2.950266360021381115e-08
2.944020904612117694e-08
2.937790913934789240e-08
2.931576344969842728e-08
2.925377154697727449e-08
2.919193300098889054e-08
2.913024738153774851e-08
2.906871425842833136e-08
2.900733320146510886e-08
2.894610378045255407e-08
2.888502556519513674e-08
2.882409812549733323e-08
2.876332103116361992e-08
2.870269385199846986e-08
2.864221615780635612e-08
2.858188751839174845e-08
2.852170750355912653e-08
2.846167568311296010e-08
2.840179162685772224e-08
2.834205490459788930e-08
2.828246508613793104e-08
2.822302174128232713e-08
2.816372443983554403e-08
2.810457275160205148e-08
2.804556624638634239e-08
2.798670449399287328e-08
2.792798706422612384e-08
2.786941352689056711e-08
2.781098345179067285e-08
2.775269640873091743e-08
2.769455196751577723e-08
2.763654969794972198e-08
2.757868916983722807e-08
2.752096996819234030e-08
2.746339173886739382e-08
2.740595414292430545e-08
2.734865684142498541e-08
2.729149949543133398e-08
2.723448176600527790e-08
2.717760331420871416e-08
2.712086380110355958e-08
2.706426288775172767e-08
2.700780023521512533e-08
2.695147550455566278e-08
2.689528835683525352e-08
2.683923845311580778e-08
2.678332545445923244e-08
2.672754902192743772e-08
2.667190881658235037e-08
2.661640449948586074e-08
2.656103573169988235e-08
2.650580217428633864e-08
2.645070348830713321e-08
2.639573933482417296e-08
2.634090937489937471e-08
2.628621326959464535e-08
2.623165067997189511e-08
2.617722126709304080e-08
2.612292469201998601e-08
2.606876061581464758e-08
2.601472869953893240e-08
2.596082860425474736e-08
2.590705999102401261e-08
2.585342252090863174e-08
2.579991585497052157e-08
2.574653965427158900e-08
2.569329357987374093e-08
2.564017729283889088e-08
2.558719045422895898e-08
2.553433272510584221e-08
2.548160376653145738e-08
2.542900323956771472e-08
2.537653080527652774e-08
2.532418612471980664e-08
2.527196885895945832e-08
2.521987866905738969e-08
2.516791521607552419e-08
2.511607816107576540e-08
2.506436716512002354e-08
2.501278188927020551e-08
2.496132199458823144e-08
2.490998714213600823e-08
2.485877699297544609e-08
2.480769120868498982e-08
2.475672945290923579e-08
2.470589138980931829e-08
2.465517668354636498e-08
2.460458499828150351e-08
2.455411599817586818e-08
2.450376934739058664e-08
2.445354471008679648e-08
2.440344175042562205e-08
2.435346013256819763e-08
2.430359952067565089e-08
2.425385957890911610e-08
2.420423997142972092e-08
2.415474036239859632e-08
2.410536041597687659e-08
2.405609979632569270e-08
2.400695816760616899e-08
2.395793519397944305e-08
2.390903053960663925e-08
2.386024386864889185e-08
2.381157484526733183e-08
2.376302313362309346e-08
2.371458839787730442e-08
2.366627030219108904e-08
2.361806851072558824e-08
2.356998268764192635e-08
2.352201249710124097e-08
2.347415760326465646e-08
2.342641767029330047e-08
2.337879236234831390e-08
2.333128134359082110e-08
2.328388427818195305e-08
2.323660083028284733e-08
2.318943066405462167e-08
2.314237344365841698e-08
2.309542883325536092e-08
2.304859649700658445e-08
2.300187609907321855e-08
2.295526730361639419e-08
2.290876977479724233e-08
2.286238317677689064e-08
2.281610717371647671e-08
2.276994142977712820e-08
2.272388560911996945e-08
2.267793937590614138e-08
2.263210239429676833e-08
2.258637432845298127e-08
2.254075484253591448e-08
2.249524360070669894e-08
2.244984026712645898e-08
2.240454451854539248e-08
2.235935608206992511e-08
2.231427469739554612e-08
2.226930010421775801e-08
2.222443204223203680e-08
2.217967025113388167e-08
2.213501447061877526e-08
2.209046444038221345e-08
2.204601990011968880e-08
2.200168058952669057e-08
2.195744624829870470e-08
2.191331661613122045e-08
2.186929143271974031e-08
2.182537043775974362e-08
2.178155337094672293e-08
2.173783997197617082e-08
2.169422998054357323e-08
2.165072313634442603e-08
2.160731917907421849e-08
2.156401784842843985e-08
2.152081888410258268e-08
2.147772202579213294e-08
2.143472701319258318e-08
2.139183358599942597e-08
2.134904148390815057e-08
2.130635044661424624e-08
2.126376021381320553e-08
2.122127052520051771e-08
2.117888112047166872e-08
2.113659173932215775e-08
2.109440212144746743e-08
2.105231200654310026e-08
2.101032113430453226e-08
2.096842924442725930e-08
2.092663607660677064e-08
2.088494137053856215e-08
2.084334486591811978e-08
2.080184630244093279e-08
2.076044541980249705e-08
2.071914195769829520e-08
2.067793565582382311e-08
2.063682625387457004e-08
2.059581349154602856e-08
2.055489710853368792e-08
2.051407684453303406e-08
2.047335243923956288e-08
2.043272363234876030e-08
2.039219016355612882e-08
2.035175177255714116e-08
2.031140819904729981e-08
2.027115918009844586e-08
2.023100444228785094e-08
2.019094370956914514e-08
2.015097670589596186e-08
2.011110315522191463e-08
2.007132278150064015e-08
2.003163530868576521e-08
1.999204046073091658e-08
1.995253796158971774e-08
1.991312753521580207e-08
1.987380890556279635e-08
1.983458179658432075e-08
1.979544593223401196e-08
1.975640103646549676e-08
1.971744683323239532e-08
1.967858304648834433e-08
1.963980940018696396e-08
1.960112561828188429e-08
1.956253142472673210e-08
1.952402654347514078e-08
1.948561069848073050e-08
1.944728361369712803e-08
1.940904501307797007e-08
1.937089462057687348e-08
1.933283216014747165e-08
1.929485735574338805e-08
1.925696993131825937e-08
1.921916961082570249e-08
1.918145611821935077e-08
1.914382917745282771e-08
1.910628851247976999e-08
1.906883384725379448e-08
1.903146490572853125e-08
1.899418141185761039e-08
1.895698308959465868e-08
1.891986966289330290e-08
1.888284085570717314e-08
1.884589639198988954e-08
1.880903599569509213e-08
1.877225939077639445e-08
1.873556630118743319e-08
1.869895645088183184e-08
1.866242956381322047e-08
1.862598536393522586e-08
1.858962357520147810e-08
1.855334392156559735e-08
1.851714612698121369e-08
1.848102991540196714e-08
1.844499501078146461e-08
1.840904113707334613e-08
1.837316802894817064e-08
1.833737546394422241e-08
1.830166323031672453e-08
1.826603111632090668e-08
1.823047891021197537e-08
1.819500640024515039e-08
1.815961337467566802e-08
1.812429962175873810e-08
1.808906492974958702e-08
1.805390908690343453e-08
1.801883188147549708e-08
1.798383310172100105e-08
1.794891253589515959e-08
1.791406997225320238e-08
1.787930519905034587e-08
1.784461800454181313e-08
1.781000817698282393e-08
1.777547550462859803e-08
1.774101977573435187e-08
1.770664077855531845e-08
1.767233830134670761e-08
1.763811213236374903e-08
1.760396205986165916e-08
1.756988787209565446e-08
1.753588935732096131e-08
1.750196630379280277e-08
1.746811849976639530e-08
1.743434573349695865e-08
1.740064779323971590e-08
1.736702446724989011e-08
1.733347554378269775e-08
1.730000081109336517e-08
1.726660005743710885e-08
1.723327307106915184e-08
1.720001964024471060e-08
1.716683955321901151e-08
1.713373259824727432e-08
1.710069856358471549e-08
1.706773723748656471e-08
1.703484840820803512e-08
1.700203186400434979e-08
1.696928739313073178e-08
1.693661478384239756e-08
1.690401382439457349e-08
1.687148430304248265e-08
1.683902600804133156e-08
1.680663872764634991e-08
1.677432225011276408e-08
1.674207636369579052e-08
1.670990085665064899e-08
1.667779551883118835e-08
1.664576014648577390e-08
1.661379453746140000e-08
1.658189848960506105e-08
1.655007180076374482e-08
1.651831426878444568e-08
1.648662569151415804e-08
1.645500586679987627e-08
1.642345459248858813e-08
1.639197166642729465e-08
1.636055688646298026e-08
1.632921005044264267e-08
1.629793095621327626e-08
1.626671940162186881e-08
1.623557518451541800e-08
1.620449810274091822e-08
1.617348795414535724e-08
1.614254453657572614e-08
1.611166764787902260e-08
1.608085708590224102e-08
1.605011264849236917e-08
1.601943413349640804e-08
1.598882133876134209e-08
1.595827406213416572e-08
1.592779210146187662e-08
1.589737525459146254e-08
1.586702331936991789e-08
1.583673609364423705e-08
1.580651337526141439e-08
1.577635496206843769e-08
1.574626065191230465e-08
1.571623024264000633e-08
1.568626353209853382e-08
1.565636031813488482e-08
1.562652039859604708e-08
1.559674357132902161e-08
1.556702963418079288e-08
1.553737838499835526e-08
1.550778962162870314e-08
1.547826314191883092e-08
1.544879874371572635e-08
1.541939622486639044e-08
1.539005538321781095e-08
1.536077601661697897e-08
1.533155792291089550e-08
1.530240089994654499e-08
1.527330474557092515e-08
1.524426925763102373e-08
1.521529423397384175e-08
1.518637947244636366e-08
1.515752477827331360e-08
1.512872998619031163e-08
1.509999493831071084e-08
1.507131947674785441e-08
1.504270344361508884e-08
1.501414668102576393e-08
1.498564903109322947e-08
1.495721033593083527e-08
1.492883043765192450e-08
1.490050917836984698e-08
1.487224640019795083e-08
1.484404194524958586e-08
1.481589565563809857e-08
1.478780737347684040e-08
1.475977694087915288e-08
1.473180419995838747e-08
1.470388899282789397e-08
1.467603116160101886e-08
1.464823054839111195e-08
1.462048699531151807e-08
1.459280034447558702e-08
1.456517043799666695e-08
1.453759711798810600e-08
1.451008022656325232e-08
1.448261960583545570e-08
1.445521509791806264e-08
1.442786654492441797e-08
1.440057378896787646e-08
1.437333667216177798e-08
1.434615503661947894e-08
1.431902872445432253e-08
1.429195757777966020e-08
1.426494143870883513e-08
1.423798014935520044e-08
1.421107355183209930e-08
1.418422148825288481e-08
1.415742380073090183e-08
1.413068033137950180e-08
1.410399092231202790e-08
1.407735541564183158e-08
1.405077365348225935e-08
1.402424547794666099e-08
1.399777073114838300e-08
1.397134925520077683e-08
1.394498089221718566e-08
1.391866548431096095e-08
1.389240287359544588e-08
1.386619290218399687e-08
1.384003541218995709e-08
1.381393024572667469e-08
1.378787724963294244e-08
1.376187628964934641e-08
1.373592723624190409e-08
1.371002995987665278e-08
1.368418433101960831e-08
1.365839022013680468e-08
1.363264749769426268e-08
1.360695603415801466e-08
1.358131569999407974e-08
1.355572636566849359e-08
1.353018790164727202e-08
1.350470017839645070e-08
1.347926306638204711e-08
1.345387643607009689e-08
1.342854015792661919e-08
1.340325410241764635e-08
1.337801814000920081e-08
1.335283214116730830e-08
1.332769597635799788e-08
1.330260951604729694e-08
1.327757263070122460e-08
1.325258519078581984e-08
1.322764706676709516e-08
1.320275812911108623e-08
1.317791824828381549e-08
1.315312729475131032e-08
1.312838513897959977e-08
1.310369165143470628e-08
1.307904670258265559e-08
1.305445016288948005e-08
1.302990190282120044e-08
1.300540179284384581e-08
1.298094970342344024e-08
1.295654550502601444e-08
1.293218906811758754e-08
1.290788026316419189e-08
1.288361896063185487e-08
1.285940503098659728e-08
1.283523834469445147e-08
1.281111877222144152e-08
1.278704618403358822e-08
1.276302045059692722e-08
1.273904144237748096e-08
1.271510902984127187e-08
1.269122308345433396e-08
1.266738347368268801e-08
1.264359007099235976e-08
1.261984274584938323e-08
1.259614136871977422e-08
1.257248581006956840e-08
1.254887594397567311e-08
1.252531165895854197e-08
1.250179284714951843e-08
1.247831940067994267e-08
1.245489121168115320e-08
1.243150817228449018e-08
1.240817017462129544e-08
1.238487711082290749e-08
1.236162887302066980e-08
1.233842535334592089e-08
1.231526644393000093e-08
1.229215203690424841e-08
1.226908202440000848e-08
1.224605629854861634e-08
1.222307475148141546e-08
1.220013727532974767e-08
1.217724376222494816e-08
1.215439410429835876e-08
1.213158819368132625e-08
1.210882592250518087e-08
1.208610718290127272e-08
1.206343186700093699e-08
1.204079986693551055e-08
1.201821107483634018e-08
1.199566538283476274e-08
1.197316268306212004e-08
1.195070286764975226e-08
1.192828582872900122e-08
1.190591145843120211e-08
1.188357964888770173e-08
1.186129029222983361e-08
1.183904328058894456e-08
1.181683850609637141e-08
1.179467586088345766e-08
1.177255523708153684e-08
1.175047652682195905e-08
1.172843962223605453e-08
1.170644441545517172e-08
1.168449079861064417e-08
1.166257866383382031e-08
1.164070790325603205e-08
1.161887840900862615e-08
1.159709007322293784e-08
1.157534278803031223e-08
1.155363644556208950e-08
1.153197093794960319e-08
1.151034615732419843e-08
1.148876199581722036e-08
1.146721834555999920e-08
1.144571509868388507e-08
1.142425215209975537e-08
1.140282942183668621e-08
1.138144682870328103e-08
1.136010429350815649e-08
1.133880173705992596e-08
1.131753908016719949e-08
1.129631624363859043e-08
1.127513314828271380e-08
1.125398971490817799e-08
1.123288586432359969e-08
1.121182151733758562e-08
1.119079659475875411e-08
1.116981101739571522e-08
1.114886470605708231e-08
1.112795758155146376e-08
1.110708956468747791e-08
1.108626057627373315e-08
1.106547053711884449e-08
1.104471936803142199e-08
1.102400698982008232e-08
1.100333332329343222e-08
1.098269828926008670e-08
1.096210180852866243e-08
1.094154380190776450e-08
1.092102419020600958e-08
1.090054289423201104e-08
1.088009983479437725e-08
1.085969493270172491e-08
1.083932810876266570e-08
1.081899928378580969e-08
1.079870837857977188e-08
1.077845531395316234e-08
1.075824001071459772e-08
1.073806238967268477e-08
1.071792237163604016e-08
1.069781987741327394e-08
1.067775482781300278e-08
1.065772714364383342e-08
1.063773674571438253e-08
1.061778355483326017e-08
1.059786749180907969e-08
1.057798847745045445e-08
1.055814643256599615e-08
1.053834127796431652e-08
1.051857293445403055e-08
1.049884132284374665e-08
1.047914636394208148e-08
1.045948797855764344e-08
1.043986608749905086e-08
1.042028061157490882e-08
1.040073147212934907e-08
1.038121859264854876e-08
1.036174189715420341e-08
1.034230130966800857e-08
1.032289675421165977e-08
1.030352815480684427e-08
1.028419543547526091e-08
1.026489852023860522e-08
1.024563733311856613e-08
1.022641179813684578e-08
1.020722183931512978e-08
1.018806738067511862e-08
1.016894834623850123e-08
1.014986466002697644e-08
1.013081624606223649e-08
1.011180302836597690e-08
1.009282493095988824e-08
1.007388187786566604e-08
1.005497379310500585e-08
1.003610060069960320e-08
1.001726222467114865e-08
9.998458589041339392e-09
9.979689617831865998e-09
9.960955235064425657e-09
9.942255364760710591e-09
9.923589930942417990e-09
9.904958857631238424e-09
9.886362068848869081e-09
9.867799488617002185e-09
9.849271040957331617e-09
9.830776649891552908e-09
9.812316239441356631e-09
9.793889733628444936e-09
9.775497056474503430e-09
9.757138132001229302e-09
9.738812884230318084e-09
9.720521237183463657e-09
9.702263114882358244e-09
9.684038441348699035e-09
9.665847140604176598e-09
9.647689136670484815e-09
9.629564353569322526e-09
9.611472715322381958e-09
9.593414145951353679e-09
9.575388569477938188e-09
9.557395909923824399e-09
9.539436091310706193e-09
9.521509037660282412e-09
9.503614672994241971e-09
9.485752921334283713e-09
9.467923710416258273e-09
9.450126982832646617e-09
9.432362684890094739e-09
9.414630762895246978e-09
9.396931163154742710e-09
9.379263831975222966e-09
9.361628715663337048e-09
9.344025760525722677e-09
9.326454912869020886e-09
9.308916118999879320e-09
9.291409325224937358e-09
9.273934477850836029e-09
9.256491523184221326e-09
9.239080407531732627e-09
9.221701077200017578e-09
9.204353478495715557e-09
9.187037557725467594e-09
9.169753261195916373e-09
9.152500535213707889e-09
9.135279326085484826e-09
9.118089580117886560e-09
9.100931243617555777e-09
9.083804262891138470e-09
9.066708584245272361e-09
9.049644153986605097e-09
9.032610918421776056e-09
9.015608823857429576e-09
8.998637816600205033e-09
8.981697842956748422e-09
8.964788849233704081e-09
8.947910781737708078e-09
8.931063586775408060e-09
8.914247210653448368e-09
8.897461599678465069e-09
8.880706700157104156e-09
8.863982458396008314e-09
8.847288820701823537e-09
8.830625733381187546e-09
8.813993142740743027e-09
8.797390995087135973e-09
8.780819236727002452e-09
8.764277813966995075e-09
8.747766673113749909e-09
8.731285760473909639e-09
8.714835022354118605e-09
8.698414405061019491e-09
8.682023854901250019e-09
8.665663318181461146e-09
8.649332741208288939e-09
8.633032070288379393e-09
8.616761251032699752e-09
8.600520226269523781e-09
8.584308938131448148e-09
8.568127328751076141e-09
8.551975340260999467e-09
8.535852914793826376e-09
8.519759994482146920e-09
8.503696521458564386e-09
8.487662437855677099e-09
8.471657685806086691e-09
8.455682207442386524e-09
8.439735944897178229e-09
8.423818840303061786e-09
8.407930835792635519e-09
8.392071873498496098e-09
8.376241895553245155e-09
8.360440844089481014e-09
8.344668661239800345e-09
8.328925289136804781e-09
8.313210669913092647e-09
8.297524745701260611e-09
8.281867458633911961e-09
8.266238750843641713e-09
8.250638564463049844e-09
8.235066841624734680e-09
8.219523524461296198e-09
8.204008555105334377e-09
8.188521875689445886e-09
8.173063428346227396e-09
8.157633155208283848e-09
8.142230998408211911e-09
8.126856900078606602e-09
8.111510802352071207e-09
8.096192647361204050e-09
8.080902377238601801e-09
8.065639934116864439e-09
8.050405260128591942e-09
8.035198297406382634e-09
8.020018988082834840e-09
8.004867274290546882e-09
7.989743098162118741e-09
7.974646401830148739e-09
7.959577127427238510e-09
7.944535217085981415e-09
7.929520612938982396e-09
7.914533257118836467e-09
7.899573091758141953e-09
7.884640058989500486e-09
7.869734100945508737e-09
7.854855159758766684e-09
7.840003179685918608e-09
7.825178113479787658e-09
7.810379916017244593e-09
7.795608542175158520e-09
7.780863946830396890e-09
7.766146084859832116e-09
7.751454911140331651e-09
7.736790380548764600e-09
7.722152447962001723e-09
7.707541068256912126e-09
7.692956196310364914e-09
7.678397786999229193e-09
7.663865795200374070e-09
7.649360175790670303e-09
7.634880883646985344e-09
7.620427873646189953e-09
7.606001100665153236e-09
7.591600519580744299e-09
7.577226085269833901e-09
7.562877752609287840e-09
7.548555476475978529e-09
7.534259211746778384e-09
7.519988913298549893e-09
7.505744536008165469e-09
7.491526034752497528e-09
7.477333364408410211e-09
7.463166479852775934e-09
7.449025335962464629e-09
7.434909887614342094e-09
7.420820089685284050e-09
7.406755897052152987e-09
7.392717264591822973e-09
7.378704147181161460e-09
7.364716499697037553e-09
7.350754277016320358e-09
7.336817434015883116e-09
7.322905925572589971e-09
7.309019706563313336e-09
7.295158731864922317e-09
7.281322956354284365e-09
7.267512334908271896e-09
7.253726822403751532e-09
7.239966373717594862e-09
7.226230943726670163e-09
7.212520487307847369e-09
7.198834959337994758e-09
7.185174314693982262e-09
7.171538508252679816e-09
7.157927494890956524e-09
7.144341229485681492e-09
7.130779666244456128e-09
7.117242756697806086e-09
7.103730451706990977e-09
7.090242702133268757e-09
7.076779458837895728e-09
7.063340672682131501e-09
7.049926294527235686e-09
7.036536275234464586e-09
7.023170565665076983e-09
7.009829116680331662e-09
6.996511879141485751e-09
6.983218803909797206e-09
6.969949841846526467e-09
6.956704943812929833e-09
6.943484060670265263e-09
6.930287143279794021e-09
6.917114142502769927e-09
6.903965009200453419e-09
6.890839694234101626e-09
6.877738148464974986e-09
6.864660322754328974e-09
6.851606167963425683e-09
6.838575634953518932e-09
6.825568674585869159e-09
6.812585237721734321e-09
6.799625275222373201e-09
6.786688737949042928e-09
6.773775576763001459e-09
6.760885742525507577e-09
6.748019186097820893e-09
6.735175858341198535e-09
6.722355710116897634e-09
6.709558692286177799e-09
6.696784755710296160e-09
6.684033851250510674e-09
6.671305929768081777e-09
6.658600942124264945e-09
6.645918839180320615e-09
6.633259571797505918e-09
6.620623090837079635e-09
6.608009347160298897e-09
6.595418291628422487e-09
6.582849875102710015e-09
6.570304048444417784e-09
6.557780762514804576e-09
6.545279968175128349e-09
6.532801616286647059e-09
6.520345657710620315e-09
6.507912043308305248e-09
6.495500723940960641e-09
6.483111652961156118e-09
6.470744793686715419e-09
6.458400111926770644e-09
6.446077573490458029e-09
6.433777144186910499e-09
6.421498789825261808e-09
6.409242476214647366e-09
6.397008169164201752e-09
6.384795834483057894e-09
6.372605437980352026e-09
6.360436945465216249e-09
6.348290322746786797e-09
6.336165535634194943e-09
6.324062549936579404e-09
6.311981331463069798e-09
6.299921846022804841e-09
6.287884059424915806e-09
6.275867937478536447e-09
6.263873445992803826e-09
6.251900550776850870e-09
6.239949217639810505e-09
6.228019412390819795e-09
6.216111100839010011e-09
6.204224248793517388e-09
6.192358822063476508e-09
6.180514786458019471e-09
6.168692107786283338e-09
6.156890751857400209e-09
6.145110684480504665e-09
6.133351871464732114e-09
6.121614278619216311e-09
6.109897871753090182e-09
6.098202616675490788e-09
6.086528479195550231e-09
6.074875425122402263e-09
6.063243420265183120e-09
6.051632430433026556e-09
6.040042421435066324e-09
6.028473359080437006e-09
6.016925209178273183e-09
6.005397937537706953e-09
5.993891509967875380e-09
5.982405892277912218e-09
5.970941050276950392e-09
5.959496949774125312e-09
5.948073556578571558e-09
5.936670836499422057e-09
5.925288755345812217e-09
5.913927278926874964e-09
5.902586373051746535e-09
5.891265998296663926e-09
5.879966094306285382e-09
5.868686595492370737e-09
5.857427436266681479e-09
5.846188551040979096e-09
5.834969874227023421e-09
5.823771340236577599e-09
5.812592883481399807e-09
5.801434438373254016e-09
5.790295939323900887e-09
5.779177320745099425e-09
5.768078517048612775e-09
5.756999462646200769e-09
5.745940091949625723e-09
5.734900339370647470e-09
5.723880139321029981e-09
5.712879426212529781e-09
5.701898134456910838e-09
5.690936198465933815e-09
5.679993552651360199e-09
5.669070131424948997e-09
5.658165869198465006e-09
5.647280700383666406e-09
5.636414559392315511e-09
5.625567380636172155e-09
5.614739098526998654e-09
5.603929647476556496e-09
5.593138961896604688e-09
5.582366976198906372e-09
5.571613624795221382e-09
5.560878842097312860e-09
5.550162562516938986e-09
5.539464720465863729e-09
5.528785250355845270e-09
5.518124086598645923e-09
5.507481163606028831e-09
5.496856415789752173e-09
5.486249777561578265e-09
5.475661183333268595e-09
5.465090567516583823e-09
5.454537864523283785e-09
5.444003008765131621e-09
5.433485934653887994e-09
5.422986576601313563e-09
5.412504869019168164e-09
5.402040746319215765e-09
5.391594142913214547e-09
5.381164993212928478e-09
5.370753231630115738e-09
5.360358792576540297e-09
5.349981632472996430e-09
5.339621795776426099e-09
5.329279348952802399e-09
5.318954358468103387e-09
5.308646890788302986e-09
5.298357012379377599e-09
5.288084789707302802e-09
5.277830289238053344e-09
5.267593577437605629e-09
5.257374720771936888e-09
5.247173785707017733e-09
5.236990838708827876e-09
5.226825946243342068e-09
5.216679174776535883e-09
5.206550590774383244e-09
5.196440260702863863e-09
5.186348251027948353e-09
5.176274628215614772e-09
5.166219458731838697e-09
5.156182809042595702e-09
5.146164745613860539e-09
5.136165334911610436e-09
5.126184643401818489e-09
5.116222737550461102e-09
5.106279683823515504e-09
5.096355548686956445e-09
5.086450398606759502e-09
5.076564300048899422e-09
5.066697319479350129e-09
5.056849523364092161e-09
5.047020978169097786e-09
5.037211750360342580e-09
5.027421906403802947e-09
5.017651512765454463e-09
5.007900635911270223e-09
4.998169342307229938e-09
4.988457698419306703e-09
4.978765770713476923e-09
4.969093625655716172e-09
4.959441329711999201e-09
4.949808949348301585e-09
4.940196551030598901e-09
4.930604201224868380e-09
4.921031966397083942e-09
4.911479913013221992e-09
4.901948107539256451e-09
4.892436616441165378e-09
4.882945506184922694e-09
4.873474843236505630e-09
4.864024694061886453e-09
4.854595045448582031e-09
4.845185565470257025e-09
4.835795842522117391e-09
4.826425464999365771e-09
4.817074021297208948e-09
4.807741099810849565e-09
4.798426288935491922e-09
4.789129177066342800e-09
4.779849352598604015e-09
4.770586403927482349e-09
4.761339919448179620e-09
4.752109487555901780e-09
4.742894696645853956e-09
4.733695135113240448e-09
4.724510391353263899e-09
4.715340053761131918e-09
4.706183710732047150e-09
4.697040950661213893e-09
4.687911361943835620e-09
4.678794532975119111e-09
4.669690052150268665e-09
4.660597507864487755e-09
4.651516488512981506e-09
4.642446582490952564e-09
4.633387378193607709e-09
4.624338464016150412e-09
4.615299428353786628e-09
4.606269859601718174e-09
4.597249346155150177e-09
4.588237476409289416e-09
4.579233838759339364e-09
4.570238021600503493e-09
4.561249613327986930e-09
4.552268202336993972e-09
4.543293377022727266e-09
4.534324725780395245e-09
4.525361837005200556e-09
4.516404299092346669e-09
4.507451700437039538e-09
4.498503629434482635e-09
4.489559674479880260e-09
4.480619423968438366e-09
4.471682466295361251e-09
4.462748389855850734e-09
4.453816783045114422e-09
4.444887234258355787e-09
4.435959331890779129e-09
4.427032664337588746e-09
4.418106819993988938e-09
4.409181387255185657e-09
