# pt
2.354416768110060742e-09
2.762013047715972141e-09
2.966357457449881103e-09
3.063583232652448931e-09
3.099037039294225647e-09
3.096860367080282176e-09
3.070916579544509320e-09
3.029847720123382274e-09
2.978437382602250874e-09
2.921016242885038588e-09
2.859081877728121270e-09
2.794215390588217060e-09
2.728012521459735997e-09
2.661188454241337066e-09
2.594237552262180955e-09
2.527651452669180005e-09
2.461840274855614729e-09
2.396890793382489989e-09
2.332857188641667112e-09
2.269986609180711860e-09
2.208514973692777310e-09
2.148440313297665126e-09
2.089718855738960625e-09
2.032377502828730216e-09
1.976451791185236128e-09
1.921941122583055209e-09
1.868818887664392657e-09
1.816990567385667968e-09
1.766380444685361249e-09
1.717055920115986940e-09
1.669094205684369419e-09
1.622468641600537227e-09
1.577132969960573995e-09
1.533066412201582243e-09
1.490252524974090094e-09
1.448666726441310429e-09
1.408280906412822025e-09
1.369060979770982482e-09
1.330971367666343692e-09
1.293978626675528662e-09
1.258057855079445275e-09
1.223186286585072531e-09
1.189341154899390049e-09
1.156499693729376209e-09
1.124639328320846176e-09
1.093738250074957090e-09
1.063774841931702467e-09
1.034727486831074991e-09
1.006574567713068385e-09
9.792938449633739953e-10
9.528605887504774044e-10
9.272494466885625452e-10
9.024350663918134541e-10
8.783920954744137542e-10
8.550955922018762856e-10
8.325222574450272428e-10
8.106492027260216241e-10
7.894535395670141176e-10
7.689123794901595147e-10
7.490042463408361851e-10
7.297133132573146397e-10
7.110251657010892777e-10
6.929253891336538780e-10
6.753995690165024264e-10
6.584327742898561647e-10
6.420080078088438096e-10
6.261077559073213339e-10
6.107145049191444003e-10
5.958107411781688781e-10
5.813792162314886395e-10
5.674037424791493605e-10
5.538683975344351331e-10
5.407572590106294290e-10
5.280544045210162371e-10
5.157446106127536644e-10
5.038154495684977393e-10
4.922551926047787116e-10
4.810521109381267281e-10
4.701944757850723489e-10
4.596707724164668081e-10
4.494703423204458953e-10
4.395827410394663845e-10
4.299975241159851526e-10
4.207042470924588701e-10
4.116922658846532873e-10
4.029501379015690265e-10
3.944662209255156868e-10
3.862288727388028671e-10
3.782264511237400113e-10
3.704482947563945363e-10
3.628876658878652346e-10
3.555388076630087165e-10
3.483959632266816957e-10
3.414533757237405242e-10
3.347052882990421742e-10
3.281459440974431527e-10
3.217695862637999667e-10
3.155704579429693815e-10
3.095428022798080077e-10
3.036808624191724039e-10
2.979788815059192838e-10
2.924311026849052061e-10
2.870317691009868329e-10
2.817751238990207745e-10
2.766554102238636931e-10
2.716668712203721473e-10
2.668037500334028508e-10
2.620602898078123624e-10
2.574307336884573441e-10
2.529098979476603421e-10
2.484948913676076452e-10
2.441833958579513748e-10
2.399730933283438073e-10
2.358616656884370641e-10
2.318467948478834216e-10
2.279261627163350010e-10
2.240974512034439753e-10
2.203583422188626211e-10
2.167065176722430337e-10
2.131396594732374896e-10
2.096554495314981101e-10
2.062515697566770941e-10
2.029257020584266661e-10
1.996755283463990511e-10
1.964987305302463702e-10
1.933929905196208224e-10
1.903559902241746583e-10
1.873854115535599731e-10
1.844789364174290435e-10
1.816344239108780277e-10
1.788504418707792323e-10
1.761257353194487938e-10
1.734590492792030817e-10
1.708491287723583102e-10
1.682947188212307195e-10
1.657945644481366529e-10
1.633474106753922732e-10
1.609520025253138979e-10
1.586070850202177155e-10
1.563114031824200952e-10
1.540637020342371480e-10
1.518627265979852432e-10
1.497072218959806210e-10
1.475959329505395213e-10
1.455276047839781844e-10
1.435009824186129278e-10
1.415148108767599659e-10
1.395678351807355387e-10
1.376588003528559381e-10
1.357865400914106146e-10
1.339502427985817065e-10
1.321491855525246656e-10
1.303826454313948148e-10
1.286498995133475284e-10
1.269502248765382068e-10
1.252828985991221986e-10
1.236471977592549042e-10
1.220423994350916979e-10
1.204677807047879284e-10
1.189226186464989961e-10
1.174061903383802752e-10
1.159177728585871275e-10
1.144566432852749532e-10
1.130220786965990750e-10
1.116133561707149321e-10
1.102297527857778731e-10
1.088705456199432594e-10
1.075350117513664915e-10
1.062224282582029179e-10
1.049320722186079389e-10
1.036632207107369161e-10
1.024151508127452368e-10
1.011871396027882497e-10
9.997846415902136793e-11
9.878846709440157635e-11
9.761675316109246883e-11
9.646299264605923667e-11
9.532685583626709700e-11
9.420801301868127988e-11
9.310613448026696368e-11
9.202089050798937845e-11
9.095195138881372841e-11
8.989898740970525654e-11
8.886166885762911536e-11
8.783966601955056077e-11
8.683264918243478407e-11
8.584028863324700239e-11
8.486225465895244579e-11
8.389821754651627971e-11
8.294784758290377298e-11
8.201081505508007812e-11
8.108679025001045104e-11
8.017544345466007010e-11
7.927644495599417828e-11
7.838946504097796688e-11
7.751417399657664010e-11
7.665024210975544094e-11
7.579733966747953482e-11
7.495513695671417766e-11
7.412334227203119343e-11
7.330181593842900142e-11
7.249045628851265361e-11
7.168916165488724074e-11
7.089783037015776309e-11
7.011636076692931142e-11
6.934465117780693769e-11
6.858259993539568097e-11
6.783010537230061906e-11
6.708706582112679103e-11
6.635337961447926177e-11
6.562894508496307034e-11
6.491366056518328163e-11
6.420742438774496054e-11
6.351013488525314613e-11
6.282169039031292914e-11
6.214198923552930986e-11
6.147092975350739194e-11
6.080841027685218861e-11
6.015432913816879059e-11
5.950858467006224988e-11
5.887107520513760552e-11
5.824169907599992241e-11
5.762035461525425252e-11
5.700694015550564784e-11
5.640135402935916679e-11
5.580349456941988075e-11
5.521326010829282229e-11
5.463054897858304986e-11
5.405525951289563483e-11
5.348729004383560977e-11
5.292653890400804605e-11
5.237290442601800210e-11
5.182628494247052345e-11
5.128657878597066206e-11
5.075368428912349577e-11
5.022749978453405069e-11
4.970792360480739819e-11
4.919485408254859024e-11
4.868818955036269174e-11
4.818782834085472883e-11
4.769366878662979871e-11
4.720560922029292750e-11
4.672354797444918011e-11
4.624738338170361498e-11
4.577701377466128408e-11
4.531233748592723292e-11
4.485325284810652640e-11
4.439965819380422297e-11
4.395145185562537459e-11
4.350854129990614879e-11
4.307087052790716233e-11
4.263839267462013463e-11
4.221106087503681093e-11
4.178882826414890415e-11
4.137164797694814662e-11
4.095947314842626420e-11
4.055225691357499567e-11
4.014995240738604751e-11
3.975251276485117788e-11
3.935989112096208680e-11
3.897204061071050658e-11
3.858891436908817601e-11
3.821046553108682095e-11
3.783664723169816080e-11
3.746741260591392786e-11
3.710271478872586094e-11
3.674250691512566650e-11
3.638674212010508332e-11
3.603537353865584373e-11
3.568835430576966712e-11
3.534563755643829227e-11
3.500717642565343859e-11
3.467292404840683193e-11
3.434283355969020461e-11
3.401685809449528249e-11
3.369495078781379789e-11
3.337706477463747021e-11
3.306315318995803823e-11
3.275316916876722135e-11
3.244706584605674543e-11
3.214479635681834924e-11
3.184631383604375220e-11
3.155157141872468015e-11
3.126052223985286542e-11
3.097311943442004032e-11
3.068931613741792427e-11
3.040906548383824956e-11
3.013232060867274207e-11
2.985903464691313412e-11
2.958916073355114510e-11
2.932265200357850087e-11
2.905946159198694991e-11
2.879954263376819869e-11
2.854284826391398600e-11
2.828933161741603122e-11
2.803894582926606991e-11
2.779164403445582471e-11
2.754737936797703116e-11
2.730610496482140866e-11
2.706777547010034045e-11
2.683235156940381030e-11
2.659979545844146581e-11
2.637006933292294165e-11
2.614313538855786927e-11
2.591895582105589305e-11
2.569749282612665736e-11
2.547870859947979365e-11
2.526256533682494630e-11
2.504902523387175644e-11
2.483805048632985230e-11
2.462960328990888148e-11
2.442364584031848188e-11
2.422014033326829466e-11
2.401904896446795127e-11
2.382033392962709929e-11
2.362395742445537020e-11
2.342988164466240835e-11
2.323806878595784520e-11
2.304848104405133482e-11
2.286108061465250219e-11
2.267582969347099814e-11
2.249269047621644444e-11
2.231162515859849839e-11
2.213259593632678496e-11
2.195556500511095499e-11
2.178049456066063994e-11
2.160734679868547771e-11
2.143608391489511269e-11
2.126666810499918277e-11
2.109906156470732587e-11
2.093322648972918314e-11
2.076912507577438601e-11
2.060671951855258211e-11
2.044597201377340610e-11
2.028684475714649913e-11
2.012929994438149912e-11
1.997329977118804719e-11
1.981880643327577805e-11
1.966578212635433604e-11
1.951418904613334941e-11
1.936398938832247220e-11
1.921514534863133911e-11
1.906761912276958481e-11
1.892137290644684722e-11
1.877636889537277070e-11
1.863256928525698671e-11
1.848993627180913962e-11
1.834843205073887381e-11
1.820801881775582071e-11
1.806866426815420228e-11
1.793035809556657330e-11
1.779309549321006291e-11
1.765687165430181640e-11
1.752168177205895320e-11
1.738752103969861538e-11
1.725438465043793528e-11
1.712226779749404527e-11
1.699116567408408419e-11
1.686107347342518761e-11
1.673198638873448145e-11
1.660389961322910452e-11
1.647680834012618919e-11
1.635070776264286781e-11
1.622559307399628245e-11
1.610145946740356224e-11
1.597830213608183954e-11
1.585611627324824993e-11
1.573489707211992579e-11
1.561463972591400594e-11
1.549533942784761950e-11
1.537699137113790531e-11
1.525959074900199249e-11
1.514313275465701341e-11
1.502761258132011012e-11
1.491302542220841175e-11
1.479936647053905712e-11
1.468663091952917215e-11
1.457481396239589241e-11
1.446391079235635835e-11
1.435391660262770072e-11
1.424482658642705511e-11
1.413663593697155388e-11
1.402933984747832616e-11
1.392293351116451401e-11
1.381741212124724817e-11
1.371277087094366424e-11
1.360900495347089458e-11
1.350610956204607317e-11
1.340407988988633560e-11
1.330291113020881100e-11
1.320259847623064304e-11
1.310313712116895762e-11
1.300452225824089196e-11
1.290674908066358002e-11
1.280981278165415418e-11
1.271370855442975163e-11
1.261843159220750313e-11
1.252397708820454427e-11
1.243034023563801064e-11
1.233751567813420597e-11
1.224549586095612909e-11
1.215427267977595022e-11
1.206383803026583631e-11
1.197418380809795920e-11
1.188530190894448424e-11
1.179718422847758810e-11
1.170982266236943128e-11
1.162320910629218883e-11
1.153733545591803258e-11
1.145219360691912627e-11
1.136777545496764170e-11
1.128407289573574910e-11
1.120107782489561543e-11
1.111878213811941088e-11
1.103717773107931053e-11
1.095625649944747648e-11
1.087601033889607894e-11
1.079643114509729135e-11
1.071751081372328068e-11
1.063924124044621713e-11
1.056161432093827091e-11
1.048462195087160898e-11
1.040825602591839994e-11
1.033250844175081722e-11
1.025737109404102780e-11
1.018283587846120348e-11
1.010889469068351125e-11
1.003553942638011969e-11
9.962761981223200623e-12
9.890554250884924249e-12
9.818908131037455925e-12
9.747815517352969087e-12
9.677268305503632321e-12
9.607258391161614217e-12
9.537777669999084977e-12
9.468818037688211574e-12
9.400371389901165826e-12
9.332429622310117937e-12
9.264984630587236495e-12
9.198028310404688472e-12
9.131552557434647302e-12
9.065549267349279958e-12
9.000010335820756644e-12
8.934927658521245946e-12
8.870293131122919684e-12
8.806098649297943215e-12
8.742336108718488358e-12
8.678997405056728547e-12
8.616074433984825908e-12
8.553560242272159538e-12
8.491452481076919879e-12
8.429749952654509498e-12
8.368451459260327731e-12
8.307555803149767451e-12
8.247061786578236073e-12
8.186968211801124853e-12
8.127273881073836360e-12
8.067977596651768314e-12
8.009078160790323281e-12
7.950574375744894135e-12
7.892465043770881827e-12
7.834748967123687310e-12
7.777424948058708303e-12
7.720491788831342526e-12
7.663948291696990931e-12
7.607793258911049623e-12
7.552025492728921169e-12
7.496643795406001674e-12
7.441646969197690472e-12
7.387033816359386901e-12
7.332803139146493528e-12
7.278953739814401609e-12
7.225484420618513713e-12
7.172393983814229175e-12
7.119681231656945715e-12
7.067344966402064285e-12
7.015383990304981798e-12
6.963797105621097588e-12
6.912583114605810993e-12
6.861740819514521348e-12
6.811269022602626373e-12
6.761166526125526212e-12
6.711432132338617778e-12
6.662064643497301214e-12
6.613062861856975855e-12
6.564425589673039423e-12
6.516151629200891253e-12
6.468239782695930681e-12
6.420688852413556235e-12
6.373497640609167252e-12
6.326664949538161450e-12
6.280189581455938167e-12
6.234070338617896737e-12
6.188306023279436498e-12
6.142895437695955168e-12
6.097837384122852085e-12
6.053130664815525776e-12
6.008774082029376385e-12
5.964766438019800823e-12
5.921106344523483858e-12
5.877791651202250356e-12
5.834820017199206576e-12
5.792189101657462007e-12
5.749896563720123716e-12
5.707940062530302807e-12
5.666317257231106347e-12
5.625025806965641402e-12
5.584063370877017461e-12
5.543427608108344014e-12
5.503116177802728935e-12
5.463126739103279290e-12
5.423456951153103761e-12
5.384104473095312644e-12
5.345066964073013007e-12
5.306342083229312722e-12
5.267927489707322089e-12
5.229820842650147363e-12
5.192019801200898844e-12
5.154522024502682789e-12
5.117325171698609496e-12
5.080426901931787646e-12
5.043824874345323498e-12
5.007516748082327349e-12
4.971500182285906265e-12
4.935772836099170544e-12
4.900332368665227251e-12
4.865176439127185069e-12
4.830302706628151063e-12
4.795708830311237147e-12
4.761392469319548770e-12
4.727351282796194616e-12
4.693582929884283364e-12
4.660085069726926121e-12
4.626855361467226722e-12
4.593891464248295463e-12
4.561191037213241835e-12
4.528751739505173710e-12
4.496571230267199772e-12
4.464647168642427086e-12
4.432977213773964333e-12
4.401559024804921812e-12
4.370390260878406588e-12
4.339468581137526535e-12
4.308791644725391951e-12
4.278357110785108286e-12
4.248162638459786644e-12
4.218205886892534901e-12
4.188484515226460122e-12
4.158996182604672605e-12
4.129738616122061675e-12
4.100709814680648120e-12
4.071907845134234987e-12
4.043330774336623708e-12
4.014976669141618138e-12
3.986843596403020517e-12
3.958929622974632276e-12
3.931232815710257271e-12
3.903751241463696932e-12
3.876482967088755924e-12
3.849426059439234870e-12
3.822578585368936817e-12
3.795938611731664812e-12
3.769504205381221096e-12
3.743273433171407907e-12
3.717244361956029101e-12
3.691415058588885302e-12
3.665783589923781172e-12
3.640348022814518951e-12
3.615106424114899264e-12
3.590056860678726368e-12
3.565197399359802907e-12
3.540526107011930314e-12
3.516041050488912039e-12
3.491740296644550726e-12
3.467621912332649421e-12
3.443683964407009558e-12
3.419924519721434182e-12
3.396341645129725534e-12
3.372933407485687065e-12
3.349697873643121014e-12
3.326633110455829621e-12
3.303737184777615529e-12
3.281008163462281785e-12
3.258444113363630226e-12
3.236043101335464302e-12
3.213803194231586253e-12
3.191722458905798318e-12
3.169798962211903141e-12
3.148030771003704173e-12
3.126415952135002442e-12
3.104952572459601803e-12
3.083638698831304898e-12
3.062472398103913565e-12
3.041451737131230447e-12
3.020574782767058993e-12
2.999839601865200233e-12
2.979244261279458022e-12
2.958786827863635406e-12
2.938465368471533414e-12
2.918278097421083974e-12
2.898223818886729287e-12
2.878301484507041646e-12
2.858510045920592942e-12
2.838848454765953448e-12
2.819315662681695459e-12
2.799910621306390056e-12
2.780632282278607918e-12
2.761479597236922146e-12
2.742451517819903418e-12
2.723546995666122816e-12
2.704764982414151826e-12
2.686104429702562742e-12
2.667564289169925434e-12
2.649143512454813408e-12
2.630841051195796534e-12
2.612655857031447105e-12
2.594586881600335800e-12
2.576633076541034508e-12
2.558793393492114716e-12
2.541066784092147909e-12
2.523452199979705574e-12
2.505948592793358792e-12
2.488554914171678645e-12
2.471270115753237427e-12
2.454093149176607028e-12
2.437022966080357722e-12
2.420058518103060996e-12
2.403198756883288737e-12
2.386442634059613242e-12
2.369789101270604379e-12
2.353237110154834039e-12
2.336785612350874920e-12
2.320433559497296487e-12
2.304179903232671034e-12
2.288023595195570855e-12
2.271963587024566225e-12
2.255998830358229033e-12
2.240128276835131573e-12
2.224350878093843312e-12
2.208665585772936946e-12
2.193071351510984366e-12
2.177567126946556250e-12
2.162151863718223679e-12
2.146824513464559353e-12
2.131584027824133948e-12
2.116429358435518546e-12
2.101359456937285038e-12
2.086373274968004909e-12
2.071469764166250050e-12
2.056647986041219507e-12
2.041907441584630250e-12
2.027247741658825595e-12
2.012668497126150882e-12
1.998169318848949832e-12
1.983749817689566572e-12
1.969409604510346438e-12
1.955148290173633154e-12
1.940965485541771653e-12
1.926860801477106061e-12
1.912833848841980504e-12
1.898884238498739513e-12
1.885011581309727617e-12
1.871215488137289749e-12
1.857495569843769633e-12
1.843851437291511798e-12
1.830282701342860371e-12
1.816788972860160284e-12
1.803369862705756068e-12
1.790024981741991850e-12
1.776753940831211755e-12
1.763556350835760514e-12
1.750431822617982659e-12
1.737379967040222113e-12
1.724400394964823608e-12
1.711492717254131674e-12
1.698656544770490841e-12
1.685891488376244630e-12
1.673197158933738579e-12
1.660573167305316209e-12
1.648019124353322657e-12
1.635534640940101643e-12
1.623119327927998304e-12
1.610772796179356565e-12
1.598494656556520752e-12
1.586284519921835598e-12
1.574141997137645230e-12
1.562066699066294378e-12
1.550058236570127371e-12
1.538116220511488134e-12
1.526240261752721397e-12
1.514429971156172095e-12
1.502684959584183950e-12
1.491004837899101290e-12
1.479389216963269251e-12
1.467837707639031555e-12
1.456349920788732934e-12
1.444925467274717716e-12
1.433563957959330632e-12
1.422265003704915406e-12
1.411028280749234141e-12
1.399853726831718025e-12
1.388741345067215823e-12
1.377691138570575892e-12
1.366703110456646189e-12
1.355777263840275879e-12
1.344913601836313121e-12
1.334112127559606879e-12
1.323372844125004906e-12
1.312695754647356369e-12
1.302080862241509425e-12
1.291528170022312434e-12
1.281037681104614562e-12
1.270609398603263563e-12
1.260243325633108401e-12
1.249939465308997637e-12
1.239697820745779429e-12
1.229518395058302337e-12
1.219401191361415125e-12
1.209346212769966151e-12
1.199353462398803977e-12
1.189422943362776962e-12
1.179554658776733666e-12
1.169748611755522651e-12
1.160004805413992276e-12
1.150323242866991304e-12
1.140703927229368295e-12
1.131146861615971206e-12
1.121652049141649000e-12
1.112219492921250239e-12
1.102849196069623081e-12
1.093541161701616489e-12
1.084295392932078419e-12
1.075111892875857635e-12
1.065990664647802696e-12
1.056931711362762165e-12
1.047935036135584602e-12
1.039000642081118164e-12
1.030128532314211413e-12
1.021318709949713312e-12
1.012571178102471818e-12
1.003885939887335896e-12
9.952629984191534998e-13
9.867023568127735952e-13
9.782040181830447431e-13
9.697679856448153025e-13
9.613942623129332285e-13
9.530828513022480921e-13
9.448337557276076463e-13
9.366469787038604523e-13
9.285223521457716466e-13
9.204590231677708511e-13
9.124559676842046670e-13
9.045121616094198975e-13
8.966265808577623362e-13
8.887982013435784833e-13
8.810259989812146372e-13
8.733089496850175002e-13
8.656460293693330677e-13
8.580362139485080419e-13
8.504784793368886203e-13
8.429718014488211012e-13
8.355151561986518840e-13
8.281075195007275699e-13
8.207478672693941544e-13
8.134351754189984407e-13
8.061684198638865252e-13
7.989465765184047063e-13
7.917686212968994843e-13
7.846335301137174605e-13
7.775402788832044283e-13
7.704878435197074940e-13
7.634751999375725520e-13
7.565013240511460016e-13
7.495651917747741412e-13
7.426657790228036730e-13
7.358020617095807945e-13
7.289730157494518039e-13
7.221776170567629997e-13
7.154148415458610842e-13
7.086836651310922546e-13
7.019830637268028095e-13
6.953120132473391480e-13
6.886694896070477705e-13
6.820544687202747735e-13
6.754659265013668592e-13
6.689028388646702249e-13
6.623641817245311691e-13
6.558489309952963940e-13
6.493560625913118950e-13
6.428845524269240715e-13
6.364333764164796257e-13
6.300015104743247550e-13
6.235879305148055559e-13
6.171916124522689325e-13
6.108115322010606784e-13
6.044466656755275967e-13
5.980959887900158849e-13
5.917584774588720432e-13
5.854331075964422691e-13
5.791194216860811465e-13
5.728192284871750893e-13
5.665349033281188981e-13
5.602688215373070704e-13
5.540233584431344067e-13
5.478008893739954045e-13
5.416037896582846624e-13
5.354344346243969809e-13
5.292951996007269585e-13
5.231884599156691938e-13
5.171165908976183863e-13
5.110819678749690335e-13
5.050869661761159361e-13
4.991339611294534904e-13
4.932253280633766990e-13
4.873634423062799586e-13
4.815506791865577665e-13
4.757894140326051254e-13
4.700820221728165327e-13
4.644308789355863851e-13
4.588383596493095840e-13
4.533068396423809300e-13
4.478386942431946175e-13
4.424362987801454473e-13
4.371020285816282701e-13
4.318382589760374827e-13
4.266473652917678351e-13
4.215317228572139257e-13
4.164937070007703531e-13
4.115356930508318673e-13
4.066600563357930164e-13
4.018691721840484999e-13
3.971654159239929164e-13
3.925511628840209148e-13
3.880287883925270432e-13
3.836006677779061527e-13
3.792691763685525892e-13
3.750366894928613049e-13
3.709055824792266961e-13
3.668782306560435131e-13
3.629570093517063542e-13
3.591442938946099191e-13
3.554424596131488063e-13
3.518538818357176142e-13
3.483809358907110425e-13
3.450259971065236897e-13
3.417914408115501543e-13
3.386796423341851358e-13
3.356929770028233338e-13
3.328338201458592963e-13
3.301036047452845917e-13
3.274999943974784158e-13
3.250197103524170856e-13
3.226594738600766658e-13
3.204160061704333218e-13
3.182860285334632194e-13
3.162662621991425242e-13
3.143534284174474521e-13
3.125442484383541184e-13
3.108354435118387896e-13
3.092237348878774294e-13
3.077058438164464557e-13
3.062784915475218323e-13
3.049383993310797752e-13
3.036822884170965509e-13
3.025068800555483252e-13
3.014088954964110617e-13
3.003850559896611278e-13
2.994320827852745882e-13
2.985466971332277096e-13
2.977256202834966069e-13
2.969655734860573954e-13
2.962632779908862910e-13
2.956154550479594595e-13
2.950188259072530664e-13
2.944701118187432772e-13
2.939660340324063082e-13
2.935033137982182238e-13
2.930786723661552403e-13
2.926888309861935736e-13
2.923305109083093389e-13
2.920004333824786513e-13
2.916953196586778279e-13
2.914118909868828828e-13
2.911468686170700826e-13
2.908969737992155928e-13
2.906589277832954782e-13
2.904294518192860557e-13
2.902052671571633899e-13
2.899830950469035961e-13
2.897596567384829408e-13
2.895316734818776905e-13
2.892958665270638089e-13
2.890489571240175120e-13
2.887876665227150665e-13
2.885087159731325370e-13
2.882088267252461396e-13
2.878847200290320398e-13
2.875331171344663528e-13
2.871507392915253451e-13
2.867350060897458157e-13
2.862861304769076020e-13
2.858050237403511240e-13
2.852925971674170038e-13
2.847497620454456616e-13
2.841774296617775681e-13
2.835765113037533454e-13
2.829479182587133126e-13
2.822925618139981424e-13
2.816113532569482548e-13
2.809052038749042216e-13
2.801750249552064124e-13
2.794217277851953987e-13
2.786462236522117018e-13
2.778494238435957923e-13
2.770322396466881913e-13
2.761955823488294200e-13
2.753403632373599489e-13
2.744674935996201983e-13
2.735778847229507903e-13
2.726724478946921955e-13
2.717520944021849350e-13
2.708177355327694290e-13
2.698702825737861986e-13
2.689106468125758660e-13
2.679397395364788007e-13
2.669584720328355745e-13
2.659677555889865065e-13
2.649685014922723702e-13
2.639616210300335354e-13
2.629480254896104727e-13
2.619286261583437537e-13
2.609043343235737986e-13
2.598760612726411789e-13
2.588447182928863654e-13
2.578112166716498287e-13
2.567764676962721908e-13
2.557413826540938215e-13
2.547068728324552924e-13
2.536738495186969731e-13
2.526432240001595362e-13
2.516159075641834525e-13
2.505928114981090914e-13
2.495748470892771257e-13
2.485629256250279251e-13
2.475579583927020611e-13
2.465608566796400043e-13
2.455725317731822760e-13
2.445938949606693972e-13
2.436258575294417881e-13
2.426691478169173159e-13
2.417237623608231309e-13
2.407895147489635276e-13
2.398662185691431539e-13
2.389536874091663041e-13
2.380517348568373738e-13
2.371601744999608593e-13
2.362788199263411561e-13
2.354074847237827100e-13
2.345459824800899671e-13
2.336941267830673226e-13
2.328517312205191720e-13
2.320186093802501128e-13
2.311945748500643384e-13
2.303794412177663956e-13
2.295730220711607809e-13
2.287751309980518392e-13
2.279855815862440164e-13
2.272041874235417080e-13
2.264307620977494356e-13
2.256651191966714936e-13
2.249070723081124038e-13
2.241564350198766371e-13
2.234130209197684882e-13
2.226766435955924786e-13
2.219471166351530796e-13
2.212242536262546107e-13
2.205078681567015937e-13
2.197977738142983482e-13
2.190937841868493959e-13
2.183957128621591574e-13
2.177033734280320535e-13
2.170165794722725552e-13
2.163351445826849823e-13
2.156588823470738059e-13
2.149876063532434973e-13
2.143211301889984770e-13
2.136592674421431657e-13
2.130018317004819841e-13
2.123486365518193529e-13
2.116994955839597179e-13
2.110542223847075000e-13
2.104126305418671448e-13
2.097745336432430480e-13
2.091397452766397059e-13
2.085080790298614633e-13
2.078793484907128169e-13
2.072533672469981618e-13
2.066299488865219189e-13
2.060089069970885341e-13
2.053900891390581024e-13
2.047734787630133662e-13
2.041590932920927173e-13
2.035469501494345724e-13
2.029370667581773485e-13
2.023294605414594119e-13
2.017241489224192046e-13
2.011211493241950932e-13
2.005204791699255197e-13
1.999221558827489263e-13
1.993261968858035782e-13
1.987326196022280186e-13
1.981414414551605887e-13
1.975526798677397306e-13
1.969663522631037853e-13
1.963824760643912708e-13
1.958010686947404524e-13
1.952221475772897722e-13
1.946457301351777229e-13
1.940718337915426708e-13
1.935004759695229570e-13
1.929316740922570742e-13
1.923654455828833383e-13
1.918018078645402165e-13
1.912407783603661006e-13
1.906823744934993821e-13
1.901266136870784779e-13
1.895735133642418301e-13
1.890230909481277294e-13
1.884753638618746936e-13
1.879303495286210891e-13
1.873880653715053075e-13
1.868485288136658162e-13
1.863117572782409310e-13
1.857777681883690689e-13
1.852465789671886971e-13
1.847182070378381820e-13
1.841926698234559406e-13
1.836699847471803392e-13
1.831501692321498704e-13
1.826332407015027996e-13
1.821192165783776698e-13
1.816081142859127971e-13
1.810999512472466487e-13
1.805947448855175657e-13
1.800925126238640155e-13
1.795932718854243646e-13
1.790970400933370297e-13
1.786038346707404025e-13
1.781136730407728999e-13
1.776265606593632759e-13
1.771424551136016087e-13
1.766613020233684146e-13
1.761830470085441088e-13
1.757076356890091319e-13
1.752350136846440003e-13
1.747651266153291039e-13
1.742979201009449086e-13
1.738333397613719308e-13
1.733713312164905857e-13
1.729118400861812886e-13
1.724548119903245307e-13
1.720001925488008028e-13
1.715479273814905205e-13
1.710979621082741242e-13
1.706502423490321555e-13
1.702047137236449792e-13
1.697613218519930106e-13
1.693200123539568671e-13
1.688807308494168376e-13
1.684434229582534891e-13
1.680080343003472872e-13
1.675745104955785717e-13
1.671427971638279092e-13
1.667128399249756899e-13
1.662845843989024301e-13
1.658579762054884945e-13
1.654329609646144500e-13
1.650094842961606362e-13
1.645874918200076198e-13
1.641669291560357909e-13
1.637477419241256407e-13
1.633298757441575843e-13
1.629132762360120876e-13
1.624978890195696165e-13
1.620836597147106619e-13
1.616705339413156392e-13
1.612584573192649889e-13
1.608473754684392275e-13
1.604372340087187196e-13
1.600279785599840068e-13
1.596195547421154793e-13
1.592119081749936532e-13
1.588049844784989692e-13
1.583987292725118679e-13
1.579930881769127897e-13
1.575880068115822006e-13
1.571834307964005410e-13
1.567793057512483526e-13
1.563755772960060001e-13
1.559722024975886302e-13
1.555691842110500876e-13
1.551665367384788980e-13
1.547642743819635365e-13
1.543624114435924530e-13
1.539609622254541983e-13
1.535599410296372727e-13
1.531593621582301767e-13
1.527592399133214358e-13
1.523595885969994999e-13
1.519604225113529199e-13
1.515617559584701456e-13
1.511636032404397026e-13
1.507659786593500914e-13
1.503688965172898121e-13
1.499723711163473906e-13
1.495764167586112766e-13
1.491810477461700462e-13
1.487862783811120988e-13
1.483921229655260105e-13
1.479985958015002565e-13
1.476057111911233623e-13
1.472134834364837778e-13
1.468219268396700791e-13
1.464310557027706655e-13
1.460408843278741385e-13
1.456514270170689479e-13
1.452626980724435687e-13
1.448747117960865772e-13
1.444874824900864231e-13
1.441010244565316322e-13
1.437153519975106794e-13
1.433304794151120652e-13
1.429464210114243151e-13
1.425631910885359043e-13
1.421808039485353837e-13
1.417992738935111778e-13
1.414186152255518627e-13
1.410388422467458884e-13
1.406599692591817551e-13
1.402820105649479886e-13
1.399049804661330638e-13
1.395288932648255317e-13
1.391537632631138422e-13
1.387796047630865207e-13
1.384064320668320930e-13
1.380342594764389837e-13
1.376631012939957436e-13
1.372929718215908983e-13
1.369238853613128977e-13
1.365558537652463819e-13
1.361888790854603734e-13
1.358229609240200596e-13
1.354580988829905269e-13
1.350942925644369880e-13
1.347315415704245546e-13
1.343698455030184142e-13
1.340092039642836785e-13
1.336496165562855348e-13
1.332910828810890950e-13
1.329336025407595464e-13
1.325771751373620007e-13
1.322218002729616455e-13
1.318674775496235923e-13
1.315142065694130286e-13
1.311619869343950914e-13
1.308108182466349681e-13
1.304607001081977199e-13
1.301116321211485594e-13
1.297636138875526490e-13
1.294166450094751003e-13
1.290707250889811007e-13
1.287258537281357619e-13
1.283820305290042461e-13
1.280392550936517156e-13
1.276975270241433324e-13
1.273568459225442084e-13
1.270172113909195561e-13
1.266786230313344369e-13
1.263410804458541138e-13
1.260045832365436481e-13
1.256691310054682272e-13
1.253347233546929628e-13
1.250013598862830424e-13
1.246690402023036281e-13
1.243377639048198317e-13
1.240075305958968406e-13
1.236783398775997917e-13
1.233501913519938220e-13
1.230230846211440684e-13
1.226970192871157437e-13
1.223719949519739342e-13
1.220480112177838274e-13
1.217250676866105855e-13
1.214031639605192949e-13
1.210822996415751684e-13
1.207624743318433429e-13
1.204436876333889301e-13
1.201259391482771679e-13
1.198092284785731175e-13
1.194935575405686779e-13
1.191789375074626450e-13
1.188653818666805010e-13
1.185529041056477531e-13
1.182415177117898837e-13
1.179312361725323749e-13
1.176220729753007593e-13
1.173140416075205191e-13
1.170071555566171364e-13
1.167014283100161439e-13
1.163968733551429734e-13
1.160935041794231826e-13
1.157913342702822537e-13
1.154903771151456437e-13
1.151906462014389105e-13
1.148921550165875362e-13
1.145949170480169778e-13
1.142989457831527678e-13
1.140042547094203633e-13
1.137108573142453473e-13
1.134187670850530885e-13
1.131279975092692330e-13
1.128385620743191495e-13
1.125504742676283959e-13
1.122637475766224416e-13
1.119783954887268068e-13
1.116944314913669735e-13
1.114118690719684492e-13
1.111307217179567034e-13
1.108510029167572941e-13
1.105727261557956655e-13
1.102959049224973125e-13
1.100205527042877675e-13
1.097466829885924877e-13
1.094743092628369804e-13
1.092034450144467656e-13
1.089341037308473129e-13
1.086662988994641297e-13
1.084000440077227233e-13
1.081353525430485760e-13
1.078722379928671699e-13
1.076107138446040377e-13
1.073507935856846616e-13
1.070924907035345236e-13
1.068358186855791312e-13
1.065807910192439919e-13
1.063274211919545625e-13
1.060757226911363883e-13
1.058257090042149389e-13
1.055773936186157216e-13
1.053307741848988897e-13
1.050857850061633310e-13
1.048423445486425790e-13
1.046003712785701548e-13
1.043597836621796046e-13
1.041205001657044619e-13
1.038824392553782731e-13
1.036455193974345590e-13
1.034096590581068659e-13
1.031747767036287526e-13
1.029407908002337150e-13
1.027076198141553243e-13
1.024751822116271017e-13
1.022433964588825808e-13
1.020121810221553076e-13
1.017814543676788411e-13
1.015511349616866771e-13
1.013211412704123617e-13
1.010913917600894538e-13
1.008618048969514617e-13
1.006322991472319696e-13
1.004027929771644731e-13
1.001732048529825059e-13
9.994345324091962681e-14
9.971345660720938205e-14
9.948313341808529259e-14
9.925240213978087942e-14
9.902118123852970138e-14
9.878938918056527945e-14
9.855694443212118510e-14
9.832376545943092667e-14
9.808977072872805041e-14
9.785487870624607727e-14
9.761900785821857873e-14
9.738207665087905053e-14
9.714400355046107674e-14
9.690470702319815311e-14
9.666410553532382586e-14
9.642211755307165383e-14
9.617866154267514537e-14
9.593365597036785934e-14
9.568701930238334195e-14
9.543867000495508894e-14
9.518852654431668439e-14
9.493650738670162404e-14
9.468253099834346674e-14
9.442651584547575870e-14
9.416838039433203353e-14
9.390804311114581220e-14
9.364542246215064094e-14
9.338043170306109267e-14
9.311296324751584713e-14
9.284290429863466125e-14
9.257014205953722886e-14
9.229456373334329425e-14
9.201605652317256387e-14
9.173450763214475679e-14
9.144980426337964255e-14
9.116183361999692760e-14
9.087048290511633101e-14
9.057563932185757183e-14
9.027719007334036914e-14
8.997502236268447985e-14
8.966902339300961042e-14
8.935908036743547991e-14
8.904508048908184524e-14
8.872691096106837500e-14
8.840445898651485136e-14
8.807761176854096813e-14
8.774625651026645701e-14
8.741028041481103706e-14
8.706957068529447783e-14
8.672401452483643527e-14
8.637349913655669156e-14
8.601791172357495314e-14
8.565713948901092645e-14
8.529106963598436842e-14
8.491958936761498550e-14
8.454258588702249675e-14
8.415994639732665910e-14
8.377155810164717899e-14
8.337730820310377548e-14
8.297708390481618026e-14
8.257077240990411240e-14
8.215826092148729096e-14
8.173943664268548549e-14
8.131418677661837719e-14
8.088239852640571037e-14
8.044395909516720409e-14
7.999875568602257741e-14
7.954667550209156203e-14
7.908760574649390224e-14
7.862143362234930450e-14
7.814804633277748786e-14
7.766733108089819664e-14
7.717917506983114990e-14
7.668346550269605407e-14
7.618008958261265348e-14
7.566893451270067980e-14
7.514988749607985209e-14
7.462289783725421870e-14
7.408816324626509453e-14
7.354594353453817426e-14
7.299649851349908944e-14
7.244008799457349689e-14
7.187697178918705339e-14
7.130740970876542839e-14
7.073166156473426606e-14
7.014998716851923583e-14
6.956264633154599450e-14
6.896989886524019889e-14
6.837200458102748053e-14
6.776922329033352150e-14
6.716181480458396596e-14
6.655003893520448335e-14
6.593415549362073047e-14
6.531442429125836412e-14
6.469110513954301587e-14
6.406445784990038038e-14
6.343474223375608921e-14
6.280221810253579918e-14
6.216714526766517970e-14
6.152978354056988758e-14
6.089039273267556700e-14
6.024923265540790001e-14
5.960656312019251817e-14
5.896264393845507829e-14
5.831773492162124978e-14
5.767209588111668947e-14
5.702598662836704152e-14
5.637966697479798799e-14
5.573339673183516043e-14
5.508743571090422197e-14
5.444204372343084202e-14
5.379748058084065846e-14
5.315400609455934072e-14
5.251188007601255191e-14
5.187136233662592990e-14
5.123271268782514413e-14
5.059619094103585138e-14
4.996205690768369585e-14
4.933057039919435958e-14
4.870199122699348676e-14
4.807657920250672157e-14
4.745459413715973343e-14
4.683629584237818546e-14
4.622194412958771554e-14
4.561179881021399939e-14
4.500611969568269383e-14
4.440516659741943672e-14
4.380914053148625818e-14
4.321800733249054909e-14
4.263167403967610519e-14
4.205004769228668435e-14
4.147303532956603812e-14
4.090054399075794965e-14
4.033248071510618941e-14
3.976875254185450266e-14
3.920926651024668514e-14
3.865392965952649474e-14
3.810264902893768300e-14
3.755533165772403305e-14
3.701188458512931539e-14
3.647221485039728158e-14
3.593622949277171474e-14
3.540383555149637274e-14
3.487494006581503239e-14
3.434945007497145157e-14
3.382727261820939446e-14
3.330831473477264418e-14
3.279248346390494599e-14
3.227968584485009562e-14
3.176982891685183201e-14
3.126281971915394460e-14
3.075856529100017864e-14
3.025697267163432356e-14
2.975794890030013722e-14
2.926140101624138383e-14
2.876723605870183387e-14
2.827536106692526100e-14
2.778568308015541363e-14
2.729810913763608434e-14
2.681254627861102153e-14
2.632890154232400518e-14
2.584708196801879000e-14
2.536699459493915595e-14
2.488854646232886092e-14
2.441164460943167539e-14
2.393619607549136986e-14
2.346210789975170536e-14
2.298928712145644925e-14
2.251764077984938146e-14
2.204707591417425989e-14
2.157749956367484557e-14
2.110881876759491845e-14
2.064094056517823956e-14
2.017377199566857310e-14
1.970722009830969271e-14
1.924119191234535943e-14
1.877559447701935006e-14
1.831038678708344979e-14
1.784573565932155945e-14
1.738185986602560400e-14
1.691897817948750526e-14
1.645730937199918505e-14
1.599707221585256835e-14
1.553848548333958329e-14
1.508176794675214537e-14
1.462713837838219219e-14
1.417481555052163611e-14
1.372501823546240052e-14
1.327796520549641514e-14
1.283387523291559704e-14
1.239296709001187751e-14
1.195545954907717523e-14
1.152157138240341831e-14
1.109152136228252542e-14
1.066552826100642312e-14
1.024381085086703480e-14
9.826587904156285434e-15
9.414078193166095270e-15
9.006500490188394013e-15
8.604073567515101905e-15
8.207016197438140766e-15
7.815547152249437149e-15
7.429885204240912872e-15
7.050249125704495278e-15
6.676857688932105397e-15
6.309929666215667416e-15
5.949683829847107098e-15
5.596338952118343896e-15
5.250113805321305152e-15
4.911227161747913474e-15
4.579897793690093838e-15
4.256344473439767274e-15
3.940785973288861912e-15
3.633441065529297206e-15
3.334528522453000496e-15
3.044267116351892026e-15
2.762875619517899136e-15
2.490572804242942069e-15
2.227577442818948166e-15
1.974108307537839246e-15
1.730384170691538904e-15
1.496623804571972707e-15
1.273045981471061882e-15
1.059869473680731997e-15
8.573130534929072371e-16
6.655954931995097182e-16
4.849355650924648095e-16
3.154689592017758744e-16
1.569990365097719583e-16
9.246075736860495052e-18
-1.280696443965484193e-16
-2.552278451700470060e-16
-3.725082478632271409e-16
-4.801905737556791223e-16
-5.785545441269945304e-16
-6.678798802567646989e-16
-7.484463034245801234e-16
-8.205335349100342574e-16
-8.844212959927166105e-16
-9.403893079522196503e-16
-9.887172920681336751e-16
-1.029684969620050758e-15
-1.063572061887561198e-15
-1.090658290150257659e-15
-1.111223375687730637e-15
-1.125547039779571810e-15
-1.133909003705372266e-15
-1.136588988744723093e-15
-1.133866716177216560e-15
-1.126021907282442965e-15
-1.113334283339994185e-15
-1.096083565629461110e-15
-1.074549475430435221e-15
-1.049011734022508394e-15
-1.019750062685271323e-15
-9.870441826983152905e-16
-9.511738153412321734e-16
-9.124186818936126645e-16
-8.710585036350487382e-16
-8.273730018451312846e-16
-7.816418978034516865e-16
-7.341449127896010312e-16
-6.851617680831713918e-16
-6.349721849637530667e-16
-5.838558847109382277e-16
-5.320925886043179619e-16
-4.799620179234833565e-16
-4.277438939480254493e-16
-3.757179379575366094e-16
-3.241638712316073322e-16
-2.733614150498290995e-16
-2.235902906917935406e-16
-1.751302194370913975e-16
-1.282609225653143738e-16
-8.326212135605384007e-17
-4.041353708890092659e-17
5.108956552828596503e-21
3.777216809351961149e-17
7.289828200642401727e-17
1.054521649724944884e-16
1.355025312689588132e-16
1.631180951730453652e-16
1.883675709619823333e-16
2.113196729129976352e-16
2.320431153033195335e-16
2.506066124101761186e-16
2.670788785107952340e-16
2.815286278824056110e-16
2.940245748022348960e-16
3.046354335475115243e-16
3.134299183954634876e-16
3.204767436233187774e-16
3.258446235083055825e-16
3.296022723276523875e-16
3.318184043585868883e-16
3.325617338783373230e-16
3.319009751641318803e-16
3.299048424931987491e-16
3.266420501427658717e-16
3.221813123900615354e-16
3.165913435123138305e-16
3.099408577867508965e-16
3.022985694906007250e-16
2.937331929010918006e-16
2.843134422954517698e-16
2.741080319509091665e-16
2.631856761446919330e-16
2.516150891540282088e-16
2.394649852561461827e-16
2.268040787282738464e-16
2.137010838476394379e-16
2.002247148914711214e-16
1.864436861369970117e-16
1.724267118614451744e-16
1.582425063420437737e-16
1.439597838560209491e-16
1.296472586806048400e-16
1.153736450930234627e-16
1.012076573705051046e-16
8.721800979027785600e-17
7.347341662956973305e-17
6.004259216560904785e-17
4.699425067562375502e-17
3.439710643684206800e-17
2.231987372649216330e-17
1.083126682180206486e-17
0.000000000000000000e+00
-1.011973350801665719e-17
-1.953182465667304274e-17
-2.825468544672514285e-17
-3.630672787892874649e-17
-4.370636395403979828e-17
-5.047200567281422739e-17
-5.662206503600784592e-17
-6.217495404437660155e-17
-6.714908469867635566e-17
-7.156286899966295118e-17
-7.543471894809236659e-17
-7.878304654472046946e-17
-8.162626379030313966e-17
-8.398278268559623243e-17
-8.587101523135571394e-17
-8.730937342833739012e-17
-8.831626927729721480e-17
-8.891011477899103090e-17
-8.910932193417479226e-17
-8.893230274360431713e-17
-8.839746920803553470e-17
-8.752323332822433718e-17
-8.632800710492659214e-17
-8.483020253889820410e-17
-8.304823163089507761e-17
-8.100050638167304325e-17
-7.870543879198809184e-17
-7.618144086259600465e-17
-7.344692459425276017e-17
-7.052030198771421365e-17
-6.741998504373620798e-17
-6.416438576307472167e-17
-6.077191614648558528e-17
-5.726098819472470337e-17
-5.365001390854796814e-17
-4.995740528871130261e-17
-4.620157433597053737e-17
-4.240093305108158312e-17
-3.857389343480036288e-17
-3.473886748788271957e-17
-3.091426721108454539e-17
-2.711850460516178802e-17
-2.336999167087028112e-17
-1.968714040896592307e-17
-1.608836282020463381e-17
-1.259207090534226704e-17
-9.216676665134724213e-18
-5.980592100337916024e-18
-2.902229211707702717e-18
0.000000000000000000e+00
2.711574447582892239e-18
5.233536698052901655e-18
7.570820231975566326e-18
9.728358529916378113e-18
1.171108507244087240e-17
1.352393334011457070e-17
1.517183681350296834e-17
1.665972897317159917e-17
1.799254329968597391e-17
1.917521327361158944e-17
2.021267237551400424e-17
2.110985408595870595e-17
2.187169188551121606e-17
2.250311925473705612e-17
2.300906967420173530e-17
2.339447662447076279e-17
2.366427358610968169e-17
2.382339403968398886e-17
2.387677146575920890e-17
2.382933934490084791e-17
2.368603115767443051e-17
2.345178038464546588e-17
2.313152050637948477e-17
2.273018500344199947e-17
2.225270735639851609e-17
2.170402104581454998e-17
2.108905955225563806e-17
2.041275635628728028e-17
1.968004493847499507e-17
1.889585877938430397e-17
1.806513135958070690e-17
1.719279615962975313e-17
1.628378666009693027e-17
1.534303634154776292e-17
1.437547868454776952e-17
1.338604716966247159e-17
1.237967527745737523e-17
1.136129648849800659e-17
1.033584428334987639e-17
9.308252142578503084e-18
8.283453546749397390e-18
7.266381976428085453e-18
6.261970912180081855e-18
5.275153834570897330e-18
4.310864224166056476e-18
3.374035561531065788e-18
2.469601327231447555e-18
1.602495001832721945e-18
7.776500659003984397e-19
0.000000000000000000e+00
-7.265642823149116733e-19
-1.402322135538557911e-18
-2.028595481177121304e-18
-2.606706240736770579e-18
-3.137976335723686305e-18
-3.623727687644047704e-18
-4.065282218004024367e-18
-4.463961848309795902e-18
-4.821088500067537677e-18
-5.137984094783421212e-18
-5.415970553963631891e-18
-5.656369799114338919e-18
-5.860503751741721520e-18
-6.029694333351954292e-18
-6.165263465451214146e-18
-6.268533069545673370e-18
-6.340825067141512726e-18
-6.383461379744906813e-18
-6.397763928862034854e-18
-6.385054635999065285e-18
-6.346655422662181949e-18
-6.283888210357554824e-18
-6.198074920591363131e-18
-6.090537474869784551e-18
-5.962597794698992143e-18
-5.815577801585162047e-18
-5.650799417034472714e-18
-5.469584562553097972e-18
-5.273255159647213963e-18
-5.063133129822998367e-18
-4.840540394586625012e-18
-4.606798875444273121e-18
-4.363230493902116523e-18
-4.111157171466330587e-18
-3.851900829643092224e-18
-3.586783389938579884e-18
-3.317126773858966627e-18
-3.044252902910428978e-18
-2.769483698599144233e-18
-2.494141082431287760e-18
-2.219546975913033005e-18
-1.947023300550561115e-18
-1.677891977850044955e-18
-1.413474929317660858e-18
-1.155094076459586698e-18
-9.040713407819955330e-19
-6.617286437910651407e-19
-4.293879069929720944e-19
-2.083710518938912582e-19
0.000000000000000000e+00
1.946826816767543818e-19
3.757518441013309032e-19
5.435616927329186017e-19
6.984664330307037221e-19
8.408202704538748444e-19
9.709774104616208857e-19
1.089292058513127392e-18
1.196118420067583474e-18
1.291810700584176604e-18
1.376723105522092521e-18
1.451209840340522549e-18
1.515625110498652043e-18
1.570323121455669438e-18
1.615658078670762399e-18
1.651984187603118784e-18
1.679655653711924718e-18
1.699026682456370754e-18
1.710451479295642825e-18
1.714284249688928787e-18
1.710879199095416885e-18
1.700590532974294013e-18
1.683772456784748221e-18
1.660779175985967945e-18
1.631964896037140272e-18
1.597683822397453060e-18
1.558290160526093589e-18
1.514138115882250680e-18
1.465581893925111034e-18
1.412975700113862896e-18
1.356673739907693930e-18
1.297030218765790838e-18
1.234399342147343018e-18
1.169135315511537174e-18
1.101592344317561163e-18
1.032124634024602649e-18
9.610863900918502617e-19
8.888318179784905100e-19
8.157151231437115407e-19
7.420905110467012115e-19
6.683121871466472840e-19
5.947343569027368455e-19
5.217112257741587167e-19
4.495969992200995999e-19
3.787458826997477862e-19
3.095120816722910371e-19
2.422498015969166324e-19
1.773132479328125505e-19
1.150566261391667694e-19
5.583414167516653300e-20
0.000000000000000000e+00
-5.216644439210592594e-20
-1.006852408667652567e-19
-1.456512897545531990e-19
-1.871594913860441891e-19
-2.253047460918132653e-19
-2.601819542024355019e-19
-2.918860160484852510e-19
-3.205118319605376109e-19
-3.461543022691674393e-19
-3.689083273049490643e-19
-3.888688073984581137e-19
-4.061306428802687231e-19
-4.207887340809562317e-19
-4.329379813310951598e-19
-4.426732849612603172e-19
-4.500895453020265614e-19
-4.552816626839689427e-19
-4.583445374376619816e-19
-4.593730698936807766e-19
-4.584621603825998483e-19
-4.557067092349941987e-19
-4.512016167814387336e-19
-4.450417833525079737e-19
-4.373221092787771137e-19
-4.281374948908206741e-19
-4.175828405192136088e-19
-4.057530464945309682e-19
-3.927430131473471765e-19
-3.786476408082372358e-19
-3.635618298077759557e-19
-3.475804804765381456e-19
-3.307984931450987594e-19
-3.133107681440324140e-19
-2.952122058039140635e-19
-2.765977064553184210e-19
-2.575621704288206330e-19
-2.382004980549950757e-19
-2.186075896644168474e-19
-1.988783455876606374e-19
-1.791076661553013995e-19
-1.593904516979137988e-19
-1.398216025460728856e-19
-1.204960190303533248e-19
-1.015086014813299140e-19
-8.295425022957758294e-20
-6.492786560567105697e-20
-4.752434794018517565e-20
-3.083859756369488086e-20
-1.496551480677484067e-20
0.000000000000000000e+00
1.398309589166932501e-20
2.698911936573019575e-20
3.904346628529429639e-20
5.017153251347308839e-20
6.039871391337820473e-20
6.975040634812127841e-20
7.825200568081376789e-20
8.592890777456734226e-20
9.280650849249349008e-20
9.891020369770373601e-20
1.042653892533098575e-19
1.088974610224232588e-19
1.128318148681555850e-19
1.160938466536183847e-19
1.187089522419232068e-19
1.207025274961816000e-19
1.220999682795052814e-19
1.229266704550056555e-19
1.232080298857944394e-19
1.229694424349830856e-19
1.222363039656831910e-19
1.210340103410063765e-19
1.193879574240641668e-19
1.173235410779682069e-19
1.148661571658299733e-19
1.120412015507610630e-19
1.088740700958731449e-19
1.053901586642776837e-19
1.016148631190862520e-19
9.757357932341050702e-20
9.329170314036188908e-20
8.879463043305212748e-20
8.410775706459268671e-20
7.925647889809517568e-20
7.426619179667114312e-20
6.916229162343220999e-20
6.397017424148991298e-20
5.871523551395582491e-20
5.342287130394153062e-20
4.811847747455860892e-20
4.282744988891857246e-20
3.757518441013308430e-20
3.238707690131366911e-20
2.728852322557189369e-20
2.230491924601935490e-20
1.746166082576759847e-20
1.278414382792820624e-20
8.297764115612772086e-21
4.027917551932834953e-21
0.000000000000000000e+00
-3.765939174571362805e-21
-7.271236596155518813e-21
-1.052257538662396405e-20
-1.352663866784813436e-20
-1.629010956169951449e-20
-1.881967119004958465e-20
-2.112200667476978447e-20
-2.320379913773158964e-20
-2.507173170080647288e-20
-2.673248748586587078e-20
-2.819274961478130419e-20
-2.945920120942419767e-20
-3.053852539166604198e-20
-3.143740528337827672e-20
-3.216252400643238965e-20
-3.272056468269983240e-20
-3.311821043405209273e-20
-3.336214438236061024e-20
-3.345904964949688472e-20
-3.341560935733234975e-20
-3.323850662773848707e-20
-3.293442458258676637e-20
-3.251004634374864531e-20
-3.197205503309559961e-20
-3.132713377249908090e-20
-3.058196568383056491e-20
-2.974323388896152733e-20
-2.881762150976342584e-20
-2.781181166810771810e-20
-2.673248748586588883e-20
-2.558633208490937766e-20
-2.438002858710968736e-20
-2.312026011433826057e-20
-2.181370978846655794e-20
-2.046706073136606422e-20
-1.908699606490824008e-20
-1.768019891096454618e-20
-1.625335239140645222e-20
-1.481313962810543392e-20
-1.336624374293294141e-20
-1.191934785776044438e-20
-1.047913509445942307e-20
-9.052288574901333621e-21
-7.645491420957642731e-21
-6.265426754499817836e-21
-4.918777697399322612e-21
-3.612227371527625251e-21
-2.352458898756198082e-21
-1.146155400956497823e-21
0.000000000000000000e+00
1.080660806616130162e-21
2.095827018891884764e-21
3.046835261201565832e-21
3.935022157919457337e-21
4.761724333419858486e-21
5.528278412077065473e-21
6.236021018265364716e-21
6.886288776359053914e-21
7.480418310732423998e-21
8.019746245759762135e-21
8.505609205815375808e-21
8.939343815273551432e-21
9.322286698508581441e-21
9.655774479894756765e-21
9.941143783806375857e-21
1.017973123461772513e-20
1.037287345670310756e-20
1.052190707443680956e-20
1.062816871219312807e-20
1.069299499434635102e-20
1.071772254527077686e-20
1.070368798934069952e-20
1.065222795093040694e-20
1.056467905441419756e-20
1.044237792416636080e-20
1.028666118456119062e-20
1.009886545997298394e-20
9.880327374776031718e-21
9.632383553344624866e-21
9.356370620053060339e-21
9.053625199275626055e-21
8.725483915386623478e-21
8.373283392760342033e-21
7.998360255771071146e-21
7.602051128793109268e-21
7.185692636200748835e-21
6.750621402368281530e-21
6.298174051670001290e-21
5.829687208480202056e-21
5.346497497173175509e-21
4.849941542123217094e-21
4.341355967704619245e-21
3.822077398291675148e-21
3.293442458258676863e-21
2.756787771979919080e-21
2.213449963829694987e-21
1.664765658182297771e-21
1.112071479412020617e-21
5.567040518931569961e-22
0.000000000000000000e+00
