# tt
1.325839996337890625e+02
1.077612533569335938e+02
8.927319335937500000e+01
7.520981597900390625e+01
6.424664306640625000e+01
5.552884292602539062e+01
4.848395919799804688e+01
4.271315002441406250e+01
3.791526412963867188e+01
3.388693618774414062e+01
3.061268234252929688e+01
2.751835250854492188e+01
2.493304634094238281e+01
2.275613403320312500e+01
2.077944564819335938e+01
1.909159851074218750e+01
1.713255119323730469e+01
1.620674705505371094e+01
1.502597332000732422e+01
1.388879013061523438e+01
1.294249820709228516e+01
1.200039672851562500e+01
1.116144371032714844e+01
1.044072246551513672e+01
9.706151962280273438e+00
9.138295173645019531e+00
8.539269447326660156e+00
8.039774894714355469e+00
7.623896121978759766e+00
7.103769302368164062e+00
6.655786514282226562e+00
6.301845550537109375e+00
5.926074028015136719e+00
5.610508441925048828e+00
5.355879783630371094e+00
5.011352539062500000e+00
4.716740608215332031e+00
4.514121532440185547e+00
4.253940582275390625e+00
4.140626430511474609e+00
3.936777591705322266e+00
3.758976221084594727e+00
3.426560878753662109e+00
3.279047727584838867e+00
3.217850446701049805e+00
3.101125001907348633e+00
2.869102239608764648e+00
2.610635280609130859e+00
2.563198566436767578e+00
2.513383150100708008e+00
2.673572301864624023e+00
2.656643390655517578e+00
2.372717857360839844e+00
2.029160976409912109e+00
1.838119506835937500e+00
1.733620882034301758e+00
1.728784680366516113e+00
1.688108682632446289e+00
1.624712944030761719e+00
1.845095157623291016e+00
1.748556971549987793e+00
1.547955155372619629e+00
1.530457496643066406e+00
1.314432740211486816e+00
1.186527848243713379e+00
9.854399561882019043e-01
9.952106475830078125e-01
9.797050952911376953e-01
1.074343442916870117e+00
1.123301625251770020e+00
1.143378019332885742e+00
1.083059310913085938e+00
9.651438593864440918e-01
8.867406845092773438e-01
7.889477610588073730e-01
7.319282889366149902e-01
7.684562206268310547e-01
7.283725738525390625e-01
7.387623190879821777e-01
7.083395719528198242e-01
7.126901745796203613e-01
6.833403110504150391e-01
7.004380226135253906e-01
6.211979985237121582e-01
5.250324606895446777e-01
6.370326280593872070e-01
5.127550363540649414e-01
5.251768827438354492e-01
5.270983576774597168e-01
4.459982216358184814e-01
4.337591528892517090e-01
4.940095841884613037e-01
4.074445664882659912e-01
4.006251394748687744e-01
1.799352467060089111e-01
1.948685050010681152e-01
2.261194884777069092e-01
1.286936402320861816e-01
1.291512846946716309e-01
8.249764889478683472e-02
3.639148175716400146e-01
3.825419247150421143e-01
4.392499327659606934e-01
4.633547961711883545e-01
5.327945947647094727e-01
3.539521098136901855e-01
3.763204514980316162e-01
3.805936872959136963e-01
2.960878610610961914e-01
2.014367580413818359e-01
1.037454232573509216e-01
8.512559533119201660e-02
4.756162874400615692e-03
1.906017586588859558e-02
-8.709412813186645508e-02
-8.661330677568912506e-03
1.135382130742073059e-01
1.386843770742416382e-01
2.232012301683425903e-01
2.262691110372543335e-01
2.300016283988952637e-01
2.422015666961669922e-01
2.706719934940338135e-01
2.489052712917327881e-01
2.590158879756927490e-01
2.344966828823089600e-01
1.831516474485397339e-01
1.870960146188735962e-01
1.798232197761535645e-01
1.694727092981338501e-01
2.398346215486526489e-01
2.521011531352996826e-01
2.903974950313568115e-01
3.645380139350891113e-01
3.357150852680206299e-01
3.623652458190917969e-01
3.799918889999389648e-01
2.497874647378921509e-01
2.788102924823760986e-01
1.796306967735290527e-01
1.849957853555679321e-01
2.304085791110992432e-01
1.770609170198440552e-01
1.090773493051528931e-01
2.592042386531829834e-01
1.913886666297912598e-01
1.383763700723648071e-01
1.842908114194869995e-01
1.160110533237457275e-01
9.165170043706893921e-02
-2.919354662299156189e-02
-9.000650048255920410e-02
-1.572024077177047729e-01
-2.228859364986419678e-01
-4.277841746807098389e-01
-4.667586982250213623e-01
-5.548484325408935547e-01
-6.841598749160766602e-01
-7.724887728691101074e-01
-8.119425177574157715e-01
-8.689396381378173828e-01
-7.869661450386047363e-01
-8.553744554519653320e-01
-7.690293192863464355e-01
-6.686616539955139160e-01
-4.720697999000549316e-01
-3.942962288856506348e-01
-2.788285613059997559e-01
-1.177766174077987671e-01
-5.187234655022621155e-02
1.085304771549999714e-03
-2.532463334500789642e-02
2.540990896522998810e-02
8.686809986829757690e-02
1.844269037246704102e-02
-2.273166179656982422e-02
-1.023286134004592896e-01
-2.117105275392532349e-01
-1.936174333095550537e-01
-2.623439431190490723e-01
-3.349401950836181641e-01
-4.770779907703399658e-01
-5.314953923225402832e-01
-5.638630986213684082e-01
-9.370951652526855469e-01
-9.737508296966552734e-01
-1.036742806434631348e+00
-1.191739439964294434e+00
-9.842308163642883301e-01
-1.148682713508605957e+00
-1.156273007392883301e+00
-1.221289038658142090e+00
-1.112151026725769043e+00
-1.043144822120666504e+00
-1.005622744560241699e+00
-8.423139452934265137e-01
-6.188801527023315430e-01
-3.266714215278625488e-01
4.296271875500679016e-02
4.227784574031829834e-01
8.878187537193298340e-01
1.362921118736267090e+00
1.772923350334167480e+00
2.265597105026245117e+00
2.691469430923461914e+00
3.198312759399414062e+00
3.562343835830688477e+00
3.931335210800170898e+00
4.304436683654785156e+00
4.680799007415771484e+00
4.910949707031250000e+00
5.216973304748535156e+00
5.449396610260009766e+00
5.681680202484130859e+00
5.838662147521972656e+00
6.068114280700683594e+00
6.220562458038330078e+00
6.369465351104736328e+00
6.513970375061035156e+00
6.653224468231201172e+00
6.786373138427734375e+00
6.763938903808593750e+00
6.882312297821044922e+00
6.917701721191406250e+00
6.943562507629394531e+00
6.884724617004394531e+00
6.888950347900390625e+00
6.881069660186767578e+00
6.785911560058593750e+00
6.602612495422363281e+00
6.478932380676269531e+00
6.339697360992431641e+00
6.035419940948486328e+00
5.788168430328369141e+00
5.448453903198242188e+00
5.089720726013183594e+00
4.711101531982421875e+00
4.386037826538085938e+00
3.890728712081909180e+00
3.521547317504882812e+00
3.129001855850219727e+00
2.712221384048461914e+00
2.270334720611572266e+00
1.802470088005065918e+00
1.382066845893859863e+00
1.008252620697021484e+00
6.058443784713745117e-01
3.225918710231781006e-01
9.000738151371479034e-03
-1.886821389198303223e-01
-5.017767548561096191e-01
-5.686178207397460938e-01
-6.963387131690979004e-01
-8.205174803733825684e-01
-8.767316937446594238e-01
-8.748694658279418945e-01
-8.991290926933288574e-01
-8.850864768028259277e-01
-7.683168053627014160e-01
-7.073273658752441406e-01
-7.120028734207153320e-01
-4.206720590591430664e-01
-2.890838980674743652e-01
-2.528094649314880371e-01
-9.879699349403381348e-02
-5.985976010560989380e-02
2.744814846664667130e-03
-6.948377192020416260e-02
1.082087587565183640e-02
1.084902416914701462e-02
1.436578035354614258e-01
1.764391660690307617e-01
2.479408830404281616e-01
2.739785313606262207e-01
3.933012783527374268e-01
3.731041252613067627e-01
4.264486134052276611e-01
4.691528379917144775e-01
4.913464486598968506e-01
6.317815184593200684e-01
5.833445191383361816e-01
6.334102153778076172e-01
6.977986693382263184e-01
7.666410207748413086e-01
7.557576298713684082e-01
7.295906543731689453e-01
7.525826692581176758e-01
7.405536174774169922e-01
7.579456567764282227e-01
7.948895692825317383e-01
5.442716479301452637e-01
5.907101631164550781e-01
4.784687757492065430e-01
5.692316293716430664e-01
4.815724194049835205e-01
4.285522401332855225e-01
2.516766190528869629e-01
1.640053540468215942e-01
7.042618002742528915e-03
-1.546595394611358643e-01
-2.560876011848449707e-01
-3.807352781295776367e-01
-5.377858877182006836e-01
-6.621125936508178711e-01
-8.372112512588500977e-01
-9.979565143585205078e-01
-1.153534770011901855e+00
-1.238821864128112793e+00
-1.411627531051635742e+00
-1.532518148422241211e+00
-1.610682606697082520e+00
-1.729621410369873047e+00
-1.824213504791259766e+00
-1.903649449348449707e+00
-1.977120280265808105e+00
-2.053817033767700195e+00
-2.142931461334228516e+00
-2.179344177246093750e+00
-2.172247409820556641e+00
-2.205144405364990234e+00
-2.212916612625122070e+00
-2.204756021499633789e+00
-2.189854860305786133e+00
-2.103094577789306641e+00
-2.102289438247680664e+00
-2.048008918762207031e+00
-1.949444413185119629e+00
-1.890098690986633301e+00
-1.804851531982421875e+00
-1.628582477569580078e+00
-1.519103765487670898e+00
-1.411293864250183105e+00
-1.240031123161315918e+00
-1.163126349449157715e+00
-1.041145443916320801e+00
-8.832762241363525391e-01
-7.730165123939514160e-01
-5.709308385848999023e-01
-4.348271787166595459e-01
-3.738908171653747559e-01
-2.486845254898071289e-01
-1.427035182714462280e-01
9.179493412375450134e-03
4.915932565927505493e-02
1.166752502322196960e-01
1.282340139150619507e-01
1.489647328853607178e-01
9.537496417760848999e-02
3.259456530213356018e-02
1.014324724674224854e-01
-7.200794667005538940e-02
-1.914563924074172974e-01
-4.065083265304565430e-01
-5.695151686668395996e-01
-7.557612061500549316e-01
-9.662198424339294434e-01
-1.127553343772888184e+00
-1.389357209205627441e+00
-1.603982925415039062e+00
-1.846715331077575684e+00
-2.044217348098754883e+00
-2.271774053573608398e+00
-2.456048965454101562e+00
-2.672328233718872070e+00
-2.847275733947753906e+00
-2.981867313385009766e+00
-3.225700855255126953e+00
-3.282508611679077148e+00
-3.376200914382934570e+00
-3.507754564285278320e+00
-3.603837013244628906e+00
-3.665426015853881836e+00
-3.693501234054565430e+00
-3.763351678848266602e+00
-3.727336168289184570e+00
-3.660745382308959961e+00
-3.638871192932128906e+00
-3.588383197784423828e+00
-3.435952186584472656e+00
-3.331182241439819336e+00
-3.275054931640625000e+00
-3.119931221008300781e+00
-2.866793155670166016e+00
-2.739557027816772461e+00
-2.516272783279418945e+00
-2.346545934677124023e+00
-2.157048702239990234e+00
-1.948764324188232422e+00
-1.722676515579223633e+00
-1.479768157005310059e+00
-1.295334100723266602e+00
-1.021735072135925293e+00
-8.085763454437255859e-01
-6.568407416343688965e-01
-4.188888370990753174e-01
-3.186358511447906494e-01
-1.341308653354644775e-01
-1.497752871364355087e-02
3.784287348389625549e-02
9.888300299644470215e-02
1.732752919197082520e-01
1.930641829967498779e-01
1.646055728197097778e-01
1.685667932033538818e-01
6.268262863159179688e-02
1.932363258674740791e-03
-8.163729310035705566e-02
-1.073571518063545227e-01
-2.174906134605407715e-01
-2.570565938949584961e-01
-3.683176636695861816e-01
-4.706029295921325684e-01
-6.318631768226623535e-01
-6.971158385276794434e-01
-8.086219429969787598e-01
-9.600204229354858398e-01
-1.070638895034790039e+00
-1.134115576744079590e+00
-1.218399763107299805e+00
-1.242818474769592285e+00
-1.275320768356323242e+00
-1.383855342864990234e+00
-1.487749338150024414e+00
-1.506329655647277832e+00
-1.507545113563537598e+00
-1.559345006942749023e+00
-1.581056356430053711e+00
-1.640628933906555176e+00
-1.583079099655151367e+00
-1.550668120384216309e+00
-1.611345767974853516e+00
-1.535818815231323242e+00
-1.540659904479980469e+00
-1.545198559761047363e+00
-1.468763947486877441e+00
-1.379308462142944336e+00
-1.344784021377563477e+00
-1.210210919380187988e+00
-1.117853045463562012e+00
-9.870420694351196289e-01
-9.600430727005004883e-01
-8.075665235519409180e-01
-6.718782186508178711e-01
-5.466225147247314453e-01
-4.997548758983612061e-01
-3.762984275817871094e-01
-3.185203969478607178e-01
-1.714443564414978027e-01
-3.027190454304218292e-03
1.187847405672073364e-01
2.003988772630691528e-01
3.968552350997924805e-01
4.916387498378753662e-01
5.654781460762023926e-01
7.734131813049316406e-01
8.246175050735473633e-01
9.484419822692871094e-01
1.076993107795715332e+00
1.216688871383666992e+00
1.299636244773864746e+00
1.406564235687255859e+00
1.469580292701721191e+00
1.495102882385253906e+00
1.489550948143005371e+00
1.533654332160949707e+00
1.633832454681396484e+00
1.647883176803588867e+00
1.656537652015686035e+00
1.740527153015136719e+00
1.609028339385986328e+00
1.640017628669738770e+00
1.616983771324157715e+00
1.620659351348876953e+00
1.657467126846313477e+00
1.585207819938659668e+00
1.484615325927734375e+00
1.436424612998962402e+00
1.372748255729675293e+00
1.300010681152343750e+00
1.224636316299438477e+00
1.227361202239990234e+00
1.091677308082580566e+00
8.983211517333984375e-01
8.766512274742126465e-01
8.101602792739868164e-01
7.052742838859558105e-01
5.684192776679992676e-01
4.803322851657867432e-01
4.474394321441650391e-01
2.532338500022888184e-01
2.013856619596481323e-01
1.496988385915756226e-01
1.045992523431777954e-01
-1.798334531486034393e-03
-8.875736594200134277e-02
-1.498525142669677734e-01
-1.786586940288543701e-01
-9.444005787372589111e-02
-3.939413279294967651e-02
-8.237011730670928955e-02
7.548775523900985718e-02
1.375844925642013550e-01
1.788797229528427124e-01
4.229546785354614258e-01
4.989021122455596924e-01
7.046136260032653809e-01
8.178030252456665039e-01
9.877390861511230469e-01
1.066445827484130859e+00
1.277502179145812988e+00
1.398620724678039551e+00
1.579068303108215332e+00
1.745178580284118652e+00
1.897596120834350586e+00
2.036965131759643555e+00
2.089618206024169922e+00
2.204821109771728516e+00
2.383217334747314453e+00
2.476827621459960938e+00
2.486295223236083984e+00
2.486574172973632812e+00
2.552618503570556641e+00
2.610759496688842773e+00
2.513018608093261719e+00
2.482971429824829102e+00
2.595571994781494141e+00
2.554219007492065430e+00
2.508178234100341797e+00
2.383781909942626953e+00
2.478917360305786133e+00
2.348362922668457031e+00
2.215695619583129883e+00
2.081559896469116211e+00
1.946600556373596191e+00
1.811462521553039551e+00
1.751102924346923828e+00
1.543233990669250488e+00
1.411435365676879883e+00
1.282042860984802246e+00
1.081392407417297363e+00
9.587537646293640137e-01
7.661526799201965332e-01
6.528598070144653320e-01
4.709016680717468262e-01
3.695496022701263428e-01
2.008310854434967041e-01
1.140180528163909912e-01
3.544972091913223267e-02
-3.422333672642707825e-02
-2.088497020304203033e-02
-7.673445343971252441e-02
-5.757251754403114319e-02
-4.213270545005798340e-02
-3.483739495277404785e-02
-4.010884463787078857e-02
1.194175984710454941e-02
4.258129000663757324e-02
4.738762602210044861e-02
1.705605834722518921e-01
1.104339733719825745e-01
2.341404259204864502e-01
3.143244683742523193e-01
4.208744168281555176e-01
4.750564098358154297e-01
5.467582941055297852e-01
6.315566897392272949e-01
7.250277996063232422e-01
7.484366297721862793e-01
8.459807038307189941e-01
8.646132946014404297e-01
8.742200732231140137e-01
9.446864724159240723e-01
9.972754120826721191e-01
1.027560353279113770e+00
1.105425596237182617e+00
1.077821373939514160e+00
1.088942289352416992e+00
1.134359598159790039e+00
1.209645032882690430e+00
1.087436199188232422e+00
1.060547709465026855e+00
1.050238728523254395e+00
1.052078723907470703e+00
1.061637282371520996e+00
1.000172495841979980e+00
1.011875033378601074e+00
9.436914324760437012e-01
8.655009865760803223e-01
7.728719115257263184e-01
7.356829643249511719e-01
6.751911044120788574e-01
5.869640111923217773e-01
3.922584652900695801e-01
2.352640181779861450e-01
1.858594268560409546e-01
9.099049866199493408e-02
1.691580563783645630e-01
1.186861395835876465e-01
9.453923441469669342e-03
-8.860870450735092163e-02
-1.796804666519165039e-01
-3.422003686428070068e-01
-3.573630154132843018e-01
-4.522288441658020020e-01
-4.823028147220611572e-01
-7.489556074142456055e-01
-8.104476332664489746e-01
-8.195267319679260254e-01
-9.289404153823852539e-01
-9.941920638084411621e-01
-1.019406199455261230e+00
-1.157329320907592773e+00
-1.189152240753173828e+00
-1.267620682716369629e+00
-1.322546601295471191e+00
-1.283742189407348633e+00
-1.303951621055603027e+00
-1.387297272682189941e+00
-1.314967751502990723e+00
-1.388328671455383301e+00
-1.388568162918090820e+00
-1.319807291030883789e+00
-1.334789037704467773e+00
-1.363322734832763672e+00
-1.335217952728271484e+00
-1.254594802856445312e+00
-1.199884653091430664e+00
-1.100896596908569336e+00
-1.110372781753540039e+00
-1.083811163902282715e+00
-9.510210752487182617e-01
-9.390554428100585938e-01
-8.291017413139343262e-01
-6.995912790298461914e-01
-7.032665610313415527e-01
-6.213153004646301270e-01
-5.321694016456604004e-01
-4.399498999118804932e-01
-3.487782478332519531e-01
-2.627759277820587158e-01
-2.603757977485656738e-01
-1.970780044794082642e-01
-7.700497657060623169e-02
-5.290139093995094299e-02
-5.457926541566848755e-02
6.246008351445198059e-02
-3.150925040245056152e-03
4.170778766274452209e-02
4.429003968834877014e-02
1.223115366883575916e-03
-8.785894513130187988e-02
-7.394860684871673584e-02
-1.795935630798339844e-01
-3.300977349281311035e-01
-3.764542937278747559e-01
-4.669004976749420166e-01
-6.753628849983215332e-01
-7.042130231857299805e-01
-7.759996652603149414e-01
-8.903386592864990234e-01
-9.725348353385925293e-01
-1.096515178680419922e+00
-1.187584757804870605e+00
-1.319670319557189941e+00
-1.418076753616333008e+00
-1.482420086860656738e+00
-1.660937786102294922e+00
-1.656001687049865723e+00
-1.764471173286437988e+00
-1.763028860092163086e+00
-1.874222755432128906e+00
-1.874734759330749512e+00
-1.912801980972290039e+00
-1.913727760314941406e+00
-1.951437592506408691e+00
-1.951234579086303711e+00
-1.912732720375061035e+00
-1.909856438636779785e+00
-1.793597340583801270e+00
-1.712190747261047363e+00
-1.665249466896057129e+00
-1.503764152526855469e+00
-1.450280308723449707e+00
-1.430099129676818848e+00
-1.368521809577941895e+00
-1.190849304199218750e+00
-1.119626164436340332e+00
-1.005841851234436035e+00
-9.234188199043273926e-01
-7.976574301719665527e-01
-7.024797797203063965e-01
-5.631859302520751953e-01
-5.280089974403381348e-01
-3.736268579959869385e-01
-2.482725977897644043e-01
-1.515571624040603638e-01
-8.309158682823181152e-02
-4.248693585395812988e-02
4.495662450790405273e-02
1.059272810816764832e-01
1.438658386468887329e-01
1.628234237432479858e-01
1.668509691953659058e-01
8.568828552961349487e-02
7.200796902179718018e-02
-1.876157522201538086e-02
4.036286100745201111e-02
-4.381272941827774048e-02
-4.430557414889335632e-02
-1.056881248950958252e-01
-1.496000587940216064e-01
-9.768126904964447021e-02
-2.431268841028213501e-01
-2.846442461013793945e-01
-2.924959659576416016e-01
-3.369446694850921631e-01
-4.139424264430999756e-01
-4.451302289962768555e-01
-5.750824809074401855e-01
-5.025075674057006836e-01
-5.949129462242126465e-01
-6.253184080123901367e-01
-6.639875769615173340e-01
-7.068732976913452148e-01
-6.756173968315124512e-01
-7.147947549819946289e-01
-7.460471987724304199e-01
-7.653275132179260254e-01
-8.428995609283447266e-01
-7.517828941345214844e-01
-7.851740121841430664e-01
-7.160924673080444336e-01
-6.891125440597534180e-01
-6.258752346038818359e-01
-6.709544658660888672e-01
-5.973690152168273926e-01
-6.240032315254211426e-01
-5.981863737106323242e-01
-5.901802778244018555e-01
-5.216247439384460449e-01
-4.627811014652252197e-01
-4.095994532108306885e-01
-2.837185561656951904e-01
-2.297099083662033081e-01
-2.435226589441299438e-01
-2.467947602272033691e-01
-1.611637622117996216e-01
-5.688897147774696350e-02
-4.229424055665731430e-03
7.508905231952667236e-02
1.846735477447509766e-01
2.537313103675842285e-01
2.857807576656341553e-01
4.329625964164733887e-01
4.015516042709350586e-01
5.666218400001525879e-01
5.601375102996826172e-01
6.828616857528686523e-01
7.153807282447814941e-01
7.355250716209411621e-01
8.954360485076904297e-01
9.013890624046325684e-01
9.798365235328674316e-01
9.856756329536437988e-01
1.071047663688659668e+00
1.090849637985229492e+00
1.122911572456359863e+00
1.170752167701721191e+00
1.163578987121582031e+00
1.179221391677856445e+00
1.146886467933654785e+00
1.144403100013732910e+00
1.100977897644042969e+00
1.168750166893005371e+00
1.053992629051208496e+00
9.831550717353820801e-01
1.108375668525695801e+00
9.873046278953552246e-01
9.207014441490173340e-01
9.120812416076660156e-01
8.163371682167053223e-01
7.856056094169616699e-01
7.490899562835693359e-01
6.359930634498596191e-01
5.984504818916320801e-01
4.913534820079803467e-01
3.925261795520782471e-01
3.054811656475067139e-01
3.080420196056365967e-01
2.550989389419555664e-01
2.244749367237091064e-01
1.453708857297897339e-01
2.129847556352615356e-02
-6.991975754499435425e-02
2.384964749217033386e-02
-6.543692201375961304e-02
-1.113351583480834961e-01
-1.103337183594703674e-01
-5.892129614949226379e-02
-2.852555178105831146e-02
-9.308622777462005615e-02
4.438398778438568115e-02
8.638454228639602661e-02
2.555920481681823730e-01
3.288172185420989990e-01
3.801150918006896973e-01
4.092297852039337158e-01
5.645277500152587891e-01
6.228206753730773926e-01
6.581644415855407715e-01
7.446153759956359863e-01
8.076079487800598145e-01
9.955098628997802734e-01
1.085134506225585938e+00
1.076228022575378418e+00
1.117159366607666016e+00
1.281986594200134277e+00
1.347524046897888184e+00
1.462141275405883789e+00
1.476964354515075684e+00
1.540363550186157227e+00
1.577776193618774414e+00
1.514640092849731445e+00
1.573637127876281738e+00
1.531583547592163086e+00
1.462539792060852051e+00
1.514877200126647949e+00
1.465412497520446777e+00
1.462517499923706055e+00
1.431631088256835938e+00
1.372502923011779785e+00
1.359194278717041016e+00
1.242832779884338379e+00
1.246101617813110352e+00
1.071506381034851074e+00
1.016041040420532227e+00
9.308331608772277832e-01
7.413213253021240234e-01
6.701879501342773438e-01
5.685600638389587402e-01
4.361867606639862061e-01
3.471278250217437744e-01
1.525097191333770752e-01
7.501368224620819092e-02
4.007670655846595764e-02
4.744647070765495300e-02
2.255936339497566223e-02
-1.091485396027565002e-01
-5.068645626306533813e-02
-1.000723764300346375e-01
-1.115403175354003906e-01
-8.846703916788101196e-02
-1.085406094789505005e-01
-1.751383990049362183e-01
-6.870504468679428101e-02
-8.986251056194305420e-02
-9.336699545383453369e-02
-8.259694278240203857e-02
1.337996963411569595e-02
4.256283864378929138e-02
7.588358968496322632e-02
1.099629923701286316e-01
1.414216458797454834e-01
1.825807616114616394e-02
2.572696805000305176e-01
2.605888247489929199e-01
3.220798373222351074e-01
3.640520572662353516e-01
3.831258118152618408e-01
4.502325057983398438e-01
4.876816570758819580e-01
4.920938014984130859e-01
5.344007611274719238e-01
5.369123220443725586e-01
4.962496757507324219e-01
6.319670081138610840e-01
5.691308379173278809e-01
6.016070246696472168e-01
6.517065167427062988e-01
6.417406201362609863e-01
6.426429748535156250e-01
7.253473997116088867e-01
6.635442376136779785e-01
6.024789810180664062e-01
6.130864024162292480e-01
5.433688163757324219e-01
6.128835678100585938e-01
4.467006623744964600e-01
4.130001366138458252e-01
4.340963959693908691e-01
4.323042035102844238e-01
3.299385011196136475e-01
3.465586006641387939e-01
2.558580040931701660e-01
2.030854076147079468e-01
1.105567142367362976e-01
1.235210523009300232e-01
8.998363465070724487e-02
6.571847945451736450e-03
1.856971904635429382e-02
-2.584439702332019806e-02
-2.041465491056442261e-01
-1.479467749595642090e-01
-2.319651097059249878e-01
-3.107446432113647461e-01
-3.131395876407623291e-01
-2.423151731491088867e-01
-2.500588595867156982e-01
-3.395361304283142090e-01
-3.652907907962799072e-01
-4.047997891902923584e-01
-6.841622591018676758e-01
-6.120567917823791504e-01
-7.118269205093383789e-01
-6.893956661224365234e-01
-7.708634138107299805e-01
-7.364647388458251953e-01
-7.379895448684692383e-01
-7.786061763763427734e-01
-7.128611803054809570e-01
-7.668564915657043457e-01
-7.951394915580749512e-01
-8.008797168731689453e-01
-7.129362225532531738e-01
-7.574123144149780273e-01
-7.145456075668334961e-01
-6.618179082870483398e-01
-6.767116189002990723e-01
-6.137761473655700684e-01
-6.248052120208740234e-01
-5.643488168716430664e-01
-5.098901987075805664e-01
-4.646017551422119141e-01
-4.316560328006744385e-01
-3.399146795272827148e-01
-3.411725461483001709e-01
-2.899805009365081787e-01
-1.895115077495574951e-01
-1.915605068206787109e-01
-1.506784558296203613e-01
-1.443492919206619263e-01
-2.712383866310119629e-02
4.920312017202377319e-02
8.145895600318908691e-02
1.407821774482727051e-01
1.496894806623458862e-01
3.069775365293025970e-02
7.787909358739852905e-02
6.512888520956039429e-02
6.405571103096008301e-02
7.383336871862411499e-02
1.979390718042850494e-02
-2.410828694701194763e-02
-1.325405091047286987e-01
-2.315477430820465088e-01
-2.471746057271957397e-01
-4.027093648910522461e-01
-4.012629985809326172e-01
-4.661230146884918213e-01
-5.976437926292419434e-01
-6.475570797920227051e-01
-6.905274987220764160e-01
-7.269084453582763672e-01
-8.313636779785156250e-01
-8.556239604949951172e-01
-9.486637115478515625e-01
-1.036523938179016113e+00
-1.045245766639709473e+00
-1.049491763114929199e+00
-1.123924374580383301e+00
-1.194584012031555176e+00
-1.261821866035461426e+00
-1.251677989959716797e+00
-1.238814353942871094e+00
-1.223582029342651367e+00
-1.206331729888916016e+00
-1.261725664138793945e+00
-1.167181491851806641e+00
-1.145983219146728516e+00
-1.124171137809753418e+00
-1.102096319198608398e+00
-1.005798935890197754e+00
-9.842526912689208984e-01
-8.891870379447937012e-01
-8.695757985115051270e-01
-8.514601588249206543e-01
-7.608813643455505371e-01
-6.725029349327087402e-01
-5.866776108741760254e-01
-5.037585496902465820e-01
-4.240990281105041504e-01
-4.223637580871582031e-01
-3.502845764160156250e-01
-2.082158178091049194e-01
-1.451339274644851685e-01
-8.708274364471435547e-02
-3.441736474633216858e-02
1.250683143734931946e-02
5.333419144153594971e-02
8.813290297985076904e-02
4.435625672340393066e-02
7.281441241502761841e-02
1.013843193650245667e-01
2.065647095441818237e-01
2.419211864471435547e-01
2.096411585807800293e-01
-3.671007230877876282e-02
-4.907933995127677917e-02
-4.821252822875976562e-02
-1.062335968017578125e-01
-1.466445326805114746e-01
-1.672583222389221191e-01
-1.658879518508911133e-01
-2.889683246612548828e-01
-3.113793432712554932e-01
-3.052447438240051270e-01
-3.426882028579711914e-01
-4.215222001075744629e-01
-3.909371197223663330e-01
-3.973670899868011475e-01
-4.386240541934967041e-01
-4.382088780403137207e-01
-4.682439267635345459e-01
-5.265405774116516113e-01
-3.136657774448394775e-01
-3.476072847843170166e-01
-4.032425284385681152e-01
-4.040707349777221680e-01
-4.222127199172973633e-01
-6.041001677513122559e-01
-5.759872794151306152e-01
-6.329271197319030762e-01
-5.497955083847045898e-01
-5.473337769508361816e-01
-5.490392446517944336e-01
-5.527197718620300293e-01
-4.818720817565917969e-01
-4.086146652698516846e-01
-4.793767333030700684e-01
-3.947214186191558838e-01
-3.753885626792907715e-01
-3.448739349842071533e-01
-2.266730815172195435e-01
-2.415255457162857056e-01
-1.643046885728836060e-01
-6.712783128023147583e-02
-9.642326831817626953e-02
-2.706426940858364105e-02
-5.479092709720134735e-03
4.486053436994552612e-02
1.262661069631576538e-01
9.245060384273529053e-02
9.437093138694763184e-02
6.005084887146949768e-02
6.613600254058837891e-02
1.149608865380287170e-01
2.831707894802093506e-01
3.501668870449066162e-01
3.925940394401550293e-01
4.127860069274902344e-01
4.873872399330139160e-01
3.957979977130889893e-01
4.375952482223510742e-01
4.664897620677947998e-01
4.105030298233032227e-01
4.949003159999847412e-01
4.990805387496948242e-01
4.996865093708038330e-01
5.733606219291687012e-01
4.995011389255523682e-01
5.033720731735229492e-01
5.873042345046997070e-01
5.306950807571411133e-01
5.588080286979675293e-01
5.253511667251586914e-01
5.812765359878540039e-01
5.059808492660522461e-01
4.504159092903137207e-01
4.912221729755401611e-01
4.077961742877960205e-01
3.510891497135162354e-01
3.234305083751678467e-01
3.271493911743164062e-01
2.902640700340270996e-01
2.894147336483001709e-01
2.526195943355560303e-01
1.822078675031661987e-01
1.548199206590652466e-01
9.847408533096313477e-02
8.981082588434219360e-02
1.311596930027008057e-01
7.622837275266647339e-02
-7.265333831310272217e-02
-1.591149717569351196e-02
-4.845998808741569519e-02
-9.365753829479217529e-02
-7.486270368099212646e-02
-6.405587494373321533e-02
-5.890622362494468689e-02
-5.739602446556091309e-02
8.986160904169082642e-02
8.607450127601623535e-02
1.546276360750198364e-01
1.473512202501296997e-01
2.133195996284484863e-01
2.786743044853210449e-01
3.438680768013000488e-01
3.350427448749542236e-01
4.012732505798339844e-01
3.943907916545867920e-01
5.377815961837768555e-01
5.346549153327941895e-01
5.340863466262817383e-01
6.108402609825134277e-01
6.910592913627624512e-01
7.008859515190124512e-01
7.150849103927612305e-01
8.084206581115722656e-01
8.327249288558959961e-01
8.627622723579406738e-01
8.989861011505126953e-01
8.675389289855957031e-01
9.174961447715759277e-01
9.006889462471008301e-01
8.918814063072204590e-01
8.915265798568725586e-01
9.000774025917053223e-01
9.179863929748535156e-01
7.970843911170959473e-01
8.350675702095031738e-01
8.094551563262939453e-01
7.206991910934448242e-01
7.178735136985778809e-01
6.528076529502868652e-01
6.002641916275024414e-01
5.606942772865295410e-01
5.345489978790283203e-01
5.222792029380798340e-01
4.500246047973632812e-01
3.925467133522033691e-01
3.502958416938781738e-01
3.237222433090209961e-01
1.646539270877838135e-01
1.707848161458969116e-01
1.196317523717880249e-01
8.595541864633560181e-02
-4.105556290596723557e-03
-1.479622791521251202e-03
-5.433927476406097412e-02
-1.392269972711801529e-02
-1.042617186903953552e-01
-2.952080965042114258e-02
-1.404142286628484726e-02
1.507903356105089188e-02
-1.787878945469856262e-02
-4.001216590404510498e-02
2.158173359930515289e-02
9.118384122848510742e-02
1.876423321664333344e-02
1.001591086387634277e-01
1.110278367996215820e-01
1.242739707231521606e-01
2.128012180328369141e-01
2.265805155038833618e-01
1.642049252986907959e-01
2.472008168697357178e-01
2.512287199497222900e-01
3.235043585300445557e-01
3.883107602596282959e-01
3.699310421943664551e-01
4.155816733837127686e-01
4.495462179183959961e-01
4.704195857048034668e-01
4.767966568470001221e-01
3.929618000984191895e-01
4.404433369636535645e-01
3.949038386344909668e-01
4.778720140457153320e-01
4.650108218193054199e-01
5.035381913185119629e-01
4.434281289577484131e-01
4.318989813327789307e-01
3.932358622550964355e-01
4.003461301326751709e-01
3.775151073932647705e-01
3.976501226425170898e-01
3.850364685058593750e-01
3.382704555988311768e-01
3.302592337131500244e-01
2.852879762649536133e-01
2.762636840343475342e-01
2.274712622165679932e-01
2.118174880743026733e-01
2.278978973627090454e-01
1.256859451532363892e-01
1.267097890377044678e-01
8.094241470098495483e-02
6.128957122564315796e-02
-7.965236902236938477e-03
2.036060579121112823e-02
-7.823999971151351929e-02
-8.244206011295318604e-02
-1.424758583307266235e-01
-1.856389492750167847e-01
-2.135402262210845947e-01
-1.534778028726577759e-01
-1.556831598281860352e-01
-2.217660099267959595e-01
-2.047143280506134033e-01
-2.547604143619537354e-01
-2.248928397893905640e-01
-2.653443515300750732e-01
-2.291039824485778809e-01
-1.920939832925796509e-01
-1.559258252382278442e-01
-2.708331048488616943e-01
-2.411836832761764526e-01
-2.915225028991699219e-01
-2.748396098613739014e-01
-2.670581340789794922e-01
-2.697904109954833984e-01
-2.846486866474151611e-01
-3.132453262805938721e-01
-2.828815877437591553e-01
-2.694807946681976318e-01
-2.003442049026489258e-01
-2.257059365510940552e-01
-1.985560804605484009e-01
-3.434395194053649902e-01
-3.647240698337554932e-01
-4.126432836055755615e-01
-3.401865661144256592e-01
-3.718980848789215088e-01
-1.378337740898132324e-01
-8.547030389308929443e-02
-6.779605895280838013e-02
-1.211015414446592331e-02
5.666618701070547104e-03
-1.607522554695606232e-02
6.967715173959732056e-02
3.838192299008369446e-02
3.705259785056114197e-02
6.408102065324783325e-02
1.178593784570693970e-01
1.224691793322563171e-01
7.630331814289093018e-02
5.206594243645668030e-02
4.815057292580604553e-02
6.295102089643478394e-02
2.076492831110954285e-02
6.968132406473159790e-02
-1.355096045881509781e-02
-8.062785118818283081e-02
-1.318670362234115601e-01
-9.327501803636550903e-02
-1.137910708785057068e-01
-1.937323361635208130e-01
-2.591047883033752441e-01
-3.102253377437591553e-01
-3.474107682704925537e-01
-3.709777891635894775e-01
-3.812430799007415771e-01
-4.528343081474304199e-01
-4.374462664127349854e-01
-4.840175509452819824e-01
-5.185540318489074707e-01
-5.339415669441223145e-01
-5.304971337318420410e-01
-5.456933975219726562e-01
-5.426921248435974121e-01
-5.515353083610534668e-01
-5.725406408309936523e-01
-5.763017535209655762e-01
-5.779988169670104980e-01
-5.853815674781799316e-01
-5.839064717292785645e-01
-5.813235640525817871e-01
-5.705210566520690918e-01
-5.518185496330261230e-01
-5.329670310020446777e-01
-5.068554878234863281e-01
-4.812355935573577881e-01
-4.489970207214355469e-01
-4.253229796886444092e-01
-3.956727385520935059e-01
-3.603678941726684570e-01
-3.197304606437683105e-01
-2.815136611461639404e-01
-2.460399866104125977e-01
-2.062010318040847778e-01
-1.697507947683334351e-01
-1.370123475790023804e-01
-9.344681352376937866e-02
-6.167091056704521179e-02
-3.457713872194290161e-02
-5.058074370026588440e-03
1.913139037787914276e-02
3.023630566895008087e-02
5.022608116269111633e-02
6.414092332124710083e-02
6.535743921995162964e-02
6.234079971909523010e-02
5.612510442733764648e-02
4.774456098675727844e-02
2.337126247584819794e-02
1.376403030008077621e-02
-2.335866447538137436e-03
-3.132479637861251831e-02
-4.987454414367675781e-02
-7.924328744411468506e-02
-8.124019950628280640e-02
-1.068473979830741882e-01
-1.253046840429306030e-01
-1.504382044076919556e-01
-1.663494110107421875e-01
-1.794328242540359497e-01
-2.035137563943862915e-01
-2.226928770542144775e-01
-2.433638572692871094e-01
-2.644889950752258301e-01
-2.775991857051849365e-01
-2.890873253345489502e-01
-2.979148626327514648e-01
-3.104742169380187988e-01
-3.108640909194946289e-01
-3.277697265148162842e-01
-3.229961693286895752e-01
-3.252281546592712402e-01
-3.259947597980499268e-01
-3.168249130249023438e-01
-3.189717829227447510e-01
-3.091017901897430420e-01
-3.010367751121520996e-01
-2.937363088130950928e-01
-2.787287533283233643e-01
-2.624046802520751953e-01
-2.511546313762664795e-01
-2.290758639574050903e-01
-2.099900096654891968e-01
-1.928566396236419678e-01
-1.766353398561477661e-01
-1.528546810150146484e-01
-1.279055923223495483e-01
-1.156102046370506287e-01
-9.263528883457183838e-02
-6.537222117185592651e-02
-4.764360934495925903e-02
-1.611679419875144958e-02
5.229895468801259995e-04
2.564243227243423462e-02
3.815916553139686584e-02
6.161163002252578735e-02
7.495141774415969849e-02
1.017164960503578186e-01
1.282890886068344116e-01
1.484822481870651245e-01
1.561088114976882935e-01
1.672746986150741577e-01
1.609300822019577026e-01
1.754736751317977905e-01
1.675619632005691528e-01
1.681621521711349487e-01
1.413614004850387573e-01
1.998686790466308594e-01
1.814421266317367554e-01
1.616349220275878906e-01
2.160000950098037720e-01
1.971576213836669922e-01
1.806603670120239258e-01
1.677501350641250610e-01
1.596686840057373047e-01
1.576577723026275635e-01
1.629591137170791626e-01
1.768144816160202026e-01
2.004656791687011719e-01
2.351545542478561401e-01
2.821230888366699219e-01
2.683022618293762207e-01
2.692453265190124512e-01
2.861945033073425293e-01
1.717703491449356079e-01
2.244594544172286987e-01
1.482606232166290283e-01
9.303888678550720215e-02
6.003748252987861633e-02
-2.381114475429058075e-02
6.566968560218811035e-02
3.247987851500511169e-02
-4.782540351152420044e-02
-2.537978626787662506e-02
-4.756062850356101990e-02
-3.881205618381500244e-02
-7.219996303319931030e-02
-7.216800004243850708e-02
-3.747060522437095642e-02
-4.117298871278762817e-02
-8.202915638685226440e-02
-8.448191732168197632e-02
-4.728490859270095825e-02
-4.365289956331253052e-02
1.220236765220761299e-03
1.336846034973859787e-02
-6.863165181130170822e-03
8.949252218008041382e-02
7.984776049852371216e-02
3.885883092880249023e-02
1.898040473461151123e-01
1.614737510681152344e-01
2.514572739601135254e-01
3.114778399467468262e-01
3.418806791305541992e-01
2.686999440193176270e-01
3.152136802673339844e-01
3.331447541713714600e-01
3.971489667892456055e-01
3.589488863945007324e-01
3.675109446048736572e-01
3.488683402538299561e-01
3.776761293411254883e-01
3.799670040607452393e-01
4.303954839706420898e-01
3.806829154491424561e-01
4.541052281856536865e-01
4.280722141265869141e-01
3.772372007369995117e-01
4.505644142627716064e-01
4.254627525806427002e-01
3.765847384929656982e-01
3.785827159881591797e-01
3.574866354465484619e-01
3.136372268199920654e-01
3.959969580173492432e-01
3.819729983806610107e-01
3.462162613868713379e-01
3.633774816989898682e-01
2.851740419864654541e-01
2.605672180652618408e-01
2.155850231647491455e-01
2.248773276805877686e-01
2.144718021154403687e-01
1.847069859504699707e-01
1.359213292598724365e-01
1.427641212940216064e-01
5.695161223411560059e-02
1.017549633979797363e-01
-1.973166689276695251e-02
-9.926168248057365417e-03
-1.711239852011203766e-02
-4.095219448208808899e-02
-6.969556212425231934e-03
-6.431426852941513062e-02
-6.506525725126266479e-02
-9.923319332301616669e-03
2.609988674521446228e-02
4.230384528636932373e-02
-3.632279112935066223e-02
1.245280914008617401e-02
3.930868580937385559e-02
4.354508221149444580e-02
9.877346456050872803e-02
1.299835294485092163e-01
6.216523051261901855e-02
1.175527274608612061e-01
7.251445949077606201e-02
1.492851227521896362e-01
1.242336481809616089e-01
1.452842354774475098e-01
2.117393314838409424e-01
9.996863454580307007e-02
1.808300614356994629e-01
2.306938171386718750e-01
2.488632649183273315e-01
1.603310555219650269e-01
1.873340010643005371e-01
1.805541068315505981e-01
2.136065661907196045e-01
2.114847898483276367e-01
2.478042244911193848e-01
2.475585490465164185e-01
2.174836099147796631e-01
2.311953306198120117e-01
2.211186885833740234e-01
2.385764271020889282e-01
2.308559417724609375e-01
2.195556014776229858e-01
2.039804756641387939e-01
2.057290226221084595e-01
1.795196682214736938e-01
1.618130058050155640e-01
1.444828957319259644e-01
1.342653483152389526e-01
1.156029999256134033e-01
9.523168951272964478e-02
7.988715916872024536e-02
6.144281476736068726e-02
3.920303285121917725e-02
2.733425982296466827e-02
1.027839537709951401e-02
-5.229513160884380341e-03
-1.992870122194290161e-02
-3.473066911101341248e-02
-4.315901175141334534e-02
-5.359967797994613647e-02
-6.700768321752548218e-02
-7.690711319446563721e-02
-8.425328880548477173e-02
-9.000170230865478516e-02
-1.025391072034835815e-01
-1.005279570817947388e-01
-1.146485954523086548e-01
-1.235637366771697998e-01
-1.356606632471084595e-01
-1.370334625244140625e-01
-1.212073713541030884e-01
-1.262943893671035767e-01
-1.235266253352165222e-01
-1.212918087840080261e-01
-1.205466017127037048e-01
-1.073855161666870117e-01
-1.050586029887199402e-01
-1.070915311574935913e-01
-9.957886487245559692e-02
-9.833960235118865967e-02
-9.689942002296447754e-02
-8.878396451473236084e-02
-8.238106220960617065e-02
-7.864740490913391113e-02
-7.110854983329772949e-02
-6.072108820080757141e-02
-5.587265640497207642e-02
-4.265753552317619324e-02
-3.689433634281158447e-02
-2.467719465494155884e-02
-1.439348701387643814e-02
-6.999399978667497635e-03
1.141114626079797745e-02
3.245101496577262878e-02
1.800873316824436188e-02
2.657721005380153656e-02
3.490732237696647644e-02
4.204331338405609131e-02
3.959839046001434326e-02
4.147911444306373596e-02
4.672990366816520691e-02
3.953303396701812744e-02
3.379519656300544739e-02
3.599204495549201965e-02
3.030594065785408020e-02
3.064367920160293579e-02
1.385303679853677750e-02
9.185378439724445343e-03
-6.029156036674976349e-03
-1.730493456125259399e-02
-3.988074138760566711e-02
-5.183987319469451904e-02
-6.842115521430969238e-02
-8.257015794515609741e-02
-8.723245561122894287e-02
-9.764700382947921753e-02
-1.290527582168579102e-01
-1.595332622528076172e-01
-1.820342838764190674e-01
-1.969327330589294434e-01
-2.046055942773818970e-01
-2.202921211719512939e-01
-2.443693727254867554e-01
-2.623522579669952393e-01
-2.671868801116943359e-01
-2.741126716136932373e-01
-2.760757505893707275e-01
-2.883156538009643555e-01
-2.963474988937377930e-01
-2.856864035129547119e-01
-2.864341735839843750e-01
-2.841060161590576172e-01
-2.790792882442474365e-01
-2.717313468456268311e-01
-2.550085484981536865e-01
-2.515814900398254395e-01
-2.469653040170669556e-01
-2.266751229763031006e-01
-2.208126187324523926e-01
-2.000305205583572388e-01
-1.944304406642913818e-01
-1.746650636196136475e-01
-1.559735983610153198e-01
-1.313018500804901123e-01
-1.158889308571815491e-01
-1.026804596185684204e-01
-7.719092816114425659e-02
-6.209020689129829407e-02
-4.289257898926734924e-02
-3.483661636710166931e-02
-1.600529626011848450e-02
5.794118158519268036e-03
1.532335486263036728e-02
2.706865034997463226e-02
3.322302922606468201e-02
4.084182903170585632e-02
4.224444553256034851e-02
3.025516308844089508e-02
3.498001769185066223e-02
2.707632258534431458e-02
2.178806066513061523e-02
1.206596847623586655e-02
-1.708068884909152985e-03
-1.915212906897068024e-02
-2.502206340432167053e-02
-3.379809856414794922e-02
-5.252936109900474548e-02
-5.854057520627975464e-02
-8.117417991161346436e-02
-9.032384306192398071e-02
-1.004698723554611206e-01
-1.186615079641342163e-01
-1.296547502279281616e-01
-1.404989808797836304e-01
-1.656747162342071533e-01
-1.676449328660964966e-01
-1.757525205612182617e-01
-1.821850091218948364e-01
-1.939922124147415161e-01
-1.959308087825775146e-01
-1.950508207082748413e-01
-1.984024494886398315e-01
-2.056048512458801270e-01
-2.088463008403778076e-01
-2.077462226152420044e-01
-2.019241601228713989e-01
-2.132931351661682129e-01
-2.043174654245376587e-01
-1.969103366136550903e-01
-1.758296042680740356e-01
-1.704197824001312256e-01
-1.580077856779098511e-01
-1.456450521945953369e-01
-1.403830498456954956e-01
-1.195489242672920227e-01
-1.050564795732498169e-01
-9.652626514434814453e-02
-7.871665060520172119e-02
-6.611044704914093018e-02
-5.832822620868682861e-02
-4.755949229001998901e-02
-4.085591062903404236e-02
-2.297581173479557037e-02
-8.401876315474510193e-03
3.245474770665168762e-03
1.234589423984289169e-02
1.932390779256820679e-02
3.221437707543373108e-02
3.680375590920448303e-02
4.117191955447196960e-02
5.339886620640754700e-02
5.927143618464469910e-02
5.200770497322082520e-02
6.198139488697052002e-02
6.754869222640991211e-02
6.192811951041221619e-02
6.806276738643646240e-02
6.430929154157638550e-02
6.617997586727142334e-02
5.946289002895355225e-02
5.967063084244728088e-02
6.002265214920043945e-02
5.373851954936981201e-02
5.633125826716423035e-02
5.358960106968879700e-02
4.616457968950271606e-02
4.956952854990959167e-02
4.959347844123840332e-02
3.945661336183547974e-02
4.210357740521430969e-02
2.846135757863521576e-02
2.890576794743537903e-02
2.922602184116840363e-02
1.521133072674274445e-02
9.806376881897449493e-03
6.231403443962335587e-03
5.137692205607891083e-03
-7.685751188546419144e-03
-9.294510819017887115e-03
-1.389978360384702682e-02
-1.341957971453666687e-02
-1.463425438851118088e-02
-2.432430721819400787e-02
-1.954600028693675995e-02
-2.937346883118152618e-02
-3.829442709684371948e-02
-3.822788223624229431e-02
-3.595523163676261902e-02
-3.825807943940162659e-02
-4.448713362216949463e-02
-3.913109749555587769e-02
-3.640329837799072266e-02
-4.308614879846572876e-02
-3.623786941170692444e-02
-3.007237426936626434e-02
-2.394157089293003082e-02
-2.468392811715602875e-02
-9.634850546717643738e-03
-7.717909757047891617e-04
9.652053937315940857e-03
2.195226028561592102e-02
2.901319041848182678e-02
4.601241275668144226e-02
5.840301141142845154e-02
7.393131405115127563e-02
8.548141270875930786e-02
9.336847811937332153e-02
1.127698719501495361e-01
1.217074990272521973e-01
1.279276758432388306e-01
1.317456811666488647e-01
1.483391374349594116e-01
1.557301729917526245e-01
1.542343795299530029e-01
1.590297073125839233e-01
1.704320460557937622e-01
1.738952249288558960e-01
1.845976859331130981e-01
1.879936754703521729e-01
1.843997985124588013e-01
1.815640479326248169e-01
1.798034757375717163e-01
1.794354170560836792e-01
1.733462810516357422e-01
1.767160743474960327e-01
1.601383835077285767e-01
1.536558717489242554e-01
1.427247971296310425e-01
1.350949704647064209e-01
1.236541867256164551e-01
1.087215617299079895e-01
9.804750978946685791e-02
8.452039957046508789e-02
6.845988333225250244e-02
6.504792720079421997e-02
4.488005861639976501e-02
4.543179646134376526e-02
2.986774779856204987e-02
2.080137655138969421e-02
1.112179830670356750e-02
1.149243442341685295e-03
-8.796061389148235321e-03
-1.096281595528125763e-02
-1.989307068288326263e-02
-2.783565223217010498e-02
-3.447057679295539856e-02
-3.956400975584983826e-02
-3.579526394605636597e-02
-3.079204075038433075e-02
-2.475110627710819244e-02
-1.786943152546882629e-02
-2.913087140768766403e-03
5.058328621089458466e-03
5.847189575433731079e-03
2.154892496764659882e-02
2.967211417853832245e-02
3.744949027895927429e-02
4.468241333961486816e-02
5.860309675335884094e-02
7.901240140199661255e-02
8.341762423515319824e-02
9.391243010759353638e-02
1.028658226132392883e-01
1.100777238607406616e-01
1.227789074182510376e-01
1.259066611528396606e-01
1.341224908828735352e-01
1.472255587577819824e-01
1.427215635776519775e-01
1.501337736845016479e-01
1.543988287448883057e-01
1.627465486526489258e-01
1.526822745800018311e-01
1.537291258573532104e-01
1.508235186338424683e-01
1.511952877044677734e-01
1.546431779861450195e-01
1.386727392673492432e-01
1.328073441982269287e-01
1.368460655212402344e-01
1.282948404550552368e-01
1.218152940273284912e-01
1.172070652246475220e-01
1.142699792981147766e-01
1.053729951381683350e-01
9.031643718481063843e-02
8.376307785511016846e-02
7.808266580104827881e-02
5.821410566568374634e-02
5.368318408727645874e-02
4.942936822772026062e-02
1.553020533174276352e-02
1.866780407726764679e-02
6.626939866691827774e-03
-5.927458871155977249e-03
-1.176132913678884506e-02
-1.110742706805467606e-02
-4.342071712017059326e-03
-6.739547941833734512e-03
-1.871178112924098969e-02
-2.580836415290832520e-02
-2.100989222526550293e-02
-2.702128142118453979e-02
-2.939191460609436035e-02
-2.853335626423358917e-02
-2.485719881951808929e-02
-3.363729640841484070e-02
-3.299210220575332642e-02
-3.076457791030406952e-02
-3.479786589741706848e-02
-3.064199537038803101e-02
-2.614052966237068176e-02
-2.913728356361389160e-02
-3.261417150497436523e-02
-5.184671655297279358e-02
-5.009308457374572754e-02
-4.262951388955116272e-02
-4.473261535167694092e-02
-1.966171897947788239e-02
-1.984975859522819519e-02
-1.598799414932727814e-02
-1.592362672090530396e-02
-5.210981238633394241e-03
-6.560322362929582596e-03
-5.526840221136808395e-03
-2.528342884033918381e-03
2.016959013417363167e-03
2.593697863630950451e-04
6.642130669206380844e-03
1.331484783440828323e-02
1.242682058364152908e-02
1.098927855491638184e-02
1.601321808993816376e-02
1.964724250137805939e-02
1.403980981558561325e-02
2.106367424130439758e-02
2.543604373931884766e-02
2.673632092773914337e-02
2.454397454857826233e-02
2.586966939270496368e-02
4.515535011887550354e-02
3.739436715841293335e-02
3.932246193289756775e-02
3.565801680088043213e-02
3.341307863593101501e-02
3.216905891895294189e-02
9.244904853403568268e-03
1.639248058199882507e-02
1.359195797704160213e-03
-6.364813540130853653e-03
-1.444423478096723557e-02
-1.568084768950939178e-02
-2.516899071633815765e-02
-3.570894524455070496e-02
-4.010019451379776001e-02
-5.343473330140113831e-02
-5.364824458956718445e-02
-5.583110079169273376e-02
-7.507284730672836304e-02
-7.444456964731216431e-02
-8.389642834663391113e-02
-8.136014640331268311e-02
-9.678442031145095825e-02
-1.006684228777885437e-01
-1.006662249565124512e-01
-1.044312492012977600e-01
-1.121852770447731018e-01
-1.092874184250831604e-01
-1.108207553625106812e-01
-1.095746904611587524e-01
-1.057694926857948303e-01
-1.070563197135925293e-01
-1.062239855527877808e-01
-1.109235137701034546e-01
-1.065126881003379822e-01
-1.006427109241485596e-01
-9.353399276733398438e-02
-9.283832460641860962e-02
-8.391468971967697144e-02
-7.441583275794982910e-02
-6.456408649682998657e-02
-6.201355159282684326e-02
-5.955694243311882019e-02
-4.255675151944160461e-02
-4.096302762627601624e-02
-3.270916640758514404e-02
-1.802296563982963562e-02
-1.199559215456247330e-02
-7.426145952194929123e-03
2.884998451918363571e-03
3.842845326289534569e-03
1.007544156163930893e-02
2.134725451469421387e-02
2.255915105342864990e-02
2.833499573171138763e-02
2.357283793389797211e-02
0.000000000000000000e+00
0.000000000000000000e+00
0.000000000000000000e+00
0.000000000000000000e+00
0.000000000000000000e+00
0.000000000000000000e+00
0.000000000000000000e+00
0.000000000000000000e+00
0.000000000000000000e+00
0.000000000000000000e+00
0.000000000000000000e+00
0.000000000000000000e+00
0.000000000000000000e+00
0.000000000000000000e+00
0.000000000000000000e+00
0.000000000000000000e+00
0.000000000000000000e+00
0.000000000000000000e+00
0.000000000000000000e+00
0.000000000000000000e+00
0.000000000000000000e+00
0.000000000000000000e+00
0.000000000000000000e+00
0.000000000000000000e+00
0.000000000000000000e+00
0.000000000000000000e+00
0.000000000000000000e+00
0.000000000000000000e+00
0.000000000000000000e+00
0.000000000000000000e+00
0.000000000000000000e+00
0.000000000000000000e+00
0.000000000000000000e+00
0.000000000000000000e+00
0.000000000000000000e+00
0.000000000000000000e+00
0.000000000000000000e+00
0.000000000000000000e+00
0.000000000000000000e+00
0.000000000000000000e+00
0.000000000000000000e+00
0.000000000000000000e+00
0.000000000000000000e+00
0.000000000000000000e+00
0.000000000000000000e+00
0.000000000000000000e+00
0.000000000000000000e+00
0.000000000000000000e+00
0.000000000000000000e+00
0.000000000000000000e+00
0.000000000000000000e+00
0.000000000000000000e+00
0.000000000000000000e+00
0.000000000000000000e+00
0.000000000000000000e+00
0.000000000000000000e+00
0.000000000000000000e+00
0.000000000000000000e+00
0.000000000000000000e+00
0.000000000000000000e+00
0.000000000000000000e+00
0.000000000000000000e+00
0.000000000000000000e+00
0.000000000000000000e+00
0.000000000000000000e+00
0.000000000000000000e+00
0.000000000000000000e+00
0.000000000000000000e+00
0.000000000000000000e+00
0.000000000000000000e+00
0.000000000000000000e+00
0.000000000000000000e+00
0.000000000000000000e+00
0.000000000000000000e+00
0.000000000000000000e+00
0.000000000000000000e+00
0.000000000000000000e+00
0.000000000000000000e+00
0.000000000000000000e+00
0.000000000000000000e+00
0.000000000000000000e+00
0.000000000000000000e+00
0.000000000000000000e+00
0.000000000000000000e+00
0.000000000000000000e+00
0.000000000000000000e+00
0.000000000000000000e+00
0.000000000000000000e+00
0.000000000000000000e+00
0.000000000000000000e+00
0.000000000000000000e+00
0.000000000000000000e+00
0.000000000000000000e+00
0.000000000000000000e+00
0.000000000000000000e+00
0.000000000000000000e+00
0.000000000000000000e+00
0.000000000000000000e+00
0.000000000000000000e+00
0.000000000000000000e+00
