# cl_g_2isw
2.978976456134468766e-05
3.049363518219526362e-05
3.113346519848983864e-05
3.169688560273922323e-05
3.217782525694584927e-05
3.256860597180826503e-05
3.285135952935577108e-05
3.301168332615167744e-05
3.303885314218532002e-05
3.291872273529156866e-05
3.264318075764759803e-05
3.221015925691329883e-05
3.162091750253249837e-05
3.088205419712462574e-05
2.999966019011617301e-05
2.898854955853268794e-05
2.787461271447212692e-05
2.668382877516550187e-05
2.544038378644799216e-05
2.417342932535884386e-05
2.291873638691490581e-05
2.171039414485425692e-05
2.057090779087737234e-05
1.951122413222156808e-05
1.852205752268372240e-05
1.761276845975223577e-05
1.674771557126729694e-05
1.589199327842958972e-05
1.500972814914461053e-05
1.407821329009003186e-05
1.309544356550398754e-05
1.207848346970857326e-05
1.106318174893218229e-05
1.009532346554814342e-05
9.211180694214147354e-06
8.423696480603420621e-06
7.721927505616551745e-06
7.083137088544963066e-06
6.490268211287257166e-06
5.938312909864415432e-06
5.424358529258093393e-06
4.942244453946838928e-06
4.484881182634166542e-06
4.056483912287216293e-06
3.674413828811945138e-06
3.346231068778831843e-06
3.055676574402090950e-06
2.783634872241401627e-06
2.530395548977968462e-06
2.302848969700444866e-06
2.103884457577677461e-06
1.926567355355867512e-06
1.763603029480446424e-06
1.617144845695717168e-06
1.488318034910478671e-06
1.375011618582568054e-06
1.270207235571533594e-06
1.172319309203078306e-06
1.086613146284572303e-06
1.009144379010544235e-06
9.387640922668787908e-07
8.744939631311589956e-07
8.152977998942340813e-07
7.611300803324125340e-07
7.111431987393743790e-07
6.648234420941004755e-07
6.217023189837731349e-07
5.813718330254074440e-07
5.434919506974094321e-07
5.074848549539326552e-07
4.737433080734317095e-07
4.417647639901945114e-07
4.114038086211216245e-07
3.825423358957533124e-07
3.550848519942961847e-07
3.289564073800768042e-07
3.043289796121312572e-07
2.806910519136095863e-07
2.582571066962373344e-07
2.370044470313967613e-07
