# ells_isw
1.000000000000000000e+01
1.069335350291868103e+01
1.143478091383832940e+01
1.222761545401007943e+01
1.307542145474812756e+01
1.398201038152689790e+01
1.495145796911461034e+01
1.598812254477731543e+01
1.709666462192876679e+01
1.828206785231279596e+01
1.954966143091260378e+01
2.090514405431235545e+01
2.235460954022007840e+01
2.390457422332917403e+01
2.556200625068166588e+01
2.733435690823561615e+01
2.922959411947108066e+01
3.125623826663373706e+01
3.342340049565689952e+01
3.574082367696865248e+01
3.821892620633119009e+01
4.086884884262622109e+01
4.370250479315512138e+01
4.673263327162059966e+01
4.997285676956983025e+01
5.343774229877330839e+01
5.714286687986536606e+01
6.110488757166242380e+01
6.534161635598886164e+01
6.987210021466825083e+01
7.471670675868078604e+01
7.989721579444871224e+01
8.543691723890184164e+01
9.136071582351844711e+01
9.769524305805791187e+01
1.044689769573376168e+02
1.117123700693077808e+02
1.194579863799979904e+02
1.277406477108162903e+02
1.365975902663559509e+02
1.460686320364988831e+02
1.561963518054036228e+02
1.670262805721430652e+02
1.786071062435605370e+02
1.909908925195746292e+02
2.042333129549759860e+02
2.183939012499780858e+02
2.335363188947530944e+02
2.497286413711941293e+02
2.670436641985783126e+02
2.855592301990105852e+02
3.053585794539353628e+02
3.265307235250014060e+02
3.491708456216647392e+02
3.733807285145504693e+02
3.992692121183395670e+02
4.269526828013230784e+02
4.565555966214059254e+02
4.882110388408642052e+02
5.220613222352526464e+02
5.582586268862694396e+02
5.969656843348859638e+02
6.383565091704704173e+02
6.826171813448994499e+02
7.299466827286961461e+02
7.805577916700771084e+02
8.346780395785693827e+02
8.925507338336788052e+02
9.544360516173013593e+02
1.020612209587375105e+03
1.091376714651272778e+03
1.167047701462007581e+03
1.247965362650196084e+03
1.334493478221665100e+03
1.427021050996378335e+03
1.525964055441083019e+03
1.631767307757889284e+03
1.744906465636102212e+03
1.865890166657527743e+03
1.995262314968878854e+03
