# a
8.333333333333332871e-02
8.348669901288272022e-02
8.364063023801542041e-02
8.379513014273719251e-02
8.395020188425302010e-02
8.410584864318219889e-02
8.426207362377574617e-02
8.441888005413634988e-02
8.457627118644067687e-02
8.473425029716419310e-02
8.489282068730860664e-02
8.505198568263165615e-02
8.521174863387977194e-02
8.537211291702308247e-02
8.553308193349330735e-02
8.569465911042417616e-02
8.585684790089469220e-02
8.601965178417514402e-02
8.618307426597582310e-02
8.634711887869873925e-02
8.651178918169209753e-02
8.667708876150773123e-02
8.684302123216150471e-02
8.700959023539668602e-02
8.717679944095038658e-02
8.734465254682302615e-02
8.751315327955103140e-02
8.768230539448251815e-02
8.785211267605633201e-02
8.802257893808430878e-02
8.819370802403675436e-02
8.836550380733132481e-02
8.853797019162525095e-02
8.871111111111110170e-02
8.888493053081580886e-02
8.905943244690343874e-02
8.923462088698139172e-02
8.941049991041032097e-02
8.958707360861759006e-02
8.976434610541464409e-02
8.994232155731794742e-02
9.012100415387393204e-02
9.030039811798769300e-02
9.048050770625566674e-02
9.066133720930232009e-02
9.084289095212087772e-02
9.102517329441808802e-02
9.120818863096324947e-02
9.139194139194138644e-02
9.157643604331068554e-02
9.176167708716438665e-02
9.194766906209692059e-02
9.213441654357458488e-02
9.232192414431081295e-02
9.251019651464589821e-02
9.269923834293143650e-02
9.288905435591958415e-02
9.307964931915688189e-02
9.327102803738318570e-02
9.346319535493538555e-02
9.365615615615616174e-02
9.384991536580777893e-02
9.404447794949113981e-02
9.423984891406987641e-02
9.443603330809992313e-02
9.463303622226436340e-02
9.483086278981375794e-02
9.502951818701199649e-02
9.522900763358778387e-02
9.542933639319180206e-02
9.563050977385971485e-02
9.583253312848087624e-02
9.603541185527328383e-02
9.623915139826420828e-02
9.644375724777733139e-02
9.664923494092581002e-02
9.685559006211180710e-02
9.706282824353239247e-02
9.727095516569200795e-02
9.747997655792146887e-02
9.768989819890368242e-02
9.790072591720619388e-02
9.811246559182068561e-02
9.832512315270935943e-02
9.853870458135860488e-02
9.875321591133980059e-02
9.896866322887742928e-02
9.918505267342475618e-02
9.940239043824700138e-02
9.962068277101217284e-02
9.983993597438974021e-02
1.000601564066573024e-01
1.002813504823150959e-01
1.005035246727089548e-01
1.007266855066612649e-01
1.009508395711106454e-01
1.011759935117599318e-01
1.014021540337329830e-01
1.016293279022403295e-01
1.018575219432537315e-01
1.020867430441898538e-01
1.023169981546032392e-01
1.025482942868886083e-01
1.027806385169927894e-01
1.030140379851362531e-01
1.032484998965445822e-01
1.034840315221899620e-01
1.037206401995427046e-01
1.039583333333333193e-01
1.041971183963249087e-01
1.044370029300962649e-01
1.046779945458359423e-01
1.049201009251471695e-01
1.051633298208640571e-01
1.054076890578791587e-01
1.056531865339826182e-01
1.058998302207130732e-01
1.061476281642203812e-01
1.063965884861407252e-01
1.066467193844838623e-01
1.068980291345329875e-01
1.071505260897573503e-01
1.074042186827378342e-01
1.076591154261057198e-01
1.079152249134948116e-01
1.081725558205072629e-01
1.084311169056931673e-01
1.086909170115443191e-01
1.089519650655021710e-01
1.092142700809805161e-01
1.094778411584027972e-01
1.097426874862546670e-01
1.100088183421516624e-01
1.102762430939226435e-01
1.105449712007088858e-01
1.108150122140795085e-01
1.110863757791629575e-01
1.113590716357955868e-01
1.116331096196867823e-01
1.119084996636017099e-01
1.121852517985611475e-01
1.124633761550597189e-01
1.127428829643018493e-01
1.130237825594564011e-01
1.133060853769300574e-01
1.135898019576599138e-01
1.138749429484253728e-01
1.141615191031800369e-01
1.144495412844036553e-01
1.147390204644745809e-01
1.150299677270631704e-01
1.153223942685463188e-01
1.156163113994439356e-01
1.159117305458768760e-01
1.162086632510479778e-01
1.165071211767452486e-01
1.168071161048689216e-01
1.171086599389814381e-01
1.174117647058823544e-01
1.177164425572068684e-01
1.180227057710501459e-01
1.183305667536163064e-01
1.186400380408939581e-01
1.189511323003575594e-01
1.192638623326959801e-01
1.195782410735681672e-01
1.198942815953868285e-01
1.202119971091303169e-01
1.205314009661835606e-01
1.208525066602082754e-01
1.211753278290432084e-01
1.214998782566350244e-01
1.218261718749999861e-01
1.221542227662178737e-01
1.224840451644575168e-01
1.228156534580359394e-01
1.231490621915103389e-01
1.234842860678049964e-01
1.238213399503721862e-01
1.241602388653894051e-01
1.245009980039920167e-01
1.248436327245434074e-01
1.251881585549423082e-01
1.255345911949685422e-01
1.258829465186679930e-01
1.262332405767771226e-01
1.265854895991882223e-01
1.269397099974561016e-01
1.272959183673469385e-01
1.276541314914300396e-01
1.280143663417137034e-01
1.283766400823256881e-01
1.287409700722394190e-01
1.291073738680465766e-01
1.294758692267773681e-01
1.298464741087691776e-01
1.302192066805845372e-01
1.305940853179795857e-01
1.309711286089238758e-01
1.313503553566728044e-01
1.317317845828933354e-01
1.321154355308445938e-01
1.325013276686139163e-01
1.328894806924101057e-01
1.332799145299145283e-01
1.336726493436913854e-01
1.340677055346587709e-01
1.344651037456211229e-01
1.348648648648648474e-01
1.352670100298183908e-01
1.356715606307775934e-01
1.360785383146986549e-01
1.364879649890590740e-01
1.368998628257887540e-01
1.373142542652724118e-01
1.377311620204250409e-01
1.381506090808416187e-01
1.385726187170230328e-01
1.389972144846796376e-01
1.394244202291142765e-01
1.398542600896860999e-01
1.402867585043575949e-01
1.407219402143259912e-01
1.411598302687411544e-01
1.416004540295119074e-01
1.420438371762026697e-01
1.424900057110222718e-01
1.429389859639071669e-01
1.433908045977011214e-01
1.438454886134332700e-01
1.443030653556969245e-01
1.447635625181317165e-01
1.452270081490104614e-01
1.456934306569342974e-01
1.461628588166373754e-01
1.466353217749044868e-01
1.471108490566037652e-01
1.475894705708370169e-01
1.480712166172106770e-01
1.485561178922298331e-01
1.490442054958183993e-01
1.495355109379682412e-01
1.500300661455201412e-01
1.505279034690799322e-01
1.510290556900726333e-01
1.515335560279380267e-01
1.520414381474710364e-01
1.525527361663099879e-01
1.530674846625766916e-01
1.535857186826715959e-01
1.541074737492279245e-01
1.546327858692283785e-01
1.551616915422885656e-01
1.556942277691107657e-01
1.562304320601126950e-01
1.567703424442349891e-01
1.573139974779318995e-01
1.578614362543498684e-01
1.584126984126984217e-01
1.589678241478177656e-01
1.595268542199488604e-01
1.600898299647096623e-01
1.606567933032839735e-01
1.612277867528271458e-01
1.618028534370946625e-01
1.623820370972990368e-01
1.629653821032004957e-01
1.635529334644378607e-01
1.641447368421052599e-01
1.647408385605810544e-01
1.653412856196156411e-01
1.659461257066844053e-01
1.665554072096128158e-01
1.671691792294807410e-01
1.677874915938130373e-01
1.684103948700641229e-01
1.690379403794037838e-01
1.696701802108126211e-01
1.703071672354948829e-01
1.709489551216169800e-01
1.715955983493810122e-01
1.722471522264411303e-01
1.729036729036728948e-01
1.735652173913043439e-01
1.742318435754189876e-01
1.749036102348404953e-01
1.755805770584095427e-01
1.762628046626633360e-01
1.769503546099290836e-01
1.776432894268422935e-01
1.783416726233023608e-01
1.790455687118765737e-01
1.797550432276656951e-01
1.804701627486437476e-01
1.811909949164851041e-01
1.819176084578928154e-01
1.826500732064421373e-01
1.833884601249540502e-01
1.841328413284132881e-01
1.848832901074471957e-01
1.856398809523809590e-01
1.864026895778856940e-01
1.871717929482370479e-01
1.879472693032014918e-01
1.887291981845688194e-01
1.895176604633497797e-01
1.903127383676582463e-01
1.911145155112983218e-01
1.919230769230769185e-01
1.927385090768636566e-01
1.935608999224204818e-01
1.943903389170237583e-01
1.952269170579029600e-01
1.960707269155206045e-01
1.969218626677189943e-01
1.977804201347601876e-01
1.986464968152865940e-01
1.995201919232307275e-01
2.004016064257028162e-01
2.012908430818878547e-01
2.021880064829821577e-01
2.030932030932030841e-01
2.040065412919051524e-01
2.049281314168377721e-01
2.058580858085808374e-01
2.067965188561955991e-01
2.077435470441298671e-01
2.086992890004182033e-01
2.096638655462184642e-01
2.106373997467285430e-01
2.116200169635284178e-01
2.126118449083936879e-01
2.136130136986301165e-01
2.146236559139784728e-01
2.156439066551426031e-01
2.166739036039947996e-01
2.177137870855148372e-01
2.187637001315212715e-01
2.198237885462555052e-01
2.208942009738822376e-01
2.219750889679715233e-01
2.230666070630308306e-01
2.241689128481581250e-01
2.252821670428893641e-01
2.264065335753175923e-01
2.275421796625626825e-01
2.286892758936754921e-01
2.298479963150621419e-01
2.310185185185184842e-01
2.322010237319683534e-01
2.333956969130027981e-01
2.346027268453220460e-01
2.358223062381852309e-01
2.370546318289785959e-01
2.382999044890162510e-01
2.395583293326932484e-01
2.408301158301158484e-01
2.421154779233382071e-01
2.434146341463414576e-01
2.447278077488965198e-01
2.460552268244576013e-01
2.473971244422409343e-01
2.487537387836490366e-01
2.501253132832079729e-01
2.515120967741935609e-01
2.529143436391282362e-01
2.543323139653415055e-01
2.557662737057919133e-01
2.572164948453607991e-01
2.586832555728356686e-01
2.601668404588112771e-01
2.616675406397482861e-01
2.631856540084387963e-01
2.647214854111405447e-01
2.662753468516542155e-01
2.678475577026301346e-01
2.694384449244060509e-01
2.710483432916893087e-01
2.726775956284152591e-01
2.743265530511270200e-01
2.759955752212389091e-01
2.776850306065664631e-01
2.793952967525195619e-01
2.811267605633802624e-01
2.828798185941043264e-01
2.846548773531089593e-01
2.864523536165327067e-01
2.882726747544771539e-01
2.901162790697673910e-01
2.919836161497951776e-01
2.938751472320376701e-01
2.957913455838767081e-01
2.977326968973746935e-01
2.996996996996996732e-01
3.016928657799274327e-01
3.037127206329884310e-01
3.057598039215685959e-01
3.078346699568167422e-01
3.099378881987577272e-01
3.120700437773608615e-01
3.142317380352644962e-01
3.164235890932149409e-01
3.186462324393358747e-01
3.209003215434083067e-01
3.231865284974093089e-01
3.255055446836268573e-01
3.278580814717476644e-01
3.302448709463930987e-01
3.326666666666666661e-01
3.351242444593687253e-01
3.376184032476319263e-01
3.401499659168370493e-01
3.427197802197801679e-01
3.453287197231833527e-01
3.479776847977684162e-01
3.506676036542515917e-01
3.533994334277620331e-01
3.561741613133476148e-01
3.589928057553957164e-01
3.618564176939811361e-01
3.647660818713450159e-01
3.677229182019159937e-01
3.707280832095096179e-01
3.737827715355804825e-01
3.768882175226586084e-01
3.800456968773800459e-01
3.832565284178187093e-01
3.865220759101472003e-01
3.898437499999999889e-01
3.932230102442868525e-01
3.966613672496025478e-01
4.001603849238171140e-01
4.037216828478963904e-01
4.073469387755101478e-01
4.110378912685337949e-01
4.147963424771404783e-01
4.186241610738254959e-01
4.225232853513971598e-01
4.264957264957265348e-01
4.305435720448662629e-01
4.346689895470383092e-01
4.388742304309586340e-01
4.431616341030195083e-01
4.475336322869954420e-01
4.519927536231884146e-01
4.565416285452881806e-01
4.611829944547134463e-01
4.659197012138189264e-01
4.707547169811320820e-01
4.756911344137273456e-01
4.807321772639691626e-01
4.858812074001946923e-01
4.911417322834645272e-01
4.965174129353233101e-01
5.020120724346076591e-01
5.076297049847405818e-01
5.133744855967077303e-01
5.192507804370447566e-01
5.252631578947368762e-01
5.314164004259851470e-01
5.377155172413793371e-01
5.441657579062159078e-01
5.507726269315673662e-01
5.575418994413408047e-01
5.644796380090497667e-01
5.715922107674684671e-01
5.788863109048723032e-01
5.863689776733255199e-01
5.940476190476190466e-01
6.019300361881785300e-01
6.100244498777506186e-01
6.183395291201981836e-01
6.268844221105527303e-01
6.356687898089172784e-01
6.447028423772609429e-01
6.539973787680208872e-01
6.635638297872339386e-01
6.734143049932523883e-01
6.835616438356164615e-01
6.940194714881779969e-01
7.048022598870056221e-01
7.159253945480631431e-01
7.274052478134110933e-01
7.392592592592592826e-01
7.515060240963855609e-01
7.641653905053598095e-01
7.772585669781931772e-01
7.908082408874801406e-01
8.048387096774194394e-01
8.193760262725779953e-01
8.344481605351169451e-01
8.500851788756388361e-01
8.663194444444444198e-01
8.831858407079646867e-01
9.007220216606498520e-01
9.189686924493553066e-01
9.379699248120301203e-01
9.577735124760076157e-01
9.784313725490196845e-01
1.000000000000000000e+00
