# d_l
# unit = Mpc
1.230492740259526472e+05
1.227706759838615981e+05
1.224921263728352642e+05
1.222136253282568505e+05
1.219351729861429340e+05
1.216567694831473491e+05
1.213784149565656262e+05
1.211001095443390222e+05
1.208218533850589592e+05
1.205436466179713170e+05
1.202654893829808861e+05
1.199873818206554715e+05
1.197093240722306364e+05
1.194313162796140678e+05
1.191533585853899422e+05
1.188754511328237859e+05
1.185975940658670006e+05
1.183197875291610108e+05
1.180420316680427495e+05
1.177643266285487625e+05
1.174866725574200245e+05
1.172090696021071926e+05
1.169315179107747390e+05
1.166540176323065243e+05
1.163765689163102070e+05
1.160991719131226710e+05
1.158218267738145660e+05
1.155445336501955026e+05
1.152672926948197419e+05
1.149901040609903139e+05
1.147129679027649836e+05
1.144358843749614171e+05
1.141588536331620562e+05
1.138818758337198378e+05
1.136049511337635631e+05
1.133280796912030346e+05
1.130512616647349641e+05
1.127744972138482553e+05
1.124977864988294314e+05
1.122211296807688195e+05
1.119445269215655280e+05
1.116679783839338488e+05
1.113914842314084672e+05
1.111150446283510828e+05
1.108386597399552702e+05
1.105623297322533617e+05
1.102860547721220209e+05
1.100098350272881798e+05
1.097336706663358345e+05
1.094575618587112986e+05
1.091815087747301877e+05
1.089055115855834447e+05
1.086295704633435962e+05
1.083536855809711560e+05
1.080778571123216971e+05
1.078020852321512793e+05
1.075263701161242498e+05
1.072507119408191356e+05
1.069751108837355423e+05
1.066995671233011672e+05
1.064240808388783043e+05
1.061486522107709607e+05
1.058732814202322770e+05
1.055979686494706693e+05
1.053227140816574538e+05
1.050475179009344865e+05
1.047723802924205957e+05
1.044973014422193955e+05
1.042222815374267520e+05
1.039473207661380147e+05
1.036724193174556131e+05
1.033975773814970016e+05
1.031227951494018489e+05
1.028480728133403463e+05
1.025734105665207171e+05
1.022988086031971907e+05
1.020242671186781226e+05
1.017497863093341584e+05
1.014753663726061932e+05
1.012010075070137682e+05
1.009267099121634674e+05
1.006524737887571537e+05
1.003782993386007292e+05
1.001041867646124010e+05
9.983013627083174651e+04
9.955614806242821214e+04
9.928222234571012086e+04
9.900835932813363615e+04
9.873455921831156593e+04
9.846082222602277761e+04
9.818714856222136586e+04
9.791353843904584937e+04
9.763999206982878968e+04
9.736650966910617717e+04
9.709309145262712264e+04
9.681973763736341789e+04
9.654644844151962025e+04
9.627322408454280230e+04
9.600006478713259276e+04
9.572697077125140640e+04
9.545394226013445586e+04
9.518097947830047633e+04
9.490808265156179550e+04
9.463525200703529117e+04
9.436248777315254847e+04
9.408979017967128311e+04
9.381715945768574602e+04
9.354459583963794285e+04
9.327209955932908633e+04
9.299967085193017556e+04
9.272730995399403037e+04
9.245501710346640903e+04
9.218279253969802812e+04
9.191063650345581118e+04
9.163854923693525780e+04
9.136653098377225979e+04
9.109458198905526660e+04
9.082270249933762534e+04
9.055089276264990622e+04
9.027915302851260640e+04
9.000748354794873740e+04
8.973588457349676173e+04
8.946435635922358779e+04
8.919289916073750646e+04
8.892151323520184087e+04
8.865019884134805761e+04
8.837895623948940192e+04
8.810778569153476565e+04
8.783668746100258431e+04
8.756566181303464691e+04
8.729470901441054593e+04
8.702382933356214198e+04
8.675302304058766458e+04
8.648229040726684616e+04
8.621163170707566314e+04
8.594104721520123712e+04
8.567053720855744905e+04
8.540010196579985495e+04
8.512974176734154753e+04
8.485945689536877035e+04
8.458924763385711412e+04
8.431911426858750929e+04
8.404905708716227673e+04
8.377907637902222632e+04
8.350917243546283862e+04
8.323934554965133430e+04
8.296959601664400543e+04
8.269992413340332860e+04
8.243033019881531072e+04
8.216081451370776631e+04
8.189137738086777972e+04
8.162201910505995329e+04
8.135273999304506287e+04
8.108354035359830596e+04
8.081442049752849562e+04
8.054538073769686162e+04
8.027642138903637533e+04
8.000754276857151126e+04
7.973874519543780480e+04
7.947002899090216670e+04
7.920139447838258639e+04
7.893284198346926132e+04
7.866437183394527528e+04
7.839598435980720387e+04
7.812767989328713156e+04
7.785945876887359191e+04
7.759132132333370100e+04
7.732326789573542192e+04
7.705529882746975636e+04
7.678741446227346023e+04
7.651961514625219570e+04
7.625190122790359601e+04
7.598427305814121792e+04
7.571673099031788297e+04
7.544927538025047397e+04
7.518190658624385833e+04
7.491462496911645576e+04
7.464743089222451090e+04
7.438032472148833040e+04
7.411330682541774877e+04
7.384637757513855468e+04
7.357953734441859706e+04
7.331278650969499722e+04
7.304612545010128815e+04
7.277955454749509227e+04
7.251307418648577004e+04
7.224668475446317461e+04
7.198038664162620262e+04
7.171418024101166520e+04
7.144806594852423586e+04
7.118204416296618001e+04
7.091611528606755019e+04
7.065027972251705069e+04
7.038453787999322230e+04
7.011889016919600544e+04
6.985333700387871068e+04
6.958787880088061502e+04
6.932251598015989293e+04
6.905724896482695476e+04
6.879207818117819261e+04
6.852700405873067211e+04
6.826202703025670780e+04
6.799714753181916603e+04
6.773236600280746643e+04
6.746768288597381616e+04
6.720309862747011357e+04
6.693861367688539030e+04
6.667422848728373356e+04
6.640994351524261583e+04
6.614575922089227242e+04
6.588167606795510801e+04
6.561769452378594724e+04
6.535381505941279465e+04
6.509003814957852592e+04
6.482636427278233896e+04
6.456279391132298770e+04
6.429932755134178296e+04
6.403596568286656839e+04
6.377270879985629290e+04
6.350955740024623810e+04
6.324651198599425697e+04
6.298357306312705623e+04
6.272074114178772288e+04
6.245801673628401477e+04
6.219540036513681844e+04
6.193289255113006220e+04
6.167049382136092754e+04
6.140820470729105000e+04
6.114602574479857140e+04
6.088395747423051216e+04
6.062200044045700633e+04
6.036015519292516547e+04
6.009842228571462329e+04
5.983680227759373520e+04
5.957529573207674548e+04
5.931390321748163842e+04
5.905262530698909541e+04
5.879146257870255067e+04
5.853041561570887279e+04
5.826948500614032673e+04
5.800867134323758364e+04
5.774797522541334911e+04
5.748739725631749752e+04
5.722693804490324692e+04
5.696659820549408323e+04
5.670637835785207426e+04
5.644627912724751513e+04
5.618630114452925773e+04
5.592644504619650252e+04
5.566671147447211843e+04
5.540710107737646467e+04
5.514761450880326447e+04
5.488825242859628634e+04
5.462901550262748060e+04
5.436990440287651290e+04
5.411091980751176015e+04
5.385206240097255795e+04
5.359333287405285955e+04
5.333473192398667015e+04
5.307626025453476177e+04
5.281791857607286511e+04
5.255970760568165133e+04
5.230162806723820540e+04
5.204368069150921656e+04
5.178586621624578402e+04
5.152818538627993985e+04
5.127063895362309995e+04
5.101322771190945787e+04
5.075595235791602317e+04
5.049881370138887723e+04
5.024181252407596185e+04
4.998494961542414239e+04
4.972822577268913301e+04
4.947164180104737898e+04
4.921519851370987453e+04
4.895889673203876737e+04
4.870273728566541104e+04
4.844672101261117496e+04
4.819084875941050268e+04
4.793512138123633486e+04
4.767953974202796962e+04
4.742410471462133137e+04
4.716881718088206253e+04
4.691367803184092918e+04
4.665868816783233342e+04
4.640384849863496493e+04
4.614915994361599587e+04
4.589462343187766237e+04
4.564023990240703279e+04
4.538601030422883923e+04
4.513193559656121215e+04
4.487801674897505291e+04
4.462425474155619304e+04
4.437065056507131521e+04
4.411720522113715560e+04
4.386391972239324969e+04
4.361079509267841786e+04
4.335783236721081630e+04
4.310503259277214238e+04
4.285239682789543440e+04
4.259992614305701863e+04
4.234762162087277102e+04
4.209548435629845335e+04
4.184351545683451695e+04
4.159171604273530829e+04
4.134008724722306215e+04
4.108863021670650778e+04
4.083734611100440088e+04
4.058623610357395228e+04
4.033530138174472813e+04
4.008454314695744688e+04
3.983396261500845139e+04
3.958356101629976183e+04
3.933333959609478916e+04
3.908329961478024052e+04
3.883344234813356161e+04
3.858376908759734943e+04
3.833428114055961487e+04
3.808497983064107393e+04
3.783586649798906728e+04
3.758694249957856664e+04
3.733820920952040615e+04
3.708966801937704440e+04
3.684132033848582796e+04
3.659316759429038211e+04
3.634521123268005613e+04
3.609745271833756851e+04
3.584989353509569628e+04
3.560253518630252074e+04
3.535537919519604475e+04
3.510842710528824682e+04
3.486168048075881234e+04
3.461514090685918200e+04
3.436880999032663385e+04
3.412268935980946844e+04
3.387678066630285321e+04
3.363108558359649760e+04
3.338560580873374420e+04
3.314034306248305074e+04
3.289529908982190682e+04
3.265047566043379993e+04
3.240587456921849662e+04
3.216149763681618424e+04
3.191734671014588821e+04
3.167342366295875399e+04
3.142973039640635761e+04
3.118626883962507054e+04
3.094304095033652993e+04
3.070004871546506547e+04
3.045729415177250121e+04
3.021477930651111092e+04
2.997250625809508711e+04
2.973047711679143322e+04
2.948869402543084652e+04
2.924715916013917740e+04
2.900587473109044367e+04
2.876484298328197474e+04
2.852406619733243497e+04
2.828354669030386140e+04
2.804328681654815227e+04
2.780328896857917789e+04
2.756355557797139045e+04
2.732408911628584247e+04
2.708489209602477058e+04
2.684596707161550148e+04
2.660731664042520060e+04
2.636894344380718758e+04
2.613085016818030635e+04
2.589303954614247050e+04
2.565551435761973335e+04
2.541827743105211994e+04
2.518133164461786146e+04
2.494467992749723999e+04
2.470832526117776797e+04
2.447227068080234312e+04
2.423651927656181215e+04
2.400107419513398054e+04
2.376593864117067642e+04
2.353111587883505490e+04
2.329660923339072906e+04
2.306242209284527053e+04
2.282855790964987318e+04
2.259502020245782114e+04
2.236181255794374374e+04
2.212893863268654604e+04
2.189640215511836504e+04
2.166420692754234551e+04
2.143235682822209492e+04
2.120085581354584792e+04
2.096970792026837444e+04
2.073891726783392369e+04
2.050848806078364942e+04
2.027842459125108508e+04
2.004873124154932884e+04
1.981941248685401661e+04
1.959047289798603015e+04
1.936191715410851248e+04
1.913375000570972406e+04
1.890597633894040700e+04
1.867860113717651620e+04
1.845162949500708055e+04
1.822506662171307835e+04
1.799891784488069243e+04
1.777318861415483116e+04
1.754788450513920543e+04
1.732301122344929900e+04
1.709857460892507152e+04
1.687458064001056118e+04
1.665103543830777198e+04
1.642794527331252175e+04
1.620531656734060380e+04
1.598315590065254401e+04
1.576147001678607739e+04
1.554026582810551190e+04
1.531955042157773278e+04
1.509933106478514492e+04
1.487961521218607777e+04
1.466041051163380325e+04
1.444172481116584095e+04
1.422356616607557771e+04
1.400594284627897650e+04
1.378886334398937834e+04
1.357233638171447092e+04
1.335637092058934832e+04
1.314097616906096482e+04
1.292616159193927888e+04
1.271193691983127974e+04
1.249831215897470975e+04
1.228529760148886089e+04
1.207290383606038267e+04
1.186114175908294237e+04
1.165002258626990442e+04
1.143955786475998320e+04
1.122975948573651840e+04
1.102063969758135136e+04
1.081221111958518122e+04
1.060448675623651798e+04
1.039748001211210612e+04
1.019120470739191478e+04
9.985675094022326448e+03
9.780905872551375069e+03
9.576912209660065855e+03
9.373709756414067670e+03
9.171314667259759517e+03
8.969743619788683645e+03
8.769013835294006640e+03
8.569143100141887771e+03
8.370149787980111796e+03
8.172052882805103764e+03
7.974872002907091883e+03
7.778627425711559226e+03
7.583340113532991381e+03
7.389031740254410579e+03
7.195724718943180960e+03
7.003442230410042612e+03
6.812208252714215632e+03
6.622047591612534234e+03
6.432985911945130283e+03
6.245049769943845604e+03
6.058266646442216370e+03
5.872664980957823900e+03
5.688274206608625718e+03
5.505124785814306961e+03
5.323248246722520889e+03
5.142677220286637748e+03
4.963445477907790519e+03
4.785587969538144534e+03
4.609140862125240346e+03
4.434141578258568188e+03
4.260628834859197923e+03
4.088642681731375887e+03
3.918224539771440959e+03
3.749417238604287832e+03
3.582265053390960929e+03
3.416813740522820353e+03
3.253110571888496906e+03
3.091204367369453848e+03
2.931145525188730062e+03
2.772986049706097674e+03
2.616779576221039861e+03
2.462581392314157711e+03
2.310448455227477098e+03
2.160439404756115891e+03
2.012614571098092938e+03
1.867035977087089123e+03
1.723767334215198616e+03
1.582874031840621228e+03
1.444423118969671350e+03
1.308483278004697922e+03
1.175124789860816463e+03
1.044419489875671161e+03
9.164407139693270210e+02
7.912632345564920797e+02
6.689631857718255787e+02
5.496179776417485527e+02
4.333061989233374902e+02
3.201075084329643801e+02
2.101025148039481678e+02
1.033726447431300954e+02
0.000000000000000000e+00
