# d_m
# unit = Mpc
1.025410616882938666e+04
1.024971847347280163e+04
1.024531864901857080e+04
1.024090663959700578e+04
1.023648238897801457e+04
1.023204584056809836e+04
1.022759693740733564e+04
1.022313562216632818e+04
1.021866183714312137e+04
1.021417552426009206e+04
1.020967662506081251e+04
1.020516508070684722e+04
1.020064083197456966e+04
1.019610381925190995e+04
1.019155398253506610e+04
1.018699126142522073e+04
1.018241559512519416e+04
1.017782692243601923e+04
1.017322518175359801e+04
1.016861031106520750e+04
1.016398224794601083e+04
1.015934092955558299e+04
1.015468629263428375e+04
1.015001827349973064e+04
1.014533680804311552e+04
1.014064183172557568e+04
1.013593327957444126e+04
1.013121108617950267e+04
1.012647518568926898e+04
1.012172551180704977e+04
1.011696199778715527e+04
1.011218457643098009e+04
1.010739318008301234e+04
1.010258774062687917e+04
1.009776818948129949e+04
1.009293445759598580e+04
1.008808647544755695e+04
1.008322417303534894e+04
1.007834747987717856e+04
1.007345632500515239e+04
1.006855063696128309e+04
1.006363034379320743e+04
1.005869537304973346e+04
1.005374565177646218e+04
1.004878110651120551e+04
1.004380166327952429e+04
1.003880724759009172e+04
1.003379778443004943e+04
1.002877319826036182e+04
1.002373341301099936e+04
1.001867835207619646e+04
1.001360793830958755e+04
1.000852209401928485e+04
1.000342074096292345e+04
9.998303800342699105e+03
9.993171192800200515e+03
9.988022838411392513e+03
9.982858656681355569e+03
9.977678566539072563e+03
9.972482486332137341e+03
9.967270333821372333e+03
9.962042026175420688e+03
9.956797479965303864e+03
9.951536611158802771e+03
9.946259335114888017e+03
9.940965566578097423e+03
9.935655219672724343e+03
9.930328207897062384e+03
9.924984444117546445e+03
9.919623840562797341e+03
9.914246308817620957e+03
9.908851759816976482e+03
9.903440103839784570e+03
9.898011250502762778e+03
9.892565108754122775e+03
9.887101586867207516e+03
9.881620592434081118e+03
9.876122032359024161e+03
9.870605812851947121e+03
9.865071839421736513e+03
9.859520016869531901e+03
9.853950249281895594e+03
9.848362440023940508e+03
9.842756491732332506e+03
9.837132306308261832e+03
9.831489784910285380e+03
9.825828827947114405e+03
9.820149335070300367e+03
9.814451205166826185e+03
9.808734336351639286e+03
9.802998625960075515e+03
9.797243970540179362e+03
9.791470265844967798e+03
9.785677406824566788e+03
9.779865287618273214e+03
9.774033801546498580e+03
9.768182841102654493e+03
9.762312297944901729e+03
9.756422062887813809e+03
9.750512025893947794e+03
9.744582076065280489e+03
9.738632101634599167e+03
9.732661989956706748e+03
9.726671627499610622e+03
9.720660899835491364e+03
9.714629691631691458e+03
9.708577886641473015e+03
9.702505367694726374e+03
9.696412016688585936e+03
9.690297714577814986e+03
9.684162341365219618e+03
9.678005776091826192e+03
9.671827896827020595e+03
9.665628580658471037e+03
9.659407703682021747e+03
9.653165140991393855e+03
9.646900766667780772e+03
9.640614453769299871e+03
9.634306074320320477e+03
9.627975499300660886e+03
9.621622598634623500e+03
9.615247241179919001e+03
9.608849294716437726e+03
9.602428625934846423e+03
9.595985100425112250e+03
9.589518582664790301e+03
9.583028936007216544e+03
9.576516022669537051e+03
9.569979703720586258e+03
9.563419839068566944e+03
9.556836287448630173e+03
9.550228906410271520e+03
9.543597552304505371e+03
9.536942080270971928e+03
9.530262344224800472e+03
9.523558196843308906e+03
9.516829489552575978e+03
9.510076072513753388e+03
9.503297794609266930e+03
9.496494503428799362e+03
9.489666045255104109e+03
9.482812265049620692e+03
9.475933006437860968e+03
9.469028111694697145e+03
9.462097421729326015e+03
9.455140776070114953e+03
9.448158012849236911e+03
9.441148968787063495e+03
9.434113479176337933e+03
9.427051377866215262e+03
9.419962497245971463e+03
9.412846668228545241e+03
9.405703720233894273e+03
9.398533481172020402e+03
9.391335777425878405e+03
9.384110433833931893e+03
9.376857273672554584e+03
9.369576118638155094e+03
9.362266788829050711e+03
9.354929102727099234e+03
9.347562877179023417e+03
9.340167927377557135e+03
9.332744066842295069e+03
9.325291107400189503e+03
9.317808859165936155e+03
9.310297130521907093e+03
9.302755728097912652e+03
9.295184456750655954e+03
9.287583119542850909e+03
9.279951517722076460e+03
9.272289450699330700e+03
9.264596716027244838e+03
9.256873109378042500e+03
9.249118424521084307e+03
9.241332453300192356e+03
9.233514985610556323e+03
9.225665809375395838e+03
9.217784710522155365e+03
9.209871472958478989e+03
9.201925878547763205e+03
9.193947707084365902e+03
9.185936736268420646e+03
9.177892741680332620e+03
9.169815496754852575e+03
9.161704772754805163e+03
9.153560338744346154e+03
9.145381961561928620e+03
9.137169405792794350e+03
9.128922433741025088e+03
9.120640805401277248e+03
9.112324278429996411e+03
9.103972608116209813e+03
9.095585547351911373e+03
9.087162846601970159e+03
9.078704253873587732e+03
9.070209514685264367e+03
9.061678372035339635e+03
9.053110566370003653e+03
9.044505835550826305e+03
9.035863914821773506e+03
9.027184536775766901e+03
9.018467431320650576e+03
9.009712325644652083e+03
9.000918944181337793e+03
8.992087008573967978e+03
8.983216237639320752e+03
8.974306347330953940e+03
8.965357050701853950e+03
8.956368057866502568e+03
8.947339075962387142e+03
8.938269809110821370e+03
8.929159958377198564e+03
8.920009221730575518e+03
8.910817294002656126e+03
8.901583866846005549e+03
8.892308628691738704e+03
8.882991264706408401e+03
8.873631456748240453e+03
8.864228883322643014e+03
8.854783219536986508e+03
8.845294137054690509e+03
8.835761304048468446e+03
8.826184385152868344e+03
8.816563041416045962e+03
8.806896930250644800e+03
8.797185705383973982e+03
8.787429016807282096e+03
8.777626510724214313e+03
8.767777829498414576e+03
8.757882611600180098e+03
8.747940491552355525e+03
8.737951099875153886e+03
8.727914063030149919e+03
8.717829003363291122e+03
8.707695539046952035e+03
8.697513284020962601e+03
8.687281847932652454e+03
8.677000836075885672e+03
8.666669849328998680e+03
8.656288484091701321e+03
8.645856332220893819e+03
8.635372980965315946e+03
8.624838012899106616e+03
8.614251005854213872e+03
8.603611532851557058e+03
8.592919162031030282e+03
8.582173456580288985e+03
8.571373974662212277e+03
8.560520269341121093e+03
8.549611888507721233e+03
8.538648374802611215e+03
8.527629265538527761e+03
8.516554092621126983e+03
8.505422382468364958e+03
8.494233655928421285e+03
8.482987428196156543e+03
8.471683208728027239e+03
8.460320501155449165e+03
8.448898803196618246e+03
8.437417606566692484e+03
8.425876396886304065e+03
8.414274653588432557e+03
8.402611849823522789e+03
8.390887452362874683e+03
8.379100921500208642e+03
8.367251710951411951e+03
8.355339267752424348e+03
8.343363037772145617e+03
8.331322442960557964e+03
8.319216915481363685e+03
8.307045874590425228e+03
8.294808732323461300e+03
8.282504893381801594e+03
8.270133755015960560e+03
8.257694706906935608e+03
8.245187131045340720e+03
8.232610401608075335e+03
8.219963884832701297e+03
8.207246938889365993e+03
8.194458913750233478e+03
8.181599151056381743e+03
8.168666983982066085e+03
8.155661737096378602e+03
8.142582726222130077e+03
8.129429258292016129e+03
8.116200631201838405e+03
8.102896133660935448e+03
8.089515045039544020e+03
8.076056635213160007e+03
8.062520164403769741e+03
8.048904883017885368e+03
8.035210031481359692e+03
8.021434840070799510e+03
8.007578528741621994e+03
7.993640306952592255e+03
7.979619373486776567e+03
7.965514916268861271e+03
7.951326112178681797e+03
7.937052126860996395e+03
7.922692114531241714e+03
7.908245217777325706e+03
7.893710567357307809e+03
7.879087281992846329e+03
7.864374468158351192e+03
7.849571219865702005e+03
7.834676618444476844e+03
7.819689732317523521e+03
7.804609616771808760e+03
7.789435313724385196e+03
7.774165851483437109e+03
7.758800244504176590e+03
7.743337493139546496e+03
7.727776583385594677e+03
7.712116486621335753e+03
7.696356159343069521e+03
7.680494542892844038e+03
7.664530563181160687e+03
7.648463130403537434e+03
7.632291138750962091e+03
7.616013466113974573e+03
7.599628973780269007e+03
7.583136506125633787e+03
7.566534890298095888e+03
7.549822935895042065e+03
7.532999434633209603e+03
7.516063160011332911e+03
7.499012866965214926e+03
7.481847291515160578e+03
7.464565150405444001e+03
7.447165140735678506e+03
7.429645939583900144e+03
7.412006203621067471e+03
7.394244568716922913e+03
7.376359649536770121e+03
7.358350039129180914e+03
7.340214308504178916e+03
7.321951006201856217e+03
7.303558657851003773e+03
7.285035765717640061e+03
7.266380808243086904e+03
7.247592239571381469e+03
7.228668489065726135e+03
7.209607960813690624e+03
7.190409033120901768e+03
7.171070057992929833e+03
7.151589360605002184e+03
7.131965238759353269e+03
7.112195962329768008e+03
7.092279772693085761e+03
7.072214882147267417e+03
7.051999473315736395e+03
7.031631698537586999e+03
7.011109679243348182e+03
6.990431505315910726e+03
6.969595234436223109e+03
6.948598891413409547e+03
6.927440467498892758e+03
6.906117919684078515e+03
6.884629169981281848e+03
6.862972104687360115e+03
6.841144573629689148e+03
6.819144389394012251e+03
6.796969326533716412e+03
6.774617120760080070e+03
6.752085468112971284e+03
6.729372024111594328e+03
6.706474402884702613e+03
6.683390176279842308e+03
6.660116872951078221e+03
6.636651977424700817e+03
6.612992929142339563e+03
6.589137121481024224e+03
6.565081900749536544e+03
6.540824565160586644e+03
6.516362363778212057e+03
6.491692495439798222e+03
6.466812107652190207e+03
6.441718295461252637e+03
6.416408100294366704e+03
6.390878508775136652e+03
6.365126451509839171e+03
6.339148801844900845e+03
6.312942374594877947e+03
6.286503924740240109e+03
6.259830146094436714e+03
6.232917669939568441e+03
6.205763063630097349e+03
6.178362829163965216e+03
6.150713401720568072e+03
6.122811148164961196e+03
6.094652365517743419e+03
6.066233279390065036e+03
6.037550042383228174e+03
6.008598732452320291e+03
5.979375351233466972e+03
5.949875822334161967e+03
5.920095992585874228e+03
5.890031618043893104e+03
5.859678380826871035e+03
5.829031874578537099e+03
5.798087605798824370e+03
5.766840991905406554e+03
5.735287359256362834e+03
5.703421941133929067e+03
5.671239875689419932e+03
5.638736203849445701e+03
5.605905867183712871e+03
5.572743705734790638e+03
5.539244455810385261e+03
5.505402747738716243e+03
5.471213103587930163e+03
5.436669934850456229e+03
5.401767540093579555e+03
5.366500102577611869e+03
5.330861687843296750e+03
5.294846241270405699e+03
5.258447585609668749e+03
5.221659418490555254e+03
5.184475309907737028e+03
5.146888699689422538e+03
5.108892894951176459e+03
5.070481067539203650e+03
5.031646251467696857e+03
4.992381340355119391e+03
4.952679084865121695e+03
4.912532090158187202e+03
4.871932813360836008e+03
4.830873561059938766e+03
4.789346486830423601e+03
4.747343588805461877e+03
4.704856707299195477e+03
4.661877522492928620e+03
4.618397552196788638e+03
4.574408149700017930e+03
4.529900501724130663e+03
4.484865626494601202e+03
4.439294371948005391e+03
4.393177414093092011e+03
4.346505255545782347e+03
4.299268224259828457e+03
4.251456472476599629e+03
4.203059975919412864e+03
4.154068533259875039e+03
4.104471765885757122e+03
4.054259118002312334e+03
4.003419857101289381e+03
3.951943074834382514e+03
3.899817688330603232e+03
3.847032441999761431e+03
3.793575909867148766e+03
3.739436498487541485e+03
3.684602450489739567e+03
3.629061848806053604e+03
3.572802621644424562e+03
3.515812548264196266e+03
3.458079265619932357e+03
3.399590275941002346e+03
3.340332955318022869e+03
3.280294563370504420e+03
3.219462254073126587e+03
3.157823087821071113e+03
3.095364044817561535e+03
3.032072039869027776e+03
2.967933938675461377e+03
2.902936575704787629e+03
2.837066773741108136e+03
2.770311365196675069e+03
2.702657215276727129e+03
2.634091247084554197e+03
2.564600468751194057e+03
2.494172002669873564e+03
2.422793116909478158e+03
2.350451258873793449e+03
2.277134091263808386e+03
2.202829530388743478e+03
2.127525786857614548e+03
2.051211408666698389e+03
1.973875326679050431e+03
1.895506902470332534e+03
1.816095978489984418e+03
1.735632930458707051e+03
1.654108721891694586e+03
1.571514960602480869e+03
1.487843957004368121e+03
1.403088783985628652e+03
1.317243338090940370e+03
1.230302401695436174e+03
1.142261705809613204e+03
1.053117993103781146e+03
9.628690806905541422e+02
8.715139221537790490e+02
7.790526682635335192e+02
6.854867257702943562e+02
5.908188136285681367e+02
4.950530159625135411e+02
3.981948310547797405e+02
3.002512156166338855e+02
2.012306235838198347e+02
1.011430386800429915e+02
0.000000000000000000e+00
