# h
# unit = Mpc/c
5.031002476755647677e-03
5.017146071715785326e-03
5.003302541460605789e-03
4.989471897858097429e-03
4.975654152810799098e-03
4.961849318255954523e-03
4.948057406165703130e-03
4.934278428547238769e-03
4.920512397442995331e-03
4.906759324930822820e-03
4.893019223124161696e-03
4.879292104172227619e-03
4.865577980260184926e-03
4.851876863609344386e-03
4.838188766477324529e-03
4.824513701158258082e-03
4.810851679982966304e-03
4.797202715319148075e-03
4.783566819571575049e-03
4.769944005182275536e-03
4.756334284630727924e-03
4.742737670434059305e-03
4.729154175147231957e-03
4.715583811363248043e-03
4.702026591713341294e-03
4.688482528867181712e-03
4.674951635533070721e-03
4.661433924458148470e-03
4.647929408428595928e-03
4.634438100269836977e-03
4.620960012846755255e-03
4.607495159063887576e-03
4.594043551865652913e-03
4.580605204236543222e-03
4.567180129201359358e-03
4.553768339825405367e-03
4.540369849214721809e-03
4.526984670516293920e-03
4.513612816918274526e-03
4.500254301650208691e-03
4.486909137983254893e-03
4.473577339230410538e-03
4.460258918746738341e-03
4.446953889929597913e-03
4.433662266218878212e-03
4.420384061097218723e-03
4.407119288090260989e-03
4.393867960766872395e-03
4.380630092739389893e-03
4.367405697663854190e-03
4.354194789240263888e-03
4.340997381212802729e-03
4.327813487370105877e-03
4.314643121545485432e-03
4.301486297617197578e-03
4.288343029508692381e-03
4.275213331188853182e-03
4.262097216672276756e-03
4.248994700019511836e-03
4.235905795337326259e-03
4.222830516778971512e-03
4.209768878544446410e-03
4.196720894880759042e-03
4.183686580082206057e-03
4.170665948490633740e-03
4.157659014495719910e-03
4.144665792535241929e-03
4.131686297095361199e-03
4.118720542710902453e-03
4.105768543965632178e-03
4.092830315492554383e-03
4.079905871974185555e-03
4.066995228142852165e-03
4.054098398780989904e-03
4.041215398721419508e-03
4.028346242847663343e-03
4.015490946094239441e-03
4.002649523446964210e-03
3.989821989943255140e-03
3.977008360672441324e-03
3.964208650776077439e-03
3.951422875448254261e-03
3.938651049935911787e-03
3.925893189539167959e-03
3.913149309611631786e-03
3.900419425560730773e-03
3.887703552848039215e-03
3.875001706989610831e-03
3.862313903556307496e-03
3.849640158174139678e-03
3.836980486524606878e-03
3.824334904345033734e-03
3.811703427428924772e-03
3.799086071626307012e-03
3.786482852844083851e-03
3.773893787046390686e-03
3.761318890254952696e-03
3.748758178549444799e-03
3.736211668067865917e-03
3.723679375006891563e-03
3.711161315622260679e-03
3.698657506229141231e-03
3.686167963202515319e-03
3.673692702977556044e-03
3.661231742050018254e-03
3.648785096976624957e-03
3.636352784375462398e-03
3.623934820926375151e-03
3.611531223371368567e-03
3.599142008515009497e-03
3.586767193224843497e-03
3.574406794431795112e-03
3.562060829130592014e-03
3.549729314380186112e-03
3.537412267304171180e-03
3.525109705091215243e-03
3.512821644995494687e-03
3.500548104337127073e-03
3.488289100502616532e-03
3.476044650945294377e-03
3.463814773185771006e-03
3.451599484812392562e-03
3.439398803481692832e-03
3.427212746918864225e-03
3.415041332918220939e-03
3.402884579343672979e-03
3.390742504129200165e-03
3.378615125279340031e-03
3.366502460869670935e-03
3.354404529047299091e-03
3.342321348031369443e-03
3.330252936113551384e-03
3.318199311658556576e-03
3.306160493104645486e-03
3.294136498964148670e-03
3.282127347823984159e-03
3.270133058346195217e-03
3.258153649268473798e-03
3.246189139404704379e-03
3.234239547645506498e-03
3.222304892958793333e-03
3.210385194390317273e-03
3.198480471064237603e-03
3.186590742183689502e-03
3.174716027031357791e-03
3.162856344970053305e-03
3.151011715443306598e-03
3.139182157975956879e-03
3.127367692174750063e-03
3.115568337728945487e-03
3.103784114410933041e-03
3.092015042076847256e-03
3.080261140667190940e-03
3.068522430207477024e-03
3.056798930808857402e-03
3.045090662668781256e-03
3.033397646071635170e-03
3.021719901389422706e-03
3.010057449082409724e-03
2.998410309699825645e-03
2.986778503880526108e-03
2.975162052353700314e-03
2.963560975939557966e-03
2.951975295550045286e-03
2.940405032189556678e-03
2.928850206955660278e-03
2.917310841039824805e-03
2.905786955728168093e-03
2.894278572402199986e-03
2.882785712539580412e-03
2.871308397714890468e-03
2.859846649600400904e-03
2.848400489966864887e-03
2.836969940684302971e-03
2.825555023722816674e-03
2.814155761153387756e-03
2.802772175148718261e-03
2.791404287984045832e-03
2.780052122037999368e-03
2.768715699793440361e-03
2.757395043838337199e-03
2.746090176866629925e-03
2.734801121679118416e-03
2.723527901184357065e-03
2.712270538399558142e-03
2.701029056451511624e-03
2.689803478577515450e-03
2.678593828126310094e-03
2.667400128559035272e-03
2.656222403450193142e-03
2.645060676488622791e-03
2.633914971478487285e-03
2.622785312340278948e-03
2.611671723111828533e-03
2.600574227949336084e-03
2.589492851128405698e-03
2.578427617045103704e-03
2.567378550217021618e-03
2.556345675284360346e-03
2.545329017011022186e-03
2.534328600285722360e-03
2.523344450123109640e-03
2.512376591664909533e-03
2.501425050181074403e-03
2.490489851070953106e-03
2.479571019864477976e-03
2.468668582223364390e-03
2.457782563942325499e-03
2.446912990950309962e-03
2.436059889311747908e-03
2.425223285227823353e-03
2.414403205037751396e-03
2.403599675220087061e-03
2.392812722394044560e-03
2.382042373320833462e-03
2.371288654905016977e-03
2.360551594195891070e-03
2.349831218388875268e-03
2.339127554826934269e-03
2.328440631002006486e-03
2.317770474556467720e-03
2.307117113284601773e-03
2.296480575134100116e-03
2.285860888207584540e-03
2.275258080764143691e-03
2.264672181220902993e-03
2.254103218154607149e-03
2.243551220303232133e-03
2.233016216567619734e-03
2.222498236013133351e-03
2.211997307871347608e-03
2.201513461541745788e-03
2.191046726593464094e-03
2.180597132767043717e-03
2.170164709976220210e-03
2.159749488309741471e-03
2.149351498033200050e-03
2.138970769590910551e-03
2.128607333607802649e-03
2.118261220891354008e-03
2.107932462433544877e-03
2.097621089412845218e-03
2.087327133196237392e-03
2.077050625341265739e-03
2.066791597598119975e-03
2.056550081911754594e-03
2.046326110424036889e-03
2.036119715475933570e-03
2.025930929609732513e-03
2.015759785571295294e-03
2.005606316312356138e-03
1.995470554992847742e-03
1.985352534983272649e-03
1.975252289867110607e-03
1.965169853443267996e-03
1.955105259728563694e-03
1.945058542960261981e-03
1.935029737598644708e-03
1.925018878329627257e-03
1.915026000067420690e-03
1.905051137957234448e-03
1.895094327378034566e-03
1.885155603945337221e-03
1.875235003514060190e-03
1.865332562181421135e-03
1.855448316289883600e-03
1.845582302430159166e-03
1.835734557444257745e-03
1.825905118428597504e-03
1.816094022737164016e-03
1.806301307984730124e-03
1.796527012050133480e-03
1.786771173079608954e-03
1.777033829490188904e-03
1.767315019973156581e-03
1.757614783497569132e-03
1.747933159313846095e-03
1.738270186957417956e-03
1.728625906252445827e-03
1.719000357315615506e-03
1.709393580559993766e-03
1.699805616698962709e-03
1.690236506750229361e-03
1.680686292039907043e-03
1.671155014206680009e-03
1.661642715206043544e-03
1.652149437314630147e-03
1.642675223134617462e-03
1.633220115598219262e-03
1.623784157972272277e-03
1.614367393862906281e-03
1.604969867220308512e-03
1.595591622343585023e-03
1.586232703885715693e-03
1.576893156858612905e-03
1.567573026638280180e-03
1.558272358970073370e-03
1.548991199974072454e-03
1.539729596150564341e-03
1.530487594385636059e-03
1.521265241956879389e-03
1.512062586539227775e-03
1.502879676210899925e-03
1.493716559459477627e-03
1.484573285188110423e-03
1.475449902721849517e-03
1.466346461814119597e-03
1.457263012653327913e-03
1.448199605869614302e-03
1.439156292541753654e-03
1.430133124204200626e-03
1.421130152854293508e-03
1.412147430959615315e-03
1.403185011465516623e-03
1.394242947802809508e-03
1.385321293895625189e-03
1.376420104169457943e-03
1.367539433559383571e-03
1.358679337518465440e-03
1.349839872026354151e-03
1.341021093598081726e-03
1.332223059293060480e-03
1.323445826724288336e-03
1.314689454067769240e-03
1.305954000072150848e-03
1.297239524068594888e-03
1.288546085980873685e-03
1.279873746335709545e-03
1.271222566273361122e-03
1.262592607558461321e-03
1.253983932591118660e-03
1.245396604418286214e-03
1.236830686745405946e-03
1.228286243948339485e-03
1.219763341085592506e-03
1.211262043910838349e-03
1.202782418885755839e-03
1.194324533193184346e-03
1.185888454750611259e-03
1.177474252223995564e-03
1.169081995041947259e-03
1.160711753410261296e-03
1.152363598326826234e-03
1.144037601596918641e-03
1.135733835848885213e-03
1.127452374550238405e-03
1.119193292024170784e-03
1.110956663466496986e-03
1.102742564963050389e-03
1.094551073507531256e-03
1.086382267019836249e-03
1.078236224364873680e-03
1.070113025371884638e-03
1.062012750854285413e-03
1.053935482630049842e-03
1.045881303542641784e-03
1.037850297482524175e-03
1.029842549409258319e-03
1.021858145374212289e-03
1.013897172543899239e-03
1.005959719223967989e-03
9.980458748838634108e-04
9.901557301821796355e-04
9.822893769927314254e-04
9.744469084313630257e-04
9.666284188835235457e-04
9.588340040326280610e-04
9.510637608892378312e-04
9.433177878210781712e-04
9.355961845839316001e-04
9.278990523534272989e-04
9.202264937577607062e-04
9.125786129113718729e-04
9.049555154496192241e-04
8.973573085644770235e-04
8.897841010412945980e-04
8.822360032966488708e-04
8.747131274173350910e-04
8.672155872005224289e-04
8.597434981951239874e-04
8.522969777444213422e-04
8.448761450299757062e-04
8.374811211168836124e-04
8.301120290004136530e-04
8.227689936540726317e-04
8.154521420791514342e-04
8.081616033557988653e-04
8.008975086956756024e-04
7.936599914962433420e-04
7.864491873967411825e-04
7.792652343359087646e-04
7.721082726115144996e-04
7.649784449417476508e-04
7.578758965285394261e-04
7.508007751228755336e-04
7.437532310921680717e-04
7.367334174897521284e-04
7.297414901265815781e-04
7.227776076451912935e-04
7.158419315960054628e-04
7.089346265160631358e-04
7.020558600102396038e-04
6.952058028350489383e-04
6.883846289851010920e-04
6.815925157823032226e-04
6.748296439678898090e-04
6.680961977973642841e-04
6.613923651384461845e-04
6.547183375721102273e-04
6.480743104968091474e-04
6.414604832359732103e-04
6.348770591488777986e-04
6.283242457449745915e-04
6.218022548017797940e-04
6.153113024864120080e-04
6.088516094808737447e-04
6.024234011111716637e-04
5.960269074803633584e-04
5.896623636056220856e-04
5.833300095594068282e-04
5.770300906148203039e-04
5.707628573952356959e-04
5.645285660282681065e-04
5.583274783041557859e-04
5.521598618386193338e-04
5.460259902402483110e-04
5.399261432824612340e-04
5.338606070800724522e-04
5.278296742704875928e-04
5.218336441995296334e-04
5.158728231118915901e-04
5.099475243461781999e-04
5.040580685344906277e-04
4.982047838064787354e-04
4.923880059977528206e-04
4.866080788625284600e-04
4.808653542903281114e-04
4.751601925265404162e-04
4.694929623965821966e-04
4.638640415333680832e-04
4.582738166077379000e-04
4.527226835614310573e-04
4.472110478421358905e-04
4.417393246400673447e-04
4.363079391254473657e-04
4.309173266861813698e-04
4.255679331649166630e-04
4.202602150945798339e-04
4.149946399313628013e-04
4.097716862840098360e-04
4.045918441381213173e-04
3.994556150740411274e-04
3.943635124767363455e-04
3.893160617359051360e-04
3.843138004343612667e-04
3.793572785225466401e-04
3.744470584768033435e-04
3.695837154388120229e-04
3.647678373333561341e-04
3.600000249613087588e-04
3.552808920644697920e-04
3.506110653585852105e-04
3.459911845305792136e-04
3.414219021957131664e-04
3.369038838100553023e-04
3.324378075333083316e-04
3.280243640366965687e-04
3.236642562502639923e-04
3.193581990435870603e-04
3.151069188335560087e-04
3.109111531125507196e-04
3.067716498900060216e-04
3.026891670400765695e-04
2.986644715478379121e-04
2.946983386462404203e-04
2.907915508358619372e-04
2.869448967793974546e-04
2.831591700627920320e-04
2.794351678149884378e-04
2.757736891784235756e-04
2.721755336227049855e-04
2.686414990943197648e-04
2.651723799958216892e-04
2.617689649886939919e-04
2.584320346150351848e-04
2.551623587343640671e-04
2.519606937732081194e-04
2.488277797867316813e-04
2.457643373334884407e-04
2.427710641664496843e-04
2.398486317457522801e-04
2.369976815811403984e-04
2.342188214148006929e-04
2.315126212582081420e-04
2.288796092996688264e-04
2.263202677024179739e-04
2.238350283163689715e-04
2.214242683298363367e-04
2.190883058907123777e-04
2.168273957295837077e-04
