# mu
5.045039527883885455e+01
5.044547323552428963e+01
5.044054086869756048e+01
5.043559813571125972e+01
5.043064499365521414e+01
5.042568139935429627e+01
5.042070730936625012e+01
5.041572267997952395e+01
5.041072746721100373e+01
5.040572162680379620e+01
5.040070511422498356e+01
5.039567788466327158e+01
5.039063989302672297e+01
5.038559109394042679e+01
5.038053144174408260e+01
5.037546089048966991e+01
5.037037939393901809e+01
5.036528690556132659e+01
5.036018337853078464e+01
5.035506876572399904e+01
5.034994301971752861e+01
5.034480609278534757e+01
5.033965793689622359e+01
5.033449850371118828e+01
5.032932774458085845e+01
5.032414561054282842e+01
5.031895205231896284e+01
5.031374702031268953e+01
5.030853046460627809e+01
5.030330233495805459e+01
5.029806258079962333e+01
5.029281115123302470e+01
5.028754799502788586e+01
5.028227306061852886e+01
5.027698629610105030e+01
5.027168764923037969e+01
5.026637706741728095e+01
5.026105449772535394e+01
5.025571988686795777e+01
5.025037318120516261e+01
5.024501432674061618e+01
5.023964326911837475e+01
5.023425995361976248e+01
5.022886432516011013e+01
5.022345632828550066e+01
5.021803590716950794e+01
5.021260300560985002e+01
5.020715756702499277e+01
5.020169953445079614e+01
5.019622885053705375e+01
5.019074545754399708e+01
5.018524929733876405e+01
5.017974031139189606e+01
5.017421844077368576e+01
5.016868362615055332e+01
5.016313580778134451e+01
5.015757492551364294e+01
5.015200091877999000e+01
5.014641372659404084e+01
5.014081328754676292e+01
5.013519953980250676e+01
5.012957242109506240e+01
5.012393186872368744e+01
5.011827781954905703e+01
5.011261020998917104e+01
5.010692897601529694e+01
5.010123405314766387e+01
5.009552537645136283e+01
5.008980288053200525e+01
5.008406649953140999e+01
5.007831616712322642e+01
5.007255181650850773e+01
5.006677338041124870e+01
5.006098079107381693e+01
5.005517398025239117e+01
5.004935287921230724e+01
5.004351741872337556e+01
5.003766752905511339e+01
5.003180313997194162e+01
5.002592418072831038e+01
5.002003058006380343e+01
5.001412226619808621e+01
5.000819916682592492e+01
5.000226120911205641e+01
4.999630831968600120e+01
4.999034042463685523e+01
4.998435744950799631e+01
4.997835931929167685e+01
4.997234595842367355e+01
4.996631729077770956e+01
4.996027323965996914e+01
4.995421372780340619e+01
4.994813867736208124e+01
4.994204800990539184e+01
4.993594164641218924e+01
4.992981950726492357e+01
4.992368151224358286e+01
4.991752758051970318e+01
4.991135763065017272e+01
4.990517158057102876e+01
4.989896934759117642e+01
4.989275084838599383e+01
4.988651599899085909e+01
4.988026471479467006e+01
4.987399691053313688e+01
4.986771250028214553e+01
4.986141139745092232e+01
4.985509351477514883e+01
4.984875876431004826e+01
4.984240705742325872e+01
4.983603830478767804e+01
4.982965241637428733e+01
4.982324930144475417e+01
4.981682886854400039e+01
4.981039102549268449e+01
4.980393567937958466e+01
4.979746273655381827e+01
4.979097210261705442e+01
4.978446368241555575e+01
4.977793738003212809e+01
4.977139309877798468e+01
4.976483074118448258e+01
4.975825020899474538e+01
4.975165140315519352e+01
4.974503422380693962e+01
4.973839857027709144e+01
4.973174434106988429e+01
4.972507143385777084e+01
4.971837974547234751e+01
4.971166917189514578e+01
4.970493960824830992e+01
4.969819094878515386e+01
4.969142308688059018e+01
4.968463591502143117e+01
4.967782932479651947e+01
4.967100320688675197e+01
4.966415745105499013e+01
4.965729194613576425e+01
4.965040658002489238e+01
4.964350123966894301e+01
4.963657581105449879e+01
4.962963017919735620e+01
4.962266422813150513e+01
4.961567784089795907e+01
4.960867089953347175e+01
4.960164328505904052e+01
4.959459487746828188e+01
4.958752555571561516e+01
4.958043519770427565e+01
4.957332368027420699e+01
4.956619087918971900e+01
4.955903666912696082e+01
4.955186092366128037e+01
4.954466351525434220e+01
4.953744431524105352e+01
4.953020319381634806e+01
4.952294002002172846e+01
4.951565466173163088e+01
4.950834698563959080e+01
4.950101685724418132e+01
4.949366414083478816e+01
4.948628869947711451e+01
4.947889039499852970e+01
4.947146908797311227e+01
4.946402463770660063e+01
4.945655690222097434e+01
4.944906573823890028e+01
4.944155100116789470e+01
4.943401254508427911e+01
4.942645022271683786e+01
4.941886388543028374e+01
4.941125338320844662e+01
4.940361856463721324e+01
4.939595927688713317e+01
4.938827536569588972e+01
4.938056667535038002e+01
4.937283304866856071e+01
4.936507432698103059e+01
4.935729035011226529e+01
4.934948095636162435e+01
4.934164598248403166e+01
4.933378526367031469e+01
4.932589863352727377e+01
4.931798592405744586e+01
4.931004696563849166e+01
4.930208158700230570e+01
4.929408961521373556e+01
4.928607087564904532e+01
4.927802519197391007e+01
4.926995238612116168e+01
4.926185227826812252e+01
4.925372468681354121e+01
4.924556942835424422e+01
4.923738631766129714e+01
4.922917516765581070e+01
4.922093578938441283e+01
4.921266799199418784e+01
4.920437158270731004e+01
4.919604636679518705e+01
4.918769214755221242e+01
4.917930872626902072e+01
4.917089590220536621e+01
4.916245347256248266e+01
4.915398123245498141e+01
4.914547897488232309e+01
4.913694649069969245e+01
4.912838356858852507e+01
4.911978999502636611e+01
4.911116555425634544e+01
4.910251002825600608e+01
4.909382319670571349e+01
4.908510483695638982e+01
4.907635472399675791e+01
4.906757263042001682e+01
4.905875832638986367e+01
4.904991157960600390e+01
4.904103215526895099e+01
4.903211981604428615e+01
4.902317432202622172e+01
4.901419543070052498e+01
4.900518289690681684e+01
4.899613647280009587e+01
4.898705590781167984e+01
4.897794094860931580e+01
4.896879133905669335e+01
4.895960682017205556e+01
4.895038713008624143e+01
4.894113200399975483e+01
4.893184117413919410e+01
4.892251436971280043e+01
4.891315131686516793e+01
4.890375173863111513e+01
4.889431535488874658e+01
4.888484188231151961e+01
4.887533103431951531e+01
4.886578252102970055e+01
4.885619604920527337e+01
4.884657132220402787e+01
4.883690803992577401e+01
4.882720589875864192e+01
4.881746459152446249e+01
4.880768380742299684e+01
4.879786323197511422e+01
4.878800254696486149e+01
4.877810143038038859e+01
4.876815955635365896e+01
4.875817659509908708e+01
4.874815221285079758e+01
4.873808607179876162e+01
4.872797783002356908e+01
4.871782714142995019e+01
4.870763365567886893e+01
4.869739701811836596e+01
4.868711686971285957e+01
4.867679284697105402e+01
4.866642458187244102e+01
4.865601170179212431e+01
4.864555382942425155e+01
4.863505058270374093e+01
4.862450157472643752e+01
4.861390641366756427e+01
4.860326470269848187e+01
4.859257603990164398e+01
4.858184001818382569e+01
4.857105622518740518e+01
4.856022424319983344e+01
4.854934364906113586e+01
4.853841401553123802e+01
4.852743490530163228e+01
4.851640587980200792e+01
4.850532649311677602e+01
4.849419629338935067e+01
4.848301482271688201e+01
4.847178161704262322e+01
4.846049620604588171e+01
4.844915811302961117e+01
4.843776685480541033e+01
4.842632194157587122e+01
4.841482287681444063e+01
4.840326915714238254e+01
4.839166027220302624e+01
4.837999570453310128e+01
4.836827492943110940e+01
4.835649741482266961e+01
4.834466262112272972e+01
4.833277000109454491e+01
4.832081899970536654e+01
4.830880905397873448e+01
4.829673959284325946e+01
4.828461003697784548e+01
4.827241979865318200e+01
4.826016828156943461e+01
4.824785488069004913e+01
4.823547898207154105e+01
4.822303996268907156e+01
4.821053719025785256e+01
4.819797002305013223e+01
4.818533780970761171e+01
4.817263988904932148e+01
4.815987558987458783e+01
4.814704423076117479e+01
4.813414511985827460e+01
4.812117755467428992e+01
4.810814082185925855e+01
4.809503419698165771e+01
4.808185694429954538e+01
4.806860831652575428e+01
4.805528755458703927e+01
4.804189388737692212e+01
4.802842653150210595e+01
4.801488469102214651e+01
4.800126755718234506e+01
4.798757430813945746e+01
4.797380410868009193e+01
4.795995610993159630e+01
4.794602944906506536e+01
4.793202324899034750e+01
4.791793661804273086e+01
4.790376864966098935e+01
4.788951842205659659e+01
4.787518499787379511e+01
4.786076742384010885e+01
4.784626473040715666e+01
4.783167593138129803e+01
4.781700002354384083e+01
4.780223598626044179e+01
4.778738278107927329e+01
4.777243935131768637e+01
4.775740462163687994e+01
4.774227749760417794e+01
4.772705686524252400e+01
4.771174159056664621e+01
4.769633051910559374e+01
4.768082247541092755e+01
4.766521626255030242e+01
4.764951066158570114e+01
4.763370443103590191e+01
4.761779630632258176e+01
4.760178499919935291e+01
4.758566919716331967e+01
4.756944756284825360e+01
4.755311873339891093e+01
4.753668131982567502e+01
4.752013390633879908e+01
4.750347504966153878e+01
4.748670327832124372e+01
4.746981709191771159e+01
4.745281496036780311e+01
4.743569532312548631e+01
4.741845658837627298e+01
4.740109713220510912e+01
4.738361529773659697e+01
4.736600939424653234e+01
4.734827769624354232e+01
4.733041844251962971e+01
4.731242983516830947e+01
4.729431003856922189e+01
4.727605717833752408e+01
4.725766934023683064e+01
4.723914456905417580e+01
4.722048086743519235e+01
4.720167619467815712e+01
4.718272846548483557e+01
4.716363554866643426e+01
4.714439526580274986e+01
4.712500538985234755e+01
4.710546364371176509e+01
4.708576769872139067e+01
4.706591517311570527e+01
4.704590363041535284e+01
4.702573057775846621e+01
4.700539346416850606e+01
4.698488967875552191e+01
4.696421654884813535e+01
4.694337133805258588e+01
4.692235124423581283e+01
4.690115339742871470e+01
4.687977485764594121e+01
4.685821261261824588e+01
4.683646357543294414e+01
4.681452458207837708e+01
4.679239238888730767e+01
4.677006366987450292e+01
4.674753501396308764e+01
4.672480292209415609e+01
4.670186380421368710e+01
4.667871397613045303e+01
4.665534965623839980e+01
4.663176696209627892e+01
4.660796190685721285e+01
4.658393039554004389e+01
4.655966822113433068e+01
4.653517106052967733e+01
4.651043447026012245e+01
4.648545388205327100e+01
4.646022459817352512e+01
4.643474178764797955e+01
4.640900047668688444e+01
4.638299555016575937e+01
4.635672174138860413e+01
4.633017362739157363e+01
4.630334562277982258e+01
4.627623197325964099e+01
4.624882674884770495e+01
4.622112383673787406e+01
4.619311693380467432e+01
4.616479953872094200e+01
4.613616494366571885e+01
4.610720622559649229e+01
4.607791623705794848e+01
4.604828759649751646e+01
4.601831267805546588e+01
4.598798360079496206e+01
4.595729221733475356e+01
4.592623010184424714e+01
4.589478853735733566e+01
4.586295850235809723e+01
4.583073065658734890e+01
4.579809532601500877e+01
4.576504248691838228e+01
4.573156174900163506e+01
4.569764233748588111e+01
4.566327307409324021e+01
4.562844235684141836e+01
4.559313813855791153e+01
4.555734790401437806e+01
4.552105864557293557e+01
4.548425683722551582e+01
4.544692840689651803e+01
4.540905870686608381e+01
4.537063248215756772e+01
4.533163383671700331e+01
4.529204619719514824e+01
4.525185227412295319e+01
4.521103402024965590e+01
4.516957258578813139e+01
4.512744827028446082e+01
4.508464047079785786e+01
4.504112762604178499e+01
4.499688715609755718e+01
4.495189539726696637e+01
4.490612753157898851e+01
4.485955751040823714e+01
4.481215797159586600e+01
4.476390014938863260e+01
4.471475377642444471e+01
4.466468697689350620e+01
4.461366614988932611e+01
4.456165584183101203e+01
4.450861860668543812e+01
4.445451485253919799e+01
4.439930267286315768e+01
4.434293766057007247e+01
4.428537270268195414e+01
4.422655775309006287e+01
4.416643958049726848e+01
4.410496148816635298e+01
4.404206300154467613e+01
4.397767951917595042e+01
4.391174192151932232e+01
4.384417613134625924e+01
4.377490261823817974e+01
4.370383583831574725e+01
4.363088359863365895e+01
4.355594633359501699e+01
4.347891627817766391e+01
4.339967651959116779e+01
4.331809990502798513e+01
4.323404777821218659e+01
4.314736851118816219e+01
4.305789578983083743e+01
4.296544660136338223e+01
4.286981885900399902e+01
4.277078858172257014e+01
4.266810652456463515e+01
4.256149412511648222e+01
4.245063859161681563e+01
4.233518690389044536e+01
4.221473842370809137e+01
4.208883570746264979e+01
4.195695296772386484e+01
4.181848142051689621e+01
4.167271044939663227e+01
4.151880306303654322e+01
4.135576343361216800e+01
4.118239323236959137e+01
4.099723177123752293e+01
4.079847215493776247e+01
4.058384088433807335e+01
4.035041994014625288e+01
4.009437483790351564e+01
3.981052187497571992e+01
3.949160493516994563e+01
3.912701109215694828e+01
3.870030464885023491e+01
3.818397451070316606e+01
3.752647930531548326e+01
3.661215625343722024e+01
3.507202813823398913e+01
-inf
