# rho
# unit = KG/M^3
4.251974063214322689e-24
4.228584261427768513e-24
4.205280457581811562e-24
4.182062242162450242e-24
4.158930024683686146e-24
4.135882986117513882e-24
4.112921535977936513e-24
4.090045264750951709e-24
4.067253762922555673e-24
4.044547030492748403e-24
4.021925067461530634e-24
3.999387464314898568e-24
3.976934221052853674e-24
3.954565337675394482e-24
3.932280404668518663e-24
3.910079422032226951e-24
3.887961980252515547e-24
3.865928488843387517e-24
3.843978128776836730e-24
3.822110900052863922e-24
3.800327212185472157e-24
3.778625836632652243e-24
3.757007592422409572e-24
3.735472070040742551e-24
3.714018859973647379e-24
3.692647962221124058e-24
3.671358967269170257e-24
3.650152284631788306e-24
3.629027095280972811e-24
3.607983808730726102e-24
3.587022015467045849e-24
3.566141715489932053e-24
3.545342089771379318e-24
3.524623957339393039e-24
3.503986499165966354e-24
3.483430124765104529e-24
3.462954015108799967e-24
3.442558170197052669e-24
3.422242590029864103e-24
3.402007274607232800e-24
3.381851814415156430e-24
3.361776004696633829e-24
3.341780050208666162e-24
3.321863336680249199e-24
3.302026068868384472e-24
3.282267837259068918e-24
3.262588641852302535e-24
3.242988073134082628e-24
3.223466335861410728e-24
3.204023020520283771e-24
3.184658127110701757e-24
3.165371450875663521e-24
3.146162787058167531e-24
3.127031930901211888e-24
3.107978677647795793e-24
3.089003232054920412e-24
3.070104979851581884e-24
3.051284125794780637e-24
3.032540260370514710e-24
3.013873178821782571e-24
2.995283085905585384e-24
2.976769367350918921e-24
2.958332227914784713e-24
2.939971462840181229e-24
2.921686662613105771e-24
2.903478031990559504e-24
2.885344956701538566e-24
2.867287641503044122e-24
2.849305881638074641e-24
2.831399472349628956e-24
2.813568208880705170e-24
2.795811886474302483e-24
2.778130505130420897e-24
2.760523860092058144e-24
2.742991746602213794e-24
2.725533959903885948e-24
2.708150295240073073e-24
2.690840957367776702e-24
2.673605332015992973e-24
2.656443623941722683e-24
2.639355423630963136e-24
2.622340731083714698e-24
2.605399341542975470e-24
2.588530845494743123e-24
2.571735447696018822e-24
2.555012943389800666e-24
2.538363127819088226e-24
2.521785591469877702e-24
2.505280539099170995e-24
2.488847561192965407e-24
2.472486657751260571e-24
2.456197624017055322e-24
2.439980255233347760e-24
2.423834551400138621e-24
2.407760103003424472e-24
2.391756910043205681e-24
2.375824767762480716e-24
2.359963676161249576e-24
2.344173225725509198e-24
2.328453211698258416e-24
2.312803838836498763e-24
2.297224697626226808e-24
2.281715788067443283e-24
2.266276700646144759e-24
2.250907435362331603e-24
2.235607787459002281e-24
2.220377552179155263e-24
2.205216729522790915e-24
2.190125114732907338e-24
2.175102503052503367e-24
2.160148689724577470e-24
2.145263674749129647e-24
2.130447048612157568e-24
2.115699016070661663e-24
2.101018962853638439e-24
2.086407093718089059e-24
2.071863203907011992e-24
2.057386883906404540e-24
2.042978338473268236e-24
2.028636953336598851e-24
2.014363138010398713e-24
2.000156278223663963e-24
1.986016373976394599e-24
1.971943425268590621e-24
1.957936817829247800e-24
1.943996961172368466e-24
1.930123241026949125e-24
1.916315862149990941e-24
1.902574415027490850e-24
1.888898694902447320e-24
1.875288906531862250e-24
1.861744435644731044e-24
1.848265486998055234e-24
1.834851651077831755e-24
1.821502927884060975e-24
1.808219112659741363e-24
1.795000000647871384e-24
1.781845591848450673e-24
1.768755476747477267e-24
1.755729655344950431e-24
1.742767922883869368e-24
1.729870074607231811e-24
1.717036212893539445e-24
1.704265825850287887e-24
1.691559015855978088e-24
1.678915475775108301e-24
1.666335103229177208e-24
1.653817693461184011e-24
1.641363144092627395e-24
1.628971352745007143e-24
1.616642012282820774e-24
1.604375020327567889e-24
1.592170274500747355e-24
1.580027672423858957e-24
1.567946804582899446e-24
1.555927773356369588e-24
1.543970271608767637e-24
1.532074299340093042e-24
1.520239447036343288e-24
1.508465817076019143e-24
1.496752999945117541e-24
1.485101098022139249e-24
1.473509804171582153e-24
1.461978913636444904e-24
1.450508426416727501e-24
1.439098035376927647e-24
1.427747638138544759e-24
1.416457029944577489e-24
1.405226210795025653e-24
1.394054873554387136e-24
1.382942915844161356e-24
1.371890132907346965e-24
1.360896422365443012e-24
1.349961579461448150e-24
1.339085399438360846e-24
1.328267882296181467e-24
1.317508823277908298e-24
1.306807915248039224e-24
1.296165158206574245e-24
1.285580347396512196e-24
1.275053380439351944e-24
1.264583950199591558e-24
1.254171954298730455e-24
1.243817392736768452e-24
1.233519855999702668e-24
1.223279344087533287e-24
1.213095754621759542e-24
1.202968780466879137e-24
1.192898319244391670e-24
1.182884166197295244e-24
1.172926321325590409e-24
1.163024477493774684e-24
1.153178429944846719e-24
1.143388178678806515e-24
1.133653518938652724e-24
1.123974245967383812e-24
1.114350257386499198e-24
1.104781348438997167e-24
1.095267314367876735e-24
1.085808155173137538e-24
1.076403563719277642e-24
1.067053437627796284e-24
1.057757572141691929e-24
1.048515967260964762e-24
1.039328213471611719e-24
1.030194413152133749e-24
1.021114259167028554e-24
1.012087546759294786e-24
1.003114173550431862e-24
9.941941395404394148e-25
9.853270352153149311e-25
9.765127581965576448e-25
9.677513084841673722e-25
9.590423789426421825e-25
9.503858671934811258e-25
9.417816708581838035e-25
9.332294828012479173e-25
9.247292006441728848e-25
9.162807220084575725e-25
9.078838421371011830e-25
8.995384586516023991e-25
8.912443667949602398e-25
8.830014641886737552e-25
8.748094436972410145e-25
8.666683053206618340e-25
8.585777931126843903e-25
8.505378558840585759e-25
8.425481864992820925e-25
8.346087849583549401e-25
8.267193953150252954e-25
8.188798640015422847e-25
8.110900374501545752e-25
8.033497620931112934e-25
7.956589355519116731e-25
7.880173018803039828e-25
7.804248098890377476e-25
7.728812036318612361e-25
7.653863807302738656e-25
7.579401364272740124e-25
7.505423683443610939e-25
7.431929229137839610e-25
7.358915953785412653e-25
7.286382321708819494e-25
7.214326797230548642e-25
7.142747844673090443e-25
7.071644440251436318e-25
7.001014024503069868e-25
6.930855573642983435e-25
6.861167551993666444e-25
6.791947911985104493e-25
6.723195629832290838e-25
6.654908657965211077e-25
6.587085972598857549e-25
6.519725526163216769e-25
6.452825782980777245e-25
6.386385719266533154e-25
6.320402775557965343e-25
6.254875928070067988e-25
6.189803641125328680e-25
6.125184379046238682e-25
6.061016094262782673e-25
5.997297762989953910e-25
5.934027849550240902e-25
5.871203794481127253e-25
5.808825597782612042e-25
5.746890188099674126e-25
5.685396541647305843e-25
5.624343634640501369e-25
5.563728907616741551e-25
5.503551336791020566e-25
5.443809386485826004e-25
5.384501521023649129e-25
5.325625692834474620e-25
5.267180878133295733e-25
5.209165029350098065e-25
5.151576610807370126e-25
5.094414598720106090e-25
5.037676433625787725e-25
4.981361603631912119e-25
4.925468061168463948e-25
4.869993758665428811e-25
4.814938184230304714e-25
4.760298778400571586e-25
4.706074005498721609e-25
4.652262841739745285e-25
4.598863751446132961e-25
4.545874687047869315e-25
4.493294112867445609e-25
4.441120493227350354e-25
4.389352292450072058e-25
4.337987974858101066e-25
4.287026004773925887e-25
4.236464846520036866e-25
4.186302708472670139e-25
4.136538054954316967e-25
4.087169350287464484e-25
4.038195058794603494e-25
3.989613644798222964e-25
3.941423316674560406e-25
3.893622794692356703e-25
3.846210031281597912e-25
3.799184002657277290e-25
3.752542661249379515e-25
3.706284727326646848e-25
3.660408665211567798e-25
3.614912427334128419e-25
3.569794989909321971e-25
3.525054561313385506e-25
3.480689349922556535e-25
3.436698076005576401e-25
3.393078947938682616e-25
3.349830430044364607e-25
3.306950986645111341e-25
3.264439082063412706e-25
3.222293180621757669e-25
3.180511490696383742e-25
3.139092476609780351e-25
3.098034858630688381e-25
3.057336589189093887e-25
3.016996388553738211e-25
2.977012721047110322e-25
2.937383795045447271e-25
2.898108074871239405e-25
2.859184024846975691e-25
2.820610109295145098e-25
2.782384792538237052e-25
2.744506282952489524e-25
2.706973044860391483e-25
2.669783798530683811e-25
2.632936496393353024e-25
2.596430114663391460e-25
2.560262349824533261e-25
2.524432434038022681e-25
2.488938063787594319e-25
2.453777959341989059e-25
2.418950840969947784e-25
2.384454661101456549e-25
2.350287884059004783e-25
2.316449230111333367e-25
2.282936907634679814e-25
2.249749380951533551e-25
2.216885114384383546e-25
2.184342316309468229e-25
2.152119706995528025e-25
2.120215366845674256e-25
2.088628016128648727e-25
2.057355991193814905e-25
2.026397756363661758e-25
1.995751520014426799e-25
1.965415874441725643e-25
1.935389155994921298e-25
1.905669956969629150e-25
1.876256485742086711e-25
1.847147206634783178e-25
1.818340583970208438e-25
1.789835082070851000e-25
1.761629037286075021e-25
1.733720913938369469e-25
1.706109048377097814e-25
1.678792032897875442e-25
1.651768075876939633e-25
1.625035769609905773e-25
1.598593322473011144e-25
1.572439454734997318e-25
1.546572246798975849e-25
1.520990418933687391e-25
1.495692179515369915e-25
1.470676120839638576e-25
1.445940451282730886e-25
1.421483763140262229e-25
1.397304392761595616e-25
1.373400804469220704e-25
1.349771334612500962e-25
1.326414575487051315e-25
1.303328735469109736e-25
1.280512406854290918e-25
1.257963798018832835e-25
1.235681629231476598e-25
1.213663980895333532e-25
1.191909573279144980e-25
1.170416614759148453e-25
1.149183697630959106e-25
1.128209030270814681e-25
1.107491204974330104e-25
1.087028558090869073e-25
1.066819553942920787e-25
1.046862528879848713e-25
1.027156011210705030e-25
1.007698337284853321e-25
9.884879714247827839e-26
9.695233779529828454e-26
9.508028292322539963e-26
9.323248535716485279e-26
9.140878513070926587e-26
8.960902227745129520e-26
8.783303683098357412e-26
8.608067522355502237e-26
8.435178388741459416e-26
8.264619005884232708e-26
8.096374656874345022e-26
7.930429345071060843e-26
7.766767073833642358e-26
7.605372486386983836e-26
7.446228946224719975e-26
7.289321736437372536e-26
7.134633580652947574e-26
6.982149761961966853e-26
6.831854283723696004e-26
6.683731149297396065e-26
6.537765001907962457e-26
6.393939205049027577e-26
6.252239041811116633e-26
6.112647235822233384e-26
5.975149070172899593e-26
5.839728548222380891e-26
5.706369673329939465e-26
5.575057088720470734e-26
5.445774157887605950e-26
5.318505524056240530e-26
5.193235510518453279e-26
5.069948120633506958e-26
4.948627357760666048e-26
4.829257865124823100e-26
4.711823326152427703e-26
4.596308384068373553e-26
4.482697042231923411e-26
4.370973304002341761e-26
4.261121812604522300e-26
4.153126251464913469e-26
4.046970943875594070e-26
3.942640213128642333e-26
3.840118062583322741e-26
3.739388815531712949e-26
3.640436795265892334e-26
3.543245685212309910e-26
3.447800128595858228e-26
3.354084448708616664e-26
3.262082328977033659e-26
3.171778092693188590e-26
3.083156063149159113e-26
2.996200563637024030e-26
2.910895597516047824e-26
2.827225168145493256e-26
2.745173598817439704e-26
2.664725212823965397e-26
2.585864173490741402e-26
2.508574484177031918e-26
2.432840468174915459e-26
2.358646288810062808e-26
2.285976109408145320e-26
2.214814093294834353e-26
2.145144403795800974e-26
2.076951364203123700e-26
2.010219137842473887e-26
1.944931728073115156e-26
1.881073458187126025e-26
1.818628491510177849e-26
1.757581151334349431e-26
1.697915281052496659e-26
1.639615363923105784e-26
1.582665563271847873e-26
1.527049882457986837e-26
1.472752644773601191e-26
1.419758013544362292e-26
1.368050152095941208e-26
1.317613223754008722e-26
1.268431471827440486e-26
1.220489059641906997e-26
1.173770150523079897e-26
1.128258987779833691e-26
1.083939734737839880e-26
1.040796474739565809e-26
9.988135310770901364e-27
9.579749870928802091e-27
9.182651660790146862e-27
8.796680713947574769e-27
8.421680263321869535e-27
8.057491142337707487e-27
7.703955784083835115e-27
7.360916621649004650e-27
7.028214488457888112e-27
6.705691017767200497e-27
6.393189042581705477e-27
6.090550196158116614e-27
5.797616111753146032e-27
5.514228422623505139e-27
5.240229561857942579e-27
4.975460762797152577e-27
4.719764058613864441e-27
4.472981482480808914e-27
4.234954667654697404e-27
4.005525647308261371e-27
3.784536054698211506e-27
3.571828322913297170e-27
3.367243285378192535e-27
3.170623775097666297e-27
2.981811025412410529e-27
2.800647069495155973e-27
2.626973740560624065e-27
2.460633071781544470e-27
