# bb
1.874354666142608039e-06
3.749197503566392697e-06
6.249718808248871937e-06
9.376568414154462516e-06
1.313052507612155750e-05
1.751251329551450908e-05
2.252358899568207562e-05
2.816494816215708852e-05
3.443789319135248661e-05
4.134385017096064985e-05
4.888432886218652129e-05
5.706093725166283548e-05
6.587535608559846878e-05
7.532933523179963231e-05
8.542466093786060810e-05
9.616317402105778456e-05
1.075467225746251643e-04
1.195771837956272066e-04
1.322564348811283708e-04
1.455863093724474311e-04
1.595686189830303192e-04
1.742051681503653526e-04
1.894976885523647070e-04
2.054478391073644161e-04
2.220571914222091436e-04
2.393273025518283248e-04
2.572595258243381977e-04
2.758551854640245438e-04
2.951154892798513174e-04
3.150415141135454178e-04
3.356342203915119171e-04
3.568944230210036039e-04
3.788228495977818966e-04
4.014200530946254730e-04
4.246864700689911842e-04
4.486223915591835976e-04
4.732280503958463669e-04
4.985034465789794922e-04
5.244485801085829735e-04
5.510631599463522434e-04
5.783469532616436481e-04
6.062994943931698799e-04
6.349203758873045444e-04
6.642088992521166801e-04
6.941644242033362389e-04
7.247863104566931725e-04
7.560736266896128654e-04
7.880256744101643562e-04
8.206414640881121159e-04
8.539201808162033558e-04
8.878607768565416336e-04
9.224625537171959877e-04
9.577246382832527161e-04
9.936460992321372032e-04
1.030226121656596661e-03
1.067464007064700127e-03
1.105359056964516640e-03
1.143910805694758892e-03
1.183118554763495922e-03
1.222982071340084076e-03
1.263500889763236046e-03
1.304675126448273659e-03
1.346504432149231434e-03
1.388989272527396679e-03
1.432129647582769394e-03
1.475926139391958714e-03
1.520378980785608292e-03
1.565489452332258224e-03
1.611258019693195820e-03
1.657685847021639347e-03
1.704774098470807076e-03
1.752524520270526409e-03
1.800938160158693790e-03
1.850017346441745758e-03
1.899763592518866062e-03
1.950179343111813068e-03
2.001266228035092354e-03
2.053027506917715073e-03
2.105464925989508629e-03
2.158581744879484177e-03
2.212380524724721909e-03
2.266864292323589325e-03
2.322036307305097580e-03
2.377899829298257828e-03
2.434458117932081223e-03
2.491714665666222572e-03
2.549673197790980339e-03
2.608337439596652985e-03
2.667711116373538971e-03
2.727797720581293106e-03
2.788601908832788467e-03
2.850127406418323517e-03
2.912378637120127678e-03
2.975359093397855759e-03
3.039073664695024490e-03
3.103526541963219643e-03
3.168722148984670639e-03
3.234664909541606903e-03
3.301359247416257858e-03
3.368809819221496582e-03
3.437021281570196152e-03
3.505998058244585991e-03
3.575745271518826485e-03
3.646267578005790710e-03
3.717570099979639053e-03
3.789656795561313629e-03
3.862533718347549438e-03
3.936205059289932251e-03
4.010676871985197067e-03
4.085953813046216965e-03
4.162040539085865021e-03
4.238943569362163544e-03
4.316667560487985611e-03
4.395218100398778915e-03
4.474600777029991150e-03
4.554821178317070007e-03
4.635885357856750488e-03
4.717798903584480286e-03
4.800567403435707092e-03
4.884196911007165909e-03
4.968694411218166351e-03
5.054065492004156113e-03
5.140315741300582886e-03
5.227452144026756287e-03
5.315481219440698624e-03
5.404409021139144897e-03
5.494242068380117416e-03
5.584987346082925797e-03
5.676650907844305038e-03
5.769239738583564758e-03
5.862760823220014572e-03
5.957220215350389481e-03
6.052624434232711792e-03
6.148980930447578430e-03
6.246296223253011703e-03
6.344575900584459305e-03
6.443827878683805466e-03
6.544057279825210571e-03
6.645270623266696930e-03
6.747475359588861465e-03
6.850676145404577255e-03
6.954879965633153915e-03
7.060091476887464523e-03
7.166317198425531387e-03
7.273562252521514893e-03
7.381831295788288116e-03
7.491129450500011444e-03
7.601461373269557953e-03
7.712831255048513412e-03
7.825242355465888977e-03
7.938699796795845032e-03
8.053205907344818115e-03
8.168762549757957458e-03
8.285374380648136139e-03
8.403042331337928772e-03
8.521768264472484589e-03
8.641553111374378204e-03
8.762399666011333466e-03
8.884305134415626526e-03
9.007271379232406616e-03
9.131298400461673737e-03
9.256383404135704041e-03
9.382526390254497528e-03
9.509724564850330353e-03
9.637976065278053284e-03
9.767278097569942474e-03
9.897626936435699463e-03
1.002901792526245117e-02
1.016144827008247375e-02
1.029491145163774490e-02
1.042940374463796616e-02
1.056491862982511520e-02
1.070145051926374435e-02
1.083899196237325668e-02
1.097753643989562988e-02
1.111707556992769241e-02
1.125760376453399658e-02
1.139910891652107239e-02
1.154158636927604675e-02
1.168502494692802429e-02
1.182941440492868423e-02
1.197474636137485504e-02
1.212101150304079056e-02
1.226819772273302078e-02
1.241629477590322495e-02
1.256529241800308228e-02
1.271517854183912277e-02
1.286594104021787643e-02
1.301756873726844788e-02
1.317005045711994171e-02
1.332337316125631332e-02
1.347752287983894348e-02
1.363248936831951141e-02
1.378825586289167404e-02
1.394481305032968521e-02
1.410214602947235107e-02
1.426024083048105240e-02
1.441908255219459534e-02
1.457865908741950989e-02
1.473895553499460220e-02
1.489995606243610382e-02
1.506164856255054474e-02
1.522401534020900726e-02
1.538704149425029755e-02
1.555071398615837097e-02
1.571501605212688446e-02
1.587993092834949493e-02
1.604544557631015778e-02
1.621153764426708221e-02
1.637819781899452209e-02
1.654540561139583588e-02
1.671314239501953125e-02
1.688139513134956360e-02
1.705014333128929138e-02
1.721937023103237152e-02
1.738905720412731171e-02
1.755918748676776886e-02
1.772973872721195221e-02
1.790069602429866791e-02
1.807203888893127441e-02
1.824374869465827942e-02
1.841580308973789215e-02
1.858818531036376953e-02
1.876087114214897156e-02
1.893384382128715515e-02
1.910708099603652954e-02
1.928056217730045319e-02
1.945426687598228455e-02
1.962817274034023285e-02
1.980225555598735809e-02
1.997649669647216797e-02
2.015087381005287170e-02
2.032536268234252930e-02
2.049994468688964844e-02
2.067459374666213989e-02
2.084928937256336212e-02
2.102400548756122589e-02
2.119872532784938812e-02
2.137342095375061035e-02
2.154807187616825104e-02
2.172265388071537018e-02
2.189714834094047546e-02
2.207152917981147766e-02
2.224577404558658600e-02
2.241986058652400970e-02
2.259377017617225647e-02
2.276747673749923706e-02
2.294096164405345917e-02
2.311420068144798279e-02
2.328717522323131561e-02
2.345986478030681610e-02
2.363224700093269348e-02
2.380430139601230621e-02
2.397601120173931122e-02
2.414735779166221619e-02
2.431831695139408112e-02
2.448887564241886139e-02
2.465901337563991547e-02
2.482871524989604950e-02
2.499796263873577118e-02
2.516673877835273743e-02
2.533502876758575439e-02
2.550281956791877747e-02
2.567009255290031433e-02
2.583683654665946960e-02
2.600303664803504944e-02
2.616868168115615845e-02
2.633375860750675201e-02
2.649825625121593475e-02
2.666216157376766205e-02
2.682546339929103851e-02
2.698815800249576569e-02
2.715022861957550049e-02
2.731166966259479523e-02
2.747247181832790375e-02
2.763262949883937836e-02
2.779213339090347290e-02
2.795097418129444122e-02
2.810915187001228333e-02
2.826666086912155151e-02
2.842348814010620117e-02
2.857963368296623230e-02
2.873509190976619720e-02
2.888986095786094666e-02
2.904393896460533142e-02
2.919731661677360535e-02
2.934999577701091766e-02
2.950197085738182068e-02
2.965324744582176208e-02
2.980381622910499573e-02
2.995367906987667084e-02
3.010283410549163818e-02
3.025127947330474854e-02
3.039902262389659882e-02
3.054605610668659210e-02
3.069238364696502686e-02
3.083800897002220154e-02
3.098292648792266846e-02
3.112714365124702454e-02
3.127066045999526978e-02
3.141348063945770264e-02
3.155560791492462158e-02
3.169704601168632507e-02
3.183779120445251465e-02
3.197785839438438416e-02
3.211724758148193359e-02
3.225596249103546143e-02
3.239401057362556458e-02
3.253139555454254150e-02
3.266812860965728760e-02
3.280420973896980286e-02
3.293965756893157959e-02
3.307446837425231934e-02
3.320865705609321594e-02
3.334223106503486633e-02
3.347519785165786743e-02
3.360757231712341309e-02
3.373936563730239868e-02
3.387058526277542114e-02
3.400124236941337585e-02
3.413135558366775513e-02
3.426093608140945435e-02
3.438999876379966736e-02
3.451855480670928955e-02
3.464662283658981323e-02
3.477421402931213379e-02
3.490135073661804199e-02
3.502804785966873169e-02
3.515432775020599365e-02
3.528019785881042480e-02
3.540568798780441284e-02
3.553081303834915161e-02
3.565559163689613342e-02
3.578004986047744751e-02
3.590420261025428772e-02
3.602807596325874329e-02
3.615169227123260498e-02
3.627506643533706665e-02
3.639823570847511292e-02
3.652121126651763916e-02
3.664402291178703308e-02
3.676668927073478699e-02
3.688924387097358704e-02
3.701170161366462708e-02
3.713409602642059326e-02
3.725644573569297791e-02
3.737877681851387024e-02
3.750111535191535950e-02
3.762348741292953491e-02
3.774591907858848572e-02
3.786843642592430115e-02
3.799105808138847351e-02
3.811381757259368896e-02
3.823673352599143982e-02
3.835983946919441223e-02
3.848315030336380005e-02
3.860669583082199097e-02
3.873050212860107422e-02
3.885458782315254211e-02
3.897898644208908081e-02
3.910370916128158569e-02
3.922878578305244446e-02
3.935424238443374634e-02
3.948009759187698364e-02
3.960637003183364868e-02
3.973308950662612915e-02
3.986027464270591736e-02
3.998794406652450562e-02
4.011612012982368469e-02
4.024482145905494690e-02
4.037407040596008301e-02
4.050388559699058533e-02
4.063428565859794617e-02
4.076528921723365784e-02
4.089691862463951111e-02
4.102918505668640137e-02
4.116211459040641785e-02
4.129571467638015747e-02
4.143000766634941101e-02
4.156500846147537231e-02
4.170073941349983215e-02
4.183720424771308899e-02
4.197442531585693359e-02
4.211242124438285828e-02
4.225120320916175842e-02
4.239078983664512634e-02
4.253118857741355896e-02
4.267241433262825012e-02
4.281448572874069214e-02
4.295741394162178040e-02
4.310121387243270874e-02
4.324589669704437256e-02
4.339147359132766724e-02
4.353796318173408508e-02
4.368536919355392456e-02
4.383371397852897644e-02
4.398299753665924072e-02
4.413324221968650818e-02
4.428445547819137573e-02
4.443664476275444031e-02
4.458982124924659729e-02
4.474399611353874207e-02
4.489918425679206848e-02
4.505538940429687500e-02
4.521262273192405701e-02
4.537089169025421143e-02
4.553020745515823364e-02
4.569057375192642212e-02
4.585199803113937378e-02
4.601449146866798401e-02
4.617805778980255127e-02
4.634270071983337402e-02
4.650842398405075073e-02
4.667523875832557678e-02
4.684314131736755371e-02
4.701213911175727844e-02
4.718223214149475098e-02
4.735342413187026978e-02
4.752571508288383484e-02
4.769909754395484924e-02
4.787358641624450684e-02
4.804916307330131531e-02
4.822583496570587158e-02
4.840359836816787720e-02
4.858244210481643677e-02
4.876236617565155029e-02
4.894336313009262085e-02
4.912542551755905151e-02
4.930854588747024536e-02
4.949271306395530701e-02
4.967791959643363953e-02
4.986415430903434753e-02
5.005139857530593872e-02
5.023965239524841309e-02
5.042888969182968140e-02
5.061909928917884827e-02
5.081027001142501831e-02
5.100238323211669922e-02
5.119542032480239868e-02
5.138935893774032593e-02
5.158418789505958557e-02
5.177988484501838684e-02
5.197643116116523743e-02
5.217380076646804810e-02
5.237197503447532654e-02
5.257093161344528198e-02
5.277064815163612366e-02
5.297109484672546387e-02
5.317225679755210876e-02
5.337410420179367065e-02
5.357661470770835876e-02
5.377975851297378540e-02
5.398351326584815979e-02
5.418784916400909424e-02
5.439274385571479797e-02
5.459817498922348022e-02
5.480410158634185791e-02
5.501050874590873718e-02
5.521735921502113342e-02
5.542463436722755432e-02
5.563229694962501526e-02
5.584033206105232239e-02
5.604870244860649109e-02
5.625738203525543213e-02
5.646633729338645935e-02
5.667554959654808044e-02
5.688498169183731079e-02
5.709461122751235962e-02
5.730440840125083923e-02
5.751434341073036194e-02
5.772439390420913696e-02
5.793452635407447815e-02
5.814471468329429626e-02
5.835492163896560669e-02
5.856513604521751404e-02
5.877531319856643677e-02
5.898543819785118103e-02
5.919547006487846375e-02
5.940538644790649414e-02
5.961515754461288452e-02
5.982476100325584412e-02
6.003416329622268677e-02
6.024333089590072632e-02
6.045224145054817200e-02
6.066086515784263611e-02
6.086917221546173096e-02
6.107713282108306885e-02
6.128472089767456055e-02
6.149189919233322144e-02
6.169864535331726074e-02
6.190492585301399231e-02
6.211071461439132690e-02
6.231597438454627991e-02
6.252068281173706055e-02
6.272481381893157959e-02
6.292831897735595703e-02
6.313118338584899902e-02
6.333336979150772095e-02
6.353484839200973511e-02
6.373558938503265381e-02
6.393555551767349243e-02
6.413473188877105713e-02
6.433306634426116943e-02
6.453053653240203857e-02
6.472711265087127686e-02
6.492276489734649658e-02
6.511746346950531006e-02
6.531117856502532959e-02
6.550386548042297363e-02
6.569550186395645142e-02
6.588606536388397217e-02
6.607551872730255127e-02
6.626383215188980103e-02
6.645097583532333374e-02
6.663691997528076172e-02
6.682164222002029419e-02
6.700510531663894653e-02
6.718727946281433105e-02
6.736815720796585083e-02
6.754769384860992432e-02
6.772586703300476074e-02
6.790265440940856934e-02
6.807803362607955933e-02
6.825197488069534302e-02
6.842446327209472656e-02
6.859546899795532227e-02
6.876497715711593628e-02
6.893295794725418091e-02
6.909941136837005615e-02
6.926429271697998047e-02
6.942760199308395386e-02
6.958932429552078247e-02
6.974943727254867554e-02
6.990792602300643921e-02
7.006478309631347656e-02
7.021999359130859375e-02
7.037353515625000000e-02
7.052542269229888916e-02
7.067561894655227661e-02
7.082412391901016235e-02
7.097094506025314331e-02
7.111606001853942871e-02
7.125946879386901855e-02
7.140115648508071899e-02
7.154113799333572388e-02
7.167939841747283936e-02
7.181593775749206543e-02
7.195075601339340210e-02
7.208385318517684937e-02
7.221522927284240723e-02
7.234488427639007568e-02
7.247281819581985474e-02
7.259903848171234131e-02
7.272354513406753540e-02
7.284634560346603394e-02
7.296743243932723999e-02
7.308683544397354126e-02
7.320453226566314697e-02
7.332055270671844482e-02
7.343488186597824097e-02
7.354753464460372925e-02
7.365853339433670044e-02
7.376787066459655762e-02
7.387555390596389771e-02
7.398160547018051147e-02
7.408602535724639893e-02
7.418881356716156006e-02
7.429000735282897949e-02
7.438959181308746338e-02
7.448758184909820557e-02
7.458399981260299683e-02
7.467884570360183716e-02
7.477214187383651733e-02
7.486389577388763428e-02
7.495412230491638184e-02
7.504282891750335693e-02
7.513003796339035034e-02
7.521575689315795898e-02
7.530000805854797363e-02
7.538279891014099121e-02
7.546414434909820557e-02
7.554406672716140747e-02
7.562257349491119385e-02
7.569969445466995239e-02
7.577544450759887695e-02
7.584983110427856445e-02
7.592289149761199951e-02
7.599461823701858521e-02
7.606505602598190308e-02
7.613421976566314697e-02
7.620213925838470459e-02
7.626881450414657593e-02
7.633428275585174561e-02
7.639857381582260132e-02
7.646170258522033691e-02
7.652369141578674316e-02
7.658457756042480469e-02
7.664438337087631226e-02
7.670313119888305664e-02
7.676085084676742554e-02
7.681757956743240356e-02
7.687333971261978149e-02
7.692816108465194702e-02
7.698208838701248169e-02
7.703512907028198242e-02
7.708733528852462769e-02
7.713873684406280518e-02
7.718935608863830566e-02
7.723923772573471069e-02
7.728841900825500488e-02
7.733692228794097900e-02
7.738479226827621460e-02
7.743205875158309937e-02
7.747877389192581177e-02
7.752495259046554565e-02
7.757064700126647949e-02
7.761587947607040405e-02
7.766070961952209473e-02
7.770515978336334229e-02
7.774925976991653442e-02
7.779305428266525269e-02
7.783659547567367554e-02
7.787989825010299683e-02
7.792301476001739502e-02
7.796596735715866089e-02
7.800880074501037598e-02
7.805155217647552490e-02
7.809425890445709229e-02
7.813695818185806274e-02
7.817967981100082397e-02
7.822246104478836060e-02
7.826533168554306030e-02
7.830832898616790771e-02
7.835149019956588745e-02
7.839483767747879028e-02
7.843842357397079468e-02
7.848225533962249756e-02
7.852637022733688354e-02
7.857082039117813110e-02
7.861559838056564331e-02
7.866077125072479248e-02
7.870633900165557861e-02
7.875234633684158325e-02
7.879881560802459717e-02
7.884576916694641113e-02
7.889323681592941284e-02
7.894124090671539307e-02
7.898981124162673950e-02
7.903897017240524292e-02
7.908874005079269409e-02
7.913914322853088379e-02
7.919020950794219971e-02
7.924194633960723877e-02
7.929439097642898560e-02
7.934755831956863403e-02
7.940146327018737793e-02
7.945613563060760498e-02
7.951159030199050903e-02
7.956784963607788086e-02
7.962492853403091431e-02
7.968284189701080322e-02
7.974161952733993530e-02
7.980126887559890747e-02
7.986181229352951050e-02
7.992326468229293823e-02
7.998564839363098145e-02
8.004897832870483398e-02
8.011326938867568970e-02
8.017853647470474243e-02
8.024479448795318604e-02
8.031206578016281128e-02
8.038035780191421509e-02
8.044968545436859131e-02
8.052007108926773071e-02
8.059151470661163330e-02
8.066404610872268677e-02
8.073766529560089111e-02
8.081240206956863403e-02
8.088824898004531860e-02
8.096522837877273560e-02
8.104334771633148193e-02
8.112262189388275146e-02
8.120305836200714111e-02
8.128467202186584473e-02
8.136747032403945923e-02
8.145145326852798462e-02
8.153663575649261475e-02
8.162302523851394653e-02
8.171063661575317383e-02
8.179945498704910278e-02
8.188950270414352417e-02
8.198077231645584106e-02
8.207326382398605347e-02
8.216699212789535522e-02
8.226195722818374634e-02
8.235815912485122681e-02
8.245558291673660278e-02
8.255422860383987427e-02
8.265411853790283203e-02
8.275521546602249146e-02
8.285754173994064331e-02
8.296106755733489990e-02
8.306580036878585815e-02
8.317173272371292114e-02
8.327884972095489502e-02
8.338713645935058594e-02
8.349659293889999390e-02
8.360718935728073120e-02
8.371892571449279785e-02
8.383178710937500000e-02
8.394575119018554688e-02
8.406080305576324463e-02
8.417692780494689941e-02
8.429409563541412354e-02
8.441229909658432007e-02
8.453151583671569824e-02
8.465171605348587036e-02
8.477288484573364258e-02
8.489499241113662720e-02
8.501803129911422729e-02
8.514195680618286133e-02
8.526674658060073853e-02
8.539238572120666504e-02
8.551882952451705933e-02
8.564607053995132446e-02
8.577407151460647583e-02
8.590281009674072266e-02
8.603224903345108032e-02
8.616236597299575806e-02
8.629312366247177124e-02
8.642449975013732910e-02
8.655646443367004395e-02
8.668898046016693115e-02
8.682202547788619995e-02
8.695556968450546265e-02
8.708958327770233154e-02
8.722402155399322510e-02
8.735887706279754639e-02
8.749409765005111694e-02
8.762966841459274292e-02
8.776555210351943970e-02
8.790171146392822266e-02
8.803812414407730103e-02
8.817476034164428711e-02
8.831159025430679321e-02
8.844857662916183472e-02
8.858569711446762085e-02
8.872291445732116699e-02
8.886019885540008545e-02
8.899752795696258545e-02
8.913486450910568237e-02
8.927217870950698853e-02
8.940944075584411621e-02
8.954662829637527466e-02
8.968369662761688232e-02
8.982062339782714844e-02
8.995737880468368530e-02
9.009393304586410522e-02
9.023025631904602051e-02
9.036631137132644653e-02
9.050206840038299561e-02
9.063750505447387695e-02
9.077259153127670288e-02
9.090728312730789185e-02
9.104156494140625000e-02
9.117538481950759888e-02
9.130873531103134155e-02
9.144157171249389648e-02
9.157386422157287598e-02
9.170557558536529541e-02
9.183667600154876709e-02
9.196714311838150024e-02
9.209693223237991333e-02
9.222601354122161865e-02
9.235435724258422852e-02
9.248193353414535522e-02
9.260869771242141724e-02
9.273461997509002686e-02
9.285967051982879639e-02
9.298381954431533813e-02
9.310702979564666748e-02
9.322925657033920288e-02
9.335048496723175049e-02
9.347067028284072876e-02
9.358978271484375000e-02
9.370778501033782959e-02
9.382465481758117676e-02
9.394033253192901611e-02
9.405482560396194458e-02
9.416806697845458984e-02
9.428004175424575806e-02
9.439071267843246460e-02
9.450004994869232178e-02
9.460802376270294189e-02
9.471460431814193726e-02
9.481976181268692017e-02
9.492345899343490601e-02
9.502568095922470093e-02
9.512639045715332031e-02
9.522556513547897339e-02
9.532317519187927246e-02
9.541919827461242676e-02
9.551360458135604858e-02
9.560637921094894409e-02
9.569749236106872559e-02
9.578691422939300537e-02
9.587464481592178345e-02
9.596064686775207520e-02
9.604490548372268677e-02
9.612740576267242432e-02
9.620812535285949707e-02
9.628705680370330811e-02
9.636418521404266357e-02
9.643948078155517578e-02
9.651294350624084473e-02
9.658456593751907349e-02
9.665431827306747437e-02
9.672220796346664429e-02
9.678822755813598633e-02
9.685234725475311279e-02
9.691458195447921753e-02
9.697491675615310669e-02
9.703335165977478027e-02
9.708987921476364136e-02
9.714448451995849609e-02
9.719718992710113525e-02
9.724797308444976807e-02
9.729683399200439453e-02
9.734378755092620850e-02
9.738881886005401611e-02
9.743193536996841431e-02
9.747314453125000000e-02
9.751243144273757935e-02
9.754981100559234619e-02
9.758529812097549438e-02
9.761887788772583008e-02
9.765056520700454712e-02
9.768035262823104858e-02
9.770826250314712524e-02
9.773428738117218018e-02
9.775844961404800415e-02
9.778074175119400024e-02
9.780117124319076538e-02
9.781976044178009033e-02
9.783650189638137817e-02
9.785141050815582275e-02
9.786448627710342407e-02
9.787575900554656982e-02
9.788521379232406616e-02
9.789288043975830078e-02
9.789875149726867676e-02
9.790285676717758179e-02
9.790518134832382202e-02
9.790576249361038208e-02
9.790460020303726196e-02
9.790170937776565552e-02
9.789709746837615967e-02
9.789077937602996826e-02
9.788277000188827515e-02
9.787308424711227417e-02
9.786172956228256226e-02
9.784872829914093018e-02
9.783409535884857178e-02
9.781783819198608398e-02
9.779999405145645142e-02
9.778055548667907715e-02
9.775955229997634888e-02
9.773699939250946045e-02
9.771291166543960571e-02
9.768732637166976929e-02
9.766025096178054810e-02
9.763170778751373291e-02
9.760171175003051758e-02
9.757029265165328979e-02
9.753748029470443726e-02
9.750328958034515381e-02
9.746775031089782715e-02
9.743088483810424805e-02
9.739271551370620728e-02
9.735328704118728638e-02
9.731260687112808228e-02
9.727071970701217651e-02
9.722764790058135986e-02
9.718342125415802002e-02
9.713806957006454468e-02
9.709163010120391846e-02
9.704412519931793213e-02
9.699559211730957031e-02
9.694607555866241455e-02
9.689559787511825562e-02
9.684419631958007812e-02
9.679190814495086670e-02
9.673876315355300903e-02
9.668479859828948975e-02
9.663006663322448730e-02
9.657458215951919556e-02
9.651838988065719604e-02
9.646153450012207031e-02
9.640404582023620605e-02
9.634596109390258789e-02
9.628731757402420044e-02
9.622815996408462524e-02
9.616851806640625000e-02
9.610842913389205933e-02
9.604794532060623169e-02
9.598708152770996094e-02
9.592588990926742554e-02
9.586440026760101318e-02
9.580265730619430542e-02
9.574069082736968994e-02
9.567853063344955444e-02
9.561622887849807739e-02
9.555380791425704956e-02
9.549130499362945557e-02
9.542874991893768311e-02
9.536618739366531372e-02
9.530364722013473511e-02
9.524114429950714111e-02
9.517873823642730713e-02
9.511643648147583008e-02
9.505428373813629150e-02
9.499230235815048218e-02
9.493052959442138672e-02
9.486898779869079590e-02
9.480770677328109741e-02
9.474671632051467896e-02
9.468604624271392822e-02
9.462570399045944214e-02
9.456574171781539917e-02
9.450616687536239624e-02
9.444700181484222412e-02
9.438829123973846436e-02
9.433003515005111694e-02
9.427227079868316650e-02
9.421502053737640381e-02
9.415829926729202271e-02
9.410213679075241089e-02
9.404654800891876221e-02
9.399156272411346436e-02
9.393718838691711426e-02
9.388346225023269653e-02
9.383038431406021118e-02
9.377799183130264282e-02
9.372629970312118530e-02
9.367533028125762939e-02
9.362509101629257202e-02
9.357561171054840088e-02
9.352691471576690674e-02
9.347901493310928345e-02
9.343191981315612793e-02
9.338565915822982788e-02
9.334026277065277100e-02
9.329572319984436035e-02
9.325207769870758057e-02
9.320933371782302856e-02
9.316751360893249512e-02
9.312663227319717407e-02
9.308671951293945312e-02
9.304778277873992920e-02
9.300982952117919922e-02
9.297288954257965088e-02
9.293697774410247803e-02
9.290210902690887451e-02
9.286829829216003418e-02
9.283556789159774780e-02
9.280391782522201538e-02
9.277337789535522461e-02
9.274394810199737549e-02
9.271566569805145264e-02
9.268851578235626221e-02
9.266252815723419189e-02
9.263770282268524170e-02
9.261406213045120239e-02
9.259161353111267090e-02
9.257036447525024414e-02
9.255032241344451904e-02
9.253150224685668945e-02
9.251390397548675537e-02
9.249752759933471680e-02
9.248239547014236450e-02
9.246850758790969849e-02
9.245585650205612183e-02
9.244445711374282837e-02
9.243429452180862427e-02
9.242538362741470337e-02
9.241772443056106567e-02
9.241129457950592041e-02
9.240611642599105835e-02
9.240216761827468872e-02
9.239945560693740845e-02
9.239797294139862061e-02
9.239769726991653442e-02
9.239863604307174683e-02
9.240075945854187012e-02
9.240408241748809814e-02
9.240857511758804321e-02
9.241424500942230225e-02
9.242105484008789062e-02
9.242899715900421143e-02
9.243806451559066772e-02
9.244822710752487183e-02
9.245947748422622681e-02
9.247180074453353882e-02
9.248517453670501709e-02
9.249957650899887085e-02
9.251499176025390625e-02
9.253139793872833252e-02
9.254876524209976196e-02
9.256708621978759766e-02
9.258633852005004883e-02
9.260649979114532471e-02
9.262753278017044067e-02
9.264943003654479980e-02
9.267217665910720825e-02
9.269572794437408447e-02
9.272007644176483154e-02
9.274519234895706177e-02
9.277105331420898438e-02
9.279763698577880859e-02
9.282493591308593750e-02
9.285290539264678955e-02
9.288153052330017090e-02
9.291079640388488770e-02
9.294066578149795532e-02
9.297113120555877686e-02
9.300217032432556152e-02
9.303375333547592163e-02
9.306586533784866333e-02
9.309848397970199585e-02
9.313157945871353149e-02
9.316515177488327026e-02
9.319915622472763062e-02
9.323359280824661255e-02
9.326843917369842529e-02
9.330366551876068115e-02
9.333925694227218628e-02
9.337519109249114990e-02
9.341145306825637817e-02
9.344802051782608032e-02
9.348487108945846558e-02
9.352199733257293701e-02
9.355936199426651001e-02
9.359695762395858765e-02
9.363476186990737915e-02
9.367275238037109375e-02
9.371091425418853760e-02
9.374921023845672607e-02
9.378764033317565918e-02
9.382616728544235229e-02
9.386477619409561157e-02
9.390345215797424316e-02
9.394215792417526245e-02
9.398087859153747559e-02
9.401958435773849487e-02
9.405825287103652954e-02
9.409686923027038574e-02
9.413539618253707886e-02
9.417381137609481812e-02
9.421209245920181274e-02
9.425020217895507812e-02
9.428811818361282349e-02
9.432582557201385498e-02
9.436327219009399414e-02
9.440045058727264404e-02
9.443731606006622314e-02
9.447384625673294067e-02
9.451001137495040894e-02
9.454577416181564331e-02
9.458111226558685303e-02
9.461598843336105347e-02
9.465037286281585693e-02
9.468423575162887573e-02
9.471754729747772217e-02
9.475027769804000854e-02
9.478238970041275024e-02
9.481385350227355957e-02
9.484463930130004883e-02
9.487470984458923340e-02
9.490405023097991943e-02
9.493262320756912231e-02
9.496039897203445435e-02
9.498734772205352783e-02
9.501343220472335815e-02
9.503864496946334839e-02
9.506294876337051392e-02
9.508631378412246704e-02
9.510871022939682007e-02
9.513013809919357300e-02
9.515055269002914429e-02
9.516993910074234009e-02
9.518827497959136963e-02
9.520553797483444214e-02
9.522171318531036377e-02
9.523679316043853760e-02
9.525073319673538208e-02
9.526354074478149414e-02
9.527520090341567993e-02
9.528568387031555176e-02
9.529499709606170654e-02
9.530311822891235352e-02
9.531003981828689575e-02
9.531575441360473633e-02
9.532024711370468140e-02
9.532352536916732788e-02
9.532558172941207886e-02
9.532640129327774048e-02
9.532597661018371582e-02
9.532432258129119873e-02
9.532141685485839844e-02
9.531727433204650879e-02
9.531189501285552979e-02
9.530526399612426758e-02
9.529739618301391602e-02
9.528827667236328125e-02
9.527792781591415405e-02
9.526632726192474365e-02
9.525348991155624390e-02
9.523942321538925171e-02
9.522411227226257324e-02
9.520757943391799927e-02
9.518980979919433594e-02
9.517081826925277710e-02
9.515059739351272583e-02
9.512914717197418213e-02
9.510648250579833984e-02
9.508259594440460205e-02
9.505749493837356567e-02
9.503117203712463379e-02
9.500362724065780640e-02
9.497487545013427734e-02
9.494490176439285278e-02
9.491371363401412964e-02
9.488131105899810791e-02
9.484768658876419067e-02
9.481284767389297485e-02
9.477679431438446045e-02
9.473951160907745361e-02
9.470101445913314819e-02
9.466129541397094727e-02
9.462034702301025391e-02
9.457818418741226196e-02
9.453478455543518066e-02
9.449016302824020386e-02
9.444431215524673462e-02
9.439723938703536987e-02
9.434892982244491577e-02
9.429939091205596924e-02
9.424863010644912720e-02
9.419663250446319580e-02
9.414341300725936890e-02
9.408897161483764648e-02
9.403330087661743164e-02
9.397643059492111206e-02
9.391833096742630005e-02
9.385903924703598022e-02
9.379853308200836182e-02
9.373684972524642944e-02
9.367397427558898926e-02
9.360992908477783203e-02
9.354472905397415161e-02
9.347837418317794800e-02
9.341087937355041504e-02
9.334226697683334351e-02
9.327255189418792725e-02
9.320175647735595703e-02
9.312988072633743286e-02
9.305696189403533936e-02
9.298301488161087036e-02
9.290806204080581665e-02
9.283212572336196899e-02
9.275523573160171509e-02
9.267741441726684570e-02
9.259868413209915161e-02
9.251906722784042358e-02
9.243860840797424316e-02
9.235733002424240112e-02
9.227525442838668823e-02
9.219242632389068604e-02
9.210885316133499146e-02
9.202458709478378296e-02
9.193965047597885132e-02
9.185408055782318115e-02
9.176789969205856323e-02
9.168114513158798218e-02
9.159385412931442261e-02
9.150604903697967529e-02
9.141776710748672485e-02
9.132903069257736206e-02
9.123988449573516846e-02
9.115035086870193481e-02
9.106045216321945190e-02
9.097022563219070435e-02
9.087969362735748291e-02
9.078888595104217529e-02
9.069783240556716919e-02
9.060655534267425537e-02
9.051508456468582153e-02
9.042342752218246460e-02
9.033162146806716919e-02
9.023967385292053223e-02
9.014762938022613525e-02
9.005548804998397827e-02
8.996325731277465820e-02
8.987098187208175659e-02
8.977866172790527344e-02
8.968631923198699951e-02
8.959396183490753174e-02
8.950160443782806396e-02
8.940926194190979004e-02
8.931694924831390381e-02
8.922466635704040527e-02
8.913243561983108521e-02
8.904026448726654053e-02
8.894816040992736816e-02
8.885613083839416504e-02
8.876419067382812500e-02
8.867234736680984497e-02
8.858060836791992188e-02
8.848898857831954956e-02
8.839748799800872803e-02
8.830611407756805420e-02
8.821488916873931885e-02
8.812381327152252197e-02
8.803289383649826050e-02
8.794216066598892212e-02
8.785160630941390991e-02
8.776124566793441772e-02
8.767109364271163940e-02
8.758116513490676880e-02
8.749148249626159668e-02
8.740203827619552612e-02
8.731286972761154175e-02
8.722397685050964355e-02
8.713539689779281616e-02
8.704713732004165649e-02
8.695922046899795532e-02
8.687166124582290649e-02
8.678448200225830078e-02
8.669769763946533203e-02
8.661134541034698486e-02
8.652544766664505005e-02
8.644001185894012451e-02
8.635507524013519287e-02
8.627066016197204590e-02
8.618678152561187744e-02
8.610348403453826904e-02
8.602076768875122070e-02
8.593867719173431396e-02
8.585722744464874268e-02
8.577645570039749146e-02
8.569636195898056030e-02
8.561699092388153076e-02
8.553835749626159668e-02
8.546048402786254883e-02
8.538339287042617798e-02
8.530710637569427490e-02
8.523164689540863037e-02
8.515702188014984131e-02
8.508326858282089233e-02
8.501037955284118652e-02
8.493838459253311157e-02
8.486729860305786133e-02
8.479712903499603271e-02
8.472787588834762573e-02
8.465956896543502808e-02
8.459219336509704590e-02
8.452577888965606689e-02
8.446030318737030029e-02
8.439578860998153687e-02
8.433222770690917969e-02
8.426961302757263184e-02
8.420795202255249023e-02
8.414723724126815796e-02
8.408745378255844116e-02
8.402860164642333984e-02
8.397067338228225708e-02
8.391366153955459595e-02
8.385754376649856567e-02
8.380231261253356934e-02
8.374795317649841309e-02
8.369445800781250000e-02
8.364180475473403931e-02
8.358996361494064331e-02
8.353894203901290894e-02
8.348871022462844849e-02
8.343924582004547119e-02
8.339054137468338013e-02
8.334257453680038452e-02
8.329532295465469360e-02
8.324876427650451660e-02
8.320289850234985352e-02
8.315769582986831665e-02
8.311312645673751831e-02
8.306919783353805542e-02
8.302588760852813721e-02
8.298317342996597290e-02
8.294104784727096558e-02
8.289948850870132446e-02
8.285848796367645264e-02
8.281803876161575317e-02
8.277813345193862915e-02
8.273874968290328979e-02
8.269988745450973511e-02
8.266154676675796509e-02
8.262371271848678589e-02
8.258637040853500366e-02
8.254953473806381226e-02
8.251319080591201782e-02
8.247734606266021729e-02
8.244199305772781372e-02
8.240713179111480713e-02
8.237276226282119751e-02
8.233889192342758179e-02
8.230551332235336304e-02
8.227263391017913818e-02
8.224025368690490723e-02
8.220838010311126709e-02
8.217700570821762085e-02
8.214613795280456543e-02
8.211579173803329468e-02
8.208594471216201782e-02
8.205661922693252563e-02
8.202779293060302734e-02
8.199949562549591064e-02
8.197170495986938477e-02
8.194442838430404663e-02
8.191765844821929932e-02
8.189139515161514282e-02
8.186563104391098022e-02
8.184035867452621460e-02
8.181557059288024902e-02
8.179126679897308350e-02
8.176741749048233032e-02
8.174403011798858643e-02
8.172107487916946411e-02
8.169854432344436646e-02
8.167642354965209961e-02
8.165469020605087280e-02
8.163332194089889526e-02
8.161228895187377930e-02
8.159158378839492798e-02
8.157117664813995361e-02
8.155103027820587158e-02
8.153112977743148804e-02
8.151143789291381836e-02
8.149193227291107178e-02
8.147257566452026367e-02
8.145334571599960327e-02
8.143419772386550903e-02
8.141510188579559326e-02
8.139602094888687134e-02
8.137693256139755249e-02
8.135778456926345825e-02
8.133856207132339478e-02
8.131921291351318359e-02
8.129972219467163086e-02
8.128004521131515503e-02
8.126015216112136841e-02
8.124000579118728638e-02
8.121959120035171509e-02
8.119885623455047607e-02
8.117778599262237549e-02
8.115635067224502563e-02
8.113452047109603882e-02
8.111227303743362427e-02
8.108960092067718506e-02
8.106645196676254272e-02
8.104283362627029419e-02
8.101870864629745483e-02
8.099407702684402466e-02
8.096892386674880981e-02
8.094321936368942261e-02
8.091697096824645996e-02
8.089016377925872803e-02
8.086279779672622681e-02
8.083485811948776245e-02
8.080635219812393188e-02
8.077726513147354126e-02
8.074760437011718750e-02
8.071736991405487061e-02
8.068656921386718750e-02
8.065519481897354126e-02
8.062326908111572266e-02
8.059078454971313477e-02
8.055775612592697144e-02
8.052417635917663574e-02
8.049006760120391846e-02
8.045543730258941650e-02
8.042029291391372681e-02
8.038463443517684937e-02
8.034847676753997803e-02
8.031182736158370972e-02
8.027469366788864136e-02
8.023708313703536987e-02
8.019899576902389526e-02
8.016045391559600830e-02
8.012143522500991821e-02
8.008196949958801270e-02
8.004204928874969482e-02
8.000165969133377075e-02
7.996082305908203125e-02
7.991952449083328247e-02
7.987777143716812134e-02
7.983554154634475708e-02
7.979284226894378662e-02
7.974965870380401611e-02
7.970598340034484863e-02
7.966180890798568726e-02
7.961711287498474121e-02
7.957189530134201050e-02
7.952612638473510742e-02
7.947979867458343506e-02
7.943288981914520264e-02
7.938538491725921631e-02
7.933726906776428223e-02
7.928851246833801270e-02
7.923909276723861694e-02
7.918899506330490112e-02
7.913818955421447754e-02
7.908667623996734619e-02
7.903440296649932861e-02
7.898136973381042480e-02
7.892754673957824707e-02
7.887291163206100464e-02
7.881744951009750366e-02
7.876113802194595337e-02
7.870396226644515991e-02
7.864589989185333252e-02
7.858694344758987427e-02
7.852707058191299438e-02
7.846627384424209595e-02
7.840453833341598511e-02
7.834185659885406494e-02
7.827823609113693237e-02
7.821364700794219971e-02
7.814811170101165771e-02
7.808160781860351562e-02
7.801415026187896729e-02
7.794574648141860962e-02
7.787639647722244263e-02
7.780610769987106323e-02
7.773489505052566528e-02
7.766277343034744263e-02
7.758975028991699219e-02
7.751584798097610474e-02
7.744108140468597412e-02
7.736548036336898804e-02
7.728905975818634033e-02
7.721184939146041870e-02
7.713387906551361084e-02
7.705516368150711060e-02
7.697574049234390259e-02
7.689563184976577759e-02
7.681486755609512329e-02
7.673348486423492432e-02
7.665152102708816528e-02
7.656899094581604004e-02
7.648592442274093628e-02
7.640236616134643555e-02
7.631834596395492554e-02
7.623387873172760010e-02
7.614901661872863770e-02
7.606375962495803833e-02
7.597815245389938354e-02
7.589221745729446411e-02
7.580597698688507080e-02
7.571945339441299438e-02
7.563267648220062256e-02
7.554564625024795532e-02
7.545839995145797729e-02
7.537094503641128540e-02
7.528329640626907349e-02
7.519546151161193848e-02
7.510745525360107422e-02
7.501927763223648071e-02
7.493095099925994873e-02
7.484245300292968750e-02
7.475381344556808472e-02
7.466500997543334961e-02
7.457605004310607910e-02
7.448693364858627319e-02
7.439766079187393188e-02
7.430820167064666748e-02
7.421857118606567383e-02
7.412875443696975708e-02
7.403873652219772339e-02
7.394851744174957275e-02
7.385808229446411133e-02
7.376741617918014526e-02
7.367651909589767456e-02
7.358536124229431152e-02
7.349395006895065308e-02
7.340226322412490845e-02
7.331030070781707764e-02
7.321804761886596680e-02
7.312549650669097900e-02
7.303264737129211426e-02
7.293948531150817871e-02
7.284602522850036621e-02
7.275223731994628906e-02
7.265813648700714111e-02
7.256372272968292236e-02
7.246901094913482666e-02
7.237398624420166016e-02
7.227867841720581055e-02
7.218308001756668091e-02
7.208720594644546509e-02
7.199107855558395386e-02
7.189470529556274414e-02
7.179812341928482056e-02
7.170133292675018311e-02
7.160436362028121948e-02
7.150724530220031738e-02
7.140999287366867065e-02
7.131265103816986084e-02
7.121524959802627563e-02
7.111780345439910889e-02
7.102035731077194214e-02
7.092294096946716309e-02
7.082559913396835327e-02
7.072835415601730347e-02
7.063125073909759521e-02
7.053432613611221313e-02
7.043761014938354492e-02
7.034114748239517212e-02
7.024496048688888550e-02
7.014910131692886353e-02
7.005358487367630005e-02
6.995846331119537354e-02
6.986376643180847168e-02
6.976951658725738525e-02
6.967574357986450195e-02
6.958247721195220947e-02
6.948974728584289551e-02
6.939757615327835083e-02
6.930597871541976929e-02
6.921496987342834473e-02
6.912458688020706177e-02
6.903482228517532349e-02
6.894569844007492065e-02
6.885722279548645020e-02
6.876939535140991211e-02
6.868222355842590332e-02
6.859571486711502075e-02
6.850985437631607056e-02
6.842464953660964966e-02
6.834008544683456421e-02
6.825616210699081421e-02
6.817286461591720581e-02
6.809017062187194824e-02
6.800808012485504150e-02
6.792657077312469482e-02
6.784562021493911743e-02
6.776521354913711548e-02
6.768532842397689819e-02
6.760594248771667480e-02
6.752704828977584839e-02
6.744860112667083740e-02
6.737058609724044800e-02
6.729298830032348633e-02
6.721577793359756470e-02
6.713893264532089233e-02
6.706243753433227539e-02
6.698627024888992310e-02
6.691040843725204468e-02
6.683482974767684937e-02
6.675953418016433716e-02
6.668448448181152344e-02
6.660968810319900513e-02
6.653512269258499146e-02
6.646078079938888550e-02
6.638666242361068726e-02
6.631275266408920288e-02
6.623905897140502930e-02
6.616556644439697266e-02
6.609229743480682373e-02
6.601924449205398560e-02
6.594641506671905518e-02
6.587381660938262939e-02
6.580147147178649902e-02
6.572938710451126099e-02
6.565757840871810913e-02
6.558605283498764038e-02
6.551484018564224243e-02
6.544396281242370605e-02
6.537344306707382202e-02
6.530329585075378418e-02
6.523354351520538330e-02
6.516423076391220093e-02
6.509535759687423706e-02
6.502696871757507324e-02
6.495907902717590332e-02
6.489171832799911499e-02
6.482490897178649902e-02
6.475867331027984619e-02
6.469304114580154419e-02
6.462802737951278687e-02
6.456366181373596191e-02
6.449995189905166626e-02
6.443691998720169067e-02
6.437458842992782593e-02
6.431296467781066895e-02
6.425205618143081665e-02
6.419187784194946289e-02
6.413242965936660767e-02
6.407371908426284790e-02
6.401574611663818359e-02
6.395850330591201782e-02
6.390199810266494751e-02
6.384620815515518188e-02
6.379112601280212402e-02
6.373674422502517700e-02
6.368304789066314697e-02
6.362999975681304932e-02
6.357759982347488403e-02
6.352581828832626343e-02
6.347461789846420288e-02
6.342398375272750854e-02
6.337388604879379272e-02
6.332428008317947388e-02
6.327513605356216431e-02
6.322642415761947632e-02
6.317809969186782837e-02
6.313014775514602661e-02
6.308250129222869873e-02
6.303513795137405396e-02
6.298802047967910767e-02
6.294110417366027832e-02
6.289436668157577515e-02
6.284775584936141968e-02
6.280124187469482422e-02
6.275478005409240723e-02
6.270835548639297485e-02
6.266192346811294556e-02
6.261546909809112549e-02
6.256894767284393311e-02
6.252234429121017456e-02
6.247562915086746216e-02
6.242878735065460205e-02
6.238180026412010193e-02
6.233464926481246948e-02
6.228732690215110779e-02
6.223982200026512146e-02
6.219212338328361511e-02
6.214423850178718567e-02
6.209615617990493774e-02
6.204787641763687134e-02
6.199941039085388184e-02
6.195075437426567078e-02
6.190193444490432739e-02
6.185294687747955322e-02
6.180381029844284058e-02
6.175454705953598022e-02
6.170516088604927063e-02
6.165568530559539795e-02
6.160612404346466064e-02
6.155651062726974487e-02
6.150686740875244141e-02
6.145721301436424255e-02
6.140756234526634216e-02
6.135794892907142639e-02
6.130839139223098755e-02
6.125891953706741333e-02
6.120954081416130066e-02
6.116028502583503723e-02
6.111117079854011536e-02
6.106220558285713196e-02
6.101341918110847473e-02
6.096481904387474060e-02
6.091641634702682495e-02
6.086821854114532471e-02
6.082023680210113525e-02
6.077247485518455505e-02
6.072493642568588257e-02
6.067761406302452087e-02
6.063051149249076843e-02
6.058362126350402832e-02
6.053692847490310669e-02
6.049042567610740662e-02
6.044409051537513733e-02
6.039791554212570190e-02
6.035187840461730957e-02
6.030594930052757263e-02
6.026010587811470032e-02
6.021432951092720032e-02
6.016857549548149109e-02
6.012282148003578186e-02
6.007703021168708801e-02
6.003117561340332031e-02
5.998520553112030029e-02
5.993910133838653564e-02
5.989281088113784790e-02
5.984630063176155090e-02
5.979954078793525696e-02
5.975249037146568298e-02
5.970510467886924744e-02
5.965735018253326416e-02
5.960919708013534546e-02
5.956060439348220825e-02
5.951154604554176331e-02
5.946198478341102600e-02
5.941190198063850403e-02
5.936124920845031738e-02
5.931002646684646606e-02
5.925819650292396545e-02
5.920575186610221863e-02
5.915266647934913635e-02
5.909893661737442017e-02
5.904453992843627930e-02
5.898948386311531067e-02
5.893376097083091736e-02
5.887736380100250244e-02
5.882030352950096130e-02
5.876257643103599548e-02
5.870420858263969421e-02
5.864519998431205750e-02
5.858556926250457764e-02
5.852532386779785156e-02
5.846450850367546082e-02
5.840312317013740540e-02
5.834120512008666992e-02
5.827878043055534363e-02
5.821587145328521729e-02
5.815251916646957397e-02
5.808874592185020447e-02
5.802459269762039185e-02
5.796008184552192688e-02
5.789526179432868958e-02
5.783015117049217224e-02
5.776479840278625488e-02
5.769922211766242981e-02
5.763346701860427856e-02
5.756755918264389038e-02
5.750152468681335449e-02
5.743540078401565552e-02
5.736920237541198730e-02
5.730296671390533447e-02
5.723671242594718933e-02
5.717045068740844727e-02
5.710420757532119751e-02
5.703799799084663391e-02
5.697183310985565186e-02
5.690572038292884827e-02
5.683966353535652161e-02
5.677366629242897034e-02
5.670773237943649292e-02
5.664185434579849243e-02
5.657602846622467041e-02
5.651023983955383301e-02
5.644448846578598022e-02
5.637874454259872437e-02
5.631299689412117004e-02
5.624723434448242188e-02
5.618141964077949524e-02
5.611553788185119629e-02
5.604956671595573425e-02
5.598346889019012451e-02
5.591721832752227783e-02
5.585079640150070190e-02
5.578415468335151672e-02
5.571728572249412537e-02
5.565013736486434937e-02
5.558268725872039795e-02
5.551490187644958496e-02
5.544675886631011963e-02
5.537822470068931580e-02
5.530927702784538269e-02
5.523988604545593262e-02
5.517003312706947327e-02
5.509968474507331848e-02
5.502883717417716980e-02
5.495747178792953491e-02
5.488556250929832458e-02
5.481311678886413574e-02
5.474010482430458069e-02
5.466654524207115173e-02
5.459242314100265503e-02
5.451774597167968750e-02
5.444250628352165222e-02
5.436673015356063843e-02
5.429042130708694458e-02
5.421359837055206299e-02
5.413627997040748596e-02
5.405848100781440735e-02
5.398022755980491638e-02
5.390155687928199768e-02
5.382248386740684509e-02
5.374305695295333862e-02
5.366330221295356750e-02
5.358324944972991943e-02
5.350295081734657288e-02
5.342243239283561707e-02
5.334174633026123047e-02
5.326092615723609924e-02
5.318001657724380493e-02
5.309905856847763062e-02
5.301809310913085938e-02
5.293717235326766968e-02
5.285632237792015076e-02
5.277559161186218262e-02
5.269501358270645142e-02
5.261462926864624023e-02
5.253447219729423523e-02
5.245457217097282410e-02
5.237496644258499146e-02
5.229567736387252808e-02
5.221673101186752319e-02
5.213814973831176758e-02
5.205995216965675354e-02
5.198215320706367493e-02
5.190476775169372559e-02
5.182780697941780090e-02
5.175126716494560242e-02
5.167515948414802551e-02
5.159948021173477173e-02
5.152421817183494568e-02
5.144937708973884583e-02
5.137493833899497986e-02
5.130088701844215393e-02
5.122721195220947266e-02
5.115389078855514526e-02
5.108090117573738098e-02
5.100821703672409058e-02
5.093581229448318481e-02
5.086365714669227600e-02
5.079172924160957336e-02
5.071999132633209229e-02
5.064841732382774353e-02
5.057696998119354248e-02
5.050561949610710144e-02
5.043433606624603271e-02
5.036308243870735168e-02
5.029183253645896912e-02
5.022055283188819885e-02
5.014921724796295166e-02
5.007779598236083984e-02
5.000626668334007263e-02
4.993460327386856079e-02
4.986279085278511047e-02
4.979080706834793091e-02
4.971863329410552979e-02
4.964626580476760864e-02
4.957368597388267517e-02
4.950089380145072937e-02
4.942788928747177124e-02
4.935466870665550232e-02
4.928123205900192261e-02
4.920759797096252441e-02
4.913377016782760620e-02
4.905975982546806335e-02
4.898558557033538818e-02
4.891127347946166992e-02
4.883684217929840088e-02
4.876232147216796875e-02
4.868773743510246277e-02
4.861311614513397217e-02
4.853849858045578003e-02
4.846391826868057251e-02
4.838940873742103577e-02
4.831500723958015442e-02
4.824075102806091309e-02
4.816668853163719177e-02
4.809284955263137817e-02
4.801928251981735229e-02
4.794601723551750183e-02
4.787309840321540833e-02
4.780055955052375793e-02
4.772844165563583374e-02
4.765677824616432190e-02
4.758560284972190857e-02
4.751493781805038452e-02
4.744482412934303284e-02
4.737527668476104736e-02
4.730632528662681580e-02
4.723798856139183044e-02
4.717028141021728516e-02
4.710321500897407532e-02
4.703680053353309631e-02
4.697104170918464661e-02
4.690594598650932312e-02
4.684150964021682739e-02
4.677772521972656250e-02
4.671458527445793152e-02
4.665207490324974060e-02
4.659018665552139282e-02
4.652889072895050049e-02
4.646816849708557129e-02
4.640799760818481445e-02
4.634834825992584229e-02
4.628919064998626709e-02
4.623049125075340271e-02
4.617220908403396606e-02
4.611431807279586792e-02
4.605676978826522827e-02
4.599953442811965942e-02
4.594256356358528137e-02
4.588581994175910950e-02
4.582926630973815918e-02
4.577285423874855042e-02
0.000000000000000000e+00
0.000000000000000000e+00
0.000000000000000000e+00
0.000000000000000000e+00
0.000000000000000000e+00
0.000000000000000000e+00
0.000000000000000000e+00
0.000000000000000000e+00
0.000000000000000000e+00
0.000000000000000000e+00
0.000000000000000000e+00
0.000000000000000000e+00
0.000000000000000000e+00
0.000000000000000000e+00
0.000000000000000000e+00
0.000000000000000000e+00
0.000000000000000000e+00
0.000000000000000000e+00
0.000000000000000000e+00
0.000000000000000000e+00
0.000000000000000000e+00
0.000000000000000000e+00
0.000000000000000000e+00
0.000000000000000000e+00
0.000000000000000000e+00
0.000000000000000000e+00
0.000000000000000000e+00
0.000000000000000000e+00
0.000000000000000000e+00
0.000000000000000000e+00
0.000000000000000000e+00
0.000000000000000000e+00
0.000000000000000000e+00
0.000000000000000000e+00
0.000000000000000000e+00
0.000000000000000000e+00
0.000000000000000000e+00
0.000000000000000000e+00
0.000000000000000000e+00
0.000000000000000000e+00
0.000000000000000000e+00
0.000000000000000000e+00
0.000000000000000000e+00
0.000000000000000000e+00
0.000000000000000000e+00
0.000000000000000000e+00
0.000000000000000000e+00
0.000000000000000000e+00
0.000000000000000000e+00
0.000000000000000000e+00
0.000000000000000000e+00
0.000000000000000000e+00
0.000000000000000000e+00
0.000000000000000000e+00
0.000000000000000000e+00
0.000000000000000000e+00
0.000000000000000000e+00
0.000000000000000000e+00
0.000000000000000000e+00
0.000000000000000000e+00
0.000000000000000000e+00
0.000000000000000000e+00
0.000000000000000000e+00
0.000000000000000000e+00
0.000000000000000000e+00
0.000000000000000000e+00
0.000000000000000000e+00
0.000000000000000000e+00
0.000000000000000000e+00
0.000000000000000000e+00
0.000000000000000000e+00
0.000000000000000000e+00
0.000000000000000000e+00
0.000000000000000000e+00
0.000000000000000000e+00
0.000000000000000000e+00
0.000000000000000000e+00
0.000000000000000000e+00
0.000000000000000000e+00
0.000000000000000000e+00
0.000000000000000000e+00
0.000000000000000000e+00
0.000000000000000000e+00
0.000000000000000000e+00
0.000000000000000000e+00
0.000000000000000000e+00
0.000000000000000000e+00
0.000000000000000000e+00
0.000000000000000000e+00
0.000000000000000000e+00
0.000000000000000000e+00
0.000000000000000000e+00
0.000000000000000000e+00
0.000000000000000000e+00
0.000000000000000000e+00
0.000000000000000000e+00
0.000000000000000000e+00
0.000000000000000000e+00
0.000000000000000000e+00
0.000000000000000000e+00
