# pe
-1.791406745482951336e-11
-2.631850693348937335e-11
-2.944821088736279050e-11
-2.784830564608219032e-11
-2.272481944070222999e-11
-1.561675821036805907e-11
-8.004939356751056830e-12
-1.062417514663817047e-12
4.363154391850601417e-12
7.705299929332801383e-12
8.709043201285532422e-12
7.792611425631984433e-12
5.551450338352803351e-12
2.641476067661265243e-12
-3.289559150159045753e-13
-3.002203157630813117e-12
-5.070822445028871303e-12
-6.177454490249874969e-12
-6.086135760374284900e-12
-5.096401810450850480e-12
-3.639968951133427764e-12
-2.141777427528006846e-12
-9.457145449406414855e-13
-7.823191502550793796e-14
4.817225114925657334e-13
6.277797339542688238e-13
2.602936325434962316e-13
-5.660693392485509158e-13
-1.705273618300733826e-12
-2.800119776279468935e-12
-3.503835573113336745e-12
-3.722521386992017166e-12
-3.474770767351021888e-12
-2.976277330348086558e-12
-2.443667033760466027e-12
-1.900195135121270433e-12
-1.338588341460089523e-12
-8.228298580365765913e-13
-4.347170146679003157e-13
-2.374083076176720841e-13
-2.195068989352716528e-13
-3.509771171165212359e-13
-6.017832906572428457e-13
-9.418897480532584945e-13
-1.336489470371435347e-12
-1.731690048962820014e-12
-2.068827727749503604e-12
-2.289238750653578235e-12
-2.334259361597135014e-12
-2.169416924501313590e-12
-1.857003283283442529e-12
-1.483501401859901158e-12
-1.135394244147065574e-12
-8.991647740613136915e-13
-8.354822787210102812e-13
-9.017613380524675408e-13
-1.029602855183985534e-12
-1.150607733243864325e-12
-1.196376875360403371e-12
-1.120075900565369937e-12
-9.611292915044021034e-13
-7.805262467266050518e-13
-6.392559647810841645e-13
-5.983076442169447231e-13
-6.990226692202414850e-13
-9.041511665248248882e-13
-1.156795448501495351e-12
-1.400057827521052788e-12
-1.577040615954297214e-12
-1.642882553010155911e-12
-1.600868085250064220e-12
-1.466318086073585056e-12
-1.254553428880281331e-12
-9.808949870697155542e-13
-6.643524197382704768e-13
-3.386905287696086093e-13
-4.136290174421242706e-14
1.901768737574355946e-13
3.184752101548532327e-13
3.166222070772421353e-13
1.998827129925414779e-13
-5.934736421625516257e-15
-2.750216054876356242e-13
-5.815693585278653198e-13
-9.017805123024872164e-13
-1.219901793322856642e-12
-1.522190980538125013e-12
-1.794905852897443746e-12
-2.024304189349963754e-12
-2.199609296035855816e-12
-2.321906587859367363e-12
-2.395247006915765288e-12
-2.423681495300314871e-12
-2.411260995108284622e-12
-2.362036448434939819e-12
-2.280058797375547358e-12
-2.169378984025373324e-12
-2.034047950479685419e-12
-1.878116638833749732e-12
-1.705635991182832751e-12
-1.520656949622200968e-12
-1.327230456247121277e-12
-1.129407453152860169e-12
-9.312388824346845378e-13
-7.367756861878606724e-13
-5.500688065076548613e-13
-3.751691854893345543e-13
-2.161277652281653332e-13
-7.699548781941469826e-14
3.912338365909340442e-14
1.329113021993017737e-13
2.059973998105966113e-13
2.600108085023625538e-13
2.965806602839858281e-13
3.173360871648512979e-13
3.239062211543443572e-13
3.179201942618510561e-13
3.010071384967561321e-13
2.747961858684454841e-13
2.409164683863045058e-13
2.009971180597183136e-13
1.566672668980727051e-13
1.095560469107528975e-13
6.129259010714451194e-14
1.350602849663286650e-14
-3.217450591139670803e-14
-7.411988110755845175e-14
-1.107009650824673116e-13
-1.402886258267375528e-13
-1.616383614164774028e-13
-1.750441902697687148e-13
-1.811847608901872412e-13
-1.807387217813082546e-13
-1.743847214467074566e-13
-1.628014083899602461e-13
-1.466674311146421230e-13
-1.266614381243286626e-13
-1.034620779225954154e-13
-7.774799901301779269e-14
-5.019784989917138268e-14
-2.149027908463167253e-14
7.696064927025850584e-15
3.668253363222564270e-14
6.479047852739215985e-14
9.134125110894990854e-14
1.156562028733234205e-13
1.370566853169371077e-13
1.548640499362155586e-13
1.683996482275831472e-13
1.771518518598966394e-13
1.812771131917415611e-13
1.810989047541357290e-13
1.769406990780968085e-13
1.691259686946425659e-13
1.579781861347909188e-13
1.438208239295594318e-13
1.269773546099660225e-13
1.077712507070283310e-13
8.652598475176424978e-14
6.356502927519140638e-14
3.921185680832771853e-14
1.378993988219071270e-14
-1.237724897220156712e-14
-3.896623722383155027e-14
-6.565355234168142629e-14
-9.211572179473340994e-14
-1.180292730519697286e-13
-1.430707335823726412e-13
-1.669166308549244068e-13
-1.892434923386072842e-13
-2.097278455024034315e-13
-2.280462178152951075e-13
-2.438751367462645208e-13
-2.568911297642940312e-13
-2.668527626146507450e-13
-2.738467541477418645e-13
-2.780418614902596160e-13
-2.796068417688960238e-13
-2.787104521103433646e-13
-2.755214496412937133e-13
-2.702085914884393467e-13
-2.629406347784723395e-13
-2.538863366380848677e-13
-2.432144541939690564e-13
-2.310937445728171824e-13
-2.176929649013212702e-13
-2.031808723061735206e-13
-1.877262239140661853e-13
-1.714977768516912634e-13
-1.546642882457410568e-13
-1.373945152229076403e-13
-1.198572149098832151e-13
-1.022211444333599317e-13
-8.465506092002996576e-14
-6.732772149658543010e-14
-5.040788328971851310e-14
-3.406430342612141580e-14
-1.846573903248623196e-14
-3.780947235505164180e-15
9.854431537793432187e-15
2.243722365903610811e-14
3.399737219951339280e-14
4.456482023051553618e-14
5.416951082333302644e-14
6.284138704925635806e-14
7.061039197957576678e-14
7.750646868558170291e-14
8.355956023856464201e-14
8.879960970981480719e-14
9.325656017062283810e-14
9.696035469227899571e-14
9.994093634607371772e-14
1.022282482032973408e-13
1.038522333352403785e-13
1.048428348131931043e-13
1.052299957084460064e-13
1.050436590922895099e-13
1.043137680360139136e-13
1.030702656109097436e-13
1.013430948882672734e-13
9.916219893937699133e-14
9.655752083552924663e-14
9.355900364801452750e-14
9.019659044812310754e-14
8.650022430714548755e-14
8.249984829637202948e-14
7.822540548709317104e-14
7.370683895059924893e-14
6.897409175818073870e-14
6.405710698112792658e-14
5.898582769073136387e-14
5.379019695828135572e-14
4.850015785506828932e-14
4.314565345238262762e-14
3.775662682151476413e-14
3.236302103375506080e-14
2.699477916039396164e-14
2.168184427272182860e-14
1.645415944202910568e-14
1.134166773960611383e-14
6.374312236743353834e-15
1.582036004731178189e-15
-3.005217885140016437e-15
-7.357506361579798666e-15
-1.144488635329781758e-14
-1.523741478900364339e-14
-1.870514859740684628e-14
-2.181814470721707850e-14
-2.454646004714388974e-14
-2.686782778632927697e-14
-2.879068605564456874e-14
-3.033114922639352197e-14
-3.150533166987982099e-14
-3.232934775740720693e-14
-3.281931186027943985e-14
-3.299133834980017885e-14
-3.286154159727319029e-14
-3.244603597400217744e-14
-3.176093585129082463e-14
-3.082235560044294242e-14
-2.964640959276218990e-14
-2.824921219955230188e-14
-2.664687779211700687e-14
-2.485552074176001761e-14
-2.289125541978505313e-14
-2.077019619749585142e-14
-1.850845744619612521e-14
-1.612215353718960299e-14
-1.362739884177998647e-14
-1.104030773127102939e-14
-8.376994576966425560e-15
-5.653573750169927933e-15
-2.886159622185220846e-15
-9.086656431605095159e-17
2.716191052133873357e-15
5.518898855860804245e-15
8.301142475561042783e-15
1.104680753993086559e-14
1.373977967766653864e-14
1.636394451746437602e-14
1.890318768802057664e-14
2.134139481803150350e-14
2.366245153619339339e-14
2.585024347120254619e-14
2.788865625175519869e-14
2.976157550654767286e-14
3.145288686427620865e-14
3.294647595363712171e-14
3.422622840332665198e-14
3.527602984204112775e-14
3.607976589847677635e-14
3.662132220132988818e-14
3.688458437929676630e-14
3.685343806107363803e-14
3.651176887535684426e-14
3.584346245084264388e-14
3.483240441622726419e-14
3.346248040020705242e-14
3.171757603147824219e-14
2.958878054304037589e-14
2.709599758510591537e-14
2.426633441219063441e-14
2.112689827881019316e-14
1.770479643948036541e-14
1.402713614871690915e-14
1.012102466103548770e-14
6.013569230951871670e-15
1.731877112981778041e-15
-2.696944438359107774e-15
-7.245788168554974141e-15
-1.188754682309013249e-14
-1.659511314744887216e-14
-2.134137988711545409e-14
-2.609923978757411082e-14
-3.084158559430919796e-14
-3.554131005280492596e-14
-4.017130590854556839e-14
-4.470446590701537356e-14
-4.911368279369869708e-14
-5.337184931407973678e-14
-5.745185821364277253e-14
-6.132660223787211577e-14
-6.496897413225198325e-14
-6.835186664226673058e-14
-7.144817251340054929e-14
-7.423078449113771924e-14
-7.667259532096254556e-14
-7.874649774835928287e-14
-8.042538451881221105e-14
-8.168214837780557211e-14
-8.248968207082365853e-14
-8.282087834335075020e-14
-8.264862994087108913e-14
-8.194582960886904353e-14
-8.068537009282875445e-14
-7.884014413823455224e-14
-7.638304449057071678e-14
-7.328696389532149008e-14
-6.952479509797117725e-14
-6.506943084400408341e-14
-5.989376387890437485e-14
-5.397068694815639453e-14
-4.727309279724438447e-14
-3.977387417165259931e-14
-3.144592381686542619e-14
-2.226213447836705033e-14
-1.219539890164168534e-14
-1.218609832173721534e-15
1.069533998455267797e-14
2.355501861355370021e-14
3.729483736184797734e-14
5.183066834695448540e-14
6.707838368639245281e-14
8.295385549768089346e-14
9.937295589833879600e-14
1.162515570058854330e-13
1.335055309378397869e-13
1.510507498117209157e-13
1.688030857450480919e-13
1.866784108553402602e-13
2.045925972601164153e-13
2.224615170768958805e-13
2.402010424231976255e-13
2.577270454165405946e-13
2.749553981744442878e-13
2.918019728144273717e-13
3.081826414540091191e-13
3.240132762107085500e-13
3.392097492020449373e-13
3.536879325455370990e-13
3.673636983587043078e-13
3.801529187590656344e-13
3.919714658641401495e-13
4.027352117914470246e-13
4.123600286585051792e-13
4.207617885828336837e-13
4.278563636819519623e-13
4.335596260733787323e-13
4.377874478746332663e-13
4.404557012032346349e-13
4.414802581767017575e-13
4.407769909125540075e-13
4.382617715283103043e-13
4.338504721414900213e-13
4.274589648696117245e-13
4.190031218301948378e-13
4.083988151407583816e-13
3.955619169188215274e-13
3.804082992819031439e-13
3.628538343475229078e-13
3.428143942331991323e-13
3.202058510564511911e-13
2.949440769347984073e-13
2.669449439857594981e-13
2.361243243268539886e-13
2.023980900756007476e-13
1.656821133495186437e-13
1.258922662661272021e-13
8.294442094294511473e-14
3.679262240378122632e-14
-1.245639270239857966e-14
-6.465771482033827968e-14
-1.196664343947826075e-13
-1.773376418704756406e-13
-2.375264276921616963e-13
-3.000878823045853820e-13
-3.648770961524906995e-13
-4.317491596806222059e-13
-5.005591633337247107e-13
-5.711621975565416097e-13
-6.434133527938179650e-13
-7.171677194902977276e-13
-7.922803880907256567e-13
-8.686064490398457035e-13
-9.460009927824026270e-13
-1.024319109763140378e-12
-1.103415890426803313e-12
-1.183146425218135988e-12
-1.263365804581882959e-12
-1.343929118962787978e-12
-1.424691458805595801e-12
-1.505507914555050988e-12
-1.586233576655897286e-12
-1.666723535552879455e-12
-1.746832881690742052e-12
-1.826416705514229028e-12
-1.905330097468084537e-12
-1.983428147997053135e-12
-2.060565947545879985e-12
-2.136598586559308232e-12
-2.211381155482082633e-12
-2.284768744758947947e-12
-2.356616444834648127e-12
-2.426779346153927527e-12
-2.495112539161530503e-12
-2.561471114302201408e-12
-2.625710162020685004e-12
-2.687684772761725240e-12
-2.747250036970066067e-12
-2.804261045090452650e-12
-2.858572887567629343e-12
-2.910040654846339289e-12
-2.958519437371328459e-12
-3.003864325587339592e-12
-3.045930409939119064e-12
-3.084572780871408806e-12
-3.119646528828955193e-12
-3.151006744256501368e-12
-3.178508517598792493e-12
-3.202046312541825092e-12
-3.221672085736608390e-12
-3.237477167075403784e-12
-3.249552886450473070e-12
-3.257990573754077240e-12
-3.262881558878478898e-12
-3.264317171715939441e-12
-3.262388742158719857e-12
-3.257187600099082349e-12
-3.248805075429288312e-12
-3.237332498041600351e-12
-3.222861197828278245e-12
-3.205482504681584599e-12
-3.185287748493781214e-12
-3.162368259157129885e-12
-3.136815366563892008e-12
-3.108720400606328573e-12
-3.078174691176701379e-12
-3.045269568167273838e-12
-3.010096361470304922e-12
-2.972746400978057642e-12
-2.933311016582794198e-12
-2.891881538176775177e-12
-2.848549295652261974e-12
-2.803405618901517599e-12
-2.756541837816802638e-12
-2.708049282290378485e-12
-2.658019282214507747e-12
-2.606543167481451009e-12
-2.553712267983471283e-12
-2.499617913612829153e-12
-2.444351434261786015e-12
-2.388004159822604071e-12
-2.330667420187545118e-12
-2.272432545248870148e-12
-2.213390864898840958e-12
-2.153633709029720154e-12
-2.093252407533767516e-12
-2.032338290303246456e-12
-1.970982687230417562e-12
-1.909276928207542632e-12
-1.847312343126883867e-12
-1.785180261880702460e-12
-1.722972014361259603e-12
-1.660778930460817701e-12
-1.598692340071637945e-12
-1.536803573085981932e-12
-1.475203959396111663e-12
-1.413984828894288329e-12
-1.353237511472773931e-12
-1.293034865844203141e-12
-1.233375866002704559e-12
-1.174241014762779659e-12
-1.115610814938930317e-12
-1.057465769345658411e-12
-9.997863807974650118e-13
-9.425531521088528039e-13
-8.857465860943223525e-13
-8.293471855683762420e-13
-7.733354533455158451e-13
-7.176918922402430393e-13
-6.623970050670591975e-13
-6.074312946404662982e-13
-5.527752637749659160e-13
-4.984094152850599285e-13
-4.443142519852499610e-13
-3.904702766900374365e-13
-3.368579922139245357e-13
-2.834579013714125303e-13
-2.302505069770034492e-13
-1.772163118451988420e-13
-1.243358187905006872e-13
-7.158953062741013042e-14
-1.895795017042931103e-14
3.357841976594014893e-14
8.603907636719658327e-14
1.384435168188382879e-13
1.908112383063635242e-13
2.431617380152705028e-13
2.955145131310577248e-13
3.478890608392233379e-13
4.003048783252658179e-13
4.527814627746831357e-13
5.053383113729738681e-13
5.579949213056361375e-13
6.107707897581681168e-13
6.636854139160687363e-13
7.167582909648356134e-13
7.700089180899673755e-13
8.234567924769621448e-13
8.771214113113182459e-13
9.310222717785339021e-13
9.851788710641078416e-13
1.039610706353537581e-12
1.094337274832322454e-12
1.149378073685959574e-12
1.204752600099948275e-12
1.260480351259786275e-12
1.316580824350971899e-12
1.373073516559003673e-12
1.429970007999728140e-12
1.487250210510387350e-12
1.544886118858570358e-12
1.602849727811867836e-12
1.661113032137869649e-12
1.719648026604165255e-12
1.778426705978345731e-12
1.837421065027999932e-12
1.896603098520718730e-12
1.955944801224091383e-12
2.015418167905707757e-12
2.074995193333158119e-12
2.134647872274033139e-12
2.194348199495921876e-12
2.254068169766415000e-12
2.313779777853101972e-12
2.373455018523572655e-12
2.433065886545416913e-12
2.492584376686225822e-12
2.551982483713588843e-12
2.611232202395095031e-12
2.670305527498335866e-12
2.729174453790900000e-12
2.787810976040377701e-12
2.846187089014360045e-12
2.904274787480435684e-12
2.962046066206195290e-12
3.019472919959228726e-12
3.076527343507125050e-12
3.133181331617476144e-12
3.189406879057870256e-12
3.245175980595898463e-12
3.300460630999150224e-12
3.355232825035215808e-12
3.409464557471684271e-12
3.463127823076146283e-12
3.516194616616192518e-12
3.568636932859412435e-12
3.620426766573395494e-12
3.671536112525731963e-12
3.721936965484011302e-12
3.771601320215825395e-12
3.820501171488762490e-12
3.868608514070412451e-12
3.915895342728366758e-12
3.962333652230212850e-12
4.007895437343543824e-12
4.052552692835947120e-12
4.096277413475014217e-12
4.139041594028334980e-12
4.180823109442987773e-12
4.221623355384004157e-12
4.261449607695909042e-12
4.300309142223223297e-12
4.338209234810467792e-12
4.375157161302165820e-12
4.411160197542839060e-12
4.446225619377008381e-12
4.480360702649197076e-12
4.513572723203926822e-12
4.545868956885720107e-12
4.577256679539096991e-12
4.607743167008581575e-12
4.637335695138693114e-12
4.666041539773956518e-12
4.693867976758892655e-12
4.720822281938023203e-12
4.746911731155869033e-12
4.772143600256955052e-12
4.796525165085800517e-12
4.820063701486928719e-12
4.842766485304861336e-12
4.864640792384120047e-12
4.885693898569227336e-12
4.905933079704704073e-12
4.925365611635072745e-12
4.943998770204855836e-12
4.961839831258576640e-12
4.978896070640753603e-12
4.995174764195910827e-12
5.010683187768569988e-12
5.025428617203253574e-12
5.039418328344482452e-12
5.052659597036779109e-12
5.065159699124664416e-12
5.076925910452664087e-12
5.087965506865295763e-12
5.098285764207082737e-12
5.107893958322547493e-12
5.116797365056212518e-12
5.125003260252598681e-12
5.132518919756227660e-12
5.139351619411622748e-12
5.145508635063304008e-12
5.150997242555795540e-12
5.155824717733618215e-12
5.159998336441294518e-12
5.163525374523344510e-12
5.166413107824293101e-12
5.168668812188660354e-12
5.170299686423333670e-12
5.171312621184660934e-12
5.171714430091354945e-12
5.171511926762128505e-12
5.170711924815693605e-12
5.169321237870764663e-12
5.167346679546053671e-12
5.164795063460274238e-12
5.161673203232137548e-12
5.157987912480358018e-12
5.153746004823648448e-12
5.148954293880720832e-12
5.143619593270287969e-12
5.137748716611063469e-12
5.131348477521759324e-12
5.124425689621089950e-12
5.116987166527766532e-12
5.109039721860501872e-12
5.100590169238009576e-12
5.091645322279003255e-12
5.082211994602193284e-12
5.072296999826296504e-12
5.061907151570021677e-12
5.051049263452083217e-12
5.039730149091193927e-12
5.027956622106068222e-12
5.015735496115415672e-12
5.003073584737953116e-12
4.989977701592389316e-12
4.976454660297439496e-12
4.962511274471816456e-12
4.948154357734232190e-12
4.933390723703400306e-12
4.918227185998032796e-12
4.902670558236843270e-12
4.886727654038544527e-12
4.870405287021849368e-12
4.853710270805469786e-12
4.836649419008121006e-12
4.819229545248512596e-12
4.801457463145358973e-12
4.783339986317373745e-12
4.764883928383268905e-12
4.746096102961757253e-12
4.726983323671551591e-12
4.707552404131365526e-12
4.687810157959910244e-12
4.667763398775900969e-12
4.647418940198048886e-12
4.626783595845066794e-12
4.605862823717919670e-12
4.584656659346577142e-12
4.563163782643261824e-12
4.541382873520194710e-12
4.519312611889597606e-12
4.496951677663691508e-12
4.474298750754699834e-12
4.451352511074841967e-12
4.428111638536340518e-12
4.404574813051417290e-12
4.380740714532294896e-12
4.356608022891192717e-12
4.332175418040334980e-12
4.307441579891941065e-12
4.282405188358234393e-12
4.257064923351436767e-12
4.231419464783768376e-12
4.205467492567450216e-12
4.179207686614707323e-12
4.152638726837758269e-12
4.125759293148825667e-12
4.098568065460131320e-12
4.071063723683896224e-12
4.043244947732342992e-12
4.015110417517693428e-12
3.986658812952169335e-12
3.957888813947990903e-12
3.928799100417379935e-12
3.899388352272559851e-12
3.869655249425750839e-12
3.839598471789175512e-12
3.809216699275053249e-12
3.778508611795609895e-12
3.747472889263064022e-12
3.716108211589636626e-12
3.684413258687551935e-12
3.652386710469030137e-12
3.620027246846292633e-12
3.587333547731562034e-12
3.554304293037059741e-12
3.520938162675006345e-12
3.487233836557624863e-12
3.453189994597137099e-12
3.418805316705763646e-12
3.384078482795726710e-12
3.349008172779248097e-12
3.313593066568548398e-12
3.277831844075850630e-12
3.241723185213376596e-12
3.205265769893346485e-12
3.168458383167591347e-12
3.131300230646374367e-12
3.093790623079567169e-12
3.055928871217042184e-12
3.017714285808669419e-12
2.979146177604322114e-12
2.940223857353871892e-12
2.900946635807189165e-12
2.861313823714147575e-12
2.821324731824617535e-12
2.780978670888471071e-12
2.740274951655579807e-12
2.699212884875815366e-12
2.657791781299050180e-12
2.616010951675154660e-12
2.573869706754002449e-12
2.531367357285463151e-12
2.488503214019409197e-12
2.445276587705713423e-12
2.401686789094245835e-12
2.357733128934879270e-12
2.313414917977485753e-12
2.268731466971935698e-12
2.223682086668101939e-12
2.178266087815855292e-12
2.132482781165068188e-12
2.086331477465612653e-12
2.039811487467359101e-12
1.992922121920180366e-12
1.945662691573948071e-12
1.898032507178533032e-12
1.850030879483807680e-12
1.801657119239644042e-12
1.752910537195913137e-12
1.703790444102487192e-12
1.654296150709237630e-12
1.604426967766036276e-12
1.554182206022754552e-12
1.503561176229265090e-12
1.452563189135438504e-12
1.401187555491146821e-12
1.349433586046262272e-12
1.297300591550656074e-12
1.244787882754200054e-12
1.191894770406766036e-12
1.138620565258225443e-12
1.084964578058450100e-12
1.030926119557312235e-12
9.765045005046826644e-13
9.216990316504340215e-13
8.665149789210300291e-13
8.109814289493059380e-13
7.551334235446897045e-13
6.990060045166087800e-13
6.426342136744908179e-13
5.860530928277638755e-13
5.292976837858554040e-13
4.724030283581932589e-13
4.154041683542052449e-13
3.583361455833189145e-13
3.012340018549621229e-13
2.441327789785624729e-13
1.870675187635478200e-13
1.300732630193457164e-13
7.318505355538420684e-14
1.643793218109076789e-14
-4.013305929410694705e-14
-9.649287906078083027e-14
-1.526064853095035944e-13
-2.084388362308473590e-13
-2.639548900153842434e-13
-3.191196048536864429e-13
-3.738979389363266070e-13
-4.282548504538767794e-13
-4.821552975969094078e-13
-5.355642385559966369e-13
-5.884466315217105104e-13
-6.407674346846237787e-13
-6.924916062353079809e-13
-7.435841043643361703e-13
-7.940098872622803907e-13
-8.437339131197126858e-13
-8.927211401272056042e-13
-9.409365264753311896e-13
-9.883450303546616877e-13
-1.034911609955769546e-12
-1.080601223469227112e-12
-1.125378829085606529e-12
-1.169209384995480144e-12
-1.212057849389419900e-12
-1.253889180457998548e-12
-1.294668336391787829e-12
-1.334360275381360290e-12
-1.372929955617288481e-12
-1.410342335290144345e-12
-1.446562372590500429e-12
-1.481555025708928677e-12
-1.515285252836001234e-12
-1.547718012162290849e-12
-1.578818261878369668e-12
-1.608561735232228368e-12
-1.636967265701532360e-12
-1.664064461821365588e-12
-1.689882932126812197e-12
-1.714452285152955729e-12
-1.737802129434880529e-12
-1.759962073507670140e-12
-1.780961725906409109e-12
-1.800830695166180574e-12
-1.819598589822069285e-12
-1.837295018409158380e-12
-1.853949589462532407e-12
-1.869591911517274906e-12
-1.884251593108470226e-12
-1.897958242771201905e-12
-1.910741469040554293e-12
-1.922630880451610929e-12
-1.933656085539455756e-12
-1.943846692839173123e-12
-1.953232310885846569e-12
-1.961842548214560442e-12
-1.969707013360398687e-12
-1.976855314858444438e-12
-1.983317061243782448e-12
-1.989121861051496256e-12
-1.994299322816670211e-12
-1.998879055074387852e-12
-2.002890666359733527e-12
-2.006363765207790777e-12
-2.009327960153643140e-12
-2.011812859732375772e-12
-2.013848072479071406e-12
-2.015463206928814794e-12
-2.016687871616689474e-12
-2.017551675077779796e-12
-2.018084225847169702e-12
-2.018315132459942329e-12
-2.018274003451182025e-12
-2.017990447355972733e-12
-2.017494072709398801e-12
-2.016814488046543769e-12
-2.015981301902491581e-12
-2.015024122812326585e-12
-2.013972559311131916e-12
-2.012856219933992327e-12
-2.011704713215991761e-12
-2.010547647692212950e-12
-2.009414631897741858e-12
-2.008335274367660005e-12
-2.007339183637053759e-12
-2.006449640549688086e-12
-2.005664615184060931e-12
-2.004975749927352474e-12
-2.004374687166742896e-12
-2.003853069289412781e-12
-2.003402538682541904e-12
-2.003014737733309637e-12
-2.002681308828897776e-12
-2.002393894356484886e-12
-2.002144136703252358e-12
-2.001923678256379565e-12
-2.001724161403046685e-12
-2.001537228530434708e-12
-2.001354522025723409e-12
-2.001167684276092161e-12
-2.000968357668721950e-12
-2.000748184590792554e-12
-2.000498807429484556e-12
-2.000211868571978135e-12
-1.999879010405452665e-12
-1.999491875317088729e-12
-1.999042105694067719e-12
-1.998521343923567795e-12
-1.997921232392770349e-12
-1.997233413488854753e-12
-1.996449529599001591e-12
-1.995561223110391447e-12
-1.994560136410204097e-12
-1.993437911885619317e-12
-1.992186191923818094e-12
-1.990796618911979398e-12
-1.989260835237285023e-12
-1.987570483286913938e-12
-1.985717205448046727e-12
-1.983692644107863166e-12
-1.981488441653543838e-12
-1.979096240472268521e-12
-1.976507682951217797e-12
-1.973714411477571846e-12
-1.970708068438510041e-12
-1.967480296221213370e-12
-1.964022737212862013e-12
-1.960327033800636149e-12
-1.956384828371715150e-12
-1.952187763313279602e-12
-1.947727481012510087e-12
-1.942995623856586381e-12
-1.937983834232688665e-12
-1.932683754527997522e-12
-1.927087027129691921e-12
-1.921186776206374637e-12
-1.914982053052332768e-12
-1.908473390743274391e-12
-1.901661322354909202e-12
-1.894546380962944872e-12
-1.887129099643090289e-12
-1.879410011471054742e-12
-1.871389649522546711e-12
-1.863068546873274277e-12
-1.854447236598947130e-12
-1.845526251775272947e-12
-1.836306125477961015e-12
-1.826787390782719818e-12
-1.816970580765258241e-12
-1.806856228501284966e-12
-1.796444867066508477e-12
-1.785737029536637659e-12
-1.774733248987380993e-12
-1.763434058494447164e-12
-1.751839991133545057e-12
-1.739951579980383153e-12
-1.727769358110670541e-12
-1.715293858600115904e-12
-1.702525614524427117e-12
-1.689465158959313674e-12
-1.676113024980484256e-12
-1.662469745663646943e-12
-1.648535854084511023e-12
-1.634311883318784776e-12
-1.619798366442177291e-12
-1.604995836530397049e-12
-1.589904826659152733e-12
-1.574525869904152825e-12
-1.558859499341106615e-12
-1.542906248045722181e-12
-1.526666649093708611e-12
-1.510141235560774385e-12
-1.493330540522627986e-12
-1.476235097054978704e-12
-1.458855438233534818e-12
-1.441192097134004810e-12
-1.423245606832097970e-12
-1.405016500403522779e-12
-1.386505310923987517e-12
-1.367712571469201272e-12
-1.348638815114872728e-12
-1.329284574936710568e-12
-1.309650384010423071e-12
-1.289736775411719529e-12
-1.269544282216308421e-12
-1.249075691034050912e-12
-1.228342802611418681e-12
-1.207359671229036494e-12
-1.186140351167527905e-12
-1.164698896707518084e-12
-1.143049362129630988e-12
-1.121205801714490778e-12
-1.099182269742722217e-12
-1.076992820494949467e-12
-1.054651508251796485e-12
-1.032172387293888238e-12
-1.009569511901848281e-12
-9.868569363563015803e-13
-9.640487149378724980e-13
-9.411589019271847898e-13
-9.182015516048634233e-13
-8.951907182515323561e-13
-8.721404561478159500e-13
-8.490648195743386675e-13
-8.259778628117248702e-13
-8.028936401405987179e-13
-7.798262058415846731e-13
-7.567896141953069965e-13
-7.337979194823900498e-13
-7.108651759834581945e-13
-6.880054379791356914e-13
-6.652327597500469020e-13
-6.425611955768162891e-13
-6.200047997400678102e-13
-5.975776265204264329e-13
-5.752937301985159130e-13
-5.531671650549608141e-13
-5.312119853703853968e-13
-5.094422454254140228e-13
-4.878719995006710536e-13
-4.665153018767808510e-13
-4.453862068343676756e-13
-4.244987686540558890e-13
-4.038670416164698528e-13
-3.835050800022338783e-13
-3.634269380919722260e-13
-3.436466701663093585e-13
-3.241783305058695366e-13
-3.050359733912771219e-13
-2.862336531031564255e-13
-2.677854239221317585e-13
-2.497053401288274322e-13
-2.320074560038679090e-13
-2.147058258278773740e-13
-1.978145038814802645e-13
-1.813441736183238566e-13
-1.652920351841474628e-13
-1.496519178977134112e-13
-1.344176510777840802e-13
-1.195830640431216716e-13
-1.051419861124885638e-13
-9.108824660464700919e-14
-7.741567483835943663e-14
-6.411810013238804792e-14
-5.118935180549528464e-14
-3.862325917644331070e-14
-2.641365156399451719e-14
-1.455435828691119424e-14
-3.039208663955682446e-15
8.137967986109702813e-15
1.898334234452264618e-14
2.950308509252087014e-14
3.970336691134202148e-14
4.959035848222386055e-14
5.917023048640398364e-14
6.844915360512006277e-14
7.743329851960984566e-14
8.612883591111102959e-14
9.454193646086126132e-14
1.026787708500982507e-13
1.105455097600596319e-13
1.181483238719831780e-13
1.254933838671065230e-13
1.325868604266673516e-13
1.394349242319033105e-13
1.460437459640521728e-13
1.524194963043515852e-13
1.585683459340392197e-13
1.644964655343527736e-13
1.702100257865298937e-13
1.757151973718083782e-13
1.810181509714257980e-13
1.861250572666199011e-13
1.910420869386283088e-13
1.957754106686888195e-13
2.003311991380389788e-13
2.047156230279165599e-13
2.089348530195592851e-13
2.129950597942047004e-13
2.169024140330906544e-13
2.206630864174547433e-13
2.242832476285346645e-13
2.277690683475680648e-13
2.311267192557927423e-13
2.343623710344462933e-13
2.374807962396426113e-13
2.404811749270001224e-13
2.433612890270137013e-13
2.461189204701779702e-13
2.487518511869876525e-13
2.512578631079373199e-13
2.536347381635218975e-13
2.558802582842359068e-13
2.579922054005741214e-13
2.599683614430313151e-13
2.618065083421020597e-13
2.635044280282811290e-13
2.650599024320631956e-13
2.664707134839430333e-13
2.677346431144151635e-13
2.688494732539745618e-13
2.698129858331158000e-13
2.706229627823334499e-13
2.712771860321223862e-13
2.717734375129772818e-13
2.721094991553927588e-13
2.722831528898636414e-13
2.722921806468845521e-13
2.721343643569501635e-13
2.718074859505552998e-13
2.713093273581945329e-13
2.706376705103626870e-13
2.697902973375543844e-13
2.687649897702642978e-13
2.675595297389872009e-13
2.661716991742178171e-13
2.645992800064507181e-13
2.628400541661807786e-13
2.608918035839025705e-13
2.587523101901108169e-13
2.564193559153002916e-13
2.538907226899656674e-13
2.511641924446016171e-13
2.482375471097028639e-13
2.451085686157641310e-13
2.417750388932799902e-13
2.382347398727453668e-13
2.344854534846548326e-13
2.305249616595030602e-13
2.263510463277848487e-13
2.219614894199948204e-13
2.173540728666277238e-13
2.125265785981782063e-13
2.074767885451410418e-13
2.022024846380109282e-13
1.967026617510495820e-13
1.909811665335869700e-13
1.850430585787202290e-13
1.788933974795462685e-13
1.725372428291621495e-13
1.659796542206649836e-13
1.592256912471516550e-13
1.522804135017193763e-13
1.451488805774650569e-13
1.378361520674858084e-13
1.303472875648786413e-13
1.226873466627405156e-13
1.148613889541685177e-13
1.068744740322597084e-13
9.873166149011109843e-14
9.043801092081977391e-14
8.199858191748266969e-14
7.341843407319685940e-14
6.470262698105939142e-14
5.585622023416726998e-14
4.688427342561758132e-14
3.779184614850736123e-14
2.858399799593355712e-14
1.926578856099328680e-14
9.842277436783529240e-15
3.185242164013328347e-16
-9.300411507056228781e-15
-1.900947014049217032e-14
-2.880359209080943078e-14
-3.867771776491096807e-14
-4.862678756969980322e-14
-5.864574191207883105e-14
-6.872952119895105364e-14
-7.887306583721947309e-14
-8.907131623378699052e-14
-9.931921279555658279e-14
-1.096116959294312772e-13
-1.199437060423139876e-13
-1.303101835411076907e-13
-1.407060688327153256e-13
-1.511263023240399070e-13
-1.615658244219843485e-13
-1.720195755334516903e-13
-1.824824960653448207e-13
-1.929495264245667545e-13
-2.034156070180204307e-13
-2.138756782526088640e-13
-2.243246805352349681e-13
-2.347575542728017073e-13
-2.451692398722120962e-13
-2.555555368358660287e-13
-2.659156810481515453e-13
-2.762497674889534395e-13
-2.865578911381567066e-13
-2.968401469756462411e-13
-3.070966299813070383e-13
-3.173274351350239422e-13
-3.275326574166819482e-13
-3.377123918061659506e-13
-3.478667332833608943e-13
-3.579957768281515728e-13
-3.680996174204230824e-13
-3.781783500400602670e-13
-3.882320696669481725e-13
-3.982608712809714914e-13
-4.082648498620153200e-13
-4.182441003899645528e-13
-4.281987178447041345e-13
-4.381287972061190101e-13
-4.480344334540939731e-13
-4.579157215685140187e-13
-4.677727565292642434e-13
-4.776056333162292387e-13
-4.874144469092941513e-13
-4.971992922883439262e-13
-5.069602644332634073e-13
-5.166974583239375395e-13
-5.264109689402512677e-13
-5.361008912620894357e-13
-5.457673202693370895e-13
-5.554103509418790730e-13
-5.650300782596003310e-13
-5.746265972023860105e-13
-5.842000027501205514e-13
-5.937503898826892015e-13
-6.032778535799769057e-13
-6.127824888218684071e-13
-6.222643905882488523e-13
-6.317236538590030854e-13
-6.411603736140159502e-13
-6.505746448331723917e-13
-6.599665624963574556e-13
-6.693362215834559860e-13
-6.786837170743527258e-13
-6.880091439489329227e-13
-6.973125971870814208e-13
-7.065941717686829629e-13
-7.158539626736225949e-13
-7.250920648817854636e-13
-7.343085733730560091e-13
-7.435026277839988466e-13
-7.526695463778945459e-13
-7.618036920747041553e-13
-7.708994277943875110e-13
-7.799511164569050553e-13
-7.889531209822171294e-13
-7.978998042902838726e-13
-8.067855293010658280e-13
-8.156046589345234380e-13
-8.243515561106168417e-13
-8.330205837493062795e-13
-8.416061047705522945e-13
-8.501024820943150260e-13
-8.585040786405550172e-13
-8.668052573292323065e-13
-8.750003810803075380e-13
-8.830838128137408509e-13
-8.910499154494925866e-13
-8.988930519075229852e-13
-9.066075851077927920e-13
-9.141878779702617423e-13
-9.216282934148906822e-13
-9.289231943616395490e-13
-9.360669437304688860e-13
-9.430539044413390344e-13
-9.498784394142099316e-13
-9.565349115690427265e-13
-9.630176838257969526e-13
-9.693211191044333550e-13
-9.754395803249118711e-13
-9.813674304071934480e-13
-9.870990322712380230e-13
-9.926287488370057354e-13
-9.979509430244575323e-13
-1.003059977753553149e-12
-1.007950215944252927e-12
-1.012616020516517611e-12
-1.017051754390307341e-12
-1.021251780485582255e-12
-1.025210461722303100e-12
-1.028922161020429610e-12
-1.032381241299922732e-12
-1.035582065480742202e-12
-1.038518996482849169e-12
-1.041186397226202965e-12
-1.043578630630764535e-12
-1.045690059616494021e-12
-1.047515047103351762e-12
-1.049047956011298505e-12
-1.050283149260293782e-12
-1.051216691452766915e-12
-1.051851453921020316e-12
-1.052192009679824368e-12
-1.052242931743950664e-12
-1.052008793128169588e-12
-1.051494166847252329e-12
-1.050703625915969271e-12
-1.049641743349091806e-12
-1.048313092161390114e-12
-1.046722245367635991e-12
-1.044873775982599820e-12
-1.042772257021052186e-12
-1.040422261497764278e-12
-1.037828362427507086e-12
-1.034995132825051193e-12
-1.031927145705167791e-12
-1.028628974082627463e-12
-1.025105190972201198e-12
-1.021360369388659782e-12
-1.017399082346774204e-12
-1.013225902861315049e-12
-1.008845403947053708e-12
-1.004262158618760564e-12
-9.994807398912064041e-13
-9.945057207791626199e-13
-9.893416742973997960e-13
-9.839931734606891228e-13
-9.784647912838005790e-13
-9.727611007815059608e-13
-9.668866749685758527e-13
-9.608460868597808392e-13
-9.546439094698921106e-13
-9.482847158136804533e-13
-9.417730789059168558e-13
-9.351135717613719026e-13
-9.283107673948165821e-13
-9.213692388210216806e-13
-9.142935590547581867e-13
-9.070883011107971896e-13
-8.997580380039091730e-13
-8.923073427488650242e-13
-8.847407883604359335e-13
-8.770629478533923846e-13
-8.692783942425054667e-13
-8.613917005425462692e-13
-8.534074397682851748e-13
-8.453301849344932727e-13
-8.371645090559414504e-13
-8.289149851474005953e-13
-8.205861862236415948e-13
-8.121819119716188675e-13
-8.037028687670220669e-13
-7.951489896577243777e-13
-7.865202076915989846e-13
-7.778164559165189712e-13
-7.690376673803577243e-13
-7.601837751309882265e-13
-7.512547122162840665e-13
-7.422504116841178230e-13
-7.331708065823633875e-13
-7.240158299588934399e-13
-7.147854148615813668e-13
-7.054794943383004538e-13
-6.960980014369237846e-13
-6.866408692053245440e-13
-6.771080306913761185e-13
-6.674994189429514908e-13
-6.578149670079239467e-13
-6.480546079341666708e-13
-6.382182747695528477e-13
-6.283059005619557632e-13
-6.183174183592486018e-13
-6.082527612093045484e-13
-5.981118621599966865e-13
-5.878946542591985038e-13
-5.776010705547826802e-13
-5.672310440946231069e-13
-5.567845079265924640e-13
-5.462613950985640371e-13
-5.356616386584112127e-13
-5.249851716540070746e-13
-5.142319271332248074e-13
-5.034018381439375959e-13
-4.924948377340188266e-13
-4.815108589513413813e-13
-4.704498348437786467e-13
-4.593116984592039084e-13
-4.480963828454902500e-13
-4.368038210505109068e-13
-4.254339461221390635e-13
-4.139866911082478541e-13
-4.024619890567106150e-13
-3.908597730154004297e-13
-3.791799760321905334e-13
-3.674225311549542623e-13
-3.555873714315646496e-13
-3.436744299098948800e-13
-3.316836396378183400e-13
-3.196149336632079620e-13
-3.074682450339371831e-13
-2.952440922883385891e-13
-2.829453359265829270e-13
-2.705754219393002436e-13
-2.581377963171210405e-13
-2.456359050506751627e-13
-2.330731941305929602e-13
-2.204531095475045811e-13
-2.077790972920402491e-13
-1.950546033548301627e-13
-1.822830737265044699e-13
-1.694679543976933945e-13
-1.566126913590271098e-13
-1.437207306011357386e-13
-1.307955181146495550e-13
-1.178404998901987829e-13
-1.048591219184135324e-13
-9.185483018992397675e-14
-7.883107069536039025e-14
-6.579128942535284517e-14
-5.273893237053163469e-14
-3.967744552152691945e-14
-2.661027486896888219e-14
-1.354086640348770408e-14
-4.726661157135556085e-16
1.259088000372332959e-14
2.564632596419278812e-14
3.869022577506464394e-14
5.171913344570870012e-14
6.472960298549471081e-14
7.771818840379255954e-14
9.068144370997203518e-14
1.036159229134030023e-13
1.165181800234551362e-13
1.293847690494983772e-13
1.422122440009024890e-13
1.549971588870372476e-13
1.677360677172725557e-13
1.804255245009781643e-13
1.930620832475238747e-13
2.056422979662795138e-13
2.181627226666148577e-13
2.306199113578997333e-13
2.430104180495040682e-13
2.553307967507975376e-13
2.675776014711499432e-13
2.797473862199311872e-13
2.918367050065110713e-13
3.038421118402593464e-13
3.157601607305458140e-13
3.275874056867403766e-13
3.393209778365936862e-13
3.509603167813804537e-13
3.625054392407560384e-13
3.739563619343762038e-13
3.853131015818962082e-13
3.965756749029718150e-13
4.077440986172583837e-13
4.188183894444115260e-13
4.297985641040867530e-13
4.406846393159397270e-13
4.514766317996257064e-13
4.621745582748004546e-13
4.727784354611193815e-13
4.832882800782380485e-13
4.937041088458119664e-13
5.040259384834968482e-13
5.142537857109479018e-13
5.243876672478208400e-13
5.344275998137711738e-13
5.443736001284546160e-13
5.542256849115262736e-13
5.639838708826421624e-13
5.736481747614573893e-13
5.832186132676276672e-13
5.926952031208085071e-13
6.020779610406556217e-13
6.113669037468242191e-13
6.205620479589700121e-13
6.296634103967486125e-13
6.386710077798152284e-13
6.475848568278258754e-13
6.564049742604357617e-13
6.651313767973002971e-13
6.737640811580752954e-13
6.823031040624161665e-13
6.907484622299785224e-13
6.991001723804176719e-13
7.073582512333893280e-13
7.155227155085491025e-13
7.235935819255525062e-13
7.315708672040545453e-13
7.394545880637115384e-13
7.472447612241785926e-13
7.549414034051114206e-13
7.625445313261651294e-13
7.700541617069958359e-13
7.774703112672586470e-13
7.847929967266092755e-13
7.920222348047031314e-13
7.991580422211959276e-13
8.062000860914519607e-13
8.131466351136717816e-13
8.199956083817641210e-13
8.267449249896387195e-13
8.333925040312045098e-13
8.399362646003707276e-13
8.463741257910466084e-13
8.527040066971414891e-13
8.589238264125645041e-13
8.650315040312249902e-13
8.710249586470318801e-13
8.769021093538946113e-13
8.826608752457223187e-13
8.882991754164244397e-13
8.938149289599099071e-13
8.992060549700880576e-13
9.044704725408681267e-13
9.096061007661594512e-13
9.146108587398709637e-13
9.194826655559121019e-13
9.242194403081921014e-13
9.288191020906199959e-13
9.332795699971054250e-13
9.375987631215568166e-13
9.417746005578844159e-13
9.458050013999966510e-13
9.496878847418029593e-13
9.534211696772127786e-13
9.570027753001349405e-13
9.604306207044790846e-13
9.637026249841540427e-13
9.668167072330694543e-13
9.697707865451341512e-13
9.725627820142577729e-13
9.751906127343489492e-13
9.776521977993175217e-13
9.799454563030723221e-13
9.820683073395225861e-13
9.840186700025777512e-13
9.857944633861470532e-13
9.873936065841393237e-13
9.888140186904642023e-13
9.900536187990307228e-13
9.911103260037479188e-13
9.919820593985256318e-13
9.926667380772724917e-13
9.931622811338975322e-13
9.934666076623107966e-13
9.935776367564209149e-13
9.934932875101373246e-13
9.932123246913231908e-13
9.927368957636567903e-13
9.920699938647713392e-13
9.912146121322990439e-13
9.901737437038727163e-13
9.889503817171251686e-13
9.875475193096886072e-13
9.859681496191958441e-13
9.842152657832796915e-13
9.822918609395727596e-13
9.802009282257070527e-13
9.779454607793161907e-13
9.755284517380319761e-13
9.729528942394874228e-13
9.702217814213151412e-13
9.673381064211477413e-13
9.643048623766178333e-13
9.611250424253578256e-13
9.578016397050007321e-13
9.543376473531791630e-13
9.507360585075253247e-13
9.469998663056722312e-13
9.431320638852522908e-13
9.391356443838981135e-13
9.350136009392427136e-13
9.307689266889182973e-13
9.264046147705576767e-13
9.219236583217934620e-13
9.173290504802580615e-13
9.126237843835844892e-13
9.078108531694052543e-13
9.028932499753526642e-13
8.978739679390597328e-13
8.927560001981588684e-13
8.875423398902828831e-13
8.822359801530642862e-13
8.768399141241356879e-13
8.713571349411296982e-13
8.657906357416790284e-13
8.601434096634163897e-13
8.544184498439739882e-13
8.486187494209850401e-13
8.427473015320817517e-13
8.368070993148970359e-13
8.308011359070632002e-13
8.247324044462130566e-13
8.186038980699793163e-13
8.124186099159943875e-13
8.061795331218911833e-13
7.998896608253020110e-13
7.935515238115719416e-13
7.871658034568945763e-13
7.807327187851759774e-13
7.742524888203220050e-13
7.677253325862387213e-13
7.611514691068317845e-13
7.545311174060075597e-13
7.478644965076717051e-13
7.411518254357300809e-13
7.343933232140890521e-13
7.275892088666542771e-13
7.207397014173316159e-13
7.138450198900271308e-13
7.069053833086467828e-13
6.999210106970964323e-13
6.928921210792822422e-13
6.858189334791099718e-13
6.787016669204856833e-13
6.715405404273151359e-13
6.643357730235043916e-13
6.570875837329593107e-13
6.497961915795862583e-13
6.424618155872906906e-13
6.350846747799784679e-13
6.276649881815560561e-13
6.202029748159290125e-13
6.126988537070033993e-13
6.051528438786852786e-13
5.975651643548805106e-13
5.899360341594948545e-13
5.822656723164344734e-13
5.745542978496053285e-13
5.668021297829131790e-13
5.590093871402641881e-13
5.511762889455640138e-13
5.433030542227190214e-13
5.353899019956348690e-13
5.274370512882175179e-13
5.194447211243729291e-13
5.114131305280071648e-13
5.033424985230260853e-13
4.952330441333356516e-13
4.870849863828417240e-13
4.788985442954503645e-13
4.706739368950675344e-13
4.624113832055990939e-13
4.541111022509509031e-13
4.457733130550290747e-13
4.373982346417396203e-13
4.289860860349882991e-13
4.205374048659694775e-13
4.120540031950306886e-13
4.035380116898080221e-13
3.949915610179373152e-13
3.864167818470544053e-13
3.778158048447953821e-13
3.691907606787961333e-13
3.605437800166925467e-13
3.518769935261206111e-13
3.431925318747163152e-13
3.344925257301153954e-13
3.257791057599539413e-13
3.170544026318678912e-13
3.083205470134930825e-13
2.995796695724655542e-13
2.908339009764212448e-13
2.820853718929959915e-13
2.733362129898257325e-13
2.645885549345465576e-13
2.558445283947942031e-13
2.471062640382047082e-13
2.383758925324140112e-13
2.296555445450580503e-13
2.209473507437727134e-13
2.122534417961939386e-13
2.035759483699576643e-13
1.949170011326999044e-13
1.862787307520564963e-13
1.776632678956633781e-13
1.690727432311565892e-13
1.605092874261719163e-13
1.519750311483453734e-13
1.434721050653129493e-13
1.350026398447104559e-13
1.265687661541738822e-13
1.181726146613392167e-13
1.098163160338423095e-13
1.015020009393191366e-13
9.323180004540563628e-14
8.500784401973774685e-14
7.683226352995135606e-14
6.870718924368245266e-14
6.063475182856694966e-14
5.261708195224077272e-14
4.465631028233989163e-14
3.675456748650018788e-14
2.891398423235762495e-14
2.113669118754814428e-14
1.342481901970766518e-14
5.780498396472133812e-15
-1.794362659891506922e-15
-9.298746708592229281e-15
-1.673185895420799852e-14
-2.409290460131676883e-14
-3.138108885449649996e-14
-3.859561691832516740e-14
-4.573569399738072457e-14
-5.280052529624111858e-14
-5.978931601948432178e-14
-6.670127137168827495e-14
-7.353559655743098201e-14
-8.029149678129036482e-14
-8.696817724784439573e-14
-9.356484316167103447e-14
-1.000806997273482408e-13
-1.065149521494539869e-13
-1.128668056325662075e-13
-1.191354653812628748e-13
-1.253201366001219486e-13
-1.314200244937214138e-13
-1.374343342666392176e-13
-1.433622711234533070e-13
-1.492030402687416544e-13
-1.549558469070821564e-13
-1.606198962430528611e-13
-1.661943934812317409e-13
-1.716785438261966670e-13
-1.770715524825256625e-13
-1.823726246547966743e-13
-1.875809655475876495e-13
-1.926957803654765859e-13
-1.977162743130413799e-13
-2.026416525948600544e-13
-2.074711204155105566e-13
-2.122038829795707830e-13
-2.168391454916188070e-13
-2.213761131562324999e-13
-2.258139911779898088e-13
-2.301519847614688071e-13
-2.343892991112473157e-13
-2.385251394319034079e-13
-2.425587109280150308e-13
-2.464892188041600305e-13
-2.503158682649165055e-13
-2.540378645148623526e-13
-2.576544127585755188e-13
-2.611647182006339512e-13
-2.645679860456157484e-13
-2.678634214980986556e-13
-2.710502297626608217e-13
-2.741279979498990614e-13
-2.770978407944863148e-13
-2.799612549371144402e-13
-2.827197370184752957e-13
-2.853747836792606890e-13
-2.879278915601624782e-13
-2.903805573018725217e-13
-2.927342775450826774e-13
-2.949905489304848541e-13
-2.971508680987708089e-13
-2.992167316906325516e-13
-3.011896363467616878e-13
-3.030710787078503786e-13
-3.048625554145902297e-13
-3.065655631076731499e-13
-3.081815984277911486e-13
-3.097121580156358823e-13
-3.111587385118992594e-13
-3.125228365572731887e-13
-3.138059487924494779e-13
-3.150095718581199851e-13
-3.161352023949766189e-13
-3.171843370437112376e-13
-3.181584724450155479e-13
-3.190591052395815593e-13
-3.198877320681010291e-13
-3.206458495712659164e-13
-3.213349543897680289e-13
-3.219565431642991238e-13
-3.225121125355512107e-13
-3.230031591442160468e-13
-3.234311796309855408e-13
-3.237976706365515004e-13
-3.241041288016057837e-13
-3.243520507668401984e-13
-3.245429331729467541e-13
-3.246782726606172080e-13
-3.247595658705434184e-13
-3.247883094434172433e-13
-3.247660000199304905e-13
-3.246941342407750180e-13
-3.245742087466427852e-13
-3.244077201782255995e-13
-3.241961651762152688e-13
-3.239410403813037017e-13
-3.236438424341827563e-13
-3.233060679755441899e-13
-3.229292136460799110e-13
-3.225147760864818284e-13
-3.220642519374417498e-13
-3.215786968725322754e-13
-3.210574026968490759e-13
-3.204992202483685132e-13
-3.199030003650670506e-13
-3.192675938849209491e-13
-3.185918516459066216e-13
-3.178746244860006320e-13
-3.171147632431790900e-13
-3.163111187554186104e-13
-3.154625418606956056e-13
-3.145678833969862360e-13
-3.136259942022670656e-13
-3.126357251145144566e-13
-3.115959269717048216e-13
-3.105054506118145227e-13
-3.093631468728199727e-13
-3.081678665926975337e-13
-3.069184606094235678e-13
-3.056137797609744877e-13
-3.042526748853267565e-13
-3.028339968204566859e-13
-3.013565964043406885e-13
-2.998193244749551265e-13
-2.982210318702764629e-13
-2.965605694282810096e-13
-2.948367879869452295e-13
-2.930485383842454849e-13
-2.911946714581581379e-13
-2.892740380466596012e-13
-2.872854889877262369e-13
-2.852278751193345081e-13
-2.831000472794607265e-13
-2.809008563060813553e-13
-2.786291530371727566e-13
-2.762837883107112925e-13
-2.738636129646733757e-13
-2.713674778370353684e-13
-2.687942337657737336e-13
-2.661427315888648336e-13
-2.634118221442850305e-13
-2.606003562700106864e-13
-2.577071848040182645e-13
-2.547311585842841270e-13
-2.516711284487846359e-13
-2.485259452354962545e-13
-2.452944597823953448e-13
-2.419755229274582186e-13
-2.385679855086613389e-13
-2.350706983639811689e-13
-2.314825123313939194e-13
-2.278030528260220644e-13
-2.240350435715719711e-13
-2.201819828688958155e-13
-2.162473690188459504e-13
-2.122347003222746026e-13
-2.081474750800340996e-13
-2.039891915929766932e-13
-1.997633481619547110e-13
-1.954734430878203545e-13
-1.911229746714260269e-13
-1.867154412136238792e-13
-1.822543410152662893e-13
-1.777431723772054840e-13
-1.731854336002937908e-13
-1.685846229853834617e-13
-1.639442388333268493e-13
-1.592677794449761299e-13
-1.545587431211836563e-13
-1.498206281628016803e-13
-1.450569328706825043e-13
-1.402711555456784055e-13
-1.354667944886416861e-13
-1.306473480004245728e-13
-1.258163143818794184e-13
-1.209771919338584496e-13
-1.161334789572139938e-13
-1.112886737527983157e-13
-1.064462746214636797e-13
-1.016097798640624008e-13
-9.678268778144674336e-14
-9.196849667446899725e-14
-8.717070484398145215e-14
-8.239281059083638516e-14
-7.763831221588607339e-14
-7.291070801998280658e-14
-6.821349630397887443e-14
-6.355017536872654145e-14
-5.892424351507809736e-14
-5.433919904388585082e-14
-4.979854025600206000e-14
-4.530576545227899570e-14
-4.086437293356896658e-14
-3.647786100072425605e-14
-3.214972795459712860e-14
-2.788347209603989289e-14
-2.368259172590480395e-14
-1.955058514504415464e-14
-1.549095065431024417e-14
-1.150718655455534175e-14
-7.602791146631733955e-15
-3.780492694803274984e-15
-3.993931698013488385e-17
3.619990905515954193e-15
7.200419891363245107e-15
1.070246955924000650e-14
1.412726182782450266e-14
1.747591861579499079e-14
2.074956184182973125e-14
2.394931342460698124e-14
2.707629528280501057e-14
3.013162933510207645e-14
3.311643750017644238e-14
3.603184169670636557e-14
3.887896384337011898e-14
4.165892585884595036e-14
4.437284966181213268e-14
4.702185717094691367e-14
4.960707030492855999e-14
5.212961098243533832e-14
5.459060112214551532e-14
5.699116264273734502e-14
5.933241746288907517e-14
6.161548750127900398e-14
6.384149467658534132e-14
6.601156090748638541e-14
6.812680811266039661e-14
7.018835821078563526e-14
7.219733312054033649e-14
7.415485476060278588e-14
7.606204504965124379e-14
7.792002590636397058e-14
7.972991924941923922e-14
8.149284699749527220e-14
8.320993106927036774e-14
8.488229338342277358e-14
8.651105585863076269e-14
8.809734041357258280e-14
8.964226896692649426e-14
9.114696343737078268e-14
9.261254574358367054e-14
9.404013780424344345e-14
9.543086153802837437e-14
9.678583886361668580e-14
9.810619169968667595e-14
9.939304196491660519e-14
1.006475115779847086e-13
1.018707224575692592e-13
1.030637965223485173e-13
1.042278556910007686e-13
1.053640218822042480e-13
1.064733192650534162e-13
1.075563810103074708e-13
1.086137425391418728e-13
1.096459392727319948e-13
1.106535066322532221e-13
1.116369800388810283e-13
1.125968949137907733e-13
1.135337866781578929e-13
1.144481907531577849e-13
1.153406425599658724e-13
1.162116775197575408e-13
1.170618310537082382e-13
1.178916385829933373e-13
1.187016355287882613e-13
1.194923573122684333e-13
1.202643393546092510e-13
1.210181170769861376e-13
1.217542259005744658e-13
1.224732012465496838e-13
1.231755785360871895e-13
1.238618931903624061e-13
1.245326806305507060e-13
1.251884762778275378e-13
1.258298155533682992e-13
1.264572338783483881e-13
1.270712666739432276e-13
1.276724493613282156e-13
1.282613173616788256e-13
1.288384060961703293e-13
1.294042509859782761e-13
1.299593874522780132e-13
1.305043509162449638e-13
1.310396767990545257e-13
1.315659005218820969e-13
1.320835575059031256e-13
1.325931831722930097e-13
1.330953129422271471e-13
1.335904822368809609e-13
1.340792264774298236e-13
1.345620810850492090e-13
1.350395814809144642e-13
1.355122630862010631e-13
1.359806613220843780e-13
1.364453116097398070e-13
1.369067493703427731e-13
1.373655100250686994e-13
1.378221289950929333e-13
1.382771417015910241e-13
1.387310835657382435e-13
1.391844900087100650e-13
