# te
3.030691146850585938e+00
3.793837547302246094e+00
3.910010814666748047e+00
3.640822410583496094e+00
3.189830541610717773e+00
2.684672832489013672e+00
2.204277992248535156e+00
1.793112993240356445e+00
1.470943808555603027e+00
1.243945598602294922e+00
1.110202431678771973e+00
1.054501175880432129e+00
1.057031393051147461e+00
1.099303126335144043e+00
1.164507389068603516e+00
1.238045573234558105e+00
1.309527397155761719e+00
1.376422524452209473e+00
1.435464262962341309e+00
1.486918568611145020e+00
1.531497359275817871e+00
1.573068380355834961e+00
1.615641474723815918e+00
1.660564422607421875e+00
1.709475159645080566e+00
1.760626077651977539e+00
1.812485933303833008e+00
1.862650513648986816e+00
1.907169818878173828e+00
1.943107128143310547e+00
1.968336582183837891e+00
1.983116269111633301e+00
1.988395214080810547e+00
1.982459187507629395e+00
1.962704658508300781e+00
1.929497957229614258e+00
1.885861039161682129e+00
1.833624839782714844e+00
1.774118423461914062e+00
1.707942008972167969e+00
1.633601069450378418e+00
1.549095869064331055e+00
1.453318357467651367e+00
1.345234632492065430e+00
1.222208380699157715e+00
1.085075974464416504e+00
9.381981492042541504e-01
7.853414416313171387e-01
6.234879493713378906e-01
4.481951594352722168e-01
2.549555599689483643e-01
4.109643772244453430e-02
-1.880842149257659912e-01
-4.271725118160247803e-01
-6.771193146705627441e-01
-9.380200505256652832e-01
-1.210989117622375488e+00
-1.497163176536560059e+00
-1.796244382858276367e+00
-2.107687950134277344e+00
-2.432337284088134766e+00
-2.771010637283325195e+00
-3.124750375747680664e+00
-3.494003295898437500e+00
-3.876750946044921875e+00
-4.270178318023681641e+00
-4.672571659088134766e+00
-5.082143306732177734e+00
-5.500522136688232422e+00
-5.930099487304687500e+00
-6.372364521026611328e+00
-6.828081607818603516e+00
-7.296528339385986328e+00
-7.776387214660644531e+00
-8.267119407653808594e+00
-8.768397331237792969e+00
-9.281414031982421875e+00
-9.802161216735839844e+00
-1.033183288574218750e+01
-1.087073802947998047e+01
-1.141788482666015625e+01
-1.197288513183593750e+01
-1.253386306762695312e+01
-1.310191631317138672e+01
-1.367598819732666016e+01
-1.425531673431396484e+01
-1.483995914459228516e+01
-1.543146038055419922e+01
-1.602690315246582031e+01
-1.662708282470703125e+01
-1.723127174377441406e+01
-1.783947563171386719e+01
-1.845021629333496094e+01
-1.906424713134765625e+01
-1.968083000183105469e+01
-2.029923248291015625e+01
-2.091723060607910156e+01
-2.153780937194824219e+01
-2.215651130676269531e+01
-2.277632522583007812e+01
-2.339502334594726562e+01
-2.401335906982421875e+01
-2.462837219238281250e+01
-2.524155235290527344e+01
-2.585216712951660156e+01
-2.645873641967773438e+01
-2.706201744079589844e+01
-2.766052627563476562e+01
-2.825279235839843750e+01
-2.884029960632324219e+01
-2.942228698730468750e+01
-2.999725151062011719e+01
-3.056441879272460938e+01
-3.112376403808593750e+01
-3.167452812194824219e+01
-3.221593856811523438e+01
-3.274872207641601562e+01
-3.327061843872070312e+01
-3.378160858154296875e+01
-3.428166580200195312e+01
-3.477003097534179688e+01
-3.524667358398437500e+01
-3.570860290527343750e+01
-3.615802764892578125e+01
-3.659417724609375000e+01
-3.701628494262695312e+01
-3.742359542846679688e+01
-3.781533432006835938e+01
-3.819073486328125000e+01
-3.855128097534179688e+01
-3.889404678344726562e+01
-3.922132492065429688e+01
-3.952872085571289062e+01
-3.981926345825195312e+01
-4.008931350708007812e+01
-4.034115219116210938e+01
-4.057336807250976562e+01
-4.078526687622070312e+01
-4.097766876220703125e+01
-4.114839935302734375e+01
-4.129827117919921875e+01
-4.142734527587890625e+01
-4.153494262695312500e+01
-4.162038421630859375e+01
-4.168373489379882812e+01
-4.172357559204101562e+01
-4.174145126342773438e+01
-4.173594665527343750e+01
-4.170488739013671875e+01
-4.165131759643554688e+01
-4.157379913330078125e+01
-4.147014999389648438e+01
-4.134264373779296875e+01
-4.119060134887695312e+01
-4.101405334472656250e+01
-4.081157302856445312e+01
-4.058395385742187500e+01
-4.033124160766601562e+01
-4.005199432373046875e+01
-3.974775695800781250e+01
-3.941857147216796875e+01
-3.906300354003906250e+01
-3.868259048461914062e+01
-3.827515029907226562e+01
-3.784221649169921875e+01
-3.738458633422851562e+01
-3.690007400512695312e+01
-3.638873291015625000e+01
-3.585209655761718750e+01
-3.528798675537109375e+01
-3.469793701171875000e+01
-3.408199691772460938e+01
-3.344021987915039062e+01
-3.277190780639648438e+01
-3.207711791992187500e+01
-3.135742187500000000e+01
-3.061143112182617188e+01
-2.983924484252929688e+01
-2.904243469238281250e+01
-2.822109985351562500e+01
-2.737384986877441406e+01
-2.650226593017578125e+01
-2.560569763183593750e+01
-2.468647003173828125e+01
-2.374170303344726562e+01
-2.277298164367675781e+01
-2.178188323974609375e+01
-2.076701545715332031e+01
-1.973070335388183594e+01
-1.867006874084472656e+01
-1.758743667602539062e+01
-1.648438262939453125e+01
-1.535877513885498047e+01
-1.421293640136718750e+01
-1.304621601104736328e+01
-1.186019515991210938e+01
-1.065422344207763672e+01
-9.429138183593750000e+00
-8.185774803161621094e+00
-6.923476219177246094e+00
-5.643780231475830078e+00
-4.345986843109130859e+00
-3.033111810684204102e+00
-1.702969670295715332e+00
-3.568667173385620117e-01
1.004708290100097656e+00
2.381192445755004883e+00
3.772170782089233398e+00
5.176710128784179688e+00
6.594707489013671875e+00
8.025184631347656250e+00
9.468144416809082031e+00
1.092234039306640625e+01
1.238698863983154297e+01
1.386256790161132812e+01
1.534702777862548828e+01
1.684055328369140625e+01
1.834406661987304688e+01
1.985307121276855469e+01
2.136975097656250000e+01
2.289258384704589844e+01
2.442227172851562500e+01
2.595505905151367188e+01
2.749387359619140625e+01
2.903496742248535156e+01
3.057978057861328125e+01
3.212679290771484375e+01
3.367447280883789062e+01
3.522353363037109375e+01
3.677318191528320312e+01
3.832190704345703125e+01
3.986817169189453125e+01
4.141268539428710938e+01
4.295392227172851562e+01
4.449185180664062500e+01
4.602494049072265625e+01
4.755315780639648438e+01
4.907571792602539062e+01
5.059035873413085938e+01
5.209778594970703125e+01
5.359722137451171875e+01
5.508713531494140625e+01
5.656824874877929688e+01
5.803753280639648438e+01
5.949646377563476562e+01
6.094274902343750000e+01
6.237637329101562500e+01
6.379655838012695312e+01
6.520176696777343750e+01
6.659274291992187500e+01
6.796807098388671875e+01
6.932637786865234375e+01
7.066776275634765625e+01
7.199232482910156250e+01
7.330015563964843750e+01
7.458320617675781250e+01
7.585420227050781250e+01
7.709838104248046875e+01
7.833071136474609375e+01
7.952899932861328125e+01
8.071565246582031250e+01
8.188332366943359375e+01
8.302471160888671875e+01
8.413246917724609375e+01
8.522899627685546875e+01
8.629212188720703125e+01
8.733678436279296875e+01
8.835568237304687500e+01
8.934889984130859375e+01
9.031655883789062500e+01
9.125131988525390625e+01
9.216815185546875000e+01
9.304487609863281250e+01
9.390388488769531250e+01
9.472298431396484375e+01
9.552457427978515625e+01
9.628648376464843750e+01
9.701622009277343750e+01
9.772878265380859375e+01
9.840195465087890625e+01
9.904328918457031250e+01
9.965288543701171875e+01
1.002308578491210938e+02
1.007773056030273438e+02
1.012848968505859375e+02
1.017686080932617188e+02
1.022136764526367188e+02
1.026276473999023438e+02
1.030106201171875000e+02
1.033478393554687500e+02
1.036617050170898438e+02
1.039300231933593750e+02
1.041752014160156250e+02
1.043750381469726562e+02
1.045445175170898438e+02
1.046837387084960938e+02
1.047779464721679688e+02
1.048346633911132812e+02
1.048540115356445312e+02
1.048435363769531250e+02
1.048033981323242188e+02
1.047188949584960938e+02
1.045902175903320312e+02
1.044323883056640625e+02
1.042381515502929688e+02
1.040002441406250000e+02
1.037411422729492188e+02
1.034312820434570312e+02
1.030931396484375000e+02
1.027120132446289062e+02
1.023029403686523438e+02
1.018512344360351562e+02
1.013719253540039062e+02
1.008503189086914062e+02
1.002940216064453125e+02
9.970320129394531250e+01
9.907802581787109375e+01
9.841867065429687500e+01
9.773273468017578125e+01
9.700552368164062500e+01
9.624463653564453125e+01
9.545024871826171875e+01
9.461508941650390625e+01
9.376162719726562500e+01
9.286030578613281250e+01
9.193357849121093750e+01
9.098162078857421875e+01
8.998973846435546875e+01
8.896552276611328125e+01
8.791658020019531250e+01
8.684306335449218750e+01
8.573772430419921875e+01
8.460072326660156250e+01
8.343221282958984375e+01
8.223981475830078125e+01
8.100880432128906250e+01
7.976165771484375000e+01
7.848367309570312500e+01
7.718987274169921875e+01
7.585812377929687500e+01
7.450346374511718750e+01
7.312604522705078125e+01
7.172603607177734375e+01
7.030359649658203125e+01
6.886631011962890625e+01
6.739949798583984375e+01
6.591072845458984375e+01
6.440018463134765625e+01
6.287543106079101562e+01
6.132920074462890625e+01
5.976152420043945312e+01
5.818730163574218750e+01
5.658425903320312500e+01
5.496728134155273438e+01
5.334383773803710938e+01
5.169907760620117188e+01
5.004788589477539062e+01
4.837543869018554688e+01
4.669289398193359375e+01
4.499582290649414062e+01
4.328721618652343750e+01
4.156932830810546875e+01
3.983846282958984375e+01
3.810059356689453125e+01
3.635276031494140625e+01
3.459721755981445312e+01
3.283547210693359375e+01
3.106532096862792969e+01
2.929197692871093750e+01
2.751174926757812500e+01
2.572911262512207031e+01
2.394111633300781250e+01
2.215149497985839844e+01
2.036026573181152344e+01
1.856744384765625000e+01
1.677602577209472656e+01
1.498305320739746094e+01
1.319300270080566406e+01
1.140366077423095703e+01
9.618016242980957031e+00
7.836830615997314453e+00
6.058630943298339844e+00
4.287150382995605469e+00
2.520917892456054688e+00
7.621775865554809570e-01
-9.890552759170532227e-01
-2.731279850006103516e+00
-4.464481830596923828e+00
-6.186417579650878906e+00
-7.898558616638183594e+00
-9.597920417785644531e+00
-1.128523063659667969e+01
-1.295824813842773438e+01
-1.461844539642333984e+01
-1.626224136352539062e+01
-1.789096450805664062e+01
-1.950325965881347656e+01
-2.109824752807617188e+01
-2.267503356933593750e+01
-2.423303604125976562e+01
-2.577151870727539062e+01
-2.729009437561035156e+01
-2.878741645812988281e+01
-3.026451110839843750e+01
-3.171936035156250000e+01
-3.315366363525390625e+01
-3.456317138671875000e+01
-3.595032119750976562e+01
-3.731459045410156250e+01
-3.865394973754882812e+01
-3.996936035156250000e+01
-4.125954818725585938e+01
-4.252471923828125000e+01
-4.376285934448242188e+01
-4.497566604614257812e+01
-4.616260910034179688e+01
-4.732092285156250000e+01
-4.845156097412109375e+01
-4.955474472045898438e+01
-5.062918853759765625e+01
-5.167584609985351562e+01
-5.269270324707031250e+01
-5.368071365356445312e+01
-5.463786315917968750e+01
-5.556509780883789062e+01
-5.646336746215820312e+01
-5.732917785644531250e+01
-5.816421890258789062e+01
-5.896870040893554688e+01
-5.974134445190429688e+01
-6.048310470581054688e+01
-6.119123077392578125e+01
-6.186887741088867188e+01
-6.251404190063476562e+01
-6.312693405151367188e+01
-6.370626449584960938e+01
-6.425225067138671875e+01
-6.476658630371093750e+01
-6.524649810791015625e+01
-6.569442749023437500e+01
-6.610834503173828125e+01
-6.648921966552734375e+01
-6.683574676513671875e+01
-6.714888000488281250e+01
-6.742735290527343750e+01
-6.767358398437500000e+01
-6.788630676269531250e+01
-6.806422424316406250e+01
-6.820977783203125000e+01
-6.832094573974609375e+01
-6.840017700195312500e+01
-6.844550323486328125e+01
-6.845863342285156250e+01
-6.843980407714843750e+01
-6.838256835937500000e+01
-6.830128479003906250e+01
-6.817761230468750000e+01
-6.802738189697265625e+01
-6.784487915039062500e+01
-6.763110351562500000e+01
-6.738033294677734375e+01
-6.711136627197265625e+01
-6.679473114013671875e+01
-6.646037292480468750e+01
-6.608623504638671875e+01
-6.568740844726562500e+01
-6.525669097900390625e+01
-6.480175018310546875e+01
-6.431537628173828125e+01
-6.379780197143554688e+01
-6.325668716430664062e+01
-6.268483352661132812e+01
-6.208989334106445312e+01
-6.146465682983398438e+01
-6.081159210205078125e+01
-6.014057540893554688e+01
-5.943325805664062500e+01
-5.871438980102539062e+01
-5.796487426757812500e+01
-5.718864059448242188e+01
-5.639186096191406250e+01
-5.557699584960937500e+01
-5.473831558227539062e+01
-5.387751770019531250e+01
-5.299706268310546875e+01
-5.209717178344726562e+01
-5.117731475830078125e+01
-5.023920059204101562e+01
-4.928230285644531250e+01
-4.830981063842773438e+01
-4.732119750976562500e+01
-4.631519317626953125e+01
-4.529573822021484375e+01
-4.426154327392578125e+01
-4.321432495117187500e+01
-4.215354537963867188e+01
-4.108240127563476562e+01
-3.999811553955078125e+01
-3.890537261962890625e+01
-3.780285644531250000e+01
-3.669057846069335938e+01
-3.557074356079101562e+01
-3.444182968139648438e+01
-3.330753326416015625e+01
-3.216559219360351562e+01
-3.101820373535156250e+01
-2.986460304260253906e+01
-2.870772552490234375e+01
-2.754680061340332031e+01
-2.638179779052734375e+01
-2.521416854858398438e+01
-2.404536819458007812e+01
-2.287536621093750000e+01
-2.170412635803222656e+01
-2.053310394287109375e+01
-1.936300849914550781e+01
-1.819454574584960938e+01
-1.702694320678710938e+01
-1.586313343048095703e+01
-1.470308399200439453e+01
-1.354675674438476562e+01
-1.239560413360595703e+01
-1.125033283233642578e+01
-1.011016178131103516e+01
-8.977283477783203125e+00
-7.852405071258544922e+00
-6.736974239349365234e+00
-5.629466533660888672e+00
-4.533560276031494141e+00
-3.446244478225708008e+00
-2.371196269989013672e+00
-1.308376789093017578e+00
-2.584905028343200684e-01
7.777585387229919434e-01
1.800409555435180664e+00
2.808015584945678711e+00
3.799872875213623047e+00
4.775278568267822266e+00
5.733527660369873047e+00
6.674660682678222656e+00
7.596488475799560547e+00
8.499496459960937500e+00
9.382757186889648438e+00
1.024571609497070312e+01
1.108737468719482422e+01
1.190747356414794922e+01
1.270501232147216797e+01
1.347933197021484375e+01
1.422989273071289062e+01
1.495616817474365234e+01
1.565734100341796875e+01
1.633349800109863281e+01
1.698412895202636719e+01
1.760873031616210938e+01
1.820746231079101562e+01
1.877884674072265625e+01
1.932379341125488281e+01
1.984186744689941406e+01
2.033188629150390625e+01
2.079416275024414062e+01
2.122826004028320312e+01
2.163597488403320312e+01
2.201240730285644531e+01
2.236158752441406250e+01
2.268084526062011719e+01
2.297122955322265625e+01
2.323156356811523438e+01
2.346437835693359375e+01
2.366477966308593750e+01
2.383530235290527344e+01
2.397624778747558594e+01
2.408569335937500000e+01
2.416542816162109375e+01
2.421352386474609375e+01
2.423176956176757812e+01
2.421897888183593750e+01
2.417471504211425781e+01
2.410001945495605469e+01
2.399295997619628906e+01
2.385606956481933594e+01
2.368741416931152344e+01
2.348655128479003906e+01
2.325526618957519531e+01
2.299236679077148438e+01
2.269814872741699219e+01
2.237290954589843750e+01
2.201545906066894531e+01
2.162757682800292969e+01
2.120881271362304688e+01
2.075871658325195312e+01
2.027683830261230469e+01
1.976569747924804688e+01
1.922261428833007812e+01
1.865010833740234375e+01
1.804623603820800781e+01
1.741277503967285156e+01
1.674927139282226562e+01
1.605675125122070312e+01
1.533401775360107422e+01
1.458209609985351562e+01
1.380051136016845703e+01
1.299176120758056641e+01
1.215388011932373047e+01
1.128787708282470703e+01
1.039401626586914062e+01
9.472558021545410156e+00
8.523767471313476562e+00
7.547904014587402344e+00
6.545229434967041016e+00
5.516745567321777344e+00
4.463454723358154297e+00
3.383385181427001953e+00
2.278280735015869141e+00
1.149140834808349609e+00
-3.779566148295998573e-03
-1.180225729942321777e+00
-2.380686998367309570e+00
-3.601938247680664062e+00
-4.845956802368164062e+00
-6.111748218536376953e+00
-7.399062633514404297e+00
-8.705421447753906250e+00
-1.003206062316894531e+01
-1.137873554229736328e+01
-1.274371051788330078e+01
-1.412674140930175781e+01
-1.552758121490478516e+01
-1.694524383544921875e+01
-1.838022613525390625e+01
-1.982931900024414062e+01
-2.129450416564941406e+01
-2.277331542968750000e+01
-2.426550865173339844e+01
-2.577047538757324219e+01
-2.728730964660644531e+01
-2.881636428833007812e+01
-3.035525131225585938e+01
-3.190469551086425781e+01
-3.346287536621093750e+01
-3.502957153320312500e+01
-3.660379409790039062e+01
-3.818481063842773438e+01
-3.977172851562500000e+01
-4.136401367187500000e+01
-4.296077346801757812e+01
-4.456161499023437500e+01
-4.616439437866210938e+01
-4.776961135864257812e+01
-4.937555694580078125e+01
-5.098205566406250000e+01
-5.258839797973632812e+01
-5.419318389892578125e+01
-5.579574966430664062e+01
-5.739692687988281250e+01
-5.899532318115234375e+01
-6.058953475952148438e+01
-6.218038558959960938e+01
-6.376649093627929688e+01
-6.534719085693359375e+01
-6.692108917236328125e+01
-6.848975372314453125e+01
-7.005180358886718750e+01
-7.160509490966796875e+01
-7.315045166015625000e+01
-7.468649291992187500e+01
-7.621329498291015625e+01
-7.773022460937500000e+01
-7.923587799072265625e+01
-8.072885894775390625e+01
-8.221075439453125000e+01
-8.368016815185546875e+01
-8.513496398925781250e+01
-8.657597351074218750e+01
-8.800255584716796875e+01
-8.941256713867187500e+01
-9.080684661865234375e+01
-9.218475341796875000e+01
-9.354488372802734375e+01
-9.488734436035156250e+01
-9.620998382568359375e+01
-9.751438903808593750e+01
-9.879992675781250000e+01
-1.000644302368164062e+02
-1.013080215454101562e+02
-1.025218658447265625e+02
-1.037171936035156250e+02
-1.048918838500976562e+02
-1.060386047363281250e+02
-1.071648635864257812e+02
-1.082633209228515625e+02
-1.093340835571289062e+02
-1.103846740722656250e+02
-1.114003143310546875e+02
-1.123885116577148438e+02
-1.133642501831054688e+02
-1.142978897094726562e+02
-1.152043685913085938e+02
-1.160763549804687500e+02
-1.169213714599609375e+02
-1.177395553588867188e+02
-1.185163879394531250e+02
-1.192819671630859375e+02
-1.199995346069335938e+02
-1.206843490600585938e+02
-1.213442153930664062e+02
-1.219720916748046875e+02
-1.225534973144531250e+02
-1.231185455322265625e+02
-1.236453170776367188e+02
-1.241342163085937500e+02
-1.246004791259765625e+02
-1.250221786499023438e+02
-1.254145812988281250e+02
-1.257780609130859375e+02
-1.261055603027343750e+02
-1.263900375366210938e+02
-1.266541442871093750e+02
-1.268685607910156250e+02
-1.270633621215820312e+02
-1.272092132568359375e+02
-1.273213653564453125e+02
-1.274075927734375000e+02
-1.274608688354492188e+02
-1.274741058349609375e+02
-1.274477081298828125e+02
-1.273968811035156250e+02
-1.273071441650390625e+02
-1.271862945556640625e+02
-1.270272674560546875e+02
-1.268304519653320312e+02
-1.265961837768554688e+02
-1.263396911621093750e+02
-1.260316390991210938e+02
-1.257095336914062500e+02
-1.253365783691406250e+02
-1.249428634643554688e+02
-1.244990158081054688e+02
-1.240276947021484375e+02
-1.235292587280273438e+02
-1.229966354370117188e+02
-1.224227294921875000e+02
-1.218227844238281250e+02
-1.211822891235351562e+02
-1.205238723754882812e+02
-1.198107452392578125e+02
-1.190804138183593750e+02
-1.183183593750000000e+02
-1.175323486328125000e+02
-1.167078857421875000e+02
-1.158527221679687500e+02
-1.149597473144531250e+02
-1.140440826416015625e+02
-1.130911483764648438e+02
-1.121161041259765625e+02
-1.111117706298828125e+02
-1.100710372924804688e+02
-1.090015869140625000e+02
-1.079111251831054688e+02
-1.067925109863281250e+02
-1.056459960937500000e+02
-1.044718856811523438e+02
-1.032704238891601562e+02
-1.020493240356445312e+02
-1.007939910888671875e+02
-9.951956176757812500e+01
-9.821886444091796875e+01
-9.688474273681640625e+01
-9.553974914550781250e+01
-9.416928863525390625e+01
-9.277362060546875000e+01
-9.134558105468750000e+01
-8.990772247314453125e+01
-8.845286560058593750e+01
-8.697385406494140625e+01
-8.547836303710937500e+01
-8.395922088623046875e+01
-8.241668701171875000e+01
-8.086588287353515625e+01
-7.929218292236328125e+01
-7.771072387695312500e+01
-7.612173461914062500e+01
-7.450319671630859375e+01
-7.287020111083984375e+01
-7.123043823242187500e+01
-6.955442810058593750e+01
-6.787957763671875000e+01
-6.619869995117187500e+01
-6.451203918457031250e+01
-6.280497741699218750e+01
-6.108518981933593750e+01
-5.936778640747070312e+01
-5.763070297241210938e+01
-5.589649200439453125e+01
-5.415052032470703125e+01
-5.240789413452148438e+01
-5.065398406982421875e+01
-4.890390014648437500e+01
-4.715044403076171875e+01
-4.539385223388671875e+01
-4.364173889160156250e+01
-4.187174987792968750e+01
-4.012091827392578125e+01
-3.835941696166992188e+01
-3.660197830200195312e+01
-3.484849166870117188e+01
-3.309883117675781250e+01
-3.134545516967773438e+01
-2.960310173034667969e+01
-2.785679054260253906e+01
-2.611457633972167969e+01
-2.438079643249511719e+01
-2.265458679199218750e+01
-2.093359565734863281e+01
-1.921993255615234375e+01
-1.751347732543945312e+01
-1.581484889984130859e+01
-1.412466716766357422e+01
-1.244355869293212891e+01
-1.077139568328857422e+01
-9.111029624938964844e+00
-7.460852146148681641e+00
-5.821484088897705078e+00
-4.193545341491699219e+00
-2.579142808914184570e+00
-9.774104356765747070e-01
6.095448136329650879e-01
2.182588577270507812e+00
3.740357160568237305e+00
5.280744075775146484e+00
6.805356979370117188e+00
8.312830924987792969e+00
9.802545547485351562e+00
1.127462291717529297e+01
1.272769737243652344e+01
1.416189002990722656e+01
1.557583332061767578e+01
1.696965026855468750e+01
1.834346008300781250e+01
1.969515228271484375e+01
2.102335929870605469e+01
2.233117103576660156e+01
2.361276435852050781e+01
2.487196731567382812e+01
2.610592842102050781e+01
2.731424140930175781e+01
2.849732017517089844e+01
2.965334701538085938e+01
3.078305435180664062e+01
3.188544845581054688e+01
3.296009063720703125e+01
3.400694656372070312e+01
3.502569580078125000e+01
3.601533889770507812e+01
3.697724914550781250e+01
3.790998840332031250e+01
3.881322097778320312e+01
3.968735504150390625e+01
4.053354644775390625e+01
4.134923171997070312e+01
4.213481903076171875e+01
4.289145278930664062e+01
4.361731719970703125e+01
4.431354904174804688e+01
4.497833251953125000e+01
4.561280822753906250e+01
4.621663665771484375e+01
4.679021453857421875e+01
4.733320236206054688e+01
4.784524917602539062e+01
4.832601165771484375e+01
4.877663040161132812e+01
4.919600677490234375e+01
4.958380126953125000e+01
4.994188308715820312e+01
5.026916122436523438e+01
5.056453704833984375e+01
5.082913970947265625e+01
5.106336212158203125e+01
5.126684188842773438e+01
5.143847656250000000e+01
5.157939529418945312e+01
5.168849182128906250e+01
5.176838302612304688e+01
5.181646347045898438e+01
5.183386230468750000e+01
5.182094955444335938e+01
5.177736663818359375e+01
5.170347976684570312e+01
5.159817886352539062e+01
5.146406555175781250e+01
5.130076217651367188e+01
5.110715484619140625e+01
5.088360977172851562e+01
5.063272094726562500e+01
5.035188293457031250e+01
5.004294586181640625e+01
4.970552062988281250e+01
4.933923721313476562e+01
4.894593048095703125e+01
4.852446746826171875e+01
4.807588958740234375e+01
4.759974670410156250e+01
4.709632873535156250e+01
4.656591796875000000e+01
4.600881195068359375e+01
4.542528533935546875e+01
4.481637191772460938e+01
4.418086624145507812e+01
4.352127838134765625e+01
4.283565521240234375e+01
4.212576675415039062e+01
4.139115142822265625e+01
4.063355636596679688e+01
3.985253143310546875e+01
3.904759597778320312e+01
3.822125244140625000e+01
3.737155151367187500e+01
3.650023651123046875e+01
3.560684204101562500e+01
3.469237518310546875e+01
3.375785064697265625e+01
3.280352401733398438e+01
3.182892036437988281e+01
3.083505058288574219e+01
2.982365608215332031e+01
2.879351234436035156e+01
2.774562644958496094e+01
2.668173599243164062e+01
2.560062026977539062e+01
2.450401496887207031e+01
2.339217758178710938e+01
2.226610755920410156e+01
2.112679862976074219e+01
1.997227478027343750e+01
1.880576133728027344e+01
1.762676239013671875e+01
1.643627166748046875e+01
1.523453998565673828e+01
1.402255821228027344e+01
1.280057239532470703e+01
1.156957149505615234e+01
1.033054637908935547e+01
9.082997322082519531e+00
7.828654289245605469e+00
6.567762851715087891e+00
5.302050590515136719e+00
4.031018257141113281e+00
2.756392240524291992e+00
1.477671861648559570e+00
1.965228468179702759e-01
-1.086378335952758789e+00
-2.371902942657470703e+00
-3.658693790435791016e+00
-4.946879863739013672e+00
-6.236589431762695312e+00
-7.525723934173583984e+00
-8.815899848937988281e+00
-1.010575866699218750e+01
-1.139320468902587891e+01
-1.268059539794921875e+01
-1.396583175659179688e+01
-1.524904727935791016e+01
-1.652888298034667969e+01
-1.780621528625488281e+01
-1.907968902587890625e+01
-2.034943389892578125e+01
-2.161483573913574219e+01
-2.287454032897949219e+01
-2.413016510009765625e+01
-2.537961196899414062e+01
-2.662226676940917969e+01
-2.785900115966796875e+01
-2.908920288085937500e+01
-3.031077384948730469e+01
-3.152458381652832031e+01
-3.272927856445312500e+01
-3.392513275146484375e+01
-3.511093521118164062e+01
-3.628697204589843750e+01
-3.745261383056640625e+01
-3.860695648193359375e+01
-3.975002670288085938e+01
-4.088120651245117188e+01
-4.200017166137695312e+01
-4.310603713989257812e+01
-4.419900131225585938e+01
-4.527799987792968750e+01
-4.634181594848632812e+01
-4.739198303222656250e+01
-4.842662048339843750e+01
-4.944585418701171875e+01
-5.044905471801757812e+01
-5.143486022949218750e+01
-5.240413665771484375e+01
-5.335550689697265625e+01
-5.428984069824218750e+01
-5.520428085327148438e+01
-5.610043716430664062e+01
-5.697767639160156250e+01
-5.783392333984375000e+01
-5.867027282714843750e+01
-5.948710250854492188e+01
-6.028330993652343750e+01
-6.105778884887695312e+01
-6.181240844726562500e+01
-6.254607009887695312e+01
-6.325839614868164062e+01
-6.394976806640625000e+01
-6.461981964111328125e+01
-6.526819610595703125e+01
-6.589675140380859375e+01
-6.650213623046875000e+01
-6.708696746826171875e+01
-6.764936828613281250e+01
-6.819048309326171875e+01
-6.870990753173828125e+01
-6.920729064941406250e+01
-6.968298339843750000e+01
-7.013661956787109375e+01
-7.056856536865234375e+01
-7.097843170166015625e+01
-7.136361694335937500e+01
-7.172818756103515625e+01
-7.206732177734375000e+01
-7.238582611083984375e+01
-7.268183135986328125e+01
-7.295420074462890625e+01
-7.320552825927734375e+01
-7.343392944335937500e+01
-7.363828277587890625e+01
-7.382412719726562500e+01
-7.398661041259765625e+01
-7.412609863281250000e+01
-7.424440002441406250e+01
-7.434113311767578125e+01
-7.441589355468750000e+01
-7.446901702880859375e+01
-7.449714660644531250e+01
-7.450580596923828125e+01
-7.449013519287109375e+01
-7.445492553710937500e+01
-7.439605712890625000e+01
-7.431758117675781250e+01
-7.421982574462890625e+01
-7.409568786621093750e+01
-7.396035766601562500e+01
-7.379930877685546875e+01
-7.361285400390625000e+01
-7.340875244140625000e+01
-7.318730926513671875e+01
-7.294137573242187500e+01
-7.267864990234375000e+01
-7.239937591552734375e+01
-7.209639739990234375e+01
-7.177739715576171875e+01
-7.143518829345703125e+01
-7.107746124267578125e+01
-7.069704437255859375e+01
-7.030162048339843750e+01
-6.988400268554687500e+01
-6.945187377929687500e+01
-6.899804687500000000e+01
-6.853763580322265625e+01
-6.805602264404296875e+01
-6.755344390869140625e+01
-6.703015136718750000e+01
-6.649380493164062500e+01
-6.595207977294921875e+01
-6.539035797119140625e+01
-6.480887603759765625e+01
-6.420786285400390625e+01
-6.359498977661132812e+01
-6.297049713134765625e+01
-6.233460235595703125e+01
-6.168012237548828125e+01
-6.102214050292968750e+01
-6.033116912841796875e+01
-5.964459228515625000e+01
-5.894776535034179688e+01
-5.823350906372070312e+01
-5.750945281982421875e+01
-5.677583694458007812e+01
-5.603289031982421875e+01
-5.527340316772460938e+01
-5.451988220214843750e+01
-5.373540878295898438e+01
-5.295735549926757812e+01
-5.216365051269531250e+01
-5.137680435180664062e+01
-5.056732177734375000e+01
-4.975770568847656250e+01
-4.894075393676757812e+01
-4.812410736083984375e+01
-4.730799102783203125e+01
-4.647776031494140625e+01
-4.564105606079101562e+01
-4.480553436279296875e+01
-4.397140884399414062e+01
-4.313146209716796875e+01
-4.229106140136718750e+01
-4.144791030883789062e+01
-4.060487747192382812e+01
-3.976035690307617188e+01
-3.891646575927734375e+01
-3.807160186767578125e+01
-3.722713851928710938e+01
-3.638369750976562500e+01
-3.554042816162109375e+01
-3.469869613647460938e+01
-3.385764312744140625e+01
-3.301938629150390625e+01
-3.218157577514648438e+01
-3.134707069396972656e+01
-3.051575279235839844e+01
-2.968676376342773438e+01
-2.886147499084472656e+01
-2.803828430175781250e+01
-2.722004508972167969e+01
-2.640589904785156250e+01
-2.559498786926269531e+01
-2.479016876220703125e+01
-2.399058151245117188e+01
-2.319611167907714844e+01
-2.240664482116699219e+01
-2.162429428100585938e+01
-2.084820175170898438e+01
-2.007973861694335938e+01
-1.931730651855468750e+01
-1.856302070617675781e+01
-1.781751251220703125e+01
-1.707917976379394531e+01
-1.635014533996582031e+01
-1.562954807281494141e+01
-1.491802310943603516e+01
-1.421769142150878906e+01
-1.352546787261962891e+01
-1.284496116638183594e+01
-1.217383193969726562e+01
-1.151494789123535156e+01
-1.086671352386474609e+01
-1.023051071166992188e+01
-9.606977462768554688e+00
-8.996009826660156250e+00
-8.397505760192871094e+00
-7.812104225158691406e+00
-7.240447998046875000e+00
-6.682437896728515625e+00
-6.139460086822509766e+00
-5.610674381256103516e+00
-5.096685409545898438e+00
-4.597929954528808594e+00
-4.114805221557617188e+00
-3.645481348037719727e+00
-3.191843509674072266e+00
-2.754292249679565430e+00
-2.331000089645385742e+00
-1.923857092857360840e+00
-1.531780958175659180e+00
-1.156663775444030762e+00
-7.959400415420532227e-01
-4.515043795108795166e-01
-1.230231523513793945e-01
1.898358464241027832e-01
4.874035418033599854e-01
7.685233950614929199e-01
1.033523559570312500e+00
1.283474326133728027e+00
1.515728712081909180e+00
1.733583569526672363e+00
1.934389591217041016e+00
2.119211673736572266e+00
2.288369894027709961e+00
2.441068887710571289e+00
2.577700614929199219e+00
2.697838544845581055e+00
2.802243471145629883e+00
2.890560626983642578e+00
2.962879657745361328e+00
3.019214391708374023e+00
3.059577703475952148e+00
3.083980798721313477e+00
3.092582702636718750e+00
3.085295438766479492e+00
3.062342405319213867e+00
3.023588418960571289e+00
2.969209432601928711e+00
2.899135112762451172e+00
2.813739299774169922e+00
2.712874650955200195e+00
2.596912622451782227e+00
2.465703487396240234e+00
2.319541692733764648e+00
2.158646345138549805e+00
1.983012437820434570e+00
1.792484879493713379e+00
1.587650537490844727e+00
1.367385745048522949e+00
1.134206771850585938e+00
8.868391513824462891e-01
6.248141527175903320e-01
3.498519361019134521e-01
6.068920344114303589e-02
-2.417094409465789795e-01
-5.578668117523193359e-01
-8.868209123611450195e-01
-1.229840278625488281e+00
-1.584479212760925293e+00
-1.952008843421936035e+00
-2.332958698272705078e+00
-2.726372718811035156e+00
-3.131296634674072266e+00
-3.547520875930786133e+00
-3.976323127746582031e+00
-4.416752338409423828e+00
-4.868602275848388672e+00
-5.330925941467285156e+00
-5.805005073547363281e+00
-6.288408279418945312e+00
-6.783163547515869141e+00
-7.287584304809570312e+00
-7.802958965301513672e+00
-8.326115608215332031e+00
-8.860575675964355469e+00
-9.403913497924804688e+00
-9.955190658569335938e+00
-1.051570224761962891e+01
-1.108376789093017578e+01
-1.166068363189697266e+01
-1.224402999877929688e+01
-1.283510398864746094e+01
-1.343223094940185547e+01
-1.403745269775390625e+01
-1.464761066436767578e+01
-1.526400566101074219e+01
-1.588570785522460938e+01
-1.651327705383300781e+01
-1.714579010009765625e+01
-1.778305816650390625e+01
-1.842341613769531250e+01
-1.906816673278808594e+01
-1.971490287780761719e+01
-2.036663627624511719e+01
-2.101939582824707031e+01
-2.167464065551757812e+01
-2.233047866821289062e+01
-2.298829269409179688e+01
-2.364723396301269531e+01
-2.430623245239257812e+01
-2.496525955200195312e+01
-2.562403297424316406e+01
-2.628239059448242188e+01
-2.693976593017578125e+01
-2.759619140625000000e+01
-2.825162696838378906e+01
-2.890555191040039062e+01
-2.955803489685058594e+01
-3.020876121520996094e+01
-3.085757064819335938e+01
-3.150418853759765625e+01
-3.214850616455078125e+01
-3.279011535644531250e+01
-3.342911529541015625e+01
-3.406531524658203125e+01
-3.469829559326171875e+01
-3.532771682739257812e+01
-3.595368194580078125e+01
-3.657592010498046875e+01
-3.719371795654296875e+01
-3.780806350708007812e+01
-3.841743469238281250e+01
-3.902192306518554688e+01
-3.962163543701171875e+01
-4.021592330932617188e+01
-4.080414962768554688e+01
-4.138715362548828125e+01
-4.196355056762695312e+01
-4.253417968750000000e+01
-4.309765243530273438e+01
-4.365555953979492188e+01
-4.420502090454101562e+01
-4.474762344360351562e+01
-4.528271102905273438e+01
-4.581039047241210938e+01
-4.632926940917968750e+01
-4.684017944335937500e+01
-4.734173965454101562e+01
-4.783551788330078125e+01
-4.831864547729492188e+01
-4.879343795776367188e+01
-4.925850677490234375e+01
-4.971393966674804688e+01
-5.015982818603515625e+01
-5.059255218505859375e+01
-5.101665496826171875e+01
-5.142776489257812500e+01
-5.182894897460937500e+01
-5.221806335449218750e+01
-5.259593963623046875e+01
-5.296117019653320312e+01
-5.331388473510742188e+01
-5.365360260009765625e+01
-5.398211288452148438e+01
-5.429748916625976562e+01
-5.460152053833007812e+01
-5.489152908325195312e+01
-5.516856002807617188e+01
-5.543513870239257812e+01
-5.568709564208984375e+01
-5.592771148681640625e+01
-5.615503692626953125e+01
-5.636938095092773438e+01
-5.657176208496093750e+01
-5.676024627685546875e+01
-5.693660736083984375e+01
-5.709965133666992188e+01
-5.725039672851562500e+01
-5.738765335083007812e+01
-5.751318359375000000e+01
-5.762504577636718750e+01
-5.772499465942382812e+01
-5.781108474731445312e+01
-5.788434600830078125e+01
-5.794577789306640625e+01
-5.799344253540039062e+01
-5.802908325195312500e+01
-5.805223464965820312e+01
-5.806093597412109375e+01
-5.805842971801757812e+01
-5.804274749755859375e+01
-5.801414871215820312e+01
-5.797365188598632812e+01
-5.791928100585937500e+01
-5.785352325439453125e+01
-5.777515411376953125e+01
-5.768293762207031250e+01
-5.757936477661132812e+01
-5.746319961547851562e+01
-5.733543777465820312e+01
-5.719632720947265625e+01
-5.704389190673828125e+01
-5.687985992431640625e+01
-5.670373916625976562e+01
-5.651577758789062500e+01
-5.631546401977539062e+01
-5.610528564453125000e+01
-5.588249588012695312e+01
-5.564809417724609375e+01
-5.540230560302734375e+01
-5.514537429809570312e+01
-5.487753677368164062e+01
-5.459822845458984375e+01
-5.430840301513671875e+01
-5.400823211669921875e+01
-5.369716262817382812e+01
-5.337687683105468750e+01
-5.304458236694335938e+01
-5.270045471191406250e+01
-5.234840774536132812e+01
-5.198490142822265625e+01
-5.161234283447265625e+01
-5.122869491577148438e+01
-5.083784484863281250e+01
-5.043551635742187500e+01
-5.002338027954101562e+01
-4.960383605957031250e+01
-4.917483901977539062e+01
-4.873655700683593750e+01
-4.828917694091796875e+01
-4.783435821533203125e+01
-4.737078475952148438e+01
-4.689937973022460938e+01
-4.642031097412109375e+01
-4.593301010131835938e+01
-4.543913650512695312e+01
-4.493737792968750000e+01
-4.442938613891601562e+01
-4.391459274291992188e+01
-4.339316558837890625e+01
-4.286601257324218750e+01
-4.233181381225585938e+01
-4.179148483276367188e+01
-4.124667739868164062e+01
-4.069606399536132812e+01
-4.014056015014648438e+01
-3.958032226562500000e+01
-3.901551818847656250e+01
-3.844704818725585938e+01
-3.787358856201171875e+01
-3.729827499389648438e+01
-3.671903228759765625e+01
-3.613676452636718750e+01
-3.555162429809570312e+01
-3.496526336669921875e+01
-3.437560272216796875e+01
-3.378577041625976562e+01
-3.319369125366210938e+01
-3.260026550292968750e+01
-3.200638580322265625e+01
-3.141220855712890625e+01
-3.081783676147460938e+01
-3.022397994995117188e+01
-2.962979507446289062e+01
-2.903594779968261719e+01
-2.844234466552734375e+01
-2.785038757324218750e+01
-2.725849533081054688e+01
-2.666732597351074219e+01
-2.607679176330566406e+01
-2.548829078674316406e+01
-2.490024185180664062e+01
-2.431330490112304688e+01
-2.372813415527343750e+01
-2.314389228820800781e+01
-2.256198310852050781e+01
-2.198231506347656250e+01
-2.140554428100585938e+01
-2.082935333251953125e+01
-2.025662994384765625e+01
-1.968654251098632812e+01
-1.911900711059570312e+01
-1.855467796325683594e+01
-1.799347496032714844e+01
-1.743531417846679688e+01
-1.688085174560546875e+01
-1.633001327514648438e+01
-1.578271007537841797e+01
-1.524035263061523438e+01
-1.470063304901123047e+01
-1.416718673706054688e+01
-1.363696384429931641e+01
-1.311212158203125000e+01
-1.259183788299560547e+01
-1.207678508758544922e+01
-1.156762981414794922e+01
-1.106504821777343750e+01
-1.056673622131347656e+01
-1.007634162902832031e+01
-9.590082168579101562e+00
-9.111602783203125000e+00
-8.640839576721191406e+00
-8.176239013671875000e+00
-7.717738628387451172e+00
-7.267503738403320312e+00
-6.825471401214599609e+00
-6.390094280242919922e+00
-5.961311340332031250e+00
-5.543521404266357422e+00
-5.132950782775878906e+00
-4.731026649475097656e+00
-4.339147090911865234e+00
-3.957099914550781250e+00
-3.582414627075195312e+00
-3.216335535049438477e+00
-2.860108613967895508e+00
-2.514236211776733398e+00
-2.176250219345092773e+00
-1.847397208213806152e+00
-1.526696205139160156e+00
-1.216138601303100586e+00
-9.154868721961975098e-01
-6.237612366676330566e-01
-3.407253623008728027e-01
-6.688646972179412842e-02
1.972475051879882812e-01
4.526544511318206787e-01
6.980822682380676270e-01
9.345077276229858398e-01
1.161420702934265137e+00
1.379796743392944336e+00
1.587638258934020996e+00
1.786662459373474121e+00
1.975613355636596680e+00
2.156207084655761719e+00
2.327185392379760742e+00
2.488034009933471680e+00
2.640465259552001953e+00
2.783219337463378906e+00
2.916297912597656250e+00
3.040371179580688477e+00
3.155215024948120117e+00
3.260829210281372070e+00
3.357135772705078125e+00
3.444279670715332031e+00
3.522181034088134766e+00
3.591130495071411133e+00
3.650896787643432617e+00
3.701693058013916016e+00
3.743358850479125977e+00
3.776134014129638672e+00
3.799892663955688477e+00
3.814826011657714844e+00
3.820886373519897461e+00
3.818157911300659180e+00
3.806715488433837891e+00
3.786684989929199219e+00
3.758040189743041992e+00
3.720829486846923828e+00
3.675246000289916992e+00
3.621259689331054688e+00
3.559130907058715820e+00
3.488505125045776367e+00
3.409691810607910156e+00
3.322922945022583008e+00
3.227983713150024414e+00
3.125103473663330078e+00
3.014361143112182617e+00
2.895537376403808594e+00
2.768931388854980469e+00
2.634395360946655273e+00
2.492820024490356445e+00
2.342122793197631836e+00
2.185422182083129883e+00
2.020633220672607422e+00
1.849385380744934082e+00
1.669592618942260742e+00
1.483625888824462891e+00
1.291626572608947754e+00
1.090762615203857422e+00
8.841468691825866699e-01
6.711755394935607910e-01
4.512448608875274658e-01
2.252368330955505371e-01
-7.452927995473146439e-03
-2.459427714347839355e-01
-4.900942742824554443e-01
-7.412551641464233398e-01
-9.970575571060180664e-01
-1.258106350898742676e+00
-1.525005578994750977e+00
-1.797616481781005859e+00
-2.074313879013061523e+00
-2.354958534240722656e+00
-2.642383098602294922e+00
-2.932732343673706055e+00
-3.228095769882202148e+00
-3.527589321136474609e+00
-3.830329656600952148e+00
-4.136919021606445312e+00
-4.446472644805908203e+00
-4.760335922241210938e+00
-5.076137542724609375e+00
-5.395966053009033203e+00
-5.717449188232421875e+00
-6.041189193725585938e+00
-6.367786884307861328e+00
-6.695613861083984375e+00
-7.025271415710449219e+00
-7.355875492095947266e+00
-7.688027381896972656e+00
-8.021617889404296875e+00
-8.355174064636230469e+00
-8.688744544982910156e+00
-9.023859024047851562e+00
-9.359082221984863281e+00
-9.695201873779296875e+00
-1.003152561187744141e+01
-1.036735630035400391e+01
-1.070423412322998047e+01
-1.104146289825439453e+01
-1.137835311889648438e+01
-1.171569728851318359e+01
-1.205206489562988281e+01
-1.238825035095214844e+01
-1.272430896759033203e+01
-1.305880928039550781e+01
-1.339403724670410156e+01
-1.372796916961669922e+01
-1.406110763549804688e+01
-1.439313793182373047e+01
-1.472352695465087891e+01
-1.505352115631103516e+01
-1.538199329376220703e+01
-1.570907688140869141e+01
-1.603453445434570312e+01
-1.635835838317871094e+01
-1.668037986755371094e+01
-1.700036621093750000e+01
-1.731830787658691406e+01
-1.763403892517089844e+01
-1.794740104675292969e+01
-1.825830268859863281e+01
-1.856658744812011719e+01
-1.887223625183105469e+01
-1.917494010925292969e+01
-1.947456932067871094e+01
-1.977123832702636719e+01
-2.006461906433105469e+01
-2.035453605651855469e+01
-2.064086914062500000e+01
-2.092345809936523438e+01
-2.120207977294921875e+01
-2.147685623168945312e+01
-2.174739646911621094e+01
-2.201337242126464844e+01
-2.227490615844726562e+01
-2.253174209594726562e+01
-2.278355216979980469e+01
-2.303044891357421875e+01
-2.327217864990234375e+01
-2.350850105285644531e+01
-2.373935699462890625e+01
-2.396508598327636719e+01
-2.418572235107421875e+01
-2.440018653869628906e+01
-2.460999679565429688e+01
-2.481459236145019531e+01
-2.501266288757324219e+01
-2.520587158203125000e+01
-2.539364814758300781e+01
-2.557542228698730469e+01
-2.575210952758789062e+01
-2.592313575744628906e+01
-2.608866882324218750e+01
-2.624813079833984375e+01
-2.640168762207031250e+01
-2.654950904846191406e+01
-2.669174957275390625e+01
-2.682857894897460938e+01
-2.695941352844238281e+01
-2.708441352844238281e+01
-2.720373725891113281e+01
-2.731755065917968750e+01
-2.742452239990234375e+01
-2.752630424499511719e+01
-2.762230110168457031e+01
-2.771194267272949219e+01
-2.779611968994140625e+01
-2.787351417541503906e+01
-2.794576454162597656e+01
-2.801154899597167969e+01
-2.807177162170410156e+01
-2.812584686279296875e+01
-2.817393684387207031e+01
-2.821620178222656250e+01
-2.825206375122070312e+01
-2.828316688537597656e+01
-2.830744361877441406e+01
-2.832580375671386719e+01
-2.833914947509765625e+01
-2.834616088867187500e+01
-2.834625816345214844e+01
-2.834183311462402344e+01
-2.833304786682128906e+01
-2.831709861755371094e+01
-2.829563331604003906e+01
-2.826732635498046875e+01
-2.823531532287597656e+01
-2.819753646850585938e+01
-2.815340042114257812e+01
-2.810530853271484375e+01
-2.805042839050292969e+01
-2.798966026306152344e+01
-2.792611885070800781e+01
-2.785475158691406250e+01
-2.777941894531250000e+01
-2.769877815246582031e+01
-2.761371612548828125e+01
-2.752288436889648438e+01
-2.742716979980468750e+01
-2.732744598388671875e+01
-2.722311019897460938e+01
-2.711280441284179688e+01
-2.699814987182617188e+01
-2.687927246093750000e+01
-2.675704383850097656e+01
-2.662861061096191406e+01
-2.649707221984863281e+01
-2.636031723022460938e+01
-2.621920394897460938e+01
-2.607533645629882812e+01
-2.592659378051757812e+01
-2.577383041381835938e+01
-2.561715507507324219e+01
-2.545667457580566406e+01
-2.529248809814453125e+01
-2.512470436096191406e+01
-2.495341682434082031e+01
-2.477872848510742188e+01
-2.459999084472656250e+01
-2.441804313659667969e+01
-2.423446273803710938e+01
-2.404637336730957031e+01
-2.385609817504882812e+01
-2.366297912597656250e+01
-2.346562576293945312e+01
-2.326635551452636719e+01
-2.306526184082031250e+01
-2.286020088195800781e+01
-2.265349578857421875e+01
-2.244523429870605469e+01
-2.223402404785156250e+01
-2.202069664001464844e+01
-2.180683517456054688e+01
-2.158955955505371094e+01
-2.137193489074707031e+01
-2.115257263183593750e+01
-2.093231391906738281e+01
-2.070977210998535156e+01
-2.048727798461914062e+01
-2.026342201232910156e+01
-2.003893661499023438e+01
-1.981452751159667969e+01
-1.958868217468261719e+01
-1.936210632324218750e+01
-1.913477516174316406e+01
-1.890814590454101562e+01
-1.867996597290039062e+01
-1.845169830322265625e+01
-1.822257995605468750e+01
-1.799258804321289062e+01
-1.776319503784179688e+01
-1.753363609313964844e+01
-1.730315780639648438e+01
-1.707397460937500000e+01
-1.684384346008300781e+01
-1.661424064636230469e+01
-1.638515281677246094e+01
-1.615583038330078125e+01
-1.592774677276611328e+01
-1.569940757751464844e+01
-1.547228717803955078e+01
-1.524563598632812500e+01
-1.502018547058105469e+01
-1.479518127441406250e+01
-1.457210254669189453e+01
-1.434944725036621094e+01
-1.412869071960449219e+01
-1.390907478332519531e+01
-1.368984127044677734e+01
-1.347394657135009766e+01
-1.325839996337890625e+01
-1.304540920257568359e+01
-1.283421230316162109e+01
-1.262403964996337891e+01
-1.241784000396728516e+01
-1.221261405944824219e+01
-1.200981616973876953e+01
-1.181016159057617188e+01
-1.161287212371826172e+01
-1.141716861724853516e+01
-1.122598934173583984e+01
-1.103632164001464844e+01
-1.085035514831542969e+01
-1.066730499267578125e+01
-1.048712921142578125e+01
-1.031052494049072266e+01
-1.013744831085205078e+01
-9.966366767883300781e+00
-9.800205230712890625e+00
-9.638154983520507812e+00
-9.477833747863769531e+00
-9.322788238525390625e+00
-9.170618057250976562e+00
-9.021897315979003906e+00
-8.876457214355468750e+00
-8.734870910644531250e+00
-8.596973419189453125e+00
-8.462598800659179688e+00
-8.330842018127441406e+00
-8.203027725219726562e+00
-8.078253746032714844e+00
-7.956363677978515625e+00
-7.838689804077148438e+00
-7.723596572875976562e+00
-7.612422466278076172e+00
-7.503537178039550781e+00
-7.398284912109375000e+00
-7.297273635864257812e+00
-7.198138713836669922e+00
-7.102981090545654297e+00
-7.011673927307128906e+00
-6.921866416931152344e+00
-6.837155342102050781e+00
-6.755197048187255859e+00
-6.675880432128906250e+00
-6.601327896118164062e+00
-6.529206752777099609e+00
-6.460902690887451172e+00
-6.395575046539306641e+00
-6.333874702453613281e+00
-6.275709629058837891e+00
-6.220992565155029297e+00
-6.168893814086914062e+00
-6.121559619903564453e+00
-6.077422142028808594e+00
-6.036402225494384766e+00
-6.000649929046630859e+00
-5.967114925384521484e+00
-5.937951087951660156e+00
-5.913081169128417969e+00
-5.890943050384521484e+00
-5.872946262359619141e+00
-5.859014987945556641e+00
-5.849071025848388672e+00
-5.842291831970214844e+00
-5.840084552764892578e+00
-5.840879917144775391e+00
-5.846080780029296875e+00
-5.855601787567138672e+00
-5.868313789367675781e+00
-5.885317802429199219e+00
-5.906671524047851562e+00
-5.930868625640869141e+00
-5.959373474121093750e+00
-5.991640090942382812e+00
-6.027788162231445312e+00
-6.067488670349121094e+00
-6.111003875732421875e+00
-6.158220767974853516e+00
-6.208950042724609375e+00
-6.263368606567382812e+00
-6.321208477020263672e+00
-6.382492542266845703e+00
-6.447094440460205078e+00
-6.515108585357666016e+00
-6.586105346679687500e+00
-6.660250663757324219e+00
-6.737483978271484375e+00
-6.817595005035400391e+00
-6.900523185729980469e+00
-6.986204147338867188e+00
-7.074502944946289062e+00
-7.165206909179687500e+00
-7.258479118347167969e+00
-7.353961467742919922e+00
-7.451594829559326172e+00
-7.551395416259765625e+00
-7.653086662292480469e+00
-7.756615161895751953e+00
-7.861931324005126953e+00
-7.968915462493896484e+00
-8.077301025390625000e+00
-8.187348365783691406e+00
-8.298427581787109375e+00
-8.410954475402832031e+00
-8.524532318115234375e+00
-8.639215469360351562e+00
-8.754765510559082031e+00
-8.871246337890625000e+00
-8.988430976867675781e+00
-9.106320381164550781e+00
-9.224843978881835938e+00
-9.343791961669921875e+00
-9.463254928588867188e+00
-9.582955360412597656e+00
-9.703145980834960938e+00
-9.823408126831054688e+00
-9.943855285644531250e+00
-1.006437587738037109e+01
-1.018495750427246094e+01
-1.030565166473388672e+01
-1.042638111114501953e+01
-1.054736709594726562e+01
-1.066846275329589844e+01
-1.078967475891113281e+01
-1.091122817993164062e+01
-1.103305625915527344e+01
-1.115531253814697266e+01
-1.127778148651123047e+01
-1.140076446533203125e+01
-1.152404499053955078e+01
-1.164769840240478516e+01
-1.177187252044677734e+01
-1.189649105072021484e+01
-1.202162170410156250e+01
-1.214703083038330078e+01
-1.227307796478271484e+01
-1.239944362640380859e+01
-1.252640056610107422e+01
-1.265362262725830078e+01
-1.278137111663818359e+01
-1.290937900543212891e+01
-1.303774738311767578e+01
-1.316634654998779297e+01
-1.329503822326660156e+01
-1.342390155792236328e+01
-1.355278682708740234e+01
-1.368146228790283203e+01
-1.381013107299804688e+01
-1.393840217590332031e+01
-1.406624221801757812e+01
-1.419361782073974609e+01
-1.432033348083496094e+01
-1.444634342193603516e+01
-1.457129573822021484e+01
-1.469535064697265625e+01
-1.481807422637939453e+01
-1.493947219848632812e+01
-1.505939674377441406e+01
-1.517747688293457031e+01
-1.529385662078857422e+01
-1.540800857543945312e+01
-1.551985454559326172e+01
-1.562938690185546875e+01
-1.573637485504150391e+01
-1.584059143066406250e+01
-1.594203186035156250e+01
-1.604024505615234375e+01
-1.613531112670898438e+01
0.000000000000000000e+00
0.000000000000000000e+00
0.000000000000000000e+00
0.000000000000000000e+00
0.000000000000000000e+00
0.000000000000000000e+00
0.000000000000000000e+00
0.000000000000000000e+00
0.000000000000000000e+00
0.000000000000000000e+00
0.000000000000000000e+00
0.000000000000000000e+00
0.000000000000000000e+00
0.000000000000000000e+00
0.000000000000000000e+00
0.000000000000000000e+00
0.000000000000000000e+00
0.000000000000000000e+00
0.000000000000000000e+00
0.000000000000000000e+00
0.000000000000000000e+00
0.000000000000000000e+00
0.000000000000000000e+00
0.000000000000000000e+00
0.000000000000000000e+00
0.000000000000000000e+00
0.000000000000000000e+00
0.000000000000000000e+00
0.000000000000000000e+00
0.000000000000000000e+00
0.000000000000000000e+00
0.000000000000000000e+00
0.000000000000000000e+00
0.000000000000000000e+00
0.000000000000000000e+00
0.000000000000000000e+00
0.000000000000000000e+00
0.000000000000000000e+00
0.000000000000000000e+00
0.000000000000000000e+00
0.000000000000000000e+00
0.000000000000000000e+00
0.000000000000000000e+00
0.000000000000000000e+00
0.000000000000000000e+00
0.000000000000000000e+00
0.000000000000000000e+00
0.000000000000000000e+00
0.000000000000000000e+00
0.000000000000000000e+00
0.000000000000000000e+00
0.000000000000000000e+00
0.000000000000000000e+00
0.000000000000000000e+00
0.000000000000000000e+00
0.000000000000000000e+00
0.000000000000000000e+00
0.000000000000000000e+00
0.000000000000000000e+00
0.000000000000000000e+00
0.000000000000000000e+00
0.000000000000000000e+00
0.000000000000000000e+00
0.000000000000000000e+00
0.000000000000000000e+00
0.000000000000000000e+00
0.000000000000000000e+00
0.000000000000000000e+00
0.000000000000000000e+00
0.000000000000000000e+00
0.000000000000000000e+00
0.000000000000000000e+00
0.000000000000000000e+00
0.000000000000000000e+00
0.000000000000000000e+00
0.000000000000000000e+00
0.000000000000000000e+00
0.000000000000000000e+00
0.000000000000000000e+00
0.000000000000000000e+00
0.000000000000000000e+00
0.000000000000000000e+00
0.000000000000000000e+00
0.000000000000000000e+00
0.000000000000000000e+00
0.000000000000000000e+00
0.000000000000000000e+00
0.000000000000000000e+00
0.000000000000000000e+00
0.000000000000000000e+00
0.000000000000000000e+00
0.000000000000000000e+00
0.000000000000000000e+00
0.000000000000000000e+00
0.000000000000000000e+00
0.000000000000000000e+00
0.000000000000000000e+00
0.000000000000000000e+00
0.000000000000000000e+00
0.000000000000000000e+00
