# ee
4.148999974131584167e-02
6.871594488620758057e-02
7.829401642084121704e-02
7.036578655242919922e-02
5.263898521661758423e-02
3.388194739818572998e-02
1.974345557391643524e-02
1.173338852822780609e-02
8.462454192340373993e-03
7.564432919025421143e-03
7.116821128875017166e-03
6.556184962391853333e-03
5.762277636677026749e-03
5.091924220323562622e-03
4.910204559564590454e-03
5.138143431395292282e-03
5.592800676822662354e-03
6.119425874203443527e-03
6.615213584154844284e-03
7.156947627663612366e-03
7.859872654080390930e-03
8.813486434519290924e-03
1.007498707622289658e-02
1.159813068807125092e-02
1.332428585737943649e-02
1.524872332811355591e-02
1.737747713923454285e-02
1.970572024583816528e-02
2.222691662609577179e-02
2.493853494524955750e-02
2.783867716789245605e-02
3.092393837869167328e-02
3.419286757707595825e-02
3.765328228473663330e-02
4.132401198148727417e-02
4.525861889123916626e-02
4.950369521975517273e-02
5.404324829578399658e-02
5.884561315178871155e-02
6.388713419437408447e-02
6.917612999677658081e-02
7.472889870405197144e-02
8.056177198886871338e-02
8.669104427099227905e-02
9.312822669744491577e-02
9.986568242311477661e-02
1.068909540772438049e-01
1.141915842890739441e-01
1.217551454901695251e-01
1.295738220214843750e-01
1.376583725214004517e-01
1.460241675376892090e-01
1.546866446733474731e-01
1.636611819267272949e-01
1.729583442211151123e-01
1.825693994760513306e-01
1.924808323383331299e-01
2.026790827512741089e-01
2.131505757570266724e-01
2.238836735486984253e-01
2.348740249872207642e-01
2.461191862821578979e-01
2.576167583465576172e-01
2.693642675876617432e-01
2.813585400581359863e-01
2.935935556888580322e-01
3.060624897480010986e-01
3.187586367130279541e-01
3.316751718521118164e-01
3.448047637939453125e-01
3.581377267837524414e-01
3.716638088226318359e-01
3.853726685047149658e-01
3.992541432380676270e-01
4.132973253726959229e-01
4.274891912937164307e-01
4.418162107467651367e-01
4.562647044658660889e-01
4.708211421966552734e-01
4.854724109172821045e-01
5.002074241638183594e-01
5.150154232978820801e-01
5.298860073089599609e-01
5.448083877563476562e-01
5.597711801528930664e-01
5.747600793838500977e-01
5.897599458694458008e-01
6.047554016113281250e-01
6.197315454483032227e-01
6.346731781959533691e-01
6.495656371116638184e-01
6.643944978713989258e-01
6.791450977325439453e-01
6.938028931617736816e-01
7.083534002304077148e-01
7.227820158004760742e-01
7.370742559432983398e-01
7.512155175209045410e-01
7.651912569999694824e-01
7.789869904518127441e-01
7.925881147384643555e-01
8.059800863265991211e-01
8.191484212875366211e-01
8.320785164833068848e-01
8.447557687759399414e-01
8.571656942367553711e-01
8.692938089370727539e-01
8.811254501342773438e-01
8.926461935043334961e-01
9.038422703742980957e-01
9.147038459777832031e-01
9.252218008041381836e-01
9.353871941566467285e-01
9.451908469200134277e-01
9.546238780021667480e-01
9.636771082878112793e-01
9.723415970802307129e-01
9.806082844734191895e-01
9.884681105613708496e-01
9.959121346473693848e-01
1.002931118011474609e+00
1.009516239166259766e+00
1.015658378601074219e+00
1.021348357200622559e+00
1.026577353477478027e+00
1.031336188316345215e+00
1.035616040229797363e+00
1.039407491683959961e+00
1.042701840400695801e+00
1.045492053031921387e+00
1.047779798507690430e+00
1.049568653106689453e+00
1.050862550735473633e+00
1.051665306091308594e+00
1.051980614662170410e+00
1.051812052726745605e+00
1.051163434982299805e+00
1.050038695335388184e+00
1.048441290855407715e+00
1.046375393867492676e+00
1.043844342231750488e+00
1.040852069854736328e+00
1.037402272224426270e+00
1.033498764038085938e+00
1.029145240783691406e+00
1.024345517158508301e+00
1.019103288650512695e+00
1.013422369956970215e+00
1.007306456565856934e+00
1.000762104988098145e+00
9.938069581985473633e-01
9.864615797996520996e-01
9.787463545799255371e-01
9.706817865371704102e-01
9.622883796691894531e-01
9.535866379737854004e-01
9.445970654487609863e-01
9.353400468826293945e-01
9.258361458778381348e-01
9.161057472229003906e-01
9.061693549156188965e-01
8.960474729537963867e-01
8.857606649398803711e-01
8.753293156623840332e-01
8.647738695144653320e-01
8.541147708892822266e-01
8.433727025985717773e-01
8.325679898262023926e-01
8.217211365699768066e-01
8.108525872230529785e-01
7.999828457832336426e-01
7.891324758529663086e-01
7.783218026161193848e-01
7.675714492797851562e-01
7.569049000740051270e-01
7.463577389717102051e-01
7.359689474105834961e-01
7.257772684097290039e-01
7.158212661743164062e-01
7.061399817466735840e-01
6.967719793319702148e-01
6.877561211585998535e-01
6.791312098503112793e-01
6.709359884262084961e-01
6.632091999053955078e-01
6.559896469116210938e-01
6.493161320686340332e-01
6.432273387908935547e-01
6.377620697021484375e-01
6.329591870307922363e-01
6.288573145866394043e-01
6.254953742027282715e-01
6.229119896888732910e-01
6.211460828781127930e-01
6.202363371849060059e-01
6.202215552330017090e-01
6.211404800415039062e-01
6.230318546295166016e-01
6.259346008300781250e-01
6.298855543136596680e-01
6.349149346351623535e-01
6.410512924194335938e-01
6.483228206634521484e-01
6.567580103874206543e-01
6.663852930068969727e-01
6.772330403327941895e-01
6.893296241760253906e-01
7.027035355567932129e-01
7.173830866813659668e-01
7.333968281745910645e-01
7.507730126380920410e-01
7.695400714874267578e-01
7.897264957427978516e-01
8.113606572151184082e-01
8.344708681106567383e-01
8.590856194496154785e-01
8.852334022521972656e-01
9.129424095153808594e-01
9.422412514686584473e-01
9.731582403182983398e-01
1.005721807479858398e+00
1.039960265159606934e+00
1.075902104377746582e+00
1.113575696945190430e+00
1.153009653091430664e+00
1.194231986999511719e+00
1.237271428108215332e+00
1.282156229019165039e+00
1.328914761543273926e+00
1.377575635910034180e+00
1.428167104721069336e+00
1.480717539787292480e+00
1.535255432128906250e+00
1.591809153556823730e+00
1.650407075881958008e+00
1.711077690124511719e+00
1.773849368095397949e+00
1.838750362396240234e+00
1.905809521675109863e+00
1.975054740905761719e+00
2.046514749526977539e+00
2.120217561721801758e+00
2.196192264556884766e+00
2.274466514587402344e+00
2.355069160461425781e+00
2.438028573989868164e+00
2.523373126983642578e+00
2.611130952835083008e+00
2.701331138610839844e+00
2.793990850448608398e+00
2.889087200164794922e+00
2.986586332321166992e+00
3.086454391479492188e+00
3.188657283782958984e+00
3.293161630630493164e+00
3.399933338165283203e+00
3.508938789367675781e+00
3.620143890380859375e+00
3.733515262603759766e+00
3.849018573760986328e+00
3.966620445251464844e+00
4.086286544799804688e+00
4.207983493804931641e+00
4.331677436828613281e+00
4.457334518432617188e+00
4.584920406341552734e+00
4.714402198791503906e+00
4.845745563507080078e+00
4.978917121887207031e+00
5.113882541656494141e+00
5.250607967376708984e+00
5.389060020446777344e+00
5.529204368591308594e+00
5.671007633209228516e+00
5.814435958862304688e+00
5.959455490112304688e+00
6.106031894683837891e+00
6.254132270812988281e+00
6.403721809387207031e+00
6.554767608642578125e+00
6.707235336303710938e+00
6.861091613769531250e+00
7.016302108764648438e+00
7.172832965850830078e+00
7.330651283264160156e+00
7.489721775054931641e+00
7.650012493133544922e+00
7.811487674713134766e+00
7.974114418029785156e+00
8.137859344482421875e+00
8.302687644958496094e+00
8.468566894531250000e+00
8.635461807250976562e+00
8.803339004516601562e+00
8.972165107727050781e+00
9.141906738281250000e+00
9.312528610229492188e+00
9.483998298645019531e+00
9.656279563903808594e+00
9.829335212707519531e+00
1.000309276580810547e+01
1.017747688293457031e+01
1.035240840911865234e+01
1.052781295776367188e+01
1.070361232757568359e+01
1.087973022460937500e+01
1.105608844757080078e+01
1.123261165618896484e+01
1.140922260284423828e+01
1.158584403991699219e+01
1.176239871978759766e+01
1.193881034851074219e+01
1.211500167846679688e+01
1.229089641571044922e+01
1.246641635894775391e+01
1.264148616790771484e+01
1.281602764129638672e+01
1.298996543884277344e+01
1.316322040557861328e+01
1.333571720123291016e+01
1.350737953186035156e+01
1.367812824249267578e+01
1.384788799285888672e+01
1.401658344268798828e+01
1.418413448333740234e+01
1.435046577453613281e+01
1.451550006866455078e+01
1.467916011810302734e+01
1.484137058258056641e+01
1.500205326080322266e+01
1.516113185882568359e+01
1.531852817535400391e+01
1.547416782379150391e+01
1.562797069549560547e+01
1.577986240386962891e+01
1.592976474761962891e+01
1.607760238647460938e+01
1.622329711914062500e+01
1.636677169799804688e+01
1.650794982910156250e+01
1.664675331115722656e+01
1.678310775756835938e+01
1.691693305969238281e+01
1.704815673828125000e+01
1.717669868469238281e+01
1.730248260498046875e+01
1.742543220520019531e+01
1.754546928405761719e+01
1.766251754760742188e+01
1.777651023864746094e+01
1.788741493225097656e+01
1.799521827697753906e+01
1.809989166259765625e+01
1.820141792297363281e+01
1.829977989196777344e+01
1.839495468139648438e+01
1.848692131042480469e+01
1.857566070556640625e+01
1.866115188598632812e+01
1.874337577819824219e+01
1.882231140136718750e+01
1.889793777465820312e+01
1.897023773193359375e+01
1.903918647766113281e+01
1.910476684570312500e+01
1.916695785522460938e+01
1.922573852539062500e+01
1.928108978271484375e+01
1.933299255371093750e+01
1.938142395019531250e+01
1.942636299133300781e+01
1.946779251098632812e+01
1.950569152832031250e+01
1.954003906250000000e+01
1.957081413269042969e+01
1.959799766540527344e+01
1.962157058715820312e+01
1.964151000976562500e+01
1.965779685974121094e+01
1.967041206359863281e+01
1.967933273315429688e+01
1.968454170227050781e+01
1.968601608276367188e+01
1.968373680114746094e+01
1.967768478393554688e+01
1.966783714294433594e+01
1.965417671203613281e+01
1.963668060302734375e+01
1.961532974243164062e+01
1.959010505676269531e+01
1.956098175048828125e+01
1.952794647216796875e+01
1.949097251892089844e+01
1.945004463195800781e+01
1.940513992309570312e+01
1.935623741149902344e+01
1.930331802368164062e+01
1.924636268615722656e+01
1.918535041809082031e+01
1.912027740478515625e+01
1.905120658874511719e+01
1.897821807861328125e+01
1.890139389038085938e+01
1.882081604003906250e+01
1.873656082153320312e+01
1.864870834350585938e+01
1.855734443664550781e+01
1.846254539489746094e+01
1.836439132690429688e+01
1.826296424865722656e+01
1.815834426879882812e+01
1.805060958862304688e+01
1.793984413146972656e+01
1.782612800598144531e+01
1.770953750610351562e+01
1.759015655517578125e+01
1.746806526184082031e+01
1.734334373474121094e+01
1.721607017517089844e+01
1.708633041381835938e+01
1.695419883728027344e+01
1.681975746154785156e+01
1.668309020996093750e+01
1.654427146911621094e+01
1.640338706970214844e+01
1.626051521301269531e+01
1.611573600769042969e+01
1.596913146972656250e+01
1.582077980041503906e+01
1.567076206207275391e+01
1.551915836334228516e+01
1.536605167388916016e+01
1.521151924133300781e+01
1.505564212799072266e+01
1.489850044250488281e+01
1.474017620086669922e+01
1.458074951171875000e+01
1.442029953002929688e+01
1.425890636444091797e+01
1.409665203094482422e+01
1.393361663818359375e+01
1.376987934112548828e+01
1.360552215576171875e+01
1.344062328338623047e+01
1.327526569366455078e+01
1.310952854156494141e+01
1.294349193572998047e+01
1.277723598480224609e+01
1.261084175109863281e+01
1.244439411163330078e+01
1.227798748016357422e+01
1.211172389984130859e+01
1.194570446014404297e+01
1.178002834320068359e+01
1.161479663848876953e+01
1.145010948181152344e+01
1.128606796264648438e+01
1.112277126312255859e+01
1.096032238006591797e+01
1.079881858825683594e+01
1.063836193084716797e+01
1.047905349731445312e+01
1.032099246978759766e+01
1.016428184509277344e+01
1.000901794433593750e+01
9.855303764343261719e+00
9.703240394592285156e+00
9.552927017211914062e+00
9.404463768005371094e+00
9.257952690124511719e+00
9.113492965698242188e+00
8.971185684204101562e+00
8.831130981445312500e+00
8.693428993225097656e+00
8.558180809020996094e+00
8.425486564636230469e+00
8.295447349548339844e+00
8.168162345886230469e+00
8.043732643127441406e+00
7.922260284423828125e+00
7.803842544555664062e+00
7.688582420349121094e+00
7.576580047607421875e+00
7.467934608459472656e+00
7.362748146057128906e+00
7.261120319366455078e+00
7.163151264190673828e+00
7.068942070007324219e+00
6.978592872619628906e+00
6.892203807830810547e+00
6.809876441955566406e+00
6.731710433959960938e+00
6.657805919647216797e+00
6.588263988494873047e+00
6.523184776306152344e+00
6.462669372558593750e+00
6.406817436218261719e+00
6.355730056762695312e+00
6.309507369995117188e+00
6.268232345581054688e+00
6.231920242309570312e+00
6.200568199157714844e+00
6.174173831939697266e+00
6.152734279632568359e+00
6.136247158050537109e+00
6.124710083007812500e+00
6.118120670318603516e+00
6.116475582122802734e+00
6.119772911071777344e+00
6.128010272979736328e+00
6.141184806823730469e+00
6.159294128417968750e+00
6.182335376739501953e+00
6.210306167602539062e+00
6.243204116821289062e+00
6.281026840209960938e+00
6.323770999908447266e+00
6.371435165405273438e+00
6.424015998840332031e+00
6.481511116027832031e+00
6.543918132781982422e+00
6.611234188079833984e+00
6.683457374572753906e+00
6.760584354400634766e+00
6.842613220214843750e+00
6.929541110992431641e+00
7.021365642547607422e+00
7.118083477020263672e+00
7.219693660736083984e+00
7.326192855834960938e+00
7.437577247619628906e+00
7.553846836090087891e+00
7.674997329711914062e+00
7.801025867462158203e+00
7.931931495666503906e+00
8.067710876464843750e+00
8.208360671997070312e+00
8.353879928588867188e+00
8.504263877868652344e+00
8.659512519836425781e+00
8.819622039794921875e+00
8.984588623046875000e+00
9.154413223266601562e+00
9.329089164733886719e+00
9.508617401123046875e+00
9.692993164062500000e+00
9.882214546203613281e+00
1.007627964019775391e+01
1.027518463134765625e+01
1.047890949249267578e+01
1.068735408782958984e+01
1.090040016174316406e+01
1.111793041229248047e+01
1.133982658386230469e+01
1.156597137451171875e+01
1.179624557495117188e+01
1.203053092956542969e+01
1.226871204376220703e+01
1.251066780090332031e+01
1.275628185272216797e+01
1.300543594360351562e+01
1.325801086425781250e+01
1.351389122009277344e+01
1.377295494079589844e+01
1.403508853912353516e+01
1.430017185211181641e+01
1.456808567047119141e+01
1.483871364593505859e+01
1.511193847656250000e+01
1.538763904571533203e+01
1.566570091247558594e+01
1.594600391387939453e+01
1.622842979431152344e+01
1.651286125183105469e+01
1.679918098449707031e+01
1.708727073669433594e+01
1.737701225280761719e+01
1.766828536987304688e+01
1.796097373962402344e+01
1.825496101379394531e+01
1.855012893676757812e+01
1.884635543823242188e+01
1.914352798461914062e+01
1.944152450561523438e+01
1.974022865295410156e+01
2.003952217102050781e+01
2.033928680419921875e+01
2.063940429687500000e+01
2.093975830078125000e+01
2.124022674560546875e+01
2.154069709777832031e+01
2.184104728698730469e+01
2.214116287231445312e+01
2.244092178344726562e+01
2.274020767211914062e+01
2.303890228271484375e+01
2.333689117431640625e+01
2.363405036926269531e+01
2.393026351928710938e+01
2.422541618347167969e+01
2.451940155029296875e+01
2.481210708618164062e+01
2.510343170166015625e+01
2.539326477050781250e+01
2.568150138854980469e+01
2.596803283691406250e+01
2.625275421142578125e+01
2.653555679321289062e+01
2.681633567810058594e+01
2.709498405456542969e+01
2.737138938903808594e+01
2.764545440673828125e+01
2.791706466674804688e+01
2.818611717224121094e+01
2.845250511169433594e+01
2.871612167358398438e+01
2.897685623168945312e+01
2.923460197448730469e+01
2.948925971984863281e+01
2.974071311950683594e+01
2.998886299133300781e+01
3.023359680175781250e+01
3.047481155395507812e+01
3.071239662170410156e+01
3.094625091552734375e+01
3.117626190185546875e+01
3.140232467651367188e+01
3.162433433532714844e+01
3.184218025207519531e+01
3.205575561523437500e+01
3.226496124267578125e+01
3.246968078613281250e+01
3.266981124877929688e+01
3.286524963378906250e+01
3.305588150024414062e+01
3.324160385131835938e+01
3.342231369018554688e+01
3.359789276123046875e+01
3.376824569702148438e+01
3.393326187133789062e+01
3.409283447265625000e+01
3.424685668945312500e+01
3.439522171020507812e+01
3.453781890869140625e+01
3.467454910278320312e+01
3.480529785156250000e+01
3.492996215820312500e+01
3.504843139648437500e+01
3.516061019897460938e+01
3.526639938354492188e+01
3.536580657958984375e+01
3.545885848999023438e+01
3.554557800292968750e+01
3.562598800659179688e+01
3.570011520385742188e+01
3.576797866821289062e+01
3.582961273193359375e+01
3.588503265380859375e+01
3.593426132202148438e+01
3.597733306884765625e+01
3.601426315307617188e+01
3.604508209228515625e+01
3.606980895996093750e+01
3.608847045898437500e+01
3.610108947753906250e+01
3.610769271850585938e+01
3.610830307006835938e+01
3.610294342041015625e+01
3.609164047241210938e+01
3.607441711425781250e+01
3.605130004882812500e+01
3.602230834960937500e+01
3.598746871948242188e+01
3.594680786132812500e+01
3.590034866333007812e+01
3.584811782836914062e+01
3.579013442993164062e+01
3.572642517089843750e+01
3.565701675415039062e+01
3.558192443847656250e+01
3.550118637084960938e+01
3.541481781005859375e+01
3.532284545898437500e+01
3.522528839111328125e+01
3.512217712402343750e+01
3.501353836059570312e+01
3.489938735961914062e+01
3.477975845336914062e+01
3.465466690063476562e+01
3.452414321899414062e+01
3.438820648193359375e+01
3.424688720703125000e+01
3.410020446777343750e+01
3.394818496704101562e+01
3.379085159301757812e+01
3.362822723388671875e+01
3.346034240722656250e+01
3.328721618652343750e+01
3.310887527465820312e+01
3.292535781860351562e+01
3.273678588867187500e+01
3.254330062866210938e+01
3.234502792358398438e+01
3.214211273193359375e+01
3.193468666076660156e+01
3.172288894653320312e+01
3.150685691833496094e+01
3.128672409057617188e+01
3.106262969970703125e+01
3.083470916748046875e+01
3.060309791564941406e+01
3.036793136596679688e+01
3.012935447692871094e+01
2.988749504089355469e+01
2.964249038696289062e+01
2.939447975158691406e+01
2.914359855651855469e+01
2.888998413085937500e+01
2.863377380371093750e+01
2.837510108947753906e+01
2.811410522460937500e+01
2.785092544555664062e+01
2.758568763732910156e+01
2.731854057312011719e+01
2.704961776733398438e+01
2.677904891967773438e+01
2.650697708129882812e+01
2.623353576660156250e+01
2.595886421203613281e+01
2.568309974670410156e+01
2.540637397766113281e+01
2.512882804870605469e+01
2.485059547424316406e+01
2.457181358337402344e+01
2.429261970520019531e+01
2.401315116882324219e+01
2.373354339599609375e+01
2.345393371582031250e+01
2.317445755004882812e+01
2.289525032043457031e+01
2.261645317077636719e+01
2.233819770812988281e+01
2.206062316894531250e+01
2.178386497497558594e+01
2.150806045532226562e+01
2.123334503173828125e+01
2.095985794067382812e+01
2.068773269653320312e+01
2.041710472106933594e+01
2.014811134338378906e+01
1.988085365295410156e+01
1.961544036865234375e+01
1.935196685791015625e+01
1.909054374694824219e+01
1.883126640319824219e+01
1.857424354553222656e+01
1.831957435607910156e+01
1.806736183166503906e+01
1.781770896911621094e+01
1.757071685791015625e+01
1.732649040222167969e+01
1.708513259887695312e+01
1.684674263000488281e+01
1.661142730712890625e+01
1.637928390502929688e+01
1.615042114257812500e+01
1.592493820190429688e+01
1.570293807983398438e+01
1.548452377319335938e+01
1.526979732513427734e+01
1.505886173248291016e+01
1.485181713104248047e+01
1.464877128601074219e+01
1.444982242584228516e+01
1.425507640838623047e+01
1.406463241577148438e+01
1.387859630584716797e+01
1.369706821441650391e+01
1.352015209197998047e+01
1.334794902801513672e+01
1.318056392669677734e+01
1.301809787750244141e+01
1.286065387725830078e+01
1.270833396911621094e+01
1.256124210357666016e+01
1.241947841644287109e+01
1.228314781188964844e+01
1.215235233306884766e+01
1.202719497680664062e+01
1.190777683258056641e+01
1.179420185089111328e+01
1.168657207489013672e+01
1.158499050140380859e+01
1.148955917358398438e+01
1.140038108825683594e+01
1.131755924224853516e+01
1.124119472503662109e+01
1.117139148712158203e+01
1.110825252532958984e+01
1.105185508728027344e+01
1.100218772888183594e+01
1.095921230316162109e+01
1.092288970947265625e+01
1.089318656921386719e+01
1.087006187438964844e+01
1.085348033905029297e+01
1.084340381622314453e+01
1.083979701995849609e+01
1.084261989593505859e+01
1.085183715820312500e+01
1.086741161346435547e+01
1.088930416107177734e+01
1.091747951507568359e+01
1.095190143585205078e+01
1.099252891540527344e+01
1.103932762145996094e+01
1.109225940704345703e+01
1.115128803253173828e+01
1.121637439727783203e+01
1.128748321533203125e+01
1.136457538604736328e+01
1.144761562347412109e+01
1.153656482696533203e+01
1.163138675689697266e+01
1.173204517364501953e+01
1.183850097656250000e+01
1.195071792602539062e+01
1.206865978240966797e+01
1.219228649139404297e+01
1.232156276702880859e+01
1.245645141601562500e+01
1.259691524505615234e+01
1.274291610717773438e+01
1.289441680908203125e+01
1.305138111114501953e+01
1.321377182006835938e+01
1.338155078887939453e+01
1.355468177795410156e+01
1.373312759399414062e+01
1.391684818267822266e+01
1.410580921173095703e+01
1.429997444152832031e+01
1.449930286407470703e+01
1.470376110076904297e+01
1.491330909729003906e+01
1.512791156768798828e+01
1.534752941131591797e+01
1.557212734222412109e+01
1.580166625976562500e+01
1.603609275817871094e+01
1.627528381347656250e+01
1.651910018920898438e+01
1.676739692687988281e+01
1.702004051208496094e+01
1.727688407897949219e+01
1.753778839111328125e+01
1.780261611938476562e+01
1.807122611999511719e+01
1.834347534179687500e+01
1.861922454833984375e+01
1.889833259582519531e+01
1.918066215515136719e+01
1.946606826782226562e+01
1.975441551208496094e+01
2.004555892944335938e+01
2.033936119079589844e+01
2.063567924499511719e+01
2.093437385559082031e+01
2.123530387878417969e+01
2.153833198547363281e+01
2.184331512451171875e+01
2.215011215209960938e+01
2.245858383178710938e+01
2.276858901977539062e+01
2.307998847961425781e+01
2.339264106750488281e+01
2.370640563964843750e+01
2.402114295959472656e+01
2.433670997619628906e+01
2.465297126770019531e+01
2.496978187561035156e+01
2.528700256347656250e+01
2.560449409484863281e+01
2.592211341857910156e+01
2.623972320556640625e+01
2.655718231201171875e+01
2.687434959411621094e+01
2.719108200073242188e+01
2.750724411010742188e+01
2.782269096374511719e+01
2.813728713989257812e+01
2.845088768005371094e+01
2.876335334777832031e+01
2.907454299926757812e+01
2.938432121276855469e+01
2.969253921508789062e+01
2.999906158447265625e+01
3.030374908447265625e+01
3.060645866394042969e+01
3.090705490112304688e+01
3.120544052124023438e+01
3.150151634216308594e+01
3.179518699645996094e+01
3.208635330200195312e+01
3.237491989135742188e+01
3.266079711914062500e+01
3.294387817382812500e+01
3.322407150268554688e+01
3.350128936767578125e+01
3.377542114257812500e+01
3.404637908935546875e+01
3.431406784057617188e+01
3.457838821411132812e+01
3.483924102783203125e+01
3.509653854370117188e+01
3.535017776489257812e+01
3.560006713867187500e+01
3.584610366821289062e+01
3.608819961547851562e+01
3.632625579833984375e+01
3.656016921997070312e+01
3.678985977172851562e+01
3.701521301269531250e+01
3.723614120483398438e+01
3.745254898071289062e+01
3.766434097290039062e+01
3.787142181396484375e+01
3.807368850708007812e+01
3.827104949951171875e+01
3.846340942382812500e+01
3.865066909790039062e+01
3.883273696899414062e+01
3.900951385498046875e+01
3.918090438842773438e+01
3.934680938720703125e+01
3.950713729858398438e+01
3.966178894042968750e+01
3.981067276000976562e+01
3.995368576049804688e+01
4.009073638916015625e+01
4.022172546386718750e+01
4.034656143188476562e+01
4.046514511108398438e+01
4.057738113403320312e+01
4.068317031860351562e+01
4.078241729736328125e+01
4.087503051757812500e+01
4.096091461181640625e+01
4.103996276855468750e+01
4.111211395263671875e+01
4.117737960815429688e+01
4.123581314086914062e+01
4.128745651245117188e+01
4.133234786987304688e+01
4.137053680419921875e+01
4.140206909179687500e+01
4.142698287963867188e+01
4.144533157348632812e+01
4.145714950561523438e+01
4.146249008178710938e+01
4.146139144897460938e+01
4.145390319824218750e+01
4.144006347656250000e+01
4.141992568969726562e+01
4.139352035522460938e+01
4.136090850830078125e+01
4.132212066650390625e+01
4.127720642089843750e+01
4.122621154785156250e+01
4.116918182373046875e+01
4.110615539550781250e+01
4.103718185424804688e+01
4.096230316162109375e+01
4.088156127929687500e+01
4.079500961303710938e+01
4.070268630981445312e+01
4.060463333129882812e+01
4.050089645385742188e+01
4.039152526855468750e+01
4.027656173706054688e+01
4.015604400634765625e+01
4.003002548217773438e+01
3.989854431152343750e+01
3.976164627075195312e+01
3.961937713623046875e+01
3.947178268432617188e+01
3.931890106201171875e+01
3.916078567504882812e+01
3.899747467041015625e+01
3.882901000976562500e+01
3.865544128417968750e+01
3.847681808471679688e+01
3.829317092895507812e+01
3.810455322265625000e+01
3.791100692749023438e+01
3.771257781982421875e+01
3.750930786132812500e+01
3.730124664306640625e+01
3.708843231201171875e+01
3.687092971801757812e+01
3.664884185791015625e+01
3.642229843139648438e+01
3.619142532348632812e+01
3.595635223388671875e+01
3.571719741821289062e+01
3.547409057617187500e+01
3.522715377807617188e+01
3.497651290893554688e+01
3.472229766845703125e+01
3.446463394165039062e+01
3.420363998413085938e+01
3.393944549560546875e+01
3.367217636108398438e+01
3.340195465087890625e+01
3.312891387939453125e+01
3.285316848754882812e+01
3.257485580444335938e+01
3.229408645629882812e+01
3.201100540161132812e+01
3.172571754455566406e+01
3.143836021423339844e+01
3.114905929565429688e+01
3.085793495178222656e+01
3.056511878967285156e+01
3.027072906494140625e+01
2.997489547729492188e+01
2.967774391174316406e+01
2.937939643859863281e+01
2.907998275756835938e+01
2.877962493896484375e+01
2.847845077514648438e+01
2.817658424377441406e+01
2.787415122985839844e+01
2.757127952575683594e+01
2.726808929443359375e+01
2.696471023559570312e+01
2.666126441955566406e+01
2.635788154602050781e+01
2.605468368530273438e+01
2.575179862976074219e+01
2.544934844970703125e+01
2.514746284484863281e+01
2.484626579284667969e+01
2.454587936401367188e+01
2.424643325805664062e+01
2.394805145263671875e+01
2.365085983276367188e+01
2.335498237609863281e+01
2.306054687500000000e+01
2.276766777038574219e+01
2.247644424438476562e+01
2.218695449829101562e+01
2.189928627014160156e+01
2.161352729797363281e+01
2.132976150512695312e+01
2.104807090759277344e+01
2.076854515075683594e+01
2.049126815795898438e+01
2.021632575988769531e+01
1.994380187988281250e+01
1.967378234863281250e+01
1.940635299682617188e+01
1.914159965515136719e+01
1.887960433959960938e+01
1.862045669555664062e+01
1.836424064636230469e+01
1.811104011535644531e+01
1.786094284057617188e+01
1.761403274536132812e+01
1.737039375305175781e+01
1.713011360168457031e+01
1.689327812194824219e+01
1.665996742248535156e+01
1.643027305603027344e+01
1.620427703857421875e+01
1.598206615447998047e+01
1.576372528076171875e+01
1.554933929443359375e+01
1.533899402618408203e+01
1.513277339935302734e+01
1.493076419830322266e+01
1.473305225372314453e+01
1.453972053527832031e+01
1.435085773468017578e+01
1.416654682159423828e+01
1.398687362670898438e+01
1.381192302703857422e+01
1.364178085327148438e+01
1.347653198242187500e+01
1.331626319885253906e+01
1.316105747222900391e+01
1.301100254058837891e+01
1.286618232727050781e+01
1.272668266296386719e+01
1.259258842468261719e+01
1.246398448944091797e+01
1.234095764160156250e+01
1.222359275817871094e+01
1.211197471618652344e+01
1.200616836547851562e+01
1.190615844726562500e+01
1.181190776824951172e+01
1.172338294982910156e+01
1.164054489135742188e+01
1.156335926055908203e+01
1.149178981781005859e+01
1.142580032348632812e+01
1.136535549163818359e+01
1.131041717529296875e+01
1.126095104217529297e+01
1.121692085266113281e+01
1.117829036712646484e+01
1.114502334594726562e+01
1.111708450317382812e+01
1.109443759918212891e+01
1.107704544067382812e+01
1.106487274169921875e+01
1.105788326263427734e+01
1.105604171752929688e+01
1.105931186676025391e+01
1.106765651702880859e+01
1.108104133605957031e+01
1.109942817687988281e+01
1.112278366088867188e+01
1.115106964111328125e+01
1.118425083160400391e+01
1.122229003906250000e+01
1.126515293121337891e+01
1.131280326843261719e+01
1.136520481109619141e+01
1.142232036590576172e+01
1.148411369323730469e+01
1.155055141448974609e+01
1.162159538269042969e+01
1.169721031188964844e+01
1.177735996246337891e+01
1.186200809478759766e+01
1.195111751556396484e+01
1.204465484619140625e+01
1.214258193969726562e+01
1.224486351013183594e+01
1.235146427154541016e+01
1.246234607696533203e+01
1.257747459411621094e+01
1.269681358337402344e+01
1.282032680511474609e+01
1.294797801971435547e+01
1.307973098754882812e+01
1.321555042266845703e+01
1.335538768768310547e+01
1.349914741516113281e+01
1.364672470092773438e+01
1.379800891876220703e+01
1.395289421081542969e+01
1.411127376556396484e+01
1.427304172515869141e+01
1.443808841705322266e+01
1.460630893707275391e+01
1.477759361267089844e+01
1.495183753967285156e+01
1.512893295288085938e+01
1.530877399444580078e+01
1.549125099182128906e+01
1.567625808715820312e+01
1.586368751525878906e+01
1.605343246459960938e+01
1.624538612365722656e+01
1.643944358825683594e+01
1.663549232482910156e+01
1.683342933654785156e+01
1.703314590454101562e+01
1.723453712463378906e+01
1.743749237060546875e+01
1.764190483093261719e+01
1.784767150878906250e+01
1.805468177795410156e+01
1.826282691955566406e+01
1.847200584411621094e+01
1.868210411071777344e+01
1.889301872253417969e+01
1.910464477539062500e+01
1.931686782836914062e+01
1.952958869934082031e+01
1.974269485473632812e+01
1.995608139038085938e+01
2.016964149475097656e+01
2.038326644897460938e+01
2.059684944152832031e+01
2.081028556823730469e+01
2.102346420288085938e+01
2.123628044128417969e+01
2.144862747192382812e+01
2.166039848327636719e+01
2.187148284912109375e+01
2.208177566528320312e+01
2.229117012023925781e+01
2.249955940246582031e+01
2.270683670043945312e+01
2.291289329528808594e+01
2.311762809753417969e+01
2.332096862792968750e+01
2.352284431457519531e+01
2.372318649291992188e+01
2.392192840576171875e+01
2.411899757385253906e+01
2.431432914733886719e+01
2.450785255432128906e+01
2.469949913024902344e+01
2.488920021057128906e+01
2.507688903808593750e+01
2.526249504089355469e+01
2.544594955444335938e+01
2.562718582153320312e+01
2.580613136291503906e+01
2.598272323608398438e+01
2.615688705444335938e+01
2.632855606079101562e+01
2.649766349792480469e+01
2.666413879394531250e+01
2.682791519165039062e+01
2.698892211914062500e+01
2.714709091186523438e+01
2.730235290527343750e+01
2.745463943481445312e+01
2.760388755798339844e+01
2.775001907348632812e+01
2.789296913146972656e+01
2.803267097473144531e+01
2.816905593872070312e+01
2.830205154418945312e+01
2.843159675598144531e+01
2.855761528015136719e+01
2.868003845214843750e+01
2.879880332946777344e+01
2.891383552551269531e+01
2.902507019042968750e+01
2.913243865966796875e+01
2.923586845397949219e+01
2.933529663085937500e+01
2.943065071105957031e+01
2.952186393737792969e+01
2.960886383056640625e+01
2.969158935546875000e+01
2.976996231079101562e+01
2.984391975402832031e+01
2.991339302062988281e+01
2.997831153869628906e+01
3.003860473632812500e+01
3.009420967102050781e+01
3.014507484436035156e+01
3.019120407104492188e+01
3.023263549804687500e+01
3.026939392089843750e+01
3.030151557922363281e+01
3.032902145385742188e+01
3.035194778442382812e+01
3.037032318115234375e+01
3.038417434692382812e+01
3.039353370666503906e+01
3.039843177795410156e+01
3.039889526367187500e+01
3.039495468139648438e+01
3.038664054870605469e+01
3.037398529052734375e+01
3.035700988769531250e+01
3.033575248718261719e+01
3.031024169921875000e+01
3.028050613403320312e+01
3.024657058715820312e+01
3.020847129821777344e+01
3.016623878479003906e+01
3.011989593505859375e+01
3.006947898864746094e+01
3.001501083374023438e+01
2.995652961730957031e+01
2.989406013488769531e+01
2.982762908935546875e+01
2.975727081298828125e+01
2.968301582336425781e+01
2.960489082336425781e+01
2.952292633056640625e+01
2.943715476989746094e+01
2.934760093688964844e+01
2.925429725646972656e+01
2.915727424621582031e+01
2.905655670166015625e+01
2.895217895507812500e+01
2.884417343139648438e+01
2.873256301879882812e+01
2.861738395690917969e+01
2.849865722656250000e+01
2.837642288208007812e+01
2.825070190429687500e+01
2.812153053283691406e+01
2.798893547058105469e+01
2.785294342041015625e+01
2.771358871459960938e+01
2.757089996337890625e+01
2.742490768432617188e+01
2.727565002441406250e+01
2.712320137023925781e+01
2.696764945983886719e+01
2.680908393859863281e+01
2.664758872985839844e+01
2.648324966430664062e+01
2.631615447998046875e+01
2.614638710021972656e+01
2.597403717041015625e+01
2.579918861389160156e+01
2.562192916870117188e+01
2.544234466552734375e+01
2.526052093505859375e+01
2.507654571533203125e+01
2.489050292968750000e+01
2.470248222351074219e+01
2.451256752014160156e+01
2.432084655761718750e+01
2.412740516662597656e+01
2.393232917785644531e+01
2.373570632934570312e+01
2.353762054443359375e+01
2.333816146850585938e+01
2.313741302490234375e+01
2.293546295166015625e+01
2.273239517211914062e+01
2.252830123901367188e+01
2.232326126098632812e+01
2.211736488342285156e+01
2.191069793701171875e+01
2.170334815979003906e+01
2.149540138244628906e+01
2.128694152832031250e+01
2.107805824279785156e+01
2.086883544921875000e+01
2.065935897827148438e+01
2.044972038269042969e+01
2.023999977111816406e+01
2.003028678894042969e+01
1.982066535949707031e+01
1.961122512817382812e+01
1.940205192565917969e+01
1.919322967529296875e+01
1.898484802246093750e+01
1.877698898315429688e+01
1.856974220275878906e+01
1.836319541931152344e+01
1.815743064880371094e+01
1.795253753662109375e+01
1.774860000610351562e+01
1.754570198059082031e+01
1.734390258789062500e+01
1.714326095581054688e+01
1.694382858276367188e+01
1.674566459655761719e+01
1.654882621765136719e+01
1.635336685180664062e+01
1.615934562683105469e+01
1.596681499481201172e+01
1.577583408355712891e+01
1.558645725250244141e+01
1.539874267578125000e+01
1.521274471282958984e+01
1.502851963043212891e+01
1.484612464904785156e+01
1.466561508178710938e+01
1.448704814910888672e+01
1.431047821044921875e+01
1.413596343994140625e+01
1.396355724334716797e+01
1.379331970214843750e+01
1.362530326843261719e+01
1.345956516265869141e+01
1.329616355895996094e+01
1.313515186309814453e+01
1.297658824920654297e+01
1.282052707672119141e+01
1.266702651977539062e+01
1.251614093780517578e+01
1.236792755126953125e+01
1.222244167327880859e+01
1.207973957061767578e+01
1.193987941741943359e+01
1.180291461944580078e+01
1.166890239715576172e+01
1.153789997100830078e+01
1.140996170043945312e+01
1.128514385223388672e+01
1.116350460052490234e+01
1.104509735107421875e+01
1.092998123168945312e+01
1.081820964813232422e+01
1.070984077453613281e+01
1.060492992401123047e+01
1.050353240966796875e+01
1.040570545196533203e+01
1.031150531768798828e+01
1.022098731994628906e+01
1.013420867919921875e+01
1.005122470855712891e+01
9.972078323364257812e+00
9.896755218505859375e+00
9.825226783752441406e+00
9.757467269897460938e+00
9.693446159362792969e+00
9.633138656616210938e+00
9.576514244079589844e+00
9.523547172546386719e+00
9.474207878112792969e+00
9.428470611572265625e+00
9.386304855346679688e+00
9.347685813903808594e+00
9.312583923339843750e+00
9.280970573425292969e+00
9.252820014953613281e+00
9.228103637695312500e+00
9.206793785095214844e+00
9.188861846923828125e+00
9.174280166625976562e+00
9.163022041320800781e+00
9.155057907104492188e+00
9.150362014770507812e+00
9.148904800415039062e+00
9.150659561157226562e+00
9.155597686767578125e+00
9.163692474365234375e+00
9.174915313720703125e+00
9.189238548278808594e+00
9.206633567810058594e+00
9.227073669433593750e+00
9.250531196594238281e+00
9.276977539062500000e+00
9.306385040283203125e+00
9.338726997375488281e+00
9.373973846435546875e+00
9.412098884582519531e+00
9.453074455261230469e+00
9.496870994567871094e+00
9.543463706970214844e+00
9.592822074890136719e+00
9.644919395446777344e+00
9.699728012084960938e+00
9.757219314575195312e+00
9.817366600036621094e+00
9.880142211914062500e+00
9.945517539978027344e+00
1.001346397399902344e+01
1.008395576477050781e+01
1.015696334838867188e+01
1.023246002197265625e+01
1.031041336059570312e+01
1.039077854156494141e+01
1.047350597381591797e+01
1.055854701995849609e+01
1.064585208892822266e+01
1.073537158966064453e+01
1.082705688476562500e+01
1.092085838317871094e+01
1.101672744750976562e+01
1.111461353302001953e+01
1.121446895599365234e+01
1.131624317169189453e+01
1.141988849639892578e+01
1.152535343170166016e+01
1.163259124755859375e+01
1.174155235290527344e+01
1.185218524932861328e+01
1.196444416046142578e+01
1.207827568054199219e+01
1.219363498687744141e+01
1.231047058105468750e+01
1.242873191833496094e+01
1.254837226867675781e+01
1.266934204101562500e+01
1.279159069061279297e+01
1.291506958007812500e+01
1.303973007202148438e+01
1.316552257537841797e+01
1.329239845275878906e+01
1.342030715942382812e+01
1.354920005798339844e+01
1.367902851104736328e+01
1.380974292755126953e+01
1.394129276275634766e+01
1.407363224029541016e+01
1.420670795440673828e+01
1.434047412872314453e+01
1.447487926483154297e+01
1.460987663269042969e+01
1.474541282653808594e+01
1.488144207000732422e+01
1.501791477203369141e+01
1.515478134155273438e+01
1.529199218750000000e+01
1.542949867248535156e+01
1.556725120544433594e+01
1.570520019531250000e+01
1.584329509735107422e+01
1.598149108886718750e+01
1.611973571777343750e+01
