# pp
1.613057529998242466e-07
2.466670233759809567e-07
3.216535039581795253e-07
3.872435082887623580e-07
4.445713166235884342e-07
4.949002613146621636e-07
5.392475710720548077e-07
5.784883076072658590e-07
6.132256023213291751e-07
6.441842787656714579e-07
6.716530792311666281e-07
6.960238244521283032e-07
7.177141189121401298e-07
7.369941010261463031e-07
7.540979982275218904e-07
7.692638600920035215e-07
7.827056407321225108e-07
7.945370902652266077e-07
8.048627478158549160e-07
8.138505125324954179e-07
8.216640825279490164e-07
8.283869917483201630e-07
8.340884317967298302e-07
8.388603890710631165e-07
8.427959099705298075e-07
8.459694861048751585e-07
8.484402536886404434e-07
8.502244821450152222e-07
8.513429966241817692e-07
8.518777119756427081e-07
8.519131675463838538e-07
8.514833109740000509e-07
8.506119373024250175e-07
8.493328229103373464e-07
8.476809197208412139e-07
8.456859004999987852e-07
8.433743896708811171e-07
8.407660974416365273e-07
8.378790054666826752e-07
8.347312862354434126e-07
8.313418755773673596e-07
8.277299001569105991e-07
8.239144866385281553e-07
8.199147616866753697e-07
8.157487735641231801e-07
8.114302569269032138e-07
8.069718680293625880e-07
8.023862631258487377e-07
7.976860984707080391e-07
7.928832540978008477e-07
7.879865051590365551e-07
7.830038505858380030e-07
7.779432893096272916e-07
7.728128202618269451e-07
7.676198833089143848e-07
7.623696820575871508e-07
7.570668610495975750e-07
7.517160648266984126e-07
7.463219379306416775e-07
7.408894951228429451e-07
7.354252320433672701e-07
7.299360145519430566e-07
7.244287085082983911e-07
7.189101797721610423e-07
7.133866616482287247e-07
7.078618572210755463e-07
7.023388370202453491e-07
6.968206715752815514e-07
6.913104314157278893e-07
6.858107673528717564e-07
6.803226513249745411e-07
6.748466355520416074e-07
6.693832722540785307e-07
6.639331136510902513e-07
6.584970372064860644e-07
6.530772213572895083e-07
6.476761697839286881e-07
6.422963861668309677e-07
6.369403741864241345e-07
6.316104877562381577e-07
6.263084817222119456e-07
6.210359611633870115e-07
6.157945311588047633e-07
6.105857967875063967e-07
6.054112086689222016e-07
6.002715995840369376e-07
5.951676478542246700e-07
5.901000318008588288e-07
5.850694297453130557e-07
5.800764349843351071e-07
5.751213007161676093e-07
5.702041951144268796e-07
5.653252863527295531e-07
5.604847426046917352e-07
5.556827320439303787e-07
5.509194228440614832e-07
5.461949831787017895e-07
5.415095812214678269e-07
5.368633851459757008e-07
5.322565631258421522e-07
5.276892833346833924e-07
5.231617139461161624e-07
5.186740231337566736e-07
5.142263790712215610e-07
5.098189499321271420e-07
5.054519038900899456e-07
5.011254091187265009e-07
4.968396337916529136e-07
4.925947460824861362e-07
4.883908475349871707e-07
4.842277731734973454e-07
4.801052913925023558e-07
4.760231705864884266e-07
4.719811791499411474e-07
4.679790854773468486e-07
4.640166579631914905e-07
4.600936650019607683e-07
4.562098749881409068e-07
4.523650563162176544e-07
4.485589773806772357e-07
4.447914065760053991e-07
4.410621122966881576e-07
4.373708629372115771e-07
4.337174268920615119e-07
4.301015725557240278e-07
4.265230683226849261e-07
4.229816825874304315e-07
4.194771837444462395e-07
4.160093401882185218e-07
4.125779031770685542e-07
4.091825554246594577e-07
4.058229625084897219e-07
4.024987900060579953e-07
3.992097034948624498e-07
3.959553685524018927e-07
3.927354507561747079e-07
3.895496156836794377e-07
3.863975289124145190e-07
3.832788560198785473e-07
3.801932625835700121e-07
3.771404141809873501e-07
3.741199763896291569e-07
3.711316147869938163e-07
3.681749949505799766e-07
3.652497824578860745e-07
3.623556428864104939e-07
3.594922418136520419e-07
3.566592448171089435e-07
3.538563174742797942e-07
3.510831355746371913e-07
3.483394157555498981e-07
3.456248848663608385e-07
3.429392697564128305e-07
3.402822972750488510e-07
3.376536942716116121e-07
3.350531875954440905e-07
3.324805040958892104e-07
3.299353706222897366e-07
3.274175140239884872e-07
3.249266611503285450e-07
3.224625388506525692e-07
3.200248739743035894e-07
3.176133933706244239e-07
3.152278238889579434e-07
3.128678923786470190e-07
3.105333256890345216e-07
3.082238506694633222e-07
3.059391941692762388e-07
3.036790830378163011e-07
3.014432441244262214e-07
2.992314042784489235e-07
2.970432903492273314e-07
2.948786291861043159e-07
2.927371476384226422e-07
2.906185747276972875e-07
2.885226481641309134e-07
2.864491078300983935e-07
2.843976936079743899e-07
2.823681453801337763e-07
2.803602030289512146e-07
2.783736064368014726e-07
2.764080954860593712e-07
2.744634100590996252e-07
2.725392900382970025e-07
2.706354753060263238e-07
2.687517057446621982e-07
2.668877212365795524e-07
2.650432616641529953e-07
2.632180669097574537e-07
2.614118768557675894e-07
2.596244313845580644e-07
2.578554703785038584e-07
2.561047337199795804e-07
2.543719612913599981e-07
2.526568929750199325e-07
2.509592686533341512e-07
2.492788282086773163e-07
2.476153115234242486e-07
2.459684584799497688e-07
2.443380263808010411e-07
2.427238422092152382e-07
2.411257503686021409e-07
2.395435952623714241e-07
2.379772212939327362e-07
2.364264728666957522e-07
2.348911943840702529e-07
2.333712302494658337e-07
2.318664248662921961e-07
2.303766226379590678e-07
2.289016679678761239e-07
2.274414052594530391e-07
2.259956789160995414e-07
2.245643333412252527e-07
2.231472129382399539e-07
2.217441621105532668e-07
2.203550252615748929e-07
2.189796467947144807e-07
2.176178711133818373e-07
2.162695426209865318e-07
2.149345057209383185e-07
2.136126048166468988e-07
2.123036843115219212e-07
2.110075886089730341e-07
2.097241621124100182e-07
2.084532492252425485e-07
2.071946943508802735e-07
2.059483418927328945e-07
2.047140362542100864e-07
2.034916218387215770e-07
2.022809430496770678e-07
2.010818442904861543e-07
1.998941699645586702e-07
1.987177644753041315e-07
1.975524722261323985e-07
1.963981376204530667e-07
1.952546050616758109e-07
1.941217189532103591e-07
1.929993236984663862e-07
1.918872637008536199e-07
1.907853833637816824e-07
1.896935270906603278e-07
1.886115392848992311e-07
1.875392643499080143e-07
1.864765466890964581e-07
1.854232307058741846e-07
1.843791608036509481e-07
1.833441813858363704e-07
1.823181368558402060e-07
1.813008716170720769e-07
1.802922433148159335e-07
1.792921625618524325e-07
1.783005532128366117e-07
1.773173391224232975e-07
1.763424441452674749e-07
1.753757921360241026e-07
1.744173069493480332e-07
1.734669124398941990e-07
1.725245324623176114e-07
1.715900908712731497e-07
1.706635115214157195e-07
1.697447182674003324e-07
1.688336349638817883e-07
1.679301854655151514e-07
1.670342936269553012e-07
1.661458833028571432e-07
1.652648783478756360e-07
1.643912026166656854e-07
1.635247799638821970e-07
1.626655342441802088e-07
1.618133893122145471e-07
1.609682690226402234e-07
1.601300972301120641e-07
1.592987977892851070e-07
1.584742945548141785e-07
1.576565113813542901e-07
1.568453721235603476e-07
1.560408006360872829e-07
1.552427207735900019e-07
1.544510563907234631e-07
1.536657313421425987e-07
1.528866694825023408e-07
1.521137946664575686e-07
1.513470307486632936e-07
1.505863015837743687e-07
1.498315310264457523e-07
1.490826429313323767e-07
1.483395611530892004e-07
1.476022095463711291e-07
1.468705119658330950e-07
1.461443922661300038e-07
1.454237743019168405e-07
1.447085819278484842e-07
1.439987389985798673e-07
1.432941693687659747e-07
1.425947968930616856e-07
1.419005454261219322e-07
1.412113388226016466e-07
1.405271009371557610e-07
1.398477556244392605e-07
1.391732329415550142e-07
1.385034877553980635e-07
1.378384811353114397e-07
1.371781741506381212e-07
1.365225278707212451e-07
1.358715033649037105e-07
1.352250617025286015e-07
1.345831639529389760e-07
1.339457711854777859e-07
1.333128444694881419e-07
1.326843448743129694e-07
1.320602334692953792e-07
1.314404713237783762e-07
1.308250195071049651e-07
1.302138390886181773e-07
1.296068911376610706e-07
1.290041367235766233e-07
1.284055369157079197e-07
1.278110527833979118e-07
1.272206453959896573e-07
1.266342758228262139e-07
1.260519051332506131e-07
1.254734943966057538e-07
1.248990046822348525e-07
1.243283970594807819e-07
1.237616325976866525e-07
1.231986723661954693e-07
1.226394774343502901e-07
1.220840088714940138e-07
1.215322277469698305e-07
1.209840951301206658e-07
1.204395720902895508e-07
1.198986196968195964e-07
1.193611990190537280e-07
1.188272711263349769e-07
1.182967970880064538e-07
1.177697379734111106e-07
1.172460548518919920e-07
1.167257087927921291e-07
1.162086608654545533e-07
1.156948721392222695e-07
1.151843036834383223e-07
1.146769165674457428e-07
1.141726718605875361e-07
1.136715306322067466e-07
1.131734539516463792e-07
1.126784028882494652e-07
1.121863385113590492e-07
1.116972218903181492e-07
1.112110140944697966e-07
1.107276794840126760e-07
1.102471955825681387e-07
1.097695432046132685e-07
1.092947031646250834e-07
1.088226562770806408e-07
1.083533833564569584e-07
1.078868652172310939e-07
1.074230826738800649e-07
1.069620165408809554e-07
1.065036476327107834e-07
1.060479567638466061e-07
1.055949247487654282e-07
1.051445324019443337e-07
1.046967605378603404e-07
1.042515899709904792e-07
1.038090015158118209e-07
1.033689759868013966e-07
1.029314941984362373e-07
1.024965369651934004e-07
1.020640851015499170e-07
1.016341194219828314e-07
1.012066207409691878e-07
1.007815698729860305e-07
1.003589476325103905e-07
9.993873483401929882e-08
9.952091229198982623e-08
9.910546082089901697e-08
9.869236123522388884e-08
9.828159434944147287e-08
9.787314097802885301e-08
9.746698193546303384e-08
9.706309803622108608e-08
9.666147009478002753e-08
9.626207892561691568e-08
9.586490534320875510e-08
9.546993016203266945e-08
9.507713419656559711e-08
9.468649826128464853e-08
9.429800317066685473e-08
9.391162973918925998e-08
9.352735878132888207e-08
9.314517111156279172e-08
9.276504754436799351e-08
9.238696889422157139e-08
9.201091597560055639e-08
9.163686960298195307e-08
9.126481059084283217e-08
9.089471975366025119e-08
9.052657790591122790e-08
9.016036586207281982e-08
8.979606594504789718e-08
8.943366651144274003e-08
8.907315742628946761e-08
8.871452855462021242e-08
8.835776976146706723e-08
8.800287091186213807e-08
8.764982187083758389e-08
8.729861250342549748e-08
8.694923267465799809e-08
8.660167224956721820e-08
8.625592109318525060e-08
8.591196907054424102e-08
8.556980604667628224e-08
8.522942188661350673e-08
8.489080645538800730e-08
8.455394961803195613e-08
8.421884123957741953e-08
8.388547118505652999e-08
8.355382931950140676e-08
8.322390550794416911e-08
8.289568961541694950e-08
8.256917150695184074e-08
8.224434104758096207e-08
8.192118810233644598e-08
8.159970253625039848e-08
8.127987421435495207e-08
8.096169300168221277e-08
8.064514876326429982e-08
8.033023136413333248e-08
8.001693066932141677e-08
7.970523654386071164e-08
7.939513885278328341e-08
7.908662746112126457e-08
7.877969223390680084e-08
7.847432303617195853e-08
7.817050973294890984e-08
7.786824218926973431e-08
7.756751027016656444e-08
7.726830384067153270e-08
7.697061276581671865e-08
7.667442691063428125e-08
7.637973614015630004e-08
7.608653031941493398e-08
7.579479931344226262e-08
7.550453298727043169e-08
7.521572120593153396e-08
7.492835383445770193e-08
7.464242073788105484e-08
7.435791178123372518e-08
7.407481682954779251e-08
7.379312623038200140e-08
7.351283226140150505e-08
7.323392768279802904e-08
7.295640525476335190e-08
7.268025773748921245e-08
7.240547789116736275e-08
7.213205847598954161e-08
7.185999225214751433e-08
7.158927197983301972e-08
7.131989041923783631e-08
7.105184033055367644e-08
7.078511447397229218e-08
7.051970560968546205e-08
7.025560649788493810e-08
6.999280989876241945e-08
6.973130857250972432e-08
6.947109527931855184e-08
6.921216277938068052e-08
6.895450383288786242e-08
6.869811120003182313e-08
6.844297764100431471e-08
6.818909591599712890e-08
6.793645878520197806e-08
6.768505900881062748e-08
6.743488934701481598e-08
6.718594256000629562e-08
6.693821140797683168e-08
6.669168865111816298e-08
6.644636704962202835e-08
6.620223936368021954e-08
6.595929835348442243e-08
6.571753677922645526e-08
6.547694740109803036e-08
6.523752297929091304e-08
6.499925627399681565e-08
6.476214004540754317e-08
6.452616705371482119e-08
6.429133005911040176e-08
6.405762182178602372e-08
6.382503510193346557e-08
6.359356265974442644e-08
6.336319725541071132e-08
6.313393164912405903e-08
6.290575860107619515e-08
6.267867087145889822e-08
6.245266122046390704e-08
6.222772240828296044e-08
6.200384719510782371e-08
6.178102834113024890e-08
6.155925860654197484e-08
6.133853117352709729e-08
6.111884091223903396e-08
6.090018311482355950e-08
6.068255307342644858e-08
6.046594608019343614e-08
6.025035742727029684e-08
6.003578240680280533e-08
5.982221631093670981e-08
5.960965443181779815e-08
5.939809206159183180e-08
5.918752449240453906e-08
5.897794701640171447e-08
5.876935492572911282e-08
5.856174351253250214e-08
5.835510806895763725e-08
5.814944388715031265e-08
5.794474625925625005e-08
5.774101047742123736e-08
5.753823183379103599e-08
5.733640562051140074e-08
5.713552712972809965e-08
5.693559165358692723e-08
5.673659448423359197e-08
5.653853091381388837e-08
5.634139623447359108e-08
5.614518573835843506e-08
5.594989471761422144e-08
5.575551846438667855e-08
5.556205227082158105e-08
5.536949142906470358e-08
5.517783123126180758e-08
5.498706696955864122e-08
5.479719393610099241e-08
5.460820742303460932e-08
5.442010272250525338e-08
5.423287512665869925e-08
5.404651992764070833e-08
5.386103241759703545e-08
5.367640788867345526e-08
5.349264163301573578e-08
5.330972894276962522e-08
5.312766511008089822e-08
5.294644542709532283e-08
5.276606518595864061e-08
5.258651967881663946e-08
5.240780419781508741e-08
5.222991403509971942e-08
5.205284448281632337e-08
5.187659083311066069e-08
5.170114837812848618e-08
5.152651258191336064e-08
5.135267959609998281e-08
5.117964574422085742e-08
5.100740734980847598e-08
5.083596073639532998e-08
5.066530222751391755e-08
5.049542814669675003e-08
5.032633481747629245e-08
5.015801856338506279e-08
4.999047570795555254e-08
4.982370257472023997e-08
4.965769548721164967e-08
4.949245076896226652e-08
4.932796474350456878e-08
4.916423373437107442e-08
4.900125406509426833e-08
4.883902205920664201e-08
4.867753404024070680e-08
4.851678633172894098e-08
4.835677525720384927e-08
4.819749714019792319e-08
4.803894830424366745e-08
4.788112507287356034e-08
4.772402376962011319e-08
4.756764071801581090e-08
4.741197224159315157e-08
4.725701466388464657e-08
4.710276430842276754e-08
4.694921749874001260e-08
4.679637055836889971e-08
4.664421981084190714e-08
4.649276157969152640e-08
4.634199218845026221e-08
4.619190796065061270e-08
4.604250521982505613e-08
4.589378028950611046e-08
4.574572949322624735e-08
4.559834915451799139e-08
4.545163559691382083e-08
4.530558514394622057e-08
4.516019411914770195e-08
4.501545884605076970e-08
4.487137564818789549e-08
4.472794084909159065e-08
4.458515077229434007e-08
4.444300174132864187e-08
4.430149007972700078e-08
4.416061211102190830e-08
4.402036415874584932e-08
4.388074254643133519e-08
4.374174374014743095e-08
4.360336477610952231e-08
4.346560283306956852e-08
4.332845508977954867e-08
4.319191872499140879e-08
4.305599091745712136e-08
4.292066884592863901e-08
4.278594968915794746e-08
4.265183062589698611e-08
4.251830883489774068e-08
4.238538149491215718e-08
4.225304578469220148e-08
4.212129888298983284e-08
4.199013796855704358e-08
4.185956022014575325e-08
4.172956281650796743e-08
4.160014293639562551e-08
4.147129775856068675e-08
4.134302446175512362e-08
4.121532022473090199e-08
4.108818222623998774e-08
4.096160764503433349e-08
4.083559365986591835e-08
4.071013744948667509e-08
4.058523619264860930e-08
4.046088706810364712e-08
4.033708725460378090e-08
4.021383393090095666e-08
4.009112427574714026e-08
3.996895546789429095e-08
3.984732468609438783e-08
3.972622910909938353e-08
3.960566591566124393e-08
3.948563228453192827e-08
3.936612539446340242e-08
3.924714242420763887e-08
3.912868055251658362e-08
3.901073695814222240e-08
3.889330881983648800e-08
3.877639331635137274e-08
3.865998762643882264e-08
3.854408892885081680e-08
3.842869440233929463e-08
3.831380122565624845e-08
3.819940657755362429e-08
3.808550763678338801e-08
3.797210158209749886e-08
3.785918559224792932e-08
3.774675684598663865e-08
3.763481252206559271e-08
3.752334989617843411e-08
3.741236663178559840e-08
3.730186048928914494e-08
3.719182922909119926e-08
3.708227061159384058e-08
3.697318239719918780e-08
3.686456234630931352e-08
3.675640821932633664e-08
3.664871777665234300e-08
3.654148877868944489e-08
3.643471898583971490e-08
3.632840615850527195e-08
3.622254805708819524e-08
3.611714244199060368e-08
3.601218707361457650e-08
3.590767971236222597e-08
3.580361811863564455e-08
3.570000005283691805e-08
3.559682327536815879e-08
3.549408554663145919e-08
3.539178462702891833e-08
3.528991827696263525e-08
3.518848425683470241e-08
3.508748032704720564e-08
3.498690424800227045e-08
3.488675378010198268e-08
3.478702668374843477e-08
3.468772071934373241e-08
3.458883364728995479e-08
3.449036322798921421e-08
3.439230722184361636e-08
3.429466338925524705e-08
3.419742949062620536e-08
3.410060328635858371e-08
3.400418253685448780e-08
3.390816500251601668e-08
3.381254844374526942e-08
3.371733062094433183e-08
3.362250929451530960e-08
3.352808222486028855e-08
3.343404717238138098e-08
3.334040189748068595e-08
3.324714416056029590e-08
3.315427172202229667e-08
3.306178234226880715e-08
3.296967378170191319e-08
3.287794380072370060e-08
3.278659015973628829e-08
3.269561061914177534e-08
3.260500293934223432e-08
3.251476495583980976e-08
3.242489480453668900e-08
3.233539069643513131e-08
3.224625084253736288e-08
3.215747345384560989e-08
3.206905674136211175e-08
3.198099891608910127e-08
3.189329818902881125e-08
3.180595277118346787e-08
3.171896087355531717e-08
3.163232070714659195e-08
3.154603048295951839e-08
3.146008841199633592e-08
3.137449270525927070e-08
3.128924157375056879e-08
3.120433322847246297e-08
3.111976588042717283e-08
3.103553774061694438e-08
3.095164702004400382e-08
3.086809192971059057e-08
3.078487068061893741e-08
3.070198148377128379e-08
3.061942255016984925e-08
3.053719209081687983e-08
3.045528831671460172e-08
3.037370943886524772e-08
3.029245366827107049e-08
3.021151921593427634e-08
3.013090429285710471e-08
3.005060711004181486e-08
2.997062587849060650e-08
2.989095880920573891e-08
2.981160411318943166e-08
2.973256000144392084e-08
2.965382468497143927e-08
2.957539637477423628e-08
2.949727328185452152e-08
2.941945361721454102e-08
2.934193559185653090e-08
2.926471741678272063e-08
2.918779730299533642e-08
2.911117346149663090e-08
2.903484410328882696e-08
2.895880743937415409e-08
2.888306168075485171e-08
2.880760503843315591e-08
2.873243572341128959e-08
2.865755194669149878e-08
2.858295191927601627e-08
2.850863385216706494e-08
2.843459602560267903e-08
2.836083699676405551e-08
2.828735539206817958e-08
2.821414983793204963e-08
2.814121896077263763e-08
2.806856138700694528e-08
2.799617574305195777e-08
2.792406065532466028e-08
2.785221475024204792e-08
2.778063665422110918e-08
2.770932499367882592e-08
2.763827839503219325e-08
2.756749548469819636e-08
2.749697488909383034e-08
2.742671523463607046e-08
2.735671514774192505e-08
2.728697325482836606e-08
2.721748818231238529e-08
2.714825855661098115e-08
2.707928300414113220e-08
2.701056015131982693e-08
2.694208862456406707e-08
2.687386705029082787e-08
2.680589405491710775e-08
2.673816826485988195e-08
2.667068830653615551e-08
2.660345280636290700e-08
2.653646039075712821e-08
2.646970968613580101e-08
2.640319931891593374e-08
2.633692791551448843e-08
2.627089410234847672e-08
2.620509650583487386e-08
2.613953375239067497e-08
2.607420446843286852e-08
2.600910728037843640e-08
2.594424081464437702e-08
2.587960369764767555e-08
2.581519455580531718e-08
2.575101201553429701e-08
2.568705470325159361e-08
2.562332124537420870e-08
2.555981026831912414e-08
2.549652039850332844e-08
2.543345026234381669e-08
2.537059848625756746e-08
2.530796369666156924e-08
2.524554451997282375e-08
2.518333958260830955e-08
2.512134751098502175e-08
2.505956699676917647e-08
2.499799699262393348e-08
2.493663651646167686e-08
2.487548458619480393e-08
2.481454021973570541e-08
2.475380243499675875e-08
2.469327024989036791e-08
2.463294268232891366e-08
2.457281875022478670e-08
2.451289747149038436e-08
2.445317786403808410e-08
2.439365894578028657e-08
2.433433973462937253e-08
2.427521924849773601e-08
2.421629650529776771e-08
2.415757052294185833e-08
2.409904031934239527e-08
2.404070491241176261e-08
2.398256332006236100e-08
2.392461456020657782e-08
2.386685765075679054e-08
2.380929160962540643e-08
2.375191545472480293e-08
2.369472820396737077e-08
2.363772887526550726e-08
2.358091648653159649e-08
2.352429005567802917e-08
2.346784860061719269e-08
2.341159113926147776e-08
2.335551668952327839e-08
2.329962426931497537e-08
2.324391289654896931e-08
2.318838158913764763e-08
2.313302936499339109e-08
2.307785524202859041e-08
2.302285823815564952e-08
2.296803737128694258e-08
2.291339165933486693e-08
2.285892012021181325e-08
2.280462177183016896e-08
2.275049563210231814e-08
2.269654071894066141e-08
2.264275605025757626e-08
2.258914064396546330e-08
2.253569351797670333e-08
2.248241369020369696e-08
2.242930017855882168e-08
2.237635200095447481e-08
2.232356817530304373e-08
2.227094771951692247e-08
2.221848970364307523e-08
2.216619340626682971e-08
2.211405815810807717e-08
2.206208328988672874e-08
2.201026813232267237e-08
2.195861201613581256e-08
2.190711427204606045e-08
2.185577423077330398e-08
2.180459122303744767e-08
2.175356457955839932e-08
2.170269363105605020e-08
2.165197770825030482e-08
2.160141614186106106e-08
2.155100826260822673e-08
2.150075340121169642e-08
2.145065088839137461e-08
2.140070005486715921e-08
2.135090023135895141e-08
2.130125074858664908e-08
2.125175093727015674e-08
2.120240012812937889e-08
2.115319765188421010e-08
2.110414283925455488e-08
2.105523502096031111e-08
2.100647352772137668e-08
2.095785769025765941e-08
2.090938683928905718e-08
2.086106030553547117e-08
2.081287741971679929e-08
2.076483751255294603e-08
2.071693991476380927e-08
2.066918395706928691e-08
2.062156897018929007e-08
2.057409428484371332e-08
2.052675923175245123e-08
2.047956314163541494e-08
2.043250534521249902e-08
2.038558517320360796e-08
2.033880195632863966e-08
2.029215502530749532e-08
2.024564371086007281e-08
2.019926734370628326e-08
2.015302525456601132e-08
2.010691677415917472e-08
2.006094123320566474e-08
2.001509796242538258e-08
1.996938629253822280e-08
1.992380555426410314e-08
1.987835507832290827e-08
1.983303419543454929e-08
1.978784227471749185e-08
1.974277883888449580e-08
1.969784344904688543e-08
1.965303566631599495e-08
1.960835505180314535e-08
1.956380116661967084e-08
1.951937357187688911e-08
1.947507182868614098e-08
1.943089549815874413e-08
1.938684414140603278e-08
1.934291731953933121e-08
1.929911459366996704e-08
1.925543552490926787e-08
1.921187967436856459e-08
1.916844660315918481e-08
1.912513587239245614e-08
1.908194704317970285e-08
1.903887967663225257e-08
1.899593333386143949e-08
1.895310757597858792e-08
1.891040196409502215e-08
1.886781605932207639e-08
1.882534942277107494e-08
1.878300161555334539e-08
1.874077219878021866e-08
1.869866073356301573e-08
1.865666678101307082e-08
1.861478990224170822e-08
1.857302965836025884e-08
1.853138561048005027e-08
1.848985731971240682e-08
1.844844434716865607e-08
1.840714625396013226e-08
1.836596260119815967e-08
1.832489294999406591e-08
1.828393686145917856e-08
1.824309389670482193e-08
1.820236361684233023e-08
1.816174558298303107e-08
1.812123935623824543e-08
1.808084449771930421e-08
1.804056056853753832e-08
1.800038712980427537e-08
1.796032374263083965e-08
1.792036996812856207e-08
1.788052536740877022e-08
1.784078950158278841e-08
1.780116193176195084e-08
1.776164221905757520e-08
1.772222992458100231e-08
1.768292463272179865e-08
1.764372602098252915e-08
1.760463379014402079e-08
1.756564764098707076e-08
1.752676727429250603e-08
1.748799239084113371e-08
1.744932269141377416e-08
1.741075787679123450e-08
1.737229764775433507e-08
1.733394170508388961e-08
1.729568974956070525e-08
1.725754148196560563e-08
1.721949660307939789e-08
1.718155481368289905e-08
1.714371581455692617e-08
1.710597930648228968e-08
1.706834499023980660e-08
1.703081256661028738e-08
1.699338173637454575e-08
1.695605220031340205e-08
1.691882365920766341e-08
1.688169581383815348e-08
1.684466836498567609e-08
1.680774101343105156e-08
1.677091345995509035e-08
1.673418540533861279e-08
1.669755655036242931e-08
1.666102659580735034e-08
1.662459524245419623e-08
1.658826219108378072e-08
1.655202714247691092e-08
1.651588979741441049e-08
1.647984985667708986e-08
1.644390702104575947e-08
1.640806099130123965e-08
1.637231146822434083e-08
1.633665815259588006e-08
1.630110074519666777e-08
1.626563894680752100e-08
1.623027245820925679e-08
1.619500098018267564e-08
1.615982421350861444e-08
1.612474185896786709e-08
1.608975361734125724e-08
1.605485918940960194e-08
1.602005827595370829e-08
1.598535057775439005e-08
1.595073579559246755e-08
1.591621363024875454e-08
1.588178378250406143e-08
1.584744596431367090e-08
1.581319993233074128e-08
1.577904545438290314e-08
1.574498229829777713e-08
1.571101023190298721e-08
1.567712902302616396e-08
1.564333843949492802e-08
1.560963824913690997e-08
1.557602821977973376e-08
1.554250811925102334e-08
1.550907771537840930e-08
1.547573677598951229e-08
1.544248506891195956e-08
1.540932236197337838e-08
1.537624842300138940e-08
1.534326301982362982e-08
1.531036592026771366e-08
1.527755689216127149e-08
1.524483570333193059e-08
1.521220212160731159e-08
1.517965591481504508e-08
1.514719685078275502e-08
1.511482469733806866e-08
1.508253922230860665e-08
1.505034019352200288e-08
1.501822737880587469e-08
1.498620054598785265e-08
1.495425946289556402e-08
1.492240389735663277e-08
1.489063361719868119e-08
1.485894839024933821e-08
1.482734798433623109e-08
1.479583216728698214e-08
1.476440070692922026e-08
1.473305337109056777e-08
1.470178992759865524e-08
1.467061014428110332e-08
1.463951378896554092e-08
1.460850062947959366e-08
1.457757043365088716e-08
1.454672296930704204e-08
1.451595800427569387e-08
1.448527530638446162e-08
1.445467464346097257e-08
1.442415578333285066e-08
1.439371849382772483e-08
1.436336254277321902e-08
1.433308769799696050e-08
1.430289372732657158e-08
1.427278039858968449e-08
1.424274748127945795e-08
1.421279475155122458e-08
1.418292198722585010e-08
1.415312896612420189e-08
1.412341546606715065e-08
1.409378126487556045e-08
1.406422614037030364e-08
1.403474987037224430e-08
1.400535223270225145e-08
1.397603300518119579e-08
1.394679196562993975e-08
1.391762889186935567e-08
1.388854356172031258e-08
1.385953575300367291e-08
1.383060524354030900e-08
1.380175181115108823e-08
1.377297523365687800e-08
1.374427528887854237e-08
1.371565175463695699e-08
1.368710440875298430e-08
1.365863302904749332e-08
1.363023739334135310e-08
1.360191727945543266e-08
1.357367246521059279e-08
1.354550272842771243e-08
1.351740784692765237e-08
1.348938759853127997e-08
1.346144176105946593e-08
1.343357011233307599e-08
1.340577243017298248e-08
1.337804849240004948e-08
1.335039807683514603e-08
1.332282096129913952e-08
1.329531692361289567e-08
1.326788574159728682e-08
1.324052719307318036e-08
1.321324105586144203e-08
1.318602710778294085e-08
1.315888512665854421e-08
1.313181489030912115e-08
1.310481617655553574e-08
1.307788876321866199e-08
1.305103242811936231e-08
1.302424694907851070e-08
1.299753210391696959e-08
1.297088767045560801e-08
1.294431342651529334e-08
1.291780914991689794e-08
1.289137461848128587e-08
1.286500961002932618e-08
1.283871390649018297e-08
1.281248730622620899e-08
1.278632961170805699e-08
1.276024062540638139e-08
1.273422014979182340e-08
1.270826798733503907e-08
1.268238394050667788e-08
1.265656781177739093e-08
1.263081940361782934e-08
1.260513851849864753e-08
1.257952495889048669e-08
1.255397852726400456e-08
1.252849902608984893e-08
1.250308625783867092e-08
1.247774002498112330e-08
1.245246012998785388e-08
1.242724637532951541e-08
1.240209856347675737e-08
1.237701649690022756e-08
1.235199997807058205e-08
1.232704880945846865e-08
1.230216279353454013e-08
1.227734173276944264e-08
1.225258542963382895e-08
1.222789368659835016e-08
1.220326630613365906e-08
1.217870309071040509e-08
1.215420384279923442e-08
1.212976836487080146e-08
1.210539645939575732e-08
1.208108792884474982e-08
1.205684257568843502e-08
1.203266020239745909e-08
1.200854061144247147e-08
1.198448360529412660e-08
1.196048898642307227e-08
1.193655655729996126e-08
1.191268612039544137e-08
1.188887747818016702e-08
1.186513043312478602e-08
1.184144478769994784e-08
1.181782034437631019e-08
1.179425690562451426e-08
1.177075427391521615e-08
1.174731225171906529e-08
1.172393064150671282e-08
1.170060924574880652e-08
1.167734786691600084e-08
1.165414630747894687e-08
1.163100436990829078e-08
1.160792186140478696e-08
1.158489860808958645e-08
1.156193444081394524e-08
1.153902919042911599e-08
1.151618268778634973e-08
1.149339476373690242e-08
1.147066524913202841e-08
1.144799397482298036e-08
1.142538077166100929e-08
1.140282547049737449e-08
1.138032790218332367e-08
1.135788789757011281e-08
1.133550528750899292e-08
1.131317990285122331e-08
1.129091157444805167e-08
1.126870013315073564e-08
1.124654540981052625e-08
1.122444723527867615e-08
1.120240544040644299e-08
1.118041985604507779e-08
1.115849031304583156e-08
1.113661664225996360e-08
1.111479867453871995e-08
1.109303624073336156e-08
1.107132917169513780e-08
1.104967729827530300e-08
1.102808045132511312e-08
1.100653846169581589e-08
1.098505116023866893e-08
1.096361837780492658e-08
1.094223994524583985e-08
1.092091569341266306e-08
1.089964545315665221e-08
1.087842905532905665e-08
1.085726633078113071e-08
1.083615711036413368e-08
1.081510122492931161e-08
1.079409850532791884e-08
1.077314878241121464e-08
1.075225188703044673e-08
1.073140765003687110e-08
1.071061590228174206e-08
1.068987647461631229e-08
1.066918919789183446e-08
1.064855390295956290e-08
1.062797042067075193e-08
1.060743858187664927e-08
1.058695821742851751e-08
1.056652915817760602e-08
1.054615123497516746e-08
1.052582427992021346e-08
1.050554813010278973e-08
1.048532262386069265e-08
1.046514759953173187e-08
1.044502289545369880e-08
1.042494834996439976e-08
1.040492380140163610e-08
1.038494908810320752e-08
1.036502404840691704e-08
1.034514852065056599e-08
1.032532234317195243e-08
1.030554535430887936e-08
1.028581739239915311e-08
1.026613829578056509e-08
1.024650790279092327e-08
1.022692605176802902e-08
1.020739258104968037e-08
1.018790732897368033e-08
1.016847013387783026e-08
1.014908083409993151e-08
1.012973926797778211e-08
1.011044527384918840e-08
1.009119869005195006e-08
1.007199935492386845e-08
1.005284710680273996e-08
1.003374178402637091e-08
1.001468322493256430e-08
9.995671267859116522e-09
9.976705751143830586e-09
9.957786513124507843e-09
9.938913392138949647e-09
9.920086226524959005e-09
9.901304854620333962e-09
9.882569114762877524e-09
9.863878845290389390e-09
9.845233884540674222e-09
9.826634070851530065e-09
9.808079242560759925e-09
9.789569238006161847e-09
9.771103895525542148e-09
9.752683053456697217e-09
9.734306550137431715e-09
9.715974223905545342e-09
9.697685913098839451e-09
9.679441456055117048e-09
9.661240691112177833e-09
9.643083456607821504e-09
9.624969590879851069e-09
9.606898932266067880e-09
9.588871319104273291e-09
9.570886597757072032e-09
9.552944646686303848e-09
9.535045352378600282e-09
9.517188601320606111e-09
9.499374279998959495e-09
9.481602274900296938e-09
9.463872472511261564e-09
9.446184759318489878e-09
9.428539021808625002e-09
9.410935146468303443e-09
9.393373019784161706e-09
9.375852528242844566e-09
9.358373558330990186e-09
9.340935996535236723e-09
9.323539729342222338e-09
9.306184643238590153e-09
9.288870624710976674e-09
9.271597560246020061e-09
9.254365336330363436e-09
9.237173839450644958e-09
9.220022956093501135e-09
9.202912572745575087e-09
9.185842575893504975e-09
9.168812852023927304e-09
9.151823287623486852e-09
9.134873769178818468e-09
9.117964183176565277e-09
9.101094416103360474e-09
9.084264354445848837e-09
9.067473884690671835e-09
9.050722893324462663e-09
9.034011266833861136e-09
9.017338891705512031e-09
9.000705654426053508e-09
8.984111441482118763e-09
8.967556139360352573e-09
8.951039634547394753e-09
8.934561813529881808e-09
8.918122562794455207e-09
8.901721768827751453e-09
8.885359318116413672e-09
8.869035097147078367e-09
8.852748992406387007e-09
8.836500890380977752e-09
8.820290677557492070e-09
8.804118240422564812e-09
8.787983465462837448e-09
8.771886239164953098e-09
8.755826448015544961e-09
8.739803978501257813e-09
8.723818716780081030e-09
8.707870547695413817e-09
8.691959355762014869e-09
8.676085025494636260e-09
8.660247441408031722e-09
8.644446488016954983e-09
8.628682049836163085e-09
8.612954011380408101e-09
8.597262257164443763e-09
8.581606671703025456e-09
8.565987139510908563e-09
8.550403545102841852e-09
8.534855772993582363e-09
8.519343707697888788e-09
8.503867233730509895e-09
8.488426235606201069e-09
8.473020597839717693e-09
8.457650204945811844e-09
8.442314941439240562e-09
8.427014691834754267e-09
8.411749340647109999e-09
8.396518772391063141e-09
8.381322871581364117e-09
8.366161522732768310e-09
8.351034610360031106e-09
8.335942018977906234e-09
8.320883633101149079e-09
8.305859337244508408e-09
8.290869015922744569e-09
8.275912553650609639e-09
8.260989834942857346e-09
8.246100744314243077e-09
8.231245166279518906e-09
8.216422985353440219e-09
8.201634086050759092e-09
8.186878352886235871e-09
8.172155670374617671e-09
8.157465923030663184e-09
8.142808995369124487e-09
8.128184771904755309e-09
8.113593137152311035e-09
8.099033975626545397e-09
8.084507171842213777e-09
8.070012610314068253e-09
8.055550175556862554e-09
8.041119752085355374e-09
8.026721224414295480e-09
8.012354477058441565e-09
7.998019394532542398e-09
7.983715861351356670e-09
7.969443766887540810e-09
7.955203019945362035e-09
7.940993534186991913e-09
7.926815223274602014e-09
7.912668000870363905e-09
7.898551780636449156e-09
7.884466476235029336e-09
7.870412001328276013e-09
7.856388269578360756e-09
7.842395194647453479e-09
7.828432690197725752e-09
7.814500669891350796e-09
7.800599047390498528e-09
7.786727736357340514e-09
7.772886650454046670e-09
7.759075703342793528e-09
7.745294808685747693e-09
7.731543880145082389e-09
7.717822831382965875e-09
7.704131576061574683e-09
7.690470027843077073e-09
7.676838100389647923e-09
7.663235707363453838e-09
7.649662762426666387e-09
7.636119179241460448e-09
7.622604871470009244e-09
7.609119752774477725e-09
7.595663736817039116e-09
7.582236737259866638e-09
7.568838667765131862e-09
7.555469441995006356e-09
7.542128973611658379e-09
7.528817176277264463e-09
7.515533963653991215e-09
7.502279249404011857e-09
7.489052947189499613e-09
7.475854970672622742e-09
7.462685233515554467e-09
7.449543649380467186e-09
7.436430131929529156e-09
7.423344594824913602e-09
7.410286951728793747e-09
7.397257116303337851e-09
7.384255002210719136e-09
7.371280523113108345e-09
7.358333592672675392e-09
7.345414124551594326e-09
7.332522032412036718e-09
7.319657229916172481e-09
7.306819630726173184e-09
7.294009149543383337e-09
7.281225705225841697e-09
7.268469217670757484e-09
7.255739606775344876e-09
7.243036792436813920e-09
7.230360694552373832e-09
7.217711233019238794e-09
7.205088327734616368e-09
7.192491898595719909e-09
7.179921865499761941e-09
7.167378148343950857e-09
7.154860667025500010e-09
7.142369341441618616e-09
7.129904091489518376e-09
7.117464837066411815e-09
7.105051498069508979e-09
7.092663994396021567e-09
7.080302245943158795e-09
7.067966172608134019e-09
7.055655694288157282e-09
7.043370730880440283e-09
7.031111202282195550e-09
7.018877028390631472e-09
7.006668129102960577e-09
6.994484424316393735e-09
6.982325833928141819e-09
6.970192277835417355e-09
6.958083675935431215e-09
6.945999948125392617e-09
6.933941014302514087e-09
6.921906794364006498e-09
6.909897208207081548e-09
6.897912175728950936e-09
6.885951616826823880e-09
6.874015451397912080e-09
6.862103599339428061e-09
6.850215980548581869e-09
6.838352514922586030e-09
6.826513122358648933e-09
6.814697722753984761e-09
6.802906236005801076e-09
6.791138582011312886e-09
6.779394680667729409e-09
6.767674451872262343e-09
6.755977815522121735e-09
6.744304691514520936e-09
6.732654999746667512e-09
6.721028660115777295e-09
6.709425592519057851e-09
6.697845716853721704e-09
6.686288956562991345e-09
6.674755249274143999e-09
6.663244536160463548e-09
6.651756758395241316e-09
6.640291857151760356e-09
6.628849773603310340e-09
6.617430448923176803e-09
6.606033824284648587e-09
6.594659840861011228e-09
6.583308439825554397e-09
6.571979562351561974e-09
6.560673149612323630e-09
6.549389142781125726e-09
6.538127483031254626e-09
6.526888111535999999e-09
6.515670969468646553e-09
6.504475998002483133e-09
6.493303138310795272e-09
6.482152331566870988e-09
6.471023518943998296e-09
6.459916641615464386e-09
6.448831640754554793e-09
6.437768457534557533e-09
6.426727033128758141e-09
6.415707308710447942e-09
6.404709225452911643e-09
6.393732724529436435e-09
6.382777747113309507e-09
6.371844234377817219e-09
6.360932127496249243e-09
6.350041367641890288e-09
6.339171895988027541e-09
6.328323653707950674e-09
6.317496581974945222e-09
6.306690621962298373e-09
6.295905714843297318e-09
6.285141801791228417e-09
6.274398823979382170e-09
6.263676722581041629e-09
6.252975438769496465e-09
6.242294913718032214e-09
6.231635088599937717e-09
6.220995904588500166e-09
6.210377302857004267e-09
6.199779224578741346e-09
6.189201610926995283e-09
6.178644403075053267e-09
6.168107542196204143e-09
6.157590969463735098e-09
6.147094626050932496e-09
6.136618455166120713e-09
6.126162408157775357e-09
6.115726438409408399e-09
6.105310499304534290e-09
6.094914544226663343e-09
6.084538526559306702e-09
6.074182399685980472e-09
6.063846116990194967e-09
6.053529631855462157e-09
6.043232897665297321e-09
6.032955867803209118e-09
6.022698495652712827e-09
6.012460734597318763e-09
6.002242538020541377e-09
5.992043859305892637e-09
5.981864651836885341e-09
5.971704868997030632e-09
5.961564464169841304e-09
5.951443390738830982e-09
5.941341602087510809e-09
5.931259051599393580e-09
5.921195692657993748e-09
5.911151478646819971e-09
5.901126362949387529e-09
5.891120298949208390e-09
5.881133240029794525e-09
5.871165139574659556e-09
5.861215950967313799e-09
5.851285627591270051e-09
5.841374122830043589e-09
5.831481390067145556e-09
5.821607382686086266e-09
5.811752054070380171e-09
5.801915357603540066e-09
5.792097246669076268e-09
5.782297674650504881e-09
5.772516594931334566e-09
5.762753960895078947e-09
5.753009725925251647e-09
5.743283843405365463e-09
5.733576266718929883e-09
5.723886949249461011e-09
5.714215844380469164e-09
5.704562905495467964e-09
5.694928085977967727e-09
5.685311339211483731e-09
5.675712618579525463e-09
5.666131877465608202e-09
5.656569069253243090e-09
5.647024147325942924e-09
5.637497066805366021e-09
5.627987789765758580e-09
5.618496280019510666e-09
5.609022501379014000e-09
5.599566417656660300e-09
5.590127992664840460e-09
5.580707190215946199e-09
5.571303974122369237e-09
5.561918308196499640e-09
5.552550156250732436e-09
5.543199482097453555e-09
5.533866249549058025e-09
5.524550422417935912e-09
5.515251964516479763e-09
5.505970839657078816e-09
5.496707011652128100e-09
5.487460444314015198e-09
5.478231101455132657e-09
5.469018946887873025e-09
5.459823944424627195e-09
5.450646057877785231e-09
5.441485251059740508e-09
5.432341487782883091e-09
5.423214731859604700e-09
5.414104947102296228e-09
5.405012097323350222e-09
5.395936146335156748e-09
5.386877057950108351e-09
5.377834795980595926e-09
5.368809324239010364e-09
5.359800606537743385e-09
5.350808606689187537e-09
5.341833288505732058e-09
5.332874615799769494e-09
5.323932552383691566e-09
5.315007062069889167e-09
5.306098108670754015e-09
5.297205655998677004e-09
5.288329667866049026e-09
5.279470108085264283e-09
5.270626940468708704e-09
5.261800128828779799e-09
5.252989636977865153e-09
5.244195428728357312e-09
5.235417467892647169e-09
5.226655718283126443e-09
5.217910143712186856e-09
5.209180707992219298e-09
5.200467374935615491e-09
5.191770108354766326e-09
5.183088873604493150e-09
5.174423642209331677e-09
5.165774387236248903e-09
5.157141081752210169e-09
5.148523698824181642e-09
5.139922211519128663e-09
5.131336592904019055e-09
5.122766816045817332e-09
5.114212854011489661e-09
5.105674679868003866e-09
5.097152266682322804e-09
5.088645587521415127e-09
5.080154615452243692e-09
5.071679323541778805e-09
5.063219684856982498e-09
5.054775672464823419e-09
5.046347259432265255e-09
5.037934418826276657e-09
5.029537123713821310e-09
5.021155347161866210e-09
5.012789062237377524e-09
5.004438242007322249e-09
4.996102859538664070e-09
4.987782887898369983e-09
4.979478300153405328e-09
4.971189069370738756e-09
4.962915168617333125e-09
4.954656570960156258e-09
4.946413249466171842e-09
4.938185177202349353e-09
4.929972327235653305e-09
4.921774672633049038e-09
4.913592186461501894e-09
4.905424841787979696e-09
4.897272611679446129e-09
4.889135469202869843e-09
4.881013387425216179e-09
4.872906339413450478e-09
4.864814298234538080e-09
4.856737236955446809e-09
4.848675128643140351e-09
4.840627946364587355e-09
4.832595663186752334e-09
4.824578252176599804e-09
4.816575686401099240e-09
4.808587938927212674e-09
4.800614982821908757e-09
4.792656791152153656e-09
4.784713336984911884e-09
4.776784593387151265e-09
4.768870533172977953e-09
4.760971128145070450e-09
4.753086349853246421e-09
4.745216169847327664e-09
4.737360559677130189e-09
4.729519490892473311e-09
4.721692935043178831e-09
4.713880863679065237e-09
4.706083248349950194e-09
4.698300060605653846e-09
4.690531271995994682e-09
4.682776854070792847e-09
4.675036778379867659e-09
4.667311016473036781e-09
4.659599539900119529e-09
4.651902320210938531e-09
4.644219328955308966e-09
4.636550537683049327e-09
4.628895917943983064e-09
4.621255441287926188e-09
4.613629079264698016e-09
4.606016803424120346e-09
4.598418585316009187e-09
4.590834396490183856e-09
4.583264208496465325e-09
4.575707992884672912e-09
4.568165721204625106e-09
4.560637365006139570e-09
4.553122895839036450e-09
4.545622285253135888e-09
4.538135504798256377e-09
4.530662526024217232e-09
4.523203320480838598e-09
4.515757859717937312e-09
4.508326115285332690e-09
4.500908058732846531e-09
4.493503661610295671e-09
4.486112895467500255e-09
4.478735731854279599e-09
4.471372142320452195e-09
4.464022098415836532e-09
4.456685571690254409e-09
4.449362533693522661e-09
4.442052955975461434e-09
4.434756810085890871e-09
4.427474067574626982e-09
4.420204699991490738e-09
4.412948678886302283e-09
4.405705975808879281e-09
4.398476562309041876e-09
4.391260410663828529e-09
4.384057496059153452e-09
4.376867794408154136e-09
4.369691281623966420e-09
4.362527933619722003e-09
4.355377726308557550e-09
4.348240635603609725e-09
4.341116637418011058e-09
4.334005707664899867e-09
4.326907822257409506e-09
4.319822957108674987e-09
4.312751088131831320e-09
4.305692191240015995e-09
4.298646242346361541e-09
4.291613217364002969e-09
4.284593092206077769e-09
4.277585842785720125e-09
4.270591445016064219e-09
4.263609874810246717e-09
4.256641108081401799e-09
4.249685120742664477e-09
4.242741888707170588e-09
4.235811387888055142e-09
4.228893594198453148e-09
4.221988483551501271e-09
4.215096031860332040e-09
4.208216215038082945e-09
4.201349008997886516e-09
4.194494389652880244e-09
4.187652332916199966e-09
4.180822814700978211e-09
4.174005810920352470e-09
4.167201297487456925e-09
4.160409250315426588e-09
4.153629645317396467e-09
4.146862458406502401e-09
4.140107665495879398e-09
4.133365242498662469e-09
4.126635165327986625e-09
4.119917409896988529e-09
4.113211952118800709e-09
4.106518767906559831e-09
4.099837833173401731e-09
4.093169123832461419e-09
4.086512615796872251e-09
4.079868284979771718e-09
4.073236107294294004e-09
4.066616058653573291e-09
4.060008114970746243e-09
4.053412252158947871e-09
4.046828445607455566e-09
4.040256668610122039e-09
4.033696893936940731e-09
4.027149094357905078e-09
4.020613242643011830e-09
4.014089311562253597e-09
4.007577273885625473e-09
4.001077102383120897e-09
3.994588769824735790e-09
3.988112248980463589e-09
3.981647512620297735e-09
3.975194533514234974e-09
3.968753284432267092e-09
3.962323738144390835e-09
3.955905867420598816e-09
3.949499645030886955e-09
3.943105043745249518e-09
3.936722036333679117e-09
3.930350595566170845e-09
3.923990694212720622e-09
3.917642305043320233e-09
3.911305400827966426e-09
3.904979954336653466e-09
3.898665938339373966e-09
3.892363325606123018e-09
3.886072088906895717e-09
3.879792201011687154e-09
3.873523634690489115e-09
3.867266362713297520e-09
3.861020357850107463e-09
3.854785592870912382e-09
3.848562040545705716e-09
3.842349673644485039e-09
3.836148464937241311e-09
3.829958387193970449e-09
3.823779413184667549e-09
3.817611515679325221e-09
3.811454667447938560e-09
3.805308841260503485e-09
3.799174009887012607e-09
3.793050146097459367e-09
3.786937222661841338e-09
3.780835212350150306e-09
3.774744087932381364e-09
3.768663822178529604e-09
3.762594387858588465e-09
3.756535757742553042e-09
3.750487904600416773e-09
3.744450801202174750e-09
3.738424420317822068e-09
3.732408735667249157e-09
3.726403724769941864e-09
3.720409366095281370e-09
3.714425638112649686e-09
3.708452519291428822e-09
3.702489988100999549e-09
3.696538023010745530e-09
3.690596602490047535e-09
3.684665705008287575e-09
3.678745309034848901e-09
3.672835393039111868e-09
3.666935935490458900e-09
3.661046914858272835e-09
3.655168309611934029e-09
3.649300098220824906e-09
3.643442259154328717e-09
3.637594770881825403e-09
3.631757611872697804e-09
3.625930760596328342e-09
3.620114195522098201e-09
3.614307895119389804e-09
3.608511837857585162e-09
3.602726002206065458e-09
3.596950366634212702e-09
3.591184909611409319e-09
3.585429609607037318e-09
3.579684445090478710e-09
3.573949394531114678e-09
3.568224436398327232e-09
3.562509549161499210e-09
3.556804711290012622e-09
3.551109901253248238e-09
3.545425097520588481e-09
3.539750278561415775e-09
3.534085422845109650e-09
3.528430508841055837e-09
3.522785515018634693e-09
3.517150419847226573e-09
3.511525201796215971e-09
3.505909839334982826e-09
3.500304310932909152e-09
3.494708595059378611e-09
3.489122670183771973e-09
3.483546514775470835e-09
3.477980107303858035e-09
3.472423426238314756e-09
3.466876450048222594e-09
3.461339157202963973e-09
3.455811526171921731e-09
3.450293535424476638e-09
3.444785163363156311e-09
3.439286388123070391e-09
3.433797187772475367e-09
3.428317540379624831e-09
3.422847424012774445e-09
3.417386816740179458e-09
3.411935696630095116e-09
3.406494041750777083e-09
3.401061830170479777e-09
3.395639039957460102e-09
3.390225649179970824e-09
3.384821635906268432e-09
3.379426978204608173e-09
3.374041654143245296e-09
3.368665641790434634e-09
3.363298919214432677e-09
3.357941464483493018e-09
3.352593255665870905e-09
3.347254270829822826e-09
3.341924488043603203e-09
3.336603885375466869e-09
3.331292440893670314e-09
3.325990132666468371e-09
3.320696938762115048e-09
3.315412837248866834e-09
3.310137806194978149e-09
3.304871823668705068e-09
3.299614867738301598e-09
3.294366916472023815e-09
3.289127947938127793e-09
3.283897940204867127e-09
3.278676871340497477e-09
3.273464719413274919e-09
3.268261462491453460e-09
3.263067078643288761e-09
3.257881545937036484e-09
3.252704842440951877e-09
3.247536946223289360e-09
3.242377835352305009e-09
3.237227487896253658e-09
3.232085881923389314e-09
3.226952995501969707e-09
3.221828806700248429e-09
3.216713293586480729e-09
3.211606434228923096e-09
3.206508206695828710e-09
3.201418589055454059e-09
3.196337559376053978e-09
3.191265095725884954e-09
3.186201176173200169e-09
3.181145779600017373e-09
3.176098888143396052e-09
3.171060484754159024e-09
3.166030552383127450e-09
3.161009073981123321e-09
3.155996032498967385e-09
3.150991410887482873e-09
3.145995192097490120e-09
3.141007359079811529e-09
3.136027894785269090e-09
3.131056782164683964e-09
3.126094004168877728e-09
3.121139543748672786e-09
3.116193383854889472e-09
3.111255507438351017e-09
3.106325897449878996e-09
3.101404536840293746e-09
3.096491408560418082e-09
3.091586495561073581e-09
3.086689780793081819e-09
3.081801247207264371e-09
3.076920877754443642e-09
3.072048655385440379e-09
3.067184563051076985e-09
3.062328583702174211e-09
3.057480700289555285e-09
3.052640895764040958e-09
3.047809153076451977e-09
3.042985455177611986e-09
3.038169785018341322e-09
3.033362125549462386e-09
3.028562459721796756e-09
3.023770770486165592e-09
3.018987040793391713e-09
3.014211253594295453e-09
3.009443391839700043e-09
3.004683438480425405e-09
2.999931376467294354e-09
2.995187188751128468e-09
2.990450858282750149e-09
2.985722368012978905e-09
2.981001700892639207e-09
2.976288839872550978e-09
2.971583767903536206e-09
2.966886467936416882e-09
2.962196922922014581e-09
2.957515115811150879e-09
2.952841029554648179e-09
2.948174647103326403e-09
2.943515951408009609e-09
2.938864925768418778e-09
2.934221554879880374e-09
2.929585823786622331e-09
2.924957717532870519e-09
2.920337221162852875e-09
2.915724319720795679e-09
2.911118998250926869e-09
2.906521241797473140e-09
2.901931035404660774e-09
2.897348364116718121e-09
2.892773212977871463e-09
2.888205567032348737e-09
2.883645411324376224e-09
2.879092730898181033e-09
2.874547510797990274e-09
2.870009736068031056e-09
2.865479391752530489e-09
2.860956462895716094e-09
2.856440934541814568e-09
2.851932791735052605e-09
2.847432019519657316e-09
2.842938602939857051e-09
2.838452527039877263e-09
2.833973776863945476e-09
2.829502337456289213e-09
2.825038193861135169e-09
2.820581331122710867e-09
2.816131734285243002e-09
2.811689388392957857e-09
2.807254278490084196e-09
2.802826389620847885e-09
2.798405706829476863e-09
2.793992215160196997e-09
2.789585899657236637e-09
2.785186745364821652e-09
2.780794737327179564e-09
2.776409860588538310e-09
2.772032100193124172e-09
2.767661441185164259e-09
2.763297868608884853e-09
2.758941367508514717e-09
2.754591922928279721e-09
2.750249519912407800e-09
2.745914143505124822e-09
2.741585778750659138e-09
2.737264410693236616e-09
2.732950024377085193e-09
2.728642604846431564e-09
2.724342137145503665e-09
2.720048606318526952e-09
2.715761997555387594e-09
2.711482296628602217e-09
2.707209489456346507e-09
2.702943561956795324e-09
2.698684500048123112e-09
2.694432289648505973e-09
2.690186916676117938e-09
2.685948367049134279e-09
2.681716626685731098e-09
2.677491681504082425e-09
2.673273517422363534e-09
2.669062120358750111e-09
2.664857476231415774e-09
2.660659570958537452e-09
2.656468390458288761e-09
2.652283920648845802e-09
2.648106147448383021e-09
2.643935056775075277e-09
2.639770634547098670e-09
2.635612866682627645e-09
2.631461739099836648e-09
2.627317237716902194e-09
2.623179348451997899e-09
2.619048057223300278e-09
2.614923349948982949e-09
2.610805212547221185e-09
2.606693630936191913e-09
2.602588591034068338e-09
2.598490078759025319e-09
2.594398080029239370e-09
2.590312580762884936e-09
2.586233566878136877e-09
2.582161024293169638e-09
2.578094938926160560e-09
2.574035296695282020e-09
2.569982083518710533e-09
2.565935285314621371e-09
2.561894888001188565e-09
2.557860877496588217e-09
2.553833239718995185e-09
2.549811960586583914e-09
2.545797026017530506e-09
2.541788421930008577e-09
2.537786134242194643e-09
2.533790148872263147e-09
2.529800451738389364e-09
2.525817028758748566e-09
2.521839865851514786e-09
2.517868948934864122e-09
2.513904263926971434e-09
2.509945797320706893e-09
2.505993537907720259e-09
2.502047475054358257e-09
2.498107598126965960e-09
2.494173896491888024e-09
2.490246359515471177e-09
2.486324976564060488e-09
2.482409737004001444e-09
2.478500630201639116e-09
2.474597645523319815e-09
2.470700772335389028e-09
2.466810000004191411e-09
2.462925317896073278e-09
2.459046715377380113e-09
2.455174181814456573e-09
2.451307706573649799e-09
2.447447279021303621e-09
2.443592888523764352e-09
2.439744524447377889e-09
2.435902176158489304e-09
2.432065833023443669e-09
2.428235484408587710e-09
2.424411119680265671e-09
2.420592728204823450e-09
2.416780299348607360e-09
2.412973822477962058e-09
2.409173286959233030e-09
2.405378682158767002e-09
2.401589997442907803e-09
2.397807222178001334e-09
2.394030345730394318e-09
2.390259357466431415e-09
2.386494246752458110e-09
2.382735002954820300e-09
2.378981615439862645e-09
2.375234073573931869e-09
2.371492366723372217e-09
2.367756484254530415e-09
2.364026415533751120e-09
2.360302149927381059e-09
2.356583676801763649e-09
2.352870985523246028e-09
2.349164065458173682e-09
2.345462905972891683e-09
2.341767496433745929e-09
2.338077826207081491e-09
2.334393884659243855e-09
2.330715661156578505e-09
2.327043145065431754e-09
2.323376325752148674e-09
2.319715192482916825e-09
2.316059734123296209e-09
2.312409939438688494e-09
2.308765797194495342e-09
2.305127296156117592e-09
2.301494425088957738e-09
2.297867172758417443e-09
2.294245527929898786e-09
2.290629479368803020e-09
2.287019015840531808e-09
2.283414126110486817e-09
2.279814798944070953e-09
2.276221023106684639e-09
2.272632787363729954e-09
2.269050080480608564e-09
2.265472891222722961e-09
2.261901208355474396e-09
2.258335020644263707e-09
2.254774316854493801e-09
2.251219085751566343e-09
2.247669316100882583e-09
2.244124996667845015e-09
2.240586116217854062e-09
2.237052663516312631e-09
2.233524627328621974e-09
2.230001996420183754e-09
2.226484759556400466e-09
2.222972905502672532e-09
2.219466423024402860e-09
2.215965300886992700e-09
2.212469527855843717e-09
2.208979092696357992e-09
2.205493984173937187e-09
2.202014191053982970e-09
2.198539702101896177e-09
2.195070506083080129e-09
2.191606591762935662e-09
2.188147947906864443e-09
2.184694563280268550e-09
2.181246426648550062e-09
2.177803526777109817e-09
2.174365852431350307e-09
2.170933392376672783e-09
2.167506135378479325e-09
2.164084070202171597e-09
2.160667185613151266e-09
2.157255470376819581e-09
2.153848913258579036e-09
2.150447503023832123e-09
2.147051228437978439e-09
2.143660078945875317e-09
2.140274046710194490e-09
2.136893124573062942e-09
2.133517305376606833e-09
2.130146581962952736e-09
2.126780947174226810e-09
2.123420393852555626e-09
2.120064914840066172e-09
2.116714502978884192e-09
2.113369151111136673e-09
2.110028852078948947e-09
2.106693598724449239e-09
2.103363383889762470e-09
2.100038200417016037e-09
2.096718041148335687e-09
2.093402898925848819e-09
2.090092766591681179e-09
2.086787636987958925e-09
2.083487502956809044e-09
2.080192357340358522e-09
2.076902192980732277e-09
2.073617002720058122e-09
2.070336779400461803e-09
2.067061515864070305e-09
2.063791204953009788e-09
2.060525839509406411e-09
2.057265412375387573e-09
2.054009916393079020e-09
2.050759344404606083e-09
2.047513689252097817e-09
2.044272943777678312e-09
2.041037100823475382e-09
2.037806153231615186e-09
2.034580093844223883e-09
2.031358915503428045e-09
2.028142611051354244e-09
2.024931173330129054e-09
2.021724595181878220e-09
2.018522869448729140e-09
2.015325988972807976e-09
2.012133946596240470e-09
2.008946735161154025e-09
2.005764347509674797e-09
2.002586776483928947e-09
1.999414014926043873e-09
1.996246055678144495e-09
1.993082891582358625e-09
1.989924515480811596e-09
1.986770920215631220e-09
1.983622098628942415e-09
1.980478043379638015e-09
1.977338746393670510e-09
1.974204199413759069e-09
1.971074394182621615e-09
1.967949322442976488e-09
1.964828975937542027e-09
1.961713346409036984e-09
1.958602425600179284e-09
1.955496205253688507e-09
1.952394677112281751e-09
1.949297832918677769e-09
1.946205664415595312e-09
1.943118163345752720e-09
1.940035321451867918e-09
1.936957130476660072e-09
1.933883582162847107e-09
1.930814668253147362e-09
1.927750380490279176e-09
1.924690710616962129e-09
1.921635650375913318e-09
1.918585191509851083e-09
1.915539325761495003e-09
1.912498044873562590e-09
1.909461340588772182e-09
1.906429204649842946e-09
1.903401628799492393e-09
1.900378604780440103e-09
1.897360124335402760e-09
1.894346179207100358e-09
1.891336761138251236e-09
1.888331861871572491e-09
1.885331473149784116e-09
1.882335586715603211e-09
1.879344194311748940e-09
1.876357287680939230e-09
1.873374858565893245e-09
1.870396898709328912e-09
1.867423399853964569e-09
1.864454353742518969e-09
1.861489752117710036e-09
1.858529586722256317e-09
1.855573849298876564e-09
1.852622531590289323e-09
1.849675625339212312e-09
1.846733122288364283e-09
1.843795014180463989e-09
1.840861292758228942e-09
1.837931949764378721e-09
1.835006976941631045e-09
1.832086366032704252e-09
1.829170109126497145e-09
1.826258199696627689e-09
1.823350631562893898e-09
1.820447398545094823e-09
1.817548494463027652e-09
1.814653913136491018e-09
1.811763648385283352e-09
1.808877694029202668e-09
1.805996043888047396e-09
1.803118691781615549e-09
1.800245631529705350e-09
1.797376856952115021e-09
1.794512361868642577e-09
1.791652140099086447e-09
1.788796185463245059e-09
1.785944491780916635e-09
1.783097052871899190e-09
1.780253862555990532e-09
1.777414914652989505e-09
1.774580202982694122e-09
1.771749721364902399e-09
1.768923463619413386e-09
1.766101423566024062e-09
1.763283595024533064e-09
1.760469971814739233e-09
1.757660547756440173e-09
1.754855316669434723e-09
1.752054272373520073e-09
1.749257408688495065e-09
1.746464719434158127e-09
1.743676198430307275e-09
1.740891839496740317e-09
1.738111636453256095e-09
1.735335583119652623e-09
1.732563673315727505e-09
1.729795900861279995e-09
1.727032259576107695e-09
1.724272743280009033e-09
1.721517345792782026e-09
1.718766060934225100e-09
1.716018882524136066e-09
1.713275804382313971e-09
1.710536820328556417e-09
1.707801924182661627e-09
1.705071109764427615e-09
1.702344370893653223e-09
1.699621701390136260e-09
1.696903095073674947e-09
1.694188545764067921e-09
1.691478047281112782e-09
1.688771593668975531e-09
1.686069179869291832e-09
1.683370801048064922e-09
1.680676452371298242e-09
1.677986129004994202e-09
1.675299826115156864e-09
1.672617538867789052e-09
1.669939262428893794e-09
1.667264991964474120e-09
1.664594722640533885e-09
1.661928449623075912e-09
1.659266168078103024e-09
1.656607873171619077e-09
1.653953560069626893e-09
1.651303223938129708e-09
1.648656859943130965e-09
1.646014463250633072e-09
1.643376029026639886e-09
1.640741552437154437e-09
1.638111028648180166e-09
1.635484452825719690e-09
1.632861820135776864e-09
1.630243125744354512e-09
1.627628364817455455e-09
1.625017532521083343e-09
1.622410624021241412e-09
1.619807634483932897e-09
1.617208559075160622e-09
1.614613392960927822e-09
1.612022131307237940e-09
1.609434769280094212e-09
1.606851302045499460e-09
1.604271724769457127e-09
1.601696032617970242e-09
1.599124220757042041e-09
1.596556284352675967e-09
1.593992218570874842e-09
1.591432018577642109e-09
1.588875679538980797e-09
1.586323196620894142e-09
1.583774564989384966e-09
1.581229779810457332e-09
1.578688836250113857e-09
1.576151729474357776e-09
1.573618454649192324e-09
1.571089006940620531e-09
1.568563381514645427e-09
1.566041573537270660e-09
1.563523578174499674e-09
1.561009390592334877e-09
1.558499004901368595e-09
1.555992410990547856e-09
1.553489597693408160e-09
1.550990553843486244e-09
1.548495268274316988e-09
1.546003729819436716e-09
1.543515927312380719e-09
1.541031849586685323e-09
1.538551485475886234e-09
1.536074823813519569e-09
1.533601853433120621e-09
1.531132563168225301e-09
1.528666941852369520e-09
1.526204978319089398e-09
1.523746661401920019e-09
1.521291979934398122e-09
1.518840922750058999e-09
1.516393478682438560e-09
1.513949636565072720e-09
1.511509385231496767e-09
1.509072713515247236e-09
1.506639610249859623e-09
1.504210064268870049e-09
1.501784064405813596e-09
1.499361599494227212e-09
1.496942658367645359e-09
1.494527229859605192e-09
1.492115302803641588e-09
1.489706866033290872e-09
1.487301908382088335e-09
1.484900418683570510e-09
1.482502385771272896e-09
1.480107798478730989e-09
1.477716645639481323e-09
1.475328916087058776e-09
1.472944598655000086e-09
1.470563682176840544e-09
1.468186155486116063e-09
1.465812007416362762e-09
1.463441226801116137e-09
1.461073802473911689e-09
1.458709723268286155e-09
1.456348978017774414e-09
1.453991555555912790e-09
1.451637444716237197e-09
1.449286634332283338e-09
1.446939113237586712e-09
1.444594870265683437e-09
1.442253894250109633e-09
1.439916174024400591e-09
1.437581702722708038e-09
1.435250490681646345e-09
1.432922552538445905e-09
1.430597902930336697e-09
1.428276556494548702e-09
1.425958527868312106e-09
1.423643831688857509e-09
1.421332482593414683e-09
1.419024495219213608e-09
1.416719884203484678e-09
1.414418664183458078e-09
1.412120849796363583e-09
1.409826455679431998e-09
1.407535496469892682e-09
1.405247986804976443e-09
1.402963941321913260e-09
1.400683374657932906e-09
1.398406301450266188e-09
1.396132736336142672e-09
1.393862693952792337e-09
1.391596188937446196e-09
1.389333235927333818e-09
1.387073849559685386e-09
1.384818044471730881e-09
1.382565835300700904e-09
1.380317236683825226e-09
1.378072263258334035e-09
1.375830929661457517e-09
1.373593250530426064e-09
1.371359240502469657e-09
1.369128914214817862e-09
1.366902286304701898e-09
1.364679371409351333e-09
1.362460184165996145e-09
1.360244739211866521e-09
1.358033051184193061e-09
1.355825134720205538e-09
1.353621004457134346e-09
1.351420675032209049e-09
1.349224161082660662e-09
1.347031477245718544e-09
1.344842638158613088e-09
1.342657658458574894e-09
1.340476552782833529e-09
1.338299335768619178e-09
1.336126022053162234e-09
1.333956626273692679e-09
1.331791163067441110e-09
1.329629647071637096e-09
1.327472092923510821e-09
1.325318499565804694e-09
1.323168803163308154e-09
1.321022924186323686e-09
1.318880783105152743e-09
1.316742300390097191e-09
1.314607396511458898e-09
1.312475991939539521e-09
1.310348007144640928e-09
1.308223362597065399e-09
1.306101978767114592e-09
1.303983776125089961e-09
1.301868675141293579e-09
1.299756596286027312e-09
1.297647460029593232e-09
1.295541186842292587e-09
1.293437697194428069e-09
1.291336911556300718e-09
1.289238750398212399e-09
1.287143134190465600e-09
1.285049983403361773e-09
1.282959218507202578e-09
1.280870759972290295e-09
1.278784528268926169e-09
1.276700443867412687e-09
1.274618427238051302e-09
1.272538398851143880e-09
1.270460279176992494e-09
1.268383988685898804e-09
1.266309447848164263e-09
1.264236577134091356e-09
1.262165297013981745e-09
1.260095527958137087e-09
1.258027190436859456e-09
1.255960204920450513e-09
1.253894491879212122e-09
1.251829971783445943e-09
1.249766565103454464e-09
1.247704192309538516e-09
1.245642773872000793e-09
1.243582230261143161e-09
1.241522481947266453e-09
1.239463449400673775e-09
1.237405053091666167e-09
1.235347213490545495e-09
1.233289851067614039e-09
1.231232886293173458e-09
1.229176239637525206e-09
1.227119831570971561e-09
1.225063582563814390e-09
1.223007413086355353e-09
