# te
3.030682802200317383e+00
3.793825149536132812e+00
3.909996986389160156e+00
3.640807151794433594e+00
3.189812660217285156e+00
2.684652566909790039e+00
2.204257249832153320e+00
1.793094277381896973e+00
1.470928430557250977e+00
1.243933796882629395e+00
1.110433340072631836e+00
1.054500818252563477e+00
1.056962370872497559e+00
1.099324941635131836e+00
1.164220213890075684e+00
1.238096475601196289e+00
1.310119509696960449e+00
1.376506209373474121e+00
1.435581564903259277e+00
1.487051248550415039e+00
1.531701207160949707e+00
1.573260545730590820e+00
1.615676522254943848e+00
1.660830259323120117e+00
1.709607124328613281e+00
1.760977745056152344e+00
1.813140630722045898e+00
1.863124251365661621e+00
1.907691121101379395e+00
1.943709492683410645e+00
1.968847155570983887e+00
1.983861207962036133e+00
1.989498257637023926e+00
1.983371615409851074e+00
1.963242650032043457e+00
1.930593013763427734e+00
1.887608766555786133e+00
1.835567116737365723e+00
1.775519251823425293e+00
1.708158135414123535e+00
1.632743120193481445e+00
1.548175930976867676e+00
1.453358173370361328e+00
1.347191333770751953e+00
1.228723764419555664e+00
1.097590565681457520e+00
9.535743594169616699e-01
7.964567542076110840e-01
6.260201930999755859e-01
4.421220421791076660e-01
2.449216693639755249e-01
3.465367853641510010e-02
-1.884472519159317017e-01
-4.241464734077453613e-01
-6.722854971885681152e-01
-9.330108165740966797e-01
-1.206544995307922363e+00
-1.493110895156860352e+00
-1.792931079864501953e+00
-2.106164693832397461e+00
-2.432717323303222656e+00
-2.772430419921875000e+00
-3.125146389007568359e+00
-3.490706682205200195e+00
-3.868889570236206055e+00
-4.259215354919433594e+00
-4.661140918731689453e+00
-5.074123382568359375e+00
-5.497618675231933594e+00
-5.931250572204589844e+00
-6.375305175781250000e+00
-6.830236911773681641e+00
-7.296498775482177734e+00
-7.774544239044189453e+00
-8.264622688293457031e+00
-8.766162872314453125e+00
-9.278390884399414062e+00
-9.800531387329101562e+00
-1.033180999755859375e+01
-1.087150287628173828e+01
-1.141909599304199219e+01
-1.197412586212158203e+01
-1.253612899780273438e+01
-1.310464191436767578e+01
-1.367923831939697266e+01
-1.425964641571044922e+01
-1.484562683105468750e+01
-1.543694400787353516e+01
-1.603335952758789062e+01
-1.663458824157714844e+01
-1.724015617370605469e+01
-1.784954452514648438e+01
-1.846222305297851562e+01
-1.907767486572265625e+01
-1.969537544250488281e+01
-2.031480407714843750e+01
-2.093543624877929688e+01
-2.155674934387207031e+01
-2.217822074890136719e+01
-2.279932785034179688e+01
-2.341954803466796875e+01
-2.403836250305175781e+01
-2.465524291992187500e+01
-2.526966857910156250e+01
-2.588111877441406250e+01
-2.648906898498535156e+01
-2.709299850463867188e+01
-2.769238281250000000e+01
-2.828669929504394531e+01
-2.887542343139648438e+01
-2.945801162719726562e+01
-3.003391647338867188e+01
-3.060259437561035156e+01
-3.116349792480468750e+01
-3.171607971191406250e+01
-3.225979614257812500e+01
-3.279409790039062500e+01
-3.331843948364257812e+01
-3.383227920532226562e+01
-3.433506393432617188e+01
-3.482625579833984375e+01
-3.530529785156250000e+01
-3.577165222167968750e+01
-3.622477340698242188e+01
-3.666410827636718750e+01
-3.708911514282226562e+01
-3.749924850463867188e+01
-3.789395904541015625e+01
-3.827270126342773438e+01
-3.863495635986328125e+01
-3.898029327392578125e+01
-3.930831909179687500e+01
-3.961862182617187500e+01
-3.991080856323242188e+01
-4.018447113037109375e+01
-4.043921279907226562e+01
-4.067463302612304688e+01
-4.089032363891601562e+01
-4.108589172363281250e+01
-4.126092910766601562e+01
-4.141503524780273438e+01
-4.154781341552734375e+01
-4.165885925292968750e+01
-4.174776840209960938e+01
-4.181414413452148438e+01
-4.185758209228515625e+01
-4.187768173217773438e+01
-4.187404251098632812e+01
-4.184626007080078125e+01
-4.179398727416992188e+01
-4.171709442138671875e+01
-4.161549758911132812e+01
-4.148911666870117188e+01
-4.133787155151367188e+01
-4.116168594360351562e+01
-4.096047592163085938e+01
-4.073415756225585938e+01
-4.048265838623046875e+01
-4.020589447021484375e+01
-3.990378952026367188e+01
-3.957625579833984375e+01
-3.922322082519531250e+01
-3.884459686279296875e+01
-3.844030761718750000e+01
-3.801027679443359375e+01
-3.755442428588867188e+01
-3.707266235351562500e+01
-3.656491470336914062e+01
-3.603110122680664062e+01
-3.547114181518554688e+01
-3.488496017456054688e+01
-3.427246856689453125e+01
-3.363359069824218750e+01
-3.296825027465820312e+01
-3.227641296386718750e+01
-3.155828475952148438e+01
-3.081410217285156250e+01
-3.004412651062011719e+01
-2.924859809875488281e+01
-2.842777442932128906e+01
-2.758189582824707031e+01
-2.671121788024902344e+01
-2.581598854064941406e+01
-2.489645576477050781e+01
-2.395287132263183594e+01
-2.298548316955566406e+01
-2.199453735351562500e+01
-2.098028945922851562e+01
-1.994298553466796875e+01
-1.888287353515625000e+01
-1.780020713806152344e+01
-1.669523048400878906e+01
-1.556819534301757812e+01
-1.441935348510742188e+01
-1.324895000457763672e+01
-1.205723571777343750e+01
-1.084446144104003906e+01
-9.610874176025390625e+00
-8.356725692749023438e+00
-7.082339763641357422e+00
-5.788349151611328125e+00
-4.475463390350341797e+00
-3.144391059875488281e+00
-1.795840382575988770e+00
-4.305204749107360840e-01
9.508599042892456055e-01
2.347592115402221680e+00
3.758966922760009766e+00
5.184276103973388672e+00
6.622810840606689453e+00
8.073862075805664062e+00
9.536721229553222656e+00
1.101067924499511719e+01
1.249502658843994141e+01
1.398905658721923828e+01
1.549205875396728516e+01
1.700332450866699219e+01
1.852214813232421875e+01
2.004781532287597656e+01
2.157962036132812500e+01
2.311685562133789062e+01
2.465880966186523438e+01
2.620477485656738281e+01
2.775404357910156250e+01
2.930590629577636719e+01
3.085965156555175781e+01
3.241457748413085938e+01
3.396996688842773438e+01
3.552511596679687500e+01
3.707931518554687500e+01
3.863185119628906250e+01
4.018202590942382812e+01
4.172912216186523438e+01
4.327243041992187500e+01
4.481124496459960938e+01
4.634486007690429688e+01
4.787256240844726562e+01
4.939364242553710938e+01
5.090739440917968750e+01
5.241310882568359375e+01
5.391007614135742188e+01
5.539758682250976562e+01
5.687493515014648438e+01
5.834141159057617188e+01
5.979630279541015625e+01
6.123890686035156250e+01
6.266850662231445312e+01
6.408440399169921875e+01
6.548587799072265625e+01
6.687226867675781250e+01
6.824302673339843750e+01
6.959765625000000000e+01
7.093565368652343750e+01
7.225652313232421875e+01
7.355975341796875000e+01
7.484485626220703125e+01
7.611131286621093750e+01
7.735863494873046875e+01
7.858631896972656250e+01
7.979385375976562500e+01
8.098075103759765625e+01
8.214649200439453125e+01
8.329060363769531250e+01
8.441255187988281250e+01
8.551185607910156250e+01
8.658801269531250000e+01
8.764051055908203125e+01
8.866884613037109375e+01
8.967253112792968750e+01
9.065106201171875000e+01
9.160392761230468750e+01
9.253063201904296875e+01
9.343067169189453125e+01
9.430355072021484375e+01
9.514875793457031250e+01
9.596579742431640625e+01
9.675417327880859375e+01
9.751336669921875000e+01
9.824289703369140625e+01
9.894224548339843750e+01
9.961091613769531250e+01
1.002484130859375000e+02
1.008542251586914062e+02
1.014278640747070312e+02
1.019688110351562500e+02
1.024765777587890625e+02
1.029506607055664062e+02
1.033905487060546875e+02
1.037957458496093750e+02
1.041657638549804688e+02
1.045000762939453125e+02
1.047981948852539062e+02
1.050596237182617188e+02
1.052838516235351562e+02
1.054703826904296875e+02
1.056187057495117188e+02
1.057283248901367188e+02
1.057987518310546875e+02
1.058294601440429688e+02
1.058201065063476562e+02
1.057709197998046875e+02
1.056822586059570312e+02
1.055544891357421875e+02
1.053879852294921875e+02
1.051831130981445312e+02
1.049402313232421875e+02
1.046597213745117188e+02
1.043419418334960938e+02
1.039872665405273438e+02
1.035960617065429688e+02
1.031686859130859375e+02
1.027055206298828125e+02
1.022069244384765625e+02
1.016732635498046875e+02
1.011049194335937500e+02
1.005022430419921875e+02
9.986560821533203125e+01
9.919538116455078125e+01
9.849194335937500000e+01
9.775563812255859375e+01
9.698684692382812500e+01
9.618594360351562500e+01
9.535327911376953125e+01
9.448923492431640625e+01
9.359417724609375000e+01
9.266847229003906250e+01
9.171247863769531250e+01
9.072657775878906250e+01
8.971112823486328125e+01
8.866650390625000000e+01
8.759305572509765625e+01
8.649117279052734375e+01
8.536122131347656250e+01
8.420355224609375000e+01
8.301855468750000000e+01
8.180657196044921875e+01
8.056799316406250000e+01
7.930316925048828125e+01
7.801248168945312500e+01
7.669628906250000000e+01
7.535496520996093750e+01
7.398887634277343750e+01
7.259838104248046875e+01
7.118386077880859375e+01
6.974567413330078125e+01
6.828419494628906250e+01
6.679978942871093750e+01
6.529281616210937500e+01
6.376365280151367188e+01
6.221274948120117188e+01
6.064085388183593750e+01
5.904880523681640625e+01
5.743744277954101562e+01
5.580761337280273438e+01
5.416014480590820312e+01
5.249587249755859375e+01
5.081564331054687500e+01
4.912028884887695312e+01
4.741065216064453125e+01
4.568756103515625000e+01
4.395186614990234375e+01
4.220439529418945312e+01
4.044599151611328125e+01
3.867749023437500000e+01
3.689972686767578125e+01
3.511354446411132812e+01
3.331977844238281250e+01
3.151926803588867188e+01
2.971284484863281250e+01
2.790135192871093750e+01
2.608562660217285156e+01
2.426650619506835938e+01
2.244482994079589844e+01
2.062143325805664062e+01
1.879715347290039062e+01
1.697282791137695312e+01
1.514929771423339844e+01
1.332739925384521484e+01
1.150796794891357422e+01
9.691843986511230469e+00
7.879864215850830078e+00
6.072866916656494141e+00
4.271689414978027344e+00
2.477168798446655273e+00
6.901435852050781250e-01
-1.088548541069030762e+00
-2.858070135116577148e+00
-4.617583274841308594e+00
-6.366250514984130859e+00
-8.103233337402343750e+00
-9.827693939208984375e+00
-1.153879642486572266e+01
-1.323570156097412109e+01
-1.491757202148437500e+01
-1.658357048034667969e+01
-1.823285865783691406e+01
-1.986459732055664062e+01
-2.147795104980468750e+01
-2.307208251953125000e+01
-2.464623069763183594e+01
-2.619996070861816406e+01
-2.773291587829589844e+01
-2.924473190307617188e+01
-3.073505783081054688e+01
-3.220353317260742188e+01
-3.364979553222656250e+01
-3.507349395751953125e+01
-3.647426605224609375e+01
-3.785175704956054688e+01
-3.920560836791992188e+01
-4.053545379638671875e+01
-4.184095001220703125e+01
-4.312172698974609375e+01
-4.437742996215820312e+01
-4.560770797729492188e+01
-4.681219482421875000e+01
-4.799053192138671875e+01
-4.914236450195312500e+01
-5.026733779907226562e+01
-5.136508560180664062e+01
-5.243525695800781250e+01
-5.347749328613281250e+01
-5.449143218994140625e+01
-5.547672271728515625e+01
-5.643299865722656250e+01
-5.735990524291992188e+01
-5.825709152221679688e+01
-5.912418746948242188e+01
-5.996084213256835938e+01
-6.076669311523437500e+01
-6.154138946533203125e+01
-6.228457260131835938e+01
-6.299588012695312500e+01
-6.367494583129882812e+01
-6.432143402099609375e+01
-6.493495941162109375e+01
-6.551519012451171875e+01
-6.606175231933593750e+01
-6.657428741455078125e+01
-6.705245208740234375e+01
-6.749587249755859375e+01
-6.790419769287109375e+01
-6.827706909179687500e+01
-6.861412811279296875e+01
-6.891502380371093750e+01
-6.917938232421875000e+01
-6.940685272216796875e+01
-6.959708404541015625e+01
-6.974971008300781250e+01
-6.986452484130859375e+01
-6.994188690185546875e+01
-6.998231506347656250e+01
-6.998632049560546875e+01
-6.995440673828125000e+01
-6.988710021972656250e+01
-6.978489685058593750e+01
-6.964831542968750000e+01
-6.947787475585937500e+01
-6.927408599853515625e+01
-6.903744506835937500e+01
-6.876847839355468750e+01
-6.846768951416015625e+01
-6.813559722900390625e+01
-6.777271270751953125e+01
-6.737953948974609375e+01
-6.695660400390625000e+01
-6.650440216064453125e+01
-6.602345275878906250e+01
-6.551427459716796875e+01
-6.497736358642578125e+01
-6.441325378417968750e+01
-6.382242965698242188e+01
-6.320542526245117188e+01
-6.256274414062500000e+01
-6.189489746093750000e+01
-6.120240402221679688e+01
-6.048575973510742188e+01
-5.974549484252929688e+01
-5.898211669921875000e+01
-5.819612503051757812e+01
-5.738803863525390625e+01
-5.655837249755859375e+01
-5.570763778686523438e+01
-5.483634948730468750e+01
-5.394501113891601562e+01
-5.303413772583007812e+01
-5.210424423217773438e+01
-5.115584182739257812e+01
-5.018943786621093750e+01
-4.920554351806640625e+01
-4.820467758178710938e+01
-4.718735122680664062e+01
-4.615407180786132812e+01
-4.510535049438476562e+01
-4.404170227050781250e+01
-4.296363830566406250e+01
-4.187167358398437500e+01
-4.076631546020507812e+01
-3.964807510375976562e+01
-3.851750946044921875e+01
-3.737535476684570312e+01
-3.622239303588867188e+01
-3.505939483642578125e+01
-3.388714599609375000e+01
-3.270642089843750000e+01
-3.151800346374511719e+01
-3.032266998291015625e+01
-2.912119483947753906e+01
-2.791436386108398438e+01
-2.670295143127441406e+01
-2.548773956298828125e+01
-2.426950454711914062e+01
-2.304902458190917969e+01
-2.182708168029785156e+01
-2.060445213317871094e+01
-1.938191604614257812e+01
-1.816025352478027344e+01
-1.694024085998535156e+01
-1.572265720367431641e+01
-1.450828266143798828e+01
-1.329789638519287109e+01
-1.209227657318115234e+01
-1.089220046997070312e+01
-9.698449134826660156e+00
-8.511801719665527344e+00
-7.333034515380859375e+00
-6.162929058074951172e+00
-5.002262592315673828e+00
-3.851814746856689453e+00
-2.712363958358764648e+00
-1.584689140319824219e+00
-4.695692658424377441e-01
6.322167515754699707e-01
1.719890236854553223e+00
2.792671918869018555e+00
3.849783658981323242e+00
4.890445709228515625e+00
5.913879871368408203e+00
6.919307708740234375e+00
7.905949115753173828e+00
8.873025894165039062e+00
9.819759368896484375e+00
1.074536991119384766e+01
1.164908027648925781e+01
1.253010940551757812e+01
1.338768005371093750e+01
1.422101211547851562e+01
1.502933025360107422e+01
1.581184959411621094e+01
1.656789970397949219e+01
1.729722023010253906e+01
1.799965667724609375e+01
1.867505073547363281e+01
1.932325172424316406e+01
1.994409942626953125e+01
2.053744125366210938e+01
2.110312271118164062e+01
2.164098548889160156e+01
2.215087699890136719e+01
2.263264083862304688e+01
2.308612251281738281e+01
2.351116371154785156e+01
2.390761375427246094e+01
2.427531242370605469e+01
2.461410903930664062e+01
2.492384529113769531e+01
2.520436668395996094e+01
2.545551681518554688e+01
2.567714118957519531e+01
2.586908721923828125e+01
2.603119468688964844e+01
2.616331291198730469e+01
2.626528167724609375e+01
2.633695030212402344e+01
2.637815856933593750e+01
2.638875770568847656e+01
2.636858558654785156e+01
2.631749153137207031e+01
2.623531723022460938e+01
2.612191200256347656e+01
2.597711563110351562e+01
2.580077362060546875e+01
2.559273147583007812e+01
2.535283470153808594e+01
2.508092689514160156e+01
2.477685165405273438e+01
2.444045829772949219e+01
2.407158470153808594e+01
2.367008209228515625e+01
2.323578834533691406e+01
2.276855468750000000e+01
2.226822280883789062e+01
2.173463630676269531e+01
2.116764259338378906e+01
2.056708526611328125e+01
1.993280601501464844e+01
1.926465415954589844e+01
1.856247138977050781e+01
1.782610321044921875e+01
1.705552673339843750e+01
1.625124359130859375e+01
1.541388797760009766e+01
1.454409503936767578e+01
1.364250087738037109e+01
1.270973587036132812e+01
1.174643802642822266e+01
1.075323867797851562e+01
9.730773925781250000e+00
8.679678916931152344e+00
7.600585937500000000e+00
6.494131565093994141e+00
5.360948562622070312e+00
4.201672077178955078e+00
3.016936540603637695e+00
1.807375907897949219e+00
5.736246705055236816e-01
-6.836826801300048828e-01
-1.963911771774291992e+00
-3.266428470611572266e+00
-4.590597629547119141e+00
-5.935785770416259766e+00
-7.301358222961425781e+00
-8.686679840087890625e+00
-1.009111785888671875e+01
-1.151403617858886719e+01
-1.295480155944824219e+01
-1.441277885437011719e+01
-1.588733577728271484e+01
-1.737783432006835938e+01
-1.888364219665527344e+01
-2.040412521362304688e+01
-2.193865013122558594e+01
-2.348657989501953125e+01
-2.504728126525878906e+01
-2.662011909484863281e+01
-2.820446205139160156e+01
-2.979966926574707031e+01
-3.140511512756347656e+01
-3.302015686035156250e+01
-3.464416885375976562e+01
-3.627650833129882812e+01
-3.791654205322265625e+01
-3.956364059448242188e+01
-4.121716690063476562e+01
-4.287648773193359375e+01
-4.454096603393554688e+01
-4.620996856689453125e+01
-4.788286209106445312e+01
-4.955901336669921875e+01
-5.123777008056640625e+01
-5.291841125488281250e+01
-5.460020828247070312e+01
-5.628242492675781250e+01
-5.796433258056640625e+01
-5.964519119262695312e+01
-6.132426834106445312e+01
-6.300083541870117188e+01
-6.467414855957031250e+01
-6.634349060058593750e+01
-6.800811767578125000e+01
-6.966729736328125000e+01
-7.132028961181640625e+01
-7.296636962890625000e+01
-7.460480499267578125e+01
-7.623486328125000000e+01
-7.785579681396484375e+01
-7.946688079833984375e+01
-8.106739044189453125e+01
-8.265657806396484375e+01
-8.423371887207031250e+01
-8.579807281494140625e+01
-8.734892272949218750e+01
-8.888551330566406250e+01
-9.040711212158203125e+01
-9.191300964355468750e+01
-9.340245056152343750e+01
-9.487470245361328125e+01
-9.632904052734375000e+01
-9.776472473144531250e+01
-9.918103027343750000e+01
-1.005772094726562500e+02
-1.019525451660156250e+02
-1.033062896728515625e+02
-1.046377182006835938e+02
-1.059460906982421875e+02
-1.072306823730468750e+02
-1.084907531738281250e+02
-1.097255630493164062e+02
-1.109343948364257812e+02
-1.121165008544921875e+02
-1.132711563110351562e+02
-1.143976287841796875e+02
-1.154951705932617188e+02
-1.165630645751953125e+02
-1.176005783081054688e+02
-1.186069564819335938e+02
-1.195814819335937500e+02
-1.205234222412109375e+02
-1.214320373535156250e+02
-1.223067092895507812e+02
-1.231472854614257812e+02
-1.239536895751953125e+02
-1.247258987426757812e+02
-1.254638519287109375e+02
-1.261674880981445312e+02
-1.268367538452148438e+02
-1.274716186523437500e+02
-1.280720214843750000e+02
-1.286379241943359375e+02
-1.291692504882812500e+02
-1.296659545898437500e+02
-1.301280059814453125e+02
-1.305553436279296875e+02
-1.309479064941406250e+02
-1.313056640625000000e+02
-1.316285552978515625e+02
-1.319165191650390625e+02
-1.321695098876953125e+02
-1.323874816894531250e+02
-1.325704040527343750e+02
-1.327181854248046875e+02
-1.328307952880859375e+02
-1.329081726074218750e+02
-1.329502868652343750e+02
-1.329570922851562500e+02
-1.329285125732421875e+02
-1.328645019531250000e+02
-1.327650146484375000e+02
-1.326300048828125000e+02
-1.324594116210937500e+02
-1.322531890869140625e+02
-1.320112915039062500e+02
-1.317336730957031250e+02
-1.314202575683593750e+02
-1.310710144042968750e+02
-1.306858978271484375e+02
-1.302648468017578125e+02
-1.298078002929687500e+02
-1.293147277832031250e+02
-1.287855682373046875e+02
-1.282202758789062500e+02
-1.276187973022460938e+02
-1.269810714721679688e+02
-1.263070526123046875e+02
-1.255967178344726562e+02
-1.248499679565429688e+02
-1.240667953491210938e+02
-1.232471313476562500e+02
-1.223909149169921875e+02
-1.214982299804687500e+02
-1.205696258544921875e+02
-1.196057281494140625e+02
-1.186072540283203125e+02
-1.175748214721679688e+02
-1.165091018676757812e+02
-1.154107894897460938e+02
-1.142805099487304688e+02
-1.131189422607421875e+02
-1.119267349243164062e+02
-1.107045745849609375e+02
-1.094531173706054688e+02
-1.081730117797851562e+02
-1.068649215698242188e+02
-1.055295257568359375e+02
-1.041674804687500000e+02
-1.027794342041015625e+02
-1.013660736083984375e+02
-9.992803955078125000e+01
-9.846601104736328125e+01
-9.698064422607421875e+01
-9.547259521484375000e+01
-9.394254302978515625e+01
-9.239112854003906250e+01
-9.081903839111328125e+01
-8.922691345214843750e+01
-8.761543273925781250e+01
-8.598525238037109375e+01
-8.433703613281250000e+01
-8.267144012451171875e+01
-8.098913574218750000e+01
-7.929078674316406250e+01
-7.757704925537109375e+01
-7.584858703613281250e+01
-7.410606384277343750e+01
-7.235015106201171875e+01
-7.058148956298828125e+01
-6.880076599121093750e+01
-6.700863647460937500e+01
-6.520574951171875000e+01
-6.339278411865234375e+01
-6.157039642333984375e+01
-5.973925399780273438e+01
-5.790001296997070312e+01
-5.605333328247070312e+01
-5.419989395141601562e+01
-5.234033966064453125e+01
-5.047534179687500000e+01
-4.860556411743164062e+01
-4.673166275024414062e+01
-4.485430908203125000e+01
-4.297419357299804688e+01
-4.109200668334960938e+01
-3.920843887329101562e+01
-3.732418441772460938e+01
-3.543993377685546875e+01
-3.355638504028320312e+01
-3.167422294616699219e+01
-2.979414176940917969e+01
-2.791683578491210938e+01
-2.604299736022949219e+01
-2.417331886291503906e+01
-2.230849075317382812e+01
-2.044920730590820312e+01
-1.859616088867187500e+01
-1.675004386901855469e+01
-1.491154575347900391e+01
-1.308136367797851562e+01
-1.126018714904785156e+01
-9.448708534240722656e+00
-7.647620201110839844e+00
-5.857615947723388672e+00
-4.079386711120605469e+00
-2.313625574111938477e+00
-5.610247254371643066e-01
1.177723526954650879e+00
2.901926517486572266e+00
4.610892295837402344e+00
6.303927898406982422e+00
7.980341434478759766e+00
9.639441490173339844e+00
1.128053283691406250e+01
1.290292549133300781e+01
1.450592708587646484e+01
1.608884239196777344e+01
1.765098381042480469e+01
1.919165611267089844e+01
2.071016502380371094e+01
2.220582389831542969e+01
2.367793464660644531e+01
2.512580680847167969e+01
2.654874801635742188e+01
2.794606590270996094e+01
2.931706809997558594e+01
3.066106414794921875e+01
3.197735786437988281e+01
3.326526260375976562e+01
3.452407836914062500e+01
3.575312042236328125e+01
3.695168685913085938e+01
3.811920166015625000e+01
3.925550842285156250e+01
4.036054611206054688e+01
4.143427658081054688e+01
4.247664260864257812e+01
4.348759841918945312e+01
4.446708679199218750e+01
4.541506958007812500e+01
4.633148956298828125e+01
4.721629333496093750e+01
4.806943893432617188e+01
4.889087295532226562e+01
4.968054199218750000e+01
5.043840026855468750e+01
5.116440200805664062e+01
5.185848617553710938e+01
5.252061080932617188e+01
5.315072631835937500e+01
5.374877548217773438e+01
5.431471252441406250e+01
5.484849166870117188e+01
5.535005950927734375e+01
5.581936264038085938e+01
5.625635910034179688e+01
5.666099166870117188e+01
5.703321075439453125e+01
5.737297058105468750e+01
5.768021774291992188e+01
5.795490264892578125e+01
5.819698333740234375e+01
5.840639495849609375e+01
5.858309555053710938e+01
5.872703552246093750e+01
5.883816909790039062e+01
5.891643524169921875e+01
5.896179962158203125e+01
5.897419357299804688e+01
5.895358276367187500e+01
5.889990997314453125e+01
5.881312179565429688e+01
5.869317245483398438e+01
5.854001617431640625e+01
5.835359954833984375e+01
5.813386917114257812e+01
5.788077926635742188e+01
5.759428024291992188e+01
5.727432250976562500e+01
5.692084503173828125e+01
5.653381729125976562e+01
5.611317443847656250e+01
5.565896987915039062e+01
5.517167282104492188e+01
5.465185546875000000e+01
5.410007858276367188e+01
5.351691055297851562e+01
5.290291595458984375e+01
5.225867080688476562e+01
5.158473587036132812e+01
5.088167953491210938e+01
5.015006637573242188e+01
4.939047241210937500e+01
4.860345840454101562e+01
4.778959655761718750e+01
4.694944763183593750e+01
4.608358383178710938e+01
4.519256973266601562e+01
4.427697753906250000e+01
4.333737182617187500e+01
4.237431716918945312e+01
4.138838958740234375e+01
4.038014602661132812e+01
3.935015869140625000e+01
3.829899978637695312e+01
3.722723007202148438e+01
3.613541793823242188e+01
3.502413177490234375e+01
3.389394378662109375e+01
3.274541473388671875e+01
3.157911300659179688e+01
3.039560890197753906e+01
2.919546890258789062e+01
2.797926139831542969e+01
2.674755096435546875e+01
2.550090789794921875e+01
2.423989868164062500e+01
2.296508979797363281e+01
2.167704963684082031e+01
2.037634658813476562e+01
1.906354713439941406e+01
1.773921775817871094e+01
1.640392875671386719e+01
1.505824470520019531e+01
1.370273494720458984e+01
1.233796596527099609e+01
1.096450519561767578e+01
9.582921028137207031e+00
8.193779945373535156e+00
6.797651290893554688e+00
5.395100116729736328e+00
3.986695051193237305e+00
2.573003053665161133e+00
1.154588460922241211e+00
-2.679845690727233887e-01
-1.694151878356933594e+00
-3.123349666595458984e+00
-4.555014133453369141e+00
-5.988580226898193359e+00
-7.423485279083251953e+00
-8.859164237976074219e+00
-1.029505348205566406e+01
-1.173058891296386719e+01
-1.316520690917968750e+01
-1.459834194183349609e+01
-1.602943420410156250e+01
-1.745791244506835938e+01
-1.888322067260742188e+01
-2.030478668212890625e+01
-2.172205543518066406e+01
-2.313445472717285156e+01
-2.454142570495605469e+01
-2.594240188598632812e+01
-2.733682060241699219e+01
-2.872411727905273438e+01
-3.010372734069824219e+01
-3.147508621215820312e+01
-3.283763122558593750e+01
-3.419079971313476562e+01
-3.553402709960937500e+01
-3.686674499511718750e+01
-3.818839645385742188e+01
-3.949840927124023438e+01
-4.079622650146484375e+01
-4.208127975463867188e+01
-4.335300827026367188e+01
-4.461084747314453125e+01
-4.585422897338867188e+01
-4.708259201049804688e+01
-4.829537582397460938e+01
-4.949200820922851562e+01
-5.067193603515625000e+01
-5.183458709716796875e+01
-5.297939682006835938e+01
-5.410580825805664062e+01
-5.521324539184570312e+01
-5.630116271972656250e+01
-5.736898040771484375e+01
-5.841614151000976562e+01
-5.944207382202148438e+01
-6.044622421264648438e+01
-6.142802047729492188e+01
-6.238698959350585938e+01
-6.332299041748046875e+01
-6.423597717285156250e+01
-6.512587738037109375e+01
-6.599266815185546875e+01
-6.683628082275390625e+01
-6.765665435791015625e+01
-6.845375823974609375e+01
-6.922752380371093750e+01
-6.997789764404296875e+01
-7.070484161376953125e+01
-7.140827941894531250e+01
-7.208818817138671875e+01
-7.274449157714843750e+01
-7.337715148925781250e+01
-7.398611450195312500e+01
-7.457131958007812500e+01
-7.513271331787109375e+01
-7.567025756835937500e+01
-7.618389129638671875e+01
-7.667356109619140625e+01
-7.713921356201171875e+01
-7.758079528808593750e+01
-7.799826049804687500e+01
-7.839155578613281250e+01
-7.876062011718750000e+01
-7.910540771484375000e+01
-7.942587280273437500e+01
-7.972194671630859375e+01
-7.999359130859375000e+01
-8.024074554443359375e+01
-8.046337127685546875e+01
-8.066139984130859375e+01
-8.083477783203125000e+01
-8.098346710205078125e+01
-8.110739898681640625e+01
-8.120653533935546875e+01
-8.128081512451171875e+01
-8.133019256591796875e+01
-8.135460662841796875e+01
-8.135401153564453125e+01
-8.132836151123046875e+01
-8.127758026123046875e+01
-8.120164489746093750e+01
-8.110047912597656250e+01
-8.097404479980468750e+01
-8.082228851318359375e+01
-8.064514923095703125e+01
-8.044258117675781250e+01
-8.021453094482421875e+01
-7.996102905273437500e+01
-7.968243408203125000e+01
-7.937917327880859375e+01
-7.905169677734375000e+01
-7.870043945312500000e+01
-7.832584381103515625e+01
-7.792834472656250000e+01
-7.750838470458984375e+01
-7.706639862060546875e+01
-7.660282897949218750e+01
-7.611811828613281250e+01
-7.561269378662109375e+01
-7.508699798583984375e+01
-7.454147338867187500e+01
-7.397656250000000000e+01
-7.339269256591796875e+01
-7.279031372070312500e+01
-7.216986083984375000e+01
-7.153177642822265625e+01
-7.087648773193359375e+01
-7.020444488525390625e+01
-6.951608276367187500e+01
-6.881184387207031250e+01
-6.809215545654296875e+01
-6.735746002197265625e+01
-6.660821533203125000e+01
-6.584484100341796875e+01
-6.506777954101562500e+01
-6.427747344970703125e+01
-6.347434997558593750e+01
-6.265886306762695312e+01
-6.183144760131835938e+01
-6.099254226684570312e+01
-6.014257812500000000e+01
-5.928200149536132812e+01
-5.841125488281250000e+01
-5.753076553344726562e+01
-5.664097976684570312e+01
-5.574233627319335938e+01
-5.483527374267578125e+01
-5.392023086547851562e+01
-5.299764633178710938e+01
-5.206795501708984375e+01
-5.113160324096679688e+01
-5.018902206420898438e+01
-4.924065780639648438e+01
-4.828694534301757812e+01
-4.732832336425781250e+01
-4.636523056030273438e+01
-4.539810562133789062e+01
-4.442739105224609375e+01
-4.345350646972656250e+01
-4.247689056396484375e+01
-4.149796676635742188e+01
-4.051716613769531250e+01
-3.953491592407226562e+01
-3.855164718627929688e+01
-3.756778717041015625e+01
-3.658376312255859375e+01
-3.560000610351562500e+01
-3.461694335937500000e+01
-3.363500213623046875e+01
-3.265461349487304688e+01
-3.167620658874511719e+01
-3.070020866394042969e+01
-2.972704887390136719e+01
-2.875715255737304688e+01
-2.779095649719238281e+01
-2.682888221740722656e+01
-2.587136077880859375e+01
-2.491882133483886719e+01
-2.397169113159179688e+01
-2.303040122985839844e+01
-2.209537696838378906e+01
-2.116705131530761719e+01
-2.024584960937500000e+01
-1.933220100402832031e+01
-1.842653656005859375e+01
-1.752927970886230469e+01
-1.664086532592773438e+01
-1.576171875000000000e+01
-1.489226913452148438e+01
-1.403294563293457031e+01
-1.318417739868164062e+01
-1.234639167785644531e+01
-1.152001667022705078e+01
-1.070548439025878906e+01
-9.903219223022460938e+00
-9.113653182983398438e+00
-8.337214469909667969e+00
-7.574330806732177734e+00
-6.825430393218994141e+00
-6.090943336486816406e+00
-5.371297836303710938e+00
-4.666922092437744141e+00
-3.978245496749877930e+00
-3.305696487426757812e+00
-2.649703502655029297e+00
-2.010695695877075195e+00
-1.389101386070251465e+00
-7.852804660797119141e-01
-1.993170231580734253e-01
3.687739074230194092e-01
9.189772009849548340e-01
1.451277732849121094e+00
1.965660333633422852e+00
2.462110042572021484e+00
2.940611600875854492e+00
3.401149988174438477e+00
3.843709945678710938e+00
4.268276691436767578e+00
4.674834728240966797e+00
5.063369274139404297e+00
5.433865070343017578e+00
5.786306858062744141e+00
6.120679378509521484e+00
6.436968326568603516e+00
6.735157966613769531e+00
7.015232563018798828e+00
7.277179241180419922e+00
7.520979881286621094e+00
7.746621608734130859e+00
7.954088687896728516e+00
8.143365859985351562e+00
8.314437866210937500e+00
8.467289924621582031e+00
8.601906776428222656e+00
8.718273162841796875e+00
8.816374778747558594e+00
8.896195411682128906e+00
8.957719802856445312e+00
9.000934600830078125e+00
9.025822639465332031e+00
9.032369613647460938e+00
9.020562171936035156e+00
8.990382194519042969e+00
8.941816329956054688e+00
8.874847412109375000e+00
8.789463996887207031e+00
8.685648918151855469e+00
8.563385963439941406e+00
8.422662734985351562e+00
8.263461112976074219e+00
8.085767745971679688e+00
7.889567375183105469e+00
7.674844741821289062e+00
7.441585063934326172e+00
7.189772605895996094e+00
6.919392108917236328e+00
6.630429267883300781e+00
6.322928905487060547e+00
5.997177124023437500e+00
5.653520107269287109e+00
5.292305469512939453e+00
4.913878917694091797e+00
4.518587112426757812e+00
4.106776237487792969e+00
3.678793191909790039e+00
3.234984159469604492e+00
2.775696039199829102e+00
2.301275253295898438e+00
1.812068223953247070e+00
1.308421254158020020e+00
7.906811237335205078e-01
2.591942548751831055e-01
-2.856928408145904541e-01
-8.436336517333984375e-01
-1.414281725883483887e+00
-1.997290611267089844e+00
-2.592313528060913086e+00
-3.199004173278808594e+00
-3.817015886306762695e+00
-4.446002483367919922e+00
-5.085617065429687500e+00
-5.735513687133789062e+00
-6.395345211029052734e+00
-7.064765453338623047e+00
-7.743427753448486328e+00
-8.430985450744628906e+00
-9.127093315124511719e+00
-9.831402778625488281e+00
-1.054356861114501953e+01
-1.126324462890625000e+01
-1.199008274078369141e+01
-1.272373771667480469e+01
-1.346386337280273438e+01
-1.421011352539062500e+01
-1.496213912963867188e+01
-1.571959590911865234e+01
-1.648213577270507812e+01
-1.724941444396972656e+01
-1.802108383178710938e+01
-1.879679870605468750e+01
-1.957621002197265625e+01
-2.035897445678710938e+01
-2.114474296569824219e+01
-2.193316841125488281e+01
-2.272390937805175781e+01
-2.351661300659179688e+01
-2.431093597412109375e+01
-2.510653495788574219e+01
-2.590307998657226562e+01
-2.670023727416992188e+01
-2.749768257141113281e+01
-2.829508781433105469e+01
-2.909212303161621094e+01
-2.988845825195312500e+01
-3.068376541137695312e+01
-3.147772026062011719e+01
-3.226999282836914062e+01
-3.306024932861328125e+01
-3.384816360473632812e+01
-3.463341140747070312e+01
-3.541566085815429688e+01
-3.619458389282226562e+01
-3.696985244750976562e+01
-3.774113845825195312e+01
-3.850811386108398438e+01
-3.927044296264648438e+01
-4.002780914306640625e+01
-4.077987670898437500e+01
-4.152631759643554688e+01
-4.226680755615234375e+01
-4.300101089477539062e+01
-4.372860336303710938e+01
-4.444925689697265625e+01
-4.516264343261718750e+01
-4.586843109130859375e+01
-4.656629562377929688e+01
-4.725590896606445312e+01
-4.793693542480468750e+01
-4.860905456542968750e+01
-4.927193450927734375e+01
-4.992524337768554688e+01
-5.056865692138671875e+01
-5.120185089111328125e+01
-5.182448577880859375e+01
-5.243624496459960938e+01
-5.303678894042968750e+01
-5.362579727172851562e+01
-5.420294189453125000e+01
-5.476788711547851562e+01
-5.532030487060546875e+01
-5.585987472534179688e+01
-5.638626098632812500e+01
-5.689914321899414062e+01
-5.739818572998046875e+01
-5.788306427001953125e+01
-5.835343933105468750e+01
-5.880899810791015625e+01
-5.924945449829101562e+01
-5.967477035522460938e+01
-6.008493041992187500e+01
-6.047994613647460938e+01
-6.085982513427734375e+01
-6.122455978393554688e+01
-6.157415390014648438e+01
-6.190861511230468750e+01
-6.222793579101562500e+01
-6.253212738037109375e+01
-6.282119369506835938e+01
-6.309513092041015625e+01
-6.335394287109375000e+01
-6.359762573242187500e+01
-6.382619476318359375e+01
-6.403964233398437500e+01
-6.423796844482421875e+01
-6.442118835449218750e+01
-6.458928680419921875e+01
-6.474228668212890625e+01
-6.488017272949218750e+01
-6.500295257568359375e+01
-6.511063385009765625e+01
-6.520320892333984375e+01
-6.528067779541015625e+01
-6.534306335449218750e+01
-6.539035034179687500e+01
-6.542254638671875000e+01
-6.543964385986328125e+01
-6.544166564941406250e+01
-6.542858886718750000e+01
-6.540043640136718750e+01
-6.535720062255859375e+01
-6.529888916015625000e+01
-6.522549438476562500e+01
-6.513703155517578125e+01
-6.503349304199218750e+01
-6.491487884521484375e+01
-6.478120422363281250e+01
-6.463245391845703125e+01
-6.446865081787109375e+01
-6.428977966308593750e+01
-6.409585571289062500e+01
-6.388686370849609375e+01
-6.366282653808593750e+01
-6.342373275756835938e+01
-6.316958999633789062e+01
-6.290039443969726562e+01
-6.261615753173828125e+01
-6.231687545776367188e+01
-6.200259399414062500e+01
-6.167351531982421875e+01
-6.132990264892578125e+01
-6.097200775146484375e+01
-6.060006332397460938e+01
-6.021433639526367188e+01
-5.981507492065429688e+01
-5.940252685546875000e+01
-5.897694396972656250e+01
-5.853858566284179688e+01
-5.808769226074218750e+01
-5.762451553344726562e+01
-5.714931106567382812e+01
-5.666232681274414062e+01
-5.616381454467773438e+01
-5.565403366088867188e+01
-5.513321304321289062e+01
-5.460163116455078125e+01
-5.405951690673828125e+01
-5.350713729858398438e+01
-5.294473266601562500e+01
-5.237255859375000000e+01
-5.179086303710937500e+01
-5.119990158081054688e+01
-5.059992218017578125e+01
-4.999117660522460938e+01
-4.937391662597656250e+01
-4.874839019775390625e+01
-4.811485671997070312e+01
-4.747355651855468750e+01
-4.682474136352539062e+01
-4.616867065429687500e+01
-4.550559234619140625e+01
-4.483575439453125000e+01
-4.415940856933593750e+01
-4.347680282592773438e+01
-4.278819656372070312e+01
-4.209383773803710938e+01
-4.139397430419921875e+01
-4.068885803222656250e+01
-3.997874450683593750e+01
-3.926388168334960938e+01
-3.854451370239257812e+01
-3.782089996337890625e+01
-3.709329223632812500e+01
-3.636193847656250000e+01
-3.562709045410156250e+01
-3.488899612426757812e+01
-3.414790725708007812e+01
-3.340407943725585938e+01
-3.265777587890625000e+01
-3.190932083129882812e+01
-3.115904998779296875e+01
-3.040730476379394531e+01
-2.965442085266113281e+01
-2.890073776245117188e+01
-2.814659690856933594e+01
-2.739233207702636719e+01
-2.663828468322753906e+01
-2.588479042053222656e+01
-2.513219070434570312e+01
-2.438082122802734375e+01
-2.363102149963378906e+01
-2.288313102722167969e+01
-2.213748741149902344e+01
-2.139442634582519531e+01
-2.065428924560546875e+01
-1.991741561889648438e+01
-1.918414115905761719e+01
-1.845480346679687500e+01
-1.772974395751953125e+01
-1.700929832458496094e+01
-1.629380607604980469e+01
-1.558360671997070312e+01
-1.487903690338134766e+01
-1.418043708801269531e+01
-1.348814201354980469e+01
-1.280249309539794922e+01
-1.212382793426513672e+01
-1.145248508453369141e+01
-1.078880119323730469e+01
-1.013311672210693359e+01
-9.485769271850585938e+00
-8.847097396850585938e+00
-8.217439651489257812e+00
-7.597134590148925781e+00
-6.986518859863281250e+00
-6.385932922363281250e+00
-5.795713901519775391e+00
-5.216200351715087891e+00
-4.647731304168701172e+00
-4.090644359588623047e+00
-3.545278072357177734e+00
-3.011970758438110352e+00
-2.491061210632324219e+00
-1.982887625694274902e+00
-1.487787961959838867e+00
-1.006101012229919434e+00
-5.381650328636169434e-01
-8.431834727525711060e-02
3.552051484584808350e-01
7.805895209312438965e-01
1.192123293876647949e+00
1.590095043182373047e+00
1.974793314933776855e+00
2.346506834030151367e+00
2.705523729324340820e+00
3.052133083343505859e+00
3.386622667312622070e+00
3.709282159805297852e+00
4.020399093627929688e+00
4.320262908935546875e+00
4.609161376953125000e+00
4.887383460998535156e+00
5.155217170715332031e+00
5.412951946258544922e+00
5.660875797271728516e+00
5.899277210235595703e+00
6.128445148468017578e+00
6.348668098449707031e+00
6.560234069824218750e+00
6.763432502746582031e+00
6.958550453186035156e+00
7.145877838134765625e+00
7.325703144073486328e+00
7.498314380645751953e+00
7.664000511169433594e+00
7.823050022125244141e+00
7.975750923156738281e+00
8.122392654418945312e+00
8.263262748718261719e+00
8.398651123046875000e+00
8.528844833374023438e+00
8.654132843017578125e+00
8.774805068969726562e+00
8.891148567199707031e+00
9.003452301025390625e+00
9.112004280090332031e+00
9.217094421386718750e+00
9.319009780883789062e+00
9.418040275573730469e+00
9.514473915100097656e+00
9.608597755432128906e+00
9.700702667236328125e+00
9.791075706481933594e+00
9.880006790161132812e+00
9.967783927917480469e+00
1.005469417572021484e+01
1.014102840423583984e+01
1.022707366943359375e+01
