6.008023038794216040e-07
0.000000000000000000e+00
6.008800227949118253e-07
0.000000000000000000e+00
0.000000000000000000e+00
6.010471372069949894e-07
6.011737481717325613e-07
6.012985153496924477e-07
6.014212933296094513e-07
6.015683628143693386e-07
6.016874377942040881e-07
6.017566883686578682e-07
6.019278881668032924e-07
6.020751566589076772e-07
6.022493696591669393e-07
6.024885113923745552e-07
6.026953820629469828e-07
6.028967648024541256e-07
6.031415488689335566e-07
6.033973148046578087e-07
6.037393701082668210e-07
6.040608492523739232e-07
6.043830794968095082e-07
6.046856694631213084e-07
6.050248326531155593e-07
6.054426898351148899e-07
6.058322500250925852e-07
6.062130272033636593e-07
6.066731773664738363e-07
6.071047758594052797e-07
6.075385648785269341e-07
6.080343084683144407e-07
6.085125560433896812e-07
6.089750538686171920e-07
6.095117151823624718e-07
6.101214515709725046e-07
6.107376568407325528e-07
6.113569710455205701e-07
6.120961055770769702e-07
6.129107655327066135e-07
6.139005120657210903e-07
6.150666188469463135e-07
6.164411839741177832e-07
6.179766221635143709e-07
6.198234747368559867e-07
6.219055650398110720e-07
6.241031403427793496e-07
6.267655217180272338e-07
6.296037311228436609e-07
6.322850155065815289e-07
6.347834111512718349e-07
6.369516591145698671e-07
6.383128472352852193e-07
6.384514487428258334e-07
6.368614677106886752e-07
6.331190279480558256e-07
6.268298246640958060e-07
6.175469423289721836e-07
6.051400865154766953e-07
5.895906034605121640e-07
5.716137837718712465e-07
5.523515073341837800e-07
5.331492393105311973e-07
5.153584813887650669e-07
4.999337357384189183e-07
4.871343263540785831e-07
4.765939291909515274e-07
4.665687981156984097e-07
4.545743872875158633e-07
4.384645959797842015e-07
4.162162412080809229e-07
3.884718962879657705e-07
3.582637772234104153e-07
3.299927104276937117e-07
3.072289599789403438e-07
2.892871567860089069e-07
2.722962916507032720e-07
2.516784092448170197e-07
2.254279274902786297e-07
1.967843148114520557e-07
1.725949237954017396e-07
1.550416039622336719e-07
1.399940410392989862e-07
1.224247354684013096e-07
1.030387024170505332e-07
8.678890996263207106e-08
7.439780946409169194e-08
6.203109676451528759e-08
4.930751626599107482e-08
