7.044163677649490562e-07
0.000000000000000000e+00
7.045476385812949954e-07
0.000000000000000000e+00
0.000000000000000000e+00
7.048279197784732145e-07
7.050403928790098288e-07
7.052490569402039334e-07
7.054540664140186796e-07
7.056993726883401842e-07
7.058971176930905445e-07
7.060123659903496082e-07
7.062962567935312651e-07
7.065393939407280203e-07
7.068268740377954834e-07
7.072193413634442031e-07
7.075575984862082801e-07
7.078855551944576323e-07
7.082826709785617958e-07
7.086947783939677255e-07
7.092427969701420340e-07
7.097536181643443579e-07
7.102615193239382875e-07
7.107344090446608889e-07
7.112595794831885542e-07
7.118987659104425571e-07
7.124871682312396703e-07
7.130535669095089470e-07
7.137273972586749749e-07
7.143476703731459713e-07
7.149592809247821278e-07
7.156435550804866583e-07
7.162907469129718383e-07
7.169044168084623478e-07
7.176059313790215565e-07
7.183945121518702264e-07
7.191900583456867141e-07
7.199959154255687219e-07
7.209736409785699101e-07
7.220775610301282850e-07
7.234603313957259884e-07
7.251444798325306202e-07
7.272016699814991293e-07
7.295764483341580760e-07
7.325293883453150690e-07
7.359616823842591905e-07
7.396990535018019507e-07
7.443796770556707032e-07
7.495680377565764799e-07
7.547150491891903255e-07
7.598455998725691258e-07
7.648458971404243137e-07
7.689283256851444131e-07
7.714395310871209093e-07
7.717312763304688578e-07
7.689873969384353027e-07
7.625729687954727796e-07
7.518286297478028582e-07
7.364614140381606995e-07
7.164007222765358304e-07
6.926083206482592490e-07
6.667286235899360772e-07
6.407789370194411066e-07
6.168471615500912998e-07
5.965042288000867935e-07
5.803735388238002342e-07
5.681156588544584153e-07
5.574032359011185790e-07
5.446813865477489723e-07
5.266311738149276108e-07
5.002997764754734031e-07
4.662745393303259683e-07
4.285802232196926114e-07
3.933376750919586981e-07
3.656284596169473998e-07
3.448308040054807296e-07
3.257555474483411763e-07
3.018935380049993819e-07
2.702706617644164370e-07
2.351389806729144779e-07
2.056578830833860527e-07
1.848623825617123215e-07
1.672507812645312941e-07
1.460925280733540244e-07
1.224138733440869278e-07
1.028620580813587290e-07
8.830248425985855214e-08
7.354663808899845370e-08
5.812453692891636045e-08
