# cldesdes
1.737974832931668370e-06
1.856327960720371569e-06
1.986594068179414962e-06
2.129289938737264059e-06
2.285210060226704364e-06
2.454968785309161896e-06
2.638876350383315679e-06
2.837826241539030132e-06
3.051745681931436759e-06
3.280340038123576108e-06
3.524053946371715619e-06
3.781748485754805196e-06
4.051845194760604397e-06
4.332731921694532394e-06
4.622741666644952872e-06
4.918887728206172041e-06
5.217036120945350532e-06
5.512360106617058277e-06
5.798636177731349526e-06
6.069971035790111036e-06
6.319761495773404412e-06
6.536520004863934799e-06
6.712543673818277902e-06
6.839386137631379322e-06
6.908995870226411795e-06
6.913271217341347963e-06
6.846498000369528242e-06
6.707853978697128762e-06
6.501113393483068063e-06
6.232160712001628862e-06
5.909843148408913595e-06
5.547797368030439229e-06
5.161110089324257006e-06
4.764899283680430829e-06
4.370372747959992457e-06
3.985548446648972906e-06
3.613891685341567354e-06
3.255291711006954234e-06
2.911008867513065046e-06
2.586715625233856032e-06
2.288230993477500476e-06
2.012502738692304361e-06
1.750876178240860408e-06
1.506166872415465825e-06
1.292637557619039728e-06
1.114453261741153459e-06
9.620529920336572938e-07
8.279009811737875566e-07
7.110392543425384696e-07
6.130330951084402100e-07
5.308105259500854357e-07
4.609980935178657560e-07
4.028266934402735209e-07
3.539172057911408507e-07
3.127970145221283831e-07
2.782468311291058065e-07
2.489961395995598736e-07
2.240897589274437561e-07
2.027358672811532808e-07
1.842169955493694722e-07
1.680302693091960626e-07
1.537653412111449522e-07
1.410981357467192032e-07
1.297750423723634153e-07
1.196032090286989382e-07
1.104407325941469298e-07
1.021838828981576118e-07
9.476756070712955827e-08
8.810307035531205127e-08
8.202164971040571442e-08
