# d_a
# unit = Mpc
6.547776978305885223e+02
6.572882539312499830e+02
6.598184705494704758e+02
6.623685789823430241e+02
6.649388141179026661e+02
6.675294145032435154e+02
6.701406224141164785e+02
6.727726839260610632e+02
6.754258489870858284e+02
6.781003714919486356e+02
6.807965093580710345e+02
6.835145246031165698e+02
6.862546834242913292e+02
6.890172562793840143e+02
6.918025179696020359e+02
6.946107477242409232e+02
6.974422292872288835e+02
7.002972510055909652e+02
7.031761059198776138e+02
7.060790918565993479e+02
7.090065115227231445e+02
7.119586726022625953e+02
7.149358878550267491e+02
7.179384752175627682e+02
7.209667579063491303e+02
7.240210645232875777e+02
7.271017291635484980e+02
7.302090915258137329e+02
7.333434970249794560e+02
7.365052969073683471e+02
7.396948483685009705e+02
7.429125146734932059e+02
7.461586652801179298e+02
7.494336759646092787e+02
7.527379289502431448e+02
7.560718130387681413e+02
7.594357237447377429e+02
7.628300634328001024e+02
7.662552414580072764e+02
7.697116743091954731e+02
7.731997857555072642e+02
7.767200069960958899e+02
7.802727768130779396e+02
7.838585417278035266e+02
7.874777561604668108e+02
7.911308825931465663e+02
7.948183917363191995e+02
7.985407626988774155e+02
8.022984831617346799e+02
8.060920495550508349e+02
8.099219672391170661e+02
8.137887513007788129e+02
8.176929242688123622e+02
8.216350200549018155e+02
8.256155816235215070e+02
8.296351618301214330e+02
8.336943236247989262e+02
8.377936402598523955e+02
8.419336955012315684e+02
8.461150838438782102e+02
8.503384107309598221e+02
8.546042927769734661e+02
8.589133579946886812e+02
8.632662460259045929e+02
8.676636083759518669e+02
8.721061086518859611e+02
8.765944228042835675e+02
8.811292393725393595e+02
8.857112597335512874e+02
8.903411983536386742e+02
8.950197830435497508e+02
8.997477552163320524e+02
9.045258701478845751e+02
9.093548972399011063e+02
9.142356202849426836e+02
9.191688377332926621e+02
9.241553629612354825e+02
9.291960245403294039e+02
9.342916665072126534e+02
9.394431486334108286e+02
9.446513466945511937e+02
9.499171527383269904e+02
9.552414753504760938e+02
9.606252399179552413e+02
9.660693888883834006e+02
9.715748820247647473e+02
9.771426966543448316e+02
9.827738279103546120e+02
9.884692889652762915e+02
9.942301112540708345e+02
1.000057344685699263e+03
1.005952057841049282e+03
1.011915338155190739e+03
1.017948292081679824e+03
1.024052045236378035e+03
1.030227742517977276e+03
1.036476548202170306e+03
1.042799646006031480e+03
1.049198239118858055e+03
1.055673550195325561e+03
1.062226821306348256e+03
1.068859313842610391e+03
1.075572308365162371e+03
1.082367104396917739e+03
1.089245020148241338e+03
1.096207392169106015e+03
1.103255574919497803e+03
1.110390940248904599e+03
1.117614876774734967e+03
1.124928789148447322e+03
1.132334097196994662e+03
1.139832234925874218e+03
1.147424649368580049e+03
1.155112799265681360e+03
1.162898153554908959e+03
1.170782189651623867e+03
1.178766391496833421e+03
1.186852247347391767e+03
1.195041247280285688e+03
1.203334880379759852e+03
1.211734631572624721e+03
1.220241978073171367e+03
1.228858385394858942e+03
1.237585302881010648e+03
1.246424158701425768e+03
1.255376354255652359e+03
1.264443257916892208e+03
1.273626198042820079e+03
1.282926455170975714e+03
1.292345253306689528e+03
1.301883750200575832e+03
1.311543026500274209e+03
1.321324074459493431e+03
1.331227781108395902e+03
1.341254918299645851e+03
1.351406122403261861e+03
1.361681876439909274e+03
1.372082489135007108e+03
1.382608071528492701e+03
1.393258510845444334e+03
1.404033441294486011e+03
1.414932211417251438e+03
1.425953847562348528e+03
1.437097013000144443e+03
1.448359962129425412e+03
1.459740489151945894e+03
1.471235870504786817e+03
1.482842800241351370e+03
1.494557317437640222e+03
1.506374724568719557e+03
1.518289495647985405e+03
1.530295172745594073e+03
1.542384249297976794e+03
1.554548038383028370e+03
1.566776523859329700e+03
1.579058191945964381e+03
1.591379840443697731e+03
1.603726362358924007e+03
1.616080500176871965e+03
1.628422566426283311e+03
1.640730125467070820e+03
1.652977630595119535e+03
1.665136009569893076e+03
1.677172190501315299e+03
1.689048558646686615e+03
1.700722333022846215e+03
1.712144849780677987e+03
1.723260736954214735e+03
1.734006962406840103e+03
1.744311734311618238e+03
1.754093223328427484e+03
1.763258089897685750e+03
1.771699761443978105e+03
1.779296431174057716e+03
1.785908720620625218e+03
1.791376945036940015e+03
1.795517907132041273e+03
1.798121129336702325e+03
1.798944416067060047e+03
1.797708614460560057e+03
1.794091413710320467e+03
1.787719988003104390e+03
1.778162244299787289e+03
1.764916381261267361e+03
1.747398396041808837e+03
1.724927086546112605e+03
1.696705980993375078e+03
1.661801473755265306e+03
1.619116240511444857e+03
1.567356722130639582e+03
1.504993066458325757e+03
1.430209338235914629e+03
1.340840949317610011e+03
1.234294960715508068e+03
1.107446896645794141e+03
9.565045454060717702e+02
7.768241620203779121e+02
5.626562759813543835e+02
3.067847590788146022e+02
0.000000000000000000e+00
