# d_l
# unit = Mpc
1.676230906446306035e+05
1.666841086004915705e+05
1.657454800782933889e+05
1.648072076216984133e+05
1.638692938049725781e+05
1.629317412335048721e+05
1.619945525443362712e+05
1.610577304067039804e+05
1.601212775225944351e+05
1.591851966273104481e+05
1.582494904900508409e+05
1.573141619145017758e+05
1.563792137394444144e+05
1.554446488393734035e+05
1.545104701251308725e+05
1.535766805445551290e+05
1.526432830831442261e+05
1.517102807647346053e+05
1.507776766521962709e+05
1.498454738481433014e+05
1.489136754956627847e+05
1.479822847790589149e+05
1.470513049246169103e+05
1.461207392013841309e+05
1.451905909219702298e+05
1.442608634433669213e+05
1.433315601677880331e+05
1.424026845435293508e+05
1.414742400658505212e+05
1.405462302778788144e+05
1.396186587715346250e+05
1.386915291884816543e+05
1.377648452210992982e+05
1.368386106134818401e+05
1.359128291624612757e+05
1.349875047186574666e+05
1.340626411875556514e+05
1.331382425306114019e+05
1.322143127663846244e+05
1.312908559717034223e+05
1.303678762828595936e+05
1.294453778968349216e+05
1.285233650725601619e+05
1.276018421322103241e+05
1.266808134625317762e+05
1.257602835162078554e+05
1.248402568132624729e+05
1.239207379425002146e+05
1.230017315629884688e+05
1.220832424055812007e+05
1.211652752744846366e+05
1.202478351392726472e+05
1.193309267700590281e+05
1.184145552964511589e+05
1.174987258326316369e+05
1.165834435746664822e+05
1.156687138023631269e+05
1.147545418811833224e+05
1.138409332642133377e+05
1.129278934941924963e+05
1.120154282056040392e+05
1.111035431268289103e+05
1.101922440823651850e+05
1.092815369951169996e+05
1.083714278887535911e+05
1.074619228901427414e+05
1.065530282318608079e+05
1.056447502547822078e+05
1.047370954107524449e+05
1.038300702653461340e+05
1.029236815007164259e+05
1.020179359185353969e+05
1.011128404430336814e+05
1.002084021241394221e+05
9.930462814072355104e+04
9.840152580395384575e+04
9.749910256076391670e+04
9.659736599744032719e+04
9.569632384333451046e+04
9.479598397470412601e+04
9.389635441868909402e+04
9.299744335742875410e+04
9.209925913232640596e+04
9.120181024846780929e+04
9.030510537919959461e+04
8.940915337087678199e+04
8.851396324778528651e+04
8.761954421724809799e+04
8.672590567492476839e+04
8.583305721031104622e+04
8.494100861245048873e+04
8.404976987586697214e+04
8.315935120672867924e+04
8.226976302925558412e+04
8.138101599238200288e+04
8.049312097668657952e+04
7.960608910160438973e+04
7.871993173293391010e+04
7.783466049065490370e+04
7.695028725707372359e+04
7.606682418531185249e+04
7.518428370815726521e+04
7.430267854729699320e+04
7.342202172295223863e+04
7.254232656393745856e+04
7.166360671816737158e+04
7.078587616363618872e+04
6.990914921989644063e+04
6.903344056006593746e+04
6.815876522339267831e+04
6.728513862841068476e+04
6.641257658672255639e+04
6.554109531744442938e+04
6.467071146235515334e+04
6.380144210179201036e+04
6.293330477133930253e+04
6.206631747936013562e+04
6.120049872542397497e+04
6.033586751968925091e+04
5.947244340330157866e+04
5.861024646987633605e+04
5.774929738813648146e+04
5.688961742578624398e+04
5.603122847470326815e+04
5.517415307754324022e+04
5.431841445585538168e+04
5.346403653981792013e+04
5.261104399971123348e+04
5.175946227925675339e+04
5.090931763096104987e+04
5.006063715361803770e+04
4.921344883213488356e+04
4.836778160959754314e+04
4.752366530987455189e+04
4.668113087483555137e+04
4.584021028529520845e+04
4.500093664918715513e+04
4.416334425983016263e+04
4.332746865823018015e+04
4.249334669977117301e+04
4.166101662568452593e+04
4.083051813972852688e+04
4.000189249055766413e+04
3.917518256031233614e+04
3.835043296002181160e+04
3.752769013247903058e+04
3.670700246332334063e+04
3.588842040115453710e+04
3.507199658759952581e+04
3.425778599836654030e+04
3.344584609644942975e+04
3.263623699879274500e+04
3.182902165789487844e+04
3.102426606002154222e+04
3.022203944192241033e+04
2.942241452820080303e+04
2.862546779178054931e+04
2.783127974025679214e+04
2.703993523131221082e+04
2.625152382084052442e+04
2.546614014795302501e+04
2.468388436166663450e+04
2.390486259479905129e+04
2.312918749144639514e+04
2.235697879541388829e+04
2.158836400813760338e+04
2.082347912600607378e+04
2.006246946860200478e+04
1.930549061128067478e+04
1.855270944682679328e+04
1.780430533764807114e+04
1.706047152807472230e+04
1.632141663520987458e+04
1.558736640992235516e+04
1.485856573407744872e+04
1.413528090609045285e+04
1.341780226168601075e+04
1.270644718453352289e+04
1.200156357029501669e+04
1.130353381756253293e+04
1.061277943006804890e+04
9.929766326131935784e+03
9.255010963008382532e+03
8.589087394587326344e+03
7.932635389177348770e+03
7.286369737241994699e+03
6.651090873096324685e+03
6.027696914009243301e+03
5.417197176909784503e+03
4.820727156188834670e+03
4.239564822146536244e+03
3.675147912129110864e+03
3.129091618194899638e+03
2.603205712328474874e+03
2.099509689466923646e+03
1.620243968848885061e+03
1.167874632207399372e+03
7.450887040412667375e+02
3.547767689395064394e+02
0.000000000000000000e+00
