# d_m
# unit = Mpc
1.047644316528941454e+04
1.046706772215141245e+04
1.045762540760316551e+04
1.044811542424911931e+04
1.043853696132828009e+04
1.042888919442504630e+04
1.041917128517224228e+04
1.040938238094644112e+04
1.039952161455492751e+04
1.038958810391432780e+04
1.037958095172053982e+04
1.036949924510959136e+04
1.035934205530940199e+04
1.034910843728180225e+04
1.033879742935475588e+04
1.032840805284436465e+04
1.031793931166633956e+04
1.030739019193656168e+04
1.029675966156041795e+04
1.028604666981045921e+04
1.027525014689212730e+04
1.026436900349694224e+04
1.025340213034294538e+04
1.024234839770181134e+04
1.023120665491221007e+04
1.021997572987896820e+04
1.020865442855756010e+04
1.019724153442329771e+04
1.018573580792483881e+04
1.017413598592138442e+04
1.016244078110292321e+04
1.015064888139310460e+04
1.013875894933386189e+04
1.012676962145142716e+04
1.011467950760276472e+04
1.010248719030193206e+04
1.009019122402555877e+04
1.007779013449664126e+04
1.006528241794588394e+04
1.005266654034974272e+04
1.003994093664437423e+04
1.002710400991442293e+04
1.001415413055578392e+04
1.000108963541152298e+04
9.987908826879487606e+03
9.974609971990978011e+03
9.961191301459195529e+03
9.947651008696064309e+03
9.933987248796553104e+03
9.920198137489041983e+03
9.906281750050306073e+03
9.892236127621024934e+03
9.878059245940827168e+03
9.863749059855077576e+03
9.849303471227336559e+03
9.834720335463600350e+03
9.819997460183560179e+03
9.805132603845206177e+03
9.790123474320853347e+03
9.774967727422492317e+03
9.759662965374433043e+03
9.744206735230918639e+03
9.728596527236322800e+03
9.712829773125629799e+03
9.696903844362395830e+03
9.680816050311637810e+03
9.664563636344713814e+03
9.648143781873181069e+03
9.631553598308566507e+03
9.614790126944570147e+03
9.597850336758467165e+03
9.580731122127675917e+03
9.563429300458034049e+03
9.545941609719362532e+03
9.528264705884275827e+03
9.510395160265574305e+03
9.492329456747564109e+03
9.474063988906173108e+03
9.455595057012695179e+03
9.436918864915518498e+03
9.418031516793917035e+03
9.398929013777717046e+03
9.379607250426282917e+03
9.360062011059873839e+03
9.340288965935926171e+03
9.320283667262692688e+03
9.300041545041854988e+03
9.279557902731437935e+03
9.258827912719973028e+03
9.237846611601893528e+03
9.216608895244082305e+03
9.195109513632505696e+03
9.173343065487255444e+03
9.151303992633795133e+03
9.128986574117259806e+03
9.106384920045838953e+03
9.083492965148667281e+03
9.060304462032301672e+03
9.036812974119209684e+03
9.013011868250543557e+03
8.988894306934122142e+03
8.964453240217671919e+03
8.939681397165721137e+03
8.914571276917326031e+03
8.889115139300220108e+03
8.863304994975333102e+03
8.837132595083816341e+03
8.810589420366935883e+03
8.783666669727061162e+03
8.756355248195703098e+03
8.728645754272311024e+03
8.700528466594989368e+03
8.671993329901226389e+03
8.643029940234167952e+03
8.613627529346411393e+03
8.583774948249843874e+03
8.553460649856418968e+03
8.522672670650365035e+03
8.491398611328260813e+03
8.459625616338109467e+03
8.427340352243780217e+03
8.394528984835033043e+03
8.361177154897683067e+03
8.327269952551121605e+03
8.292791890053706084e+03
8.257726872968083626e+03
8.222058169570143946e+03
8.185768378375712018e+03
8.148839393648809164e+03
8.111252368743995248e+03
8.072987677123168396e+03
8.034024870873538021e+03
7.994342641453416036e+03
7.953918752451671025e+03
7.912730020521528786e+03
7.870752240529549454e+03
7.827960133905809016e+03
7.784327287605140555e+03
7.739826088857994364e+03
7.694427655372578556e+03
7.648101760619209017e+03
7.600816753794179021e+03
7.552539474023695220e+03
7.503235158327386671e+03
7.452867342816740347e+03
7.401397756554338230e+03
7.348786207446020853e+03
7.294990459478808589e+03
7.239966100552185708e+03
7.183666400078968763e+03
7.126042155453358646e+03
7.067041526397993948e+03
7.006609856107391352e+03
6.944689478002573196e+03
6.881219506799267037e+03
6.816135612470267915e+03
6.749369775550154372e+03
6.680850022088180594e+03
6.610500136401878990e+03
6.538239349621107067e+03
6.463982001840117846e+03
6.387637175515813396e+03
6.309108297566328474e+03
6.228292707439557489e+03
6.145081188242215831e+03
6.059357457855266148e+03
5.970997616823067801e+03
5.879869549708098930e+03
5.785832276573576564e+03
5.688735254111759787e+03
5.588417605981019733e+03
5.484707324857625281e+03
5.377420381468154119e+03
5.266359788751356064e+03
5.151314601187129483e+03
5.032058855656529886e+03
4.908350459697639963e+03
4.779930037281987097e+03
4.646519748032506868e+03
4.507822103597082787e+03
4.363518815255251866e+03
4.213269720469627828e+03
4.056711853829665415e+03
3.893458750621589843e+03
3.723100100109180403e+03
3.545201901494271624e+03
3.359307319152712353e+03
3.164938485192188637e+03
2.961599555508371395e+03
2.748781387053232265e+03
2.525968262296888497e+03
2.292647130136968826e+03
2.048319842173635152e+03
1.792518812295385942e+03
1.524826380306269357e+03
1.244897875679259187e+03
9.524879172511166416e+02
6.474788301493977087e+02
3.299092384063634427e+02
0.000000000000000000e+00
