# h
# unit = 1.0/Mpc
8.068369350954073677e-03
8.011362634595651372e-03
7.954491937342498056e-03
7.897757577433666895e-03
7.841159875447986996e-03
7.784699154333108752e-03
7.728375739435069600e-03
7.672189958528382800e-03
7.616142141846677857e-03
7.560232622113883041e-03
7.504461734575978635e-03
7.448829817033324370e-03
7.393337209873588819e-03
7.337984256105279865e-03
7.282771301391901403e-03
7.227698694086745826e-03
7.172766785268346566e-03
7.117975928776583763e-03
7.063326481249495095e-03
7.008818802160787440e-03
6.954453253858052832e-03
6.900230201601745966e-03
6.846150013604905028e-03
6.792213061073667894e-03
6.738419718248562021e-03
6.684770362446633071e-03
6.631265374104409679e-03
6.577905136821725167e-03
6.524690037406429173e-03
6.471620465920017821e-03
6.418696815724172014e-03
6.365919483528282782e-03
6.313288869437944616e-03
6.260805377004480948e-03
6.208469413275468848e-03
6.156281388846379134e-03
6.104241717913295485e-03
6.052350818326759398e-03
6.000609111646775656e-03
5.949017023199040799e-03
5.897574982132359860e-03
5.846283421477367626e-03
5.795142778206516243e-03
5.744153493295439325e-03
5.693316011785672613e-03
5.642630782848810991e-03
5.592098259852117462e-03
5.541718900425656076e-03
5.491493166530963567e-03
5.441421524531349883e-03
5.391504445263820694e-03
5.341742404112732011e-03
5.292135881085189945e-03
5.242685360888269322e-03
5.193391333008104925e-03
5.144254291790913494e-03
5.095274736526023661e-03
5.046453171530950257e-03
4.997790106238614478e-03
4.949286055286754998e-03
4.900941538609627189e-03
4.852757081532042480e-03
4.804733214865843267e-03
4.756870475008907057e-03
4.709169404046744008e-03
4.661630549856791983e-03
4.614254466215510567e-03
4.567041712908363402e-03
4.519992855842794657e-03
4.473108467164317592e-03
4.426389125375819293e-03
4.379835415460195218e-03
4.333447929006479203e-03
4.287227264339527923e-03
4.241174026653456684e-03
4.195288828148967079e-03
4.149572288174667098e-03
4.104025033372610091e-03
4.058647697828150595e-03
4.013440923224358137e-03
3.968405359001112194e-03
3.923541662519108159e-03
3.878850499228968154e-03
3.834332542845651868e-03
3.789988475528420237e-03
3.745818988066567951e-03
3.701824780071163740e-03
3.658006560173098984e-03
3.614365046227670589e-03
3.570900965526023832e-03
3.527615055013750937e-03
3.484508061516969346e-03
3.441580741976222289e-03
3.398833863688567689e-03
3.356268204558230522e-03
3.313884553356237148e-03
3.271683709989457040e-03
3.229666485779493414e-03
3.187833703751931889e-03
3.146186198936440272e-03
3.104724818678275457e-03
3.063450422961771624e-03
3.022363884746420357e-03
2.981466090316216636e-03
2.940757939642947658e-03
2.900240346764176511e-03
2.859914240176720385e-03
2.819780563246452546e-03
2.779840274635355692e-03
2.740094348746769954e-03
2.700543776189873787e-03
2.661189564264516624e-03
2.622032737467578159e-03
2.583074338022104104e-03
2.544315426430626172e-03
2.505757082054077458e-03
2.467400403717922609e-03
2.429246510347145976e-03
2.391296541631961724e-03
2.353551658726173168e-03
2.316013044980322431e-03
2.278681906711885977e-03
2.241559474015011443e-03
2.204647001612439899e-03
2.167945769752515749e-03
2.131457085154404591e-03
2.095182282004916068e-03
2.059122723010619292e-03
2.023279800509247221e-03
1.987654937644757567e-03
1.952249589610783459e-03
1.917065244967652415e-03
1.882103427038625586e-03
1.847365695391517708e-03
1.812853647412439317e-03
1.778568919979074160e-03
1.744513191241569075e-03
1.710688182519939189e-03
1.677095660327754473e-03
1.643737438532864685e-03
1.610615380666993290e-03
1.577731402397265000e-03
1.545087474174076415e-03
1.512685624071255551e-03
1.480527940836145464e-03
1.448616577169163817e-03
1.416953753254522217e-03
1.385541760566220363e-03
1.354382965976104990e-03
1.323479816193847336e-03
1.292834842572140397e-03
1.262450666314264211e-03
1.232330004125571860e-03
1.202475674355368363e-03
1.172890603681268603e-03
1.143577834394442867e-03
1.114540532351315175e-03
1.085781995665420626e-03
1.057305664222301430e-03
1.029115130110768881e-03
1.001214149075637305e-03
9.736066531104191693e-04
9.462967643235682029e-04
9.192888102289291808e-04
8.925873406302671812e-04
8.661971462913633287e-04
8.401232796073343761e-04
8.143710775197509667e-04
7.889461869479057286e-04
7.638545930411989480e-04
7.391026505929117370e-04
7.146971189931863215e-04
6.906452011380131853e-04
6.669545867499993745e-04
6.436335006034499782e-04
6.206907561773107856e-04
5.981358152796481184e-04
5.759788541889312779e-04
5.542308368294777401e-04
5.329035954253908943e-04
5.120099189372886864e-04
4.915636493487574726e-04
4.715797854934165325e-04
4.520745935432009797e-04
4.330657224408681434e-04
4.145723213609976959e-04
3.966151546075995194e-04
3.792167070655794083e-04
3.624012702678704092e-04
3.461949951780284441e-04
3.306258928262056267e-04
3.157237580009471245e-04
3.015199845481705680e-04
2.880472341104590344e-04
2.753389145893308902e-04
2.634284222412445315e-04
2.523481049932802954e-04
2.421279178124524168e-04
2.327937672525143623e-04
2.243655836304267535e-04
