1.000000000000000000e+00 8.235805353713422372e-01
1.122018454301963342e+00 8.284560236015443557e-01
1.258925411794167282e+00 8.332648856096563916e-01
1.412537544622754382e+00 8.379922596189611772e-01
1.584893192461113598e+00 8.426923252686434607e-01
1.778279410038922759e+00 8.407486337487033445e-01
1.995262314968879735e+00 8.520024761432722915e-01
2.238721138568339875e+00 8.573281880297219937e-01
2.511886431509580131e+00 8.618705876650493147e-01
2.818382931264453717e+00 8.627750020802683606e-01
3.162277660168379523e+00 8.698707037942592368e-01
3.548133892335755046e+00 8.736862051243705629e-01
3.981071705534973137e+00 8.779589071838808101e-01
4.466835921509631824e+00 8.801417743855745046e-01
5.011872336272723771e+00 8.839857336369985052e-01
5.623413251903491172e+00 8.872888739717064155e-01
6.309573444801933384e+00 8.904831183184207521e-01
7.079457843841380438e+00 8.934048599788594336e-01
7.943282347242815788e+00 8.962577742751279830e-01
8.912509381337455849e+00 8.985565806722645155e-01
1.000000000000000000e+01 9.002605881706543522e-01
1.122018454301963608e+01 9.017400057228591725e-01
1.258925411794167459e+01 9.042477339838842498e-01
1.412537544622754737e+01 9.055446747432239762e-01
1.584893192461114175e+01 9.068325164552994977e-01
1.778279410038922848e+01 9.091587473243540884e-01
1.995262314968879735e+01 9.077592144808791508e-01
2.238721138568340052e+01 9.084769901689343508e-01
2.511886431509580930e+01 9.085202661596593066e-01
2.818382931264455138e+01 9.087494437798911973e-01
3.162277660168379256e+01 9.092042819378127749e-01
3.548133892335754780e+01 9.084997557974414661e-01
3.981071705534973404e+01 9.082458739329539732e-01
4.466835921509632357e+01 9.078399694358006977e-01
5.011872336272725192e+01 9.072054436313794490e-01
5.623413251903490817e+01 9.064203869825635529e-01
6.309573444801932851e+01 9.053168631985715198e-01
7.079457843841380793e+01 9.039172819916896362e-01
7.943282347242816854e+01 9.017237560446204059e-01
8.912509381337459047e+01 8.999306159781663705e-01
1.000000000000000000e+02 8.972833517781244606e-01
1.122018454301964141e+02 8.942232147845644574e-01
1.258925411794167530e+02 8.908082436148229144e-01
1.412537544622753956e+02 8.879706478282961557e-01
1.584893192461114211e+02 8.857505251031664306e-01
1.778279410038922776e+02 8.829977873170574698e-01
1.995262314968880730e+02 8.831120204815209318e-01
2.238721138568340052e+02 8.830750215758408350e-01
2.511886431509582280e+02 8.822085944462090268e-01
2.818382931264454783e+02 8.805401313746989977e-01
3.162277660168379612e+02 8.776925430194771893e-01
3.548133892335756627e+02 8.728882710501287834e-01
3.981071705534973262e+02 8.687226584600784562e-01
4.466835921509634773e+02 8.645820271468936946e-01
5.011872336272724624e+02 8.639935817315668176e-01
5.623413251903490391e+02 8.637643418217864077e-01
6.309573444801936830e+02 8.665833942302910708e-01
7.079457843841380509e+02 8.628587604005191203e-01
7.943282347242821970e+02 8.583811196535762189e-01
8.912509381337458763e+02 8.600621906621346291e-01
1.000000000000000000e+03 8.610631666766159764e-01
1.122018454301964084e+03 8.600893797668900387e-01
1.258925411794167530e+03 8.605625528404218239e-01
1.412537544622755377e+03 8.622616189559363375e-01
1.584893192461114040e+03 8.632108392229840277e-01
1.778279410038922833e+03 8.650804532124075630e-01
1.995262314968880901e+03 8.671609218055392754e-01
2.238721138568339939e+03 8.695418132693076840e-01
2.511886431509582053e+03 8.722102997895839760e-01
2.818382931264454783e+03 8.753297165464034579e-01
