# d_a
# unit = Mpc
7.807248999560117682e+02
7.818254793331212795e+02
7.829291861657236495e+02
7.840360334891269076e+02
7.851460344073765327e+02
7.862592020936612016e+02
7.873755497907176277e+02
7.884950908112481329e+02
7.896178385383277600e+02
7.907438064258228678e+02
7.918730079988072248e+02
7.930054568539834463e+02
7.941411666601036359e+02
7.952801511583930960e+02
7.964224241629775634e+02
7.975679995613107849e+02
7.987168913146067553e+02
7.998691134582700215e+02
8.010246801023324679e+02
8.021836054318907827e+02
8.033459037075438118e+02
8.045115892658358234e+02
8.056806765197000004e+02
8.068531799589007960e+02
8.080291141504885672e+02
8.092084937392421580e+02
8.103913334481259199e+02
8.115776480787426408e+02
8.127674525117880648e+02
8.139607617075120061e+02
8.151575907061763928e+02
8.163579546285197921e+02
8.175618686762194329e+02
8.187693481323602782e+02
8.199804083619029598e+02
8.211950648121522818e+02
8.224133330132322044e+02
8.236352285785592358e+02
8.248607672053186661e+02
8.260899646749438716e+02
8.273228368535951631e+02
8.285593996926432965e+02
8.297996692291529826e+02
8.310436615863668521e+02
8.322913929741965831e+02
8.335428796897084567e+02
8.347981381176182367e+02
8.360571847307803637e+02
8.373200360906855622e+02
8.385867088479552649e+02
8.398572197428399022e+02
8.411315856057176461e+02
8.424098233575972472e+02
8.436919500106181431e+02
8.449779826685561375e+02
8.462679385273277148e+02
8.475618348754986755e+02
8.488596890947893598e+02
8.501615186605863528e+02
8.514673411424528240e+02
8.527771742046405734e+02
8.540910356066024178e+02
8.554089432035061691e+02
8.567309149467515681e+02
8.580569688844865368e+02
8.593871231621213838e+02
8.607213960228500582e+02
8.620598058081683348e+02
8.634023709583929076e+02
8.647491100131820758e+02
8.661000416120583623e+02
8.674551844949271526e+02
8.688145575025997687e+02
8.701781795773171098e+02
8.715460697632724987e+02
8.729182472071321399e+02
8.742947311585616035e+02
8.756755409707457147e+02
8.770606961009156066e+02
8.784502161108683822e+02
8.798441206674915520e+02
8.812424295432858798e+02
8.826451626168867506e+02
8.840523398735854244e+02
8.854639814058519960e+02
8.868801074138543754e+02
8.883007382059763586e+02
8.897258941993386543e+02
8.911555959203147950e+02
8.925898640050464792e+02
8.940287191999608467e+02
8.954721823622801367e+02
8.969202744605362341e+02
8.983730165750793049e+02
8.998304298985846117e+02
9.012925357365617174e+02
9.027593555078520922e+02
9.042309107451370664e+02
9.057072230954299812e+02
9.071883143205768647e+02
9.086742062977460819e+02
9.101649210199201434e+02
9.116604805963787612e+02
9.131609072531869060e+02
9.146662233336679719e+02
9.161764512988837623e+02
9.176916137281029933e+02
9.192117333192683191e+02
9.207368328894585829e+02
9.222669353753466339e+02
9.238020638336507773e+02
9.253422414415824733e+02
9.268874914972853958e+02
9.284378374202727855e+02
9.299933027518592326e+02
9.315539111555779073e+02
9.331196864176010877e+02
9.346906524471462490e+02
9.362668332768820392e+02
9.378482530633216356e+02
9.394349360872039369e+02
9.410269067538793024e+02
9.426241895936740320e+02
9.442268092622550739e+02
9.458347905409744953e+02
9.474481583372194109e+02
9.490669376847379226e+02
9.506911537439630138e+02
9.523208318023197307e+02
9.539559972745265668e+02
9.555966757028812708e+02
9.572428927575363105e+02
9.588946742367606930e+02
9.605520460671899627e+02
9.622150343040586904e+02
9.638836651314259143e+02
9.655579648623789808e+02
9.672379599392261298e+02
9.689236769336714588e+02
9.706151425469749938e+02
9.723123836100976405e+02
9.740154270838212369e+02
9.757243000588603081e+02
9.774390297559490364e+02
9.791596435259090185e+02
9.808861688497017894e+02
9.826186333384529235e+02
9.843570647334618116e+02
9.861014909061893832e+02
9.878519398582114945e+02
9.896084397211664054e+02
9.913710187566626928e+02
9.931397053561746588e+02
9.949145280408938561e+02
9.966955154615758374e+02
9.984826963983425685e+02
1.000276099760462557e+03
1.002075754586098810e+03
1.003881690042031209e+03
1.005693935423338530e+03
1.007512520153054538e+03
1.009337473781791232e+03
1.011168825987321611e+03
1.013006606574130387e+03
1.014850845472925471e+03
1.016701572740113534e+03
1.018558818557234417e+03
1.020422613230355637e+03
1.022292987189423684e+03
1.024169970987571787e+03
1.026053595300386633e+03
1.027943890925122787e+03
1.029840888779873239e+03
1.031744619902692421e+03
1.033655115450664653e+03
1.035572406698923032e+03
1.037496525039612607e+03
1.039427501980798297e+03
1.041365369145321210e+03
1.043310158269581962e+03
1.045261901202282615e+03
1.047220629903087229e+03
1.049186376441228958e+03
1.051159172994047822e+03
1.053139051845459790e+03
1.055126045384351301e+03
1.057120186102907155e+03
1.059121506594860193e+03
1.061130039553659344e+03
1.063145817770566509e+03
1.065168874132662040e+03
1.067199241620771772e+03
1.069236953307300610e+03
1.071282042353986071e+03
1.073334542009543611e+03
1.075394485607231900e+03
1.077461906562305785e+03
1.079536838369378984e+03
1.081619314599674908e+03
1.083709368898171761e+03
1.085807034980631670e+03
1.087912346630528418e+03
1.090025337695836015e+03
1.092146042085718364e+03
1.094274493767075683e+03
1.096410726760967918e+03
1.098554775138908781e+03
1.100706673019017217e+03
1.102866454562028139e+03
1.105034153967157408e+03
1.107209805467819479e+03
1.109393443327186105e+03
1.111585101833587487e+03
1.113784815295749013e+03
1.115992618037858165e+03
1.118208544394456567e+03
1.120432628705152410e+03
1.122664905309148253e+03
1.124905408539575774e+03
1.127154172717632719e+03
1.129411232146524071e+03
1.131676621105184040e+03
1.133950373841786814e+03
1.136232524567041764e+03
1.138523107447241728e+03
1.140822156597100957e+03
1.143129706072323643e+03
1.145445789861941194e+03
1.147770441880378485e+03
1.150103695959263860e+03
1.152445585838954457e+03
1.154796145159788466e+03
1.157155407453034513e+03
1.159523406131553429e+03
1.161900174480136684e+03
1.164285745645533552e+03
1.166680152626148356e+03
1.169083428261392100e+03
1.171495605220690095e+03
1.173916715992122818e+03
1.176346792870701620e+03
1.178785867946253575e+03
1.181233973090908648e+03
1.183691139946188969e+03
1.186157399909666537e+03
1.188632784121189843e+03
1.191117323448662546e+03
1.193611048473363553e+03
1.196113989474781192e+03
1.198626176414967631e+03
1.201147638922376927e+03
1.203678406275183306e+03
1.206218507384061468e+03
1.208767970774404375e+03
1.211326824567975791e+03
1.213895096463960726e+03
1.216472813719409942e+03
1.219060003129051893e+03
1.221656691004453478e+03
1.224262903152507533e+03
1.226878664853230703e+03
1.229504000836839168e+03
1.232138935260094968e+03
1.234783491681876512e+03
1.237437693037976260e+03
1.240101561615074615e+03
1.242775119023883917e+03
1.245458386171414077e+03
1.248151384053514676e+03
1.250854130417417991e+03
1.253566644728570282e+03
1.256288944783590068e+03
1.259021047522754316e+03
1.261762968996446261e+03
1.264514724330524359e+03
1.267276327690565950e+03
1.270047792244954962e+03
1.272829130126774771e+03
1.275620352394462088e+03
1.278421468991189386e+03
1.281232488702928777e+03
1.284053419115142560e+03
1.286884266568081102e+03
1.289725036110610972e+03
1.292575731452548780e+03
1.295436354915430684e+03
1.298306907381684596e+03
1.301187388242130055e+03
1.304077795341767796e+03
1.306978124923785344e+03
1.309888371571733160e+03
1.312808528149796530e+03
1.315738585741100223e+03
1.318678533583986564e+03
1.321628359006188475e+03
1.324588047356826792e+03
1.327557581936158158e+03
1.330536943923000536e+03
1.333526112299742636e+03
1.336525063774866339e+03
1.339533772702886381e+03
1.342552211001627029e+03
1.345580348066725946e+03
1.348618150683289741e+03
1.351665582934576150e+03
1.354722606107623051e+03
1.357789178595689918e+03
1.360865255797429199e+03
1.363950790012632751e+03
1.367045730334474001e+03
1.370150022538078701e+03
1.373263608965329468e+03
1.376386428405736524e+03
1.379518415973257788e+03
1.382659502978905493e+03
1.385809616798990646e+03
1.388968680738853209e+03
1.392136613891903608e+03
1.395313330993805266e+03
1.398498742271627179e+03
1.401692753287773030e+03
1.404895264778496085e+03
1.408106172486801142e+03
1.411325366989524582e+03
1.414552733518370587e+03
1.417788151774686185e+03
1.421031495737731120e+03
1.424282633466205652e+03
1.427541426892774780e+03
1.430807731611331292e+03
1.434081396656712286e+03
1.437362264276595852e+03
1.440650169695259137e+03
1.443944940868912454e+03
1.447246398232252886e+03
1.450554354435932282e+03
1.453868614074560128e+03
1.457188973404896842e+03
1.460515220053834128e+03
1.463847132715782436e+03
1.467184480839036269e+03
1.470527024300694848e+03
1.473874513069672730e+03
1.477226686857351751e+03
1.480583274755353841e+03
1.483943994859951999e+03
1.487308553882556225e+03
1.490676646745747576e+03
1.494047956164241896e+03
1.497422152210213426e+03
1.500798891862313667e+03
1.504177818537738631e+03
1.507558561606650983e+03
1.510940735888230620e+03
1.514323941127602211e+03
1.517707761452853447e+03
1.521091764811316807e+03
1.524475502384251968e+03
1.527858507979046863e+03
1.531240297397962422e+03
1.534620367782483299e+03
1.537998196932202745e+03
1.541373242597206854e+03
1.544744941742796982e+03
1.548112709785406196e+03
1.551475939798457148e+03
1.554834001686889906e+03
1.558186241329000040e+03
1.561531979684177941e+03
1.564870511865092794e+03
1.568201106172735081e+03
1.571523003092743465e+03
1.574835414251285329e+03
1.578137521328733101e+03
1.581428474929268759e+03
1.584707393404463346e+03
1.587973361628791281e+03
1.591225429724932837e+03
1.594462611736618101e+03
1.597683884246657044e+03
1.600888184937678034e+03
1.604074411092989521e+03
1.607241418034843718e+03
1.610388017497232568e+03
1.613512975930245375e+03
1.616615012732819650e+03
1.619692798410596424e+03
1.622744952655404177e+03
1.625770042342741135e+03
1.628766579443413320e+03
1.631733018845327024e+03
1.634667756081200878e+03
1.637569124957761233e+03
1.640435395081760134e+03
1.643264769277898949e+03
1.646055380893518304e+03
1.648805291831087061e+03
1.651512486168168834e+03
1.654174872337873921e+03
1.656790276363991779e+03
1.659356439417623278e+03
1.661871014318042171e+03
1.664331561875832222e+03
1.666735547070551320e+03
1.669080335054733268e+03
1.671363186975624558e+03
1.673581255605588012e+03
1.675731580771587232e+03
1.677811084573700327e+03
1.679816566382017527e+03
1.681744697600724749e+03
1.683592016187549234e+03
1.685354920916099672e+03
1.687029665367956341e+03
1.688612351640612133e+03
1.690098923756622071e+03
1.691485160758481470e+03
1.692766669472901640e+03
1.693938876927216370e+03
1.694997022399692014e+03
1.695936149084469662e+03
1.696751095350770811e+03
1.697436485574836524e+03
1.697986720521826101e+03
1.698395967253581148e+03
1.698658148536768749e+03
1.698766931724423557e+03
1.698715717082315678e+03
1.698497625529901597e+03
1.698105485763804609e+03
1.697531820729853280e+03
1.696768833407663578e+03
1.695808391869584966e+03
1.694642013573476333e+03
1.693260848846302906e+03
1.691655663512884075e+03
1.689816820621251054e+03
1.687734261213059199e+03
1.685397484084167445e+03
1.682795524477033723e+03
1.679916931642764666e+03
1.676749745206592706e+03
1.673281470266187625e+03
1.669499051147462751e+03
1.665388843737449406e+03
1.660936586308283722e+03
1.656127368740349993e+03
1.650945600046183245e+03
1.645374974089619627e+03
1.639398433387040768e+03
1.632998130869186525e+03
1.626155389472836305e+03
1.618850659421658747e+03
1.611063473044552666e+03
1.602772396967697659e+03
1.593954981503286717e+03
1.584587707043195905e+03
1.574645927249668603e+03
1.564103808817092158e+03
1.552934267559012824e+03
1.541108900552333353e+03
1.528597914045888047e+03
1.515370046812951841e+03
1.501392488596314934e+03
1.486630793259829488e+03
1.471048786221404498e+03
1.454608465698492410e+03
1.437269897247709878e+03
1.418991101024312911e+03
1.399727931124067709e+03
1.379433946298455794e+03
1.358060271252880284e+03
1.335555447645216191e+03
1.311865273797000327e+03
1.286932632009826875e+03
1.260697302243013382e+03
1.233095760752581327e+03
1.204060962113307596e+03
1.173522102841382775e+03
1.141404364601221459e+03
1.107628634711413952e+03
1.072111201356320862e+03
1.034763420554952745e+03
9.954913515301286679e+02
9.541953566496426902e+02
9.107696615669908624e+02
8.651018705598547740e+02
8.170724313355777895e+02
7.665540427269861539e+02
7.134109977186939204e+02
6.574984530986494065e+02
5.986616156927692600e+02
5.367348335760963209e+02
4.715405788188303404e+02
4.028883061670688903e+02
3.305731695116539868e+02
2.543745749851929645e+02
1.740545459495440923e+02
8.935587087318704391e+01
0.000000000000000000e+00
