# d_l
# unit = Mpc
1.124243855936657055e+05
1.121696178303500346e+05
1.119148945592573582e+05
1.116602159047243185e+05
1.114055819916695182e+05
1.111509929455974052e+05
1.108964488926014456e+05
1.106419499593689980e+05
1.103874962731844134e+05
1.101330879619334883e+05
1.098787251541072619e+05
1.096244079788062809e+05
1.093701365657444840e+05
1.091159110452533496e+05
1.088617315482860722e+05
1.086075982064217533e+05
1.083535111518697522e+05
1.080994705174735427e+05
1.078454764367155294e+05
1.075915290437210788e+05
1.073376284732628847e+05
1.070837748607655085e+05
1.068299683423098759e+05
1.065762090546372783e+05
1.063224971351548738e+05
1.060688327219391649e+05
1.058152159537414118e+05
1.055616469699919544e+05
1.053081259108048253e+05
1.050546529169828136e+05
1.048012281300218310e+05
1.045478516921161499e+05
1.042945237461628858e+05
1.040412444357672066e+05
1.037880139052472368e+05
1.035348322996388451e+05
1.032816997647009266e+05
1.030286164469203504e+05
1.027755824935172423e+05
1.025225980524500919e+05
1.022696632724208466e+05
1.020167783028804988e+05
1.017639432940342231e+05
1.015111583968466148e+05
1.012584237630475400e+05
1.010057395451370830e+05
1.007531058963916585e+05
1.005005229708689731e+05
1.002479909234142979e+05
9.999550990966566314e+04
9.974308008605983923e+04
9.949070160983796814e+04
9.923837463905170443e+04
9.898609933256875956e+04
9.873387585007914458e+04
9.848170435210100550e+04
9.822958499998688058e+04
9.797751795592966664e+04
9.772550338296887639e+04
9.747354144499686663e+04
9.722163230676531384e+04
9.696977613389126782e+04
9.671797309286384552e+04
9.646622335105059028e+04
9.621452707670432574e+04
9.596288443896922399e+04
9.571129560788796516e+04
9.545976075440834393e+04
9.520828005039003619e+04
9.495685366861155489e+04
9.470548178277726402e+04
9.445416456752426166e+04
9.420290219842937950e+04
9.395169485201667703e+04
9.370054270576449926e+04
9.344944593811263621e+04
9.319840472846991906e+04
9.294741925722158339e+04
9.269648970573686529e+04
9.244561625637642283e+04
9.219479909250020864e+04
9.194403839847513882e+04
9.169333435968292179e+04
9.144268716252791637e+04
9.119209699444533908e+04
9.094156404390918033e+04
9.069108850044022256e+04
9.044067055461461132e+04
9.019031039807191701e+04
8.994000822352361865e+04
8.968976422476176231e+04
8.943957859666719742e+04
8.918945153521861357e+04
8.893938323750111158e+04
8.868937390171499283e+04
8.843942372718510160e+04
8.818953291436913423e+04
8.793970166486772359e+04
8.768993018143274821e+04
8.744021866797732946e+04
8.719056732958492648e+04
8.694097637251902779e+04
8.669144600423255179e+04
8.644197643337797490e+04
8.619256786981670302e+04
8.594322052462935972e+04
8.569393461012572516e+04
8.544471033985483518e+04
8.519554792861525493e+04
8.494644759246562899e+04
8.469740954873492592e+04
8.444843401603327948e+04
8.419952121426237863e+04
8.395067136462658527e+04
8.370188468964402273e+04
8.345316141315721325e+04
8.320450176034457400e+04
8.295590595773154928e+04
8.270737423320238304e+04
8.245890681601148390e+04
8.221050393679486297e+04
8.196216582758248842e+04
8.171389272180982516e+04
8.146568485433033493e+04
8.121754246142714692e+04
8.096946578082599444e+04
8.072145505170745309e+04
8.047351051471967367e+04
8.022563241199105687e+04
7.997782098714330641e+04
7.973007648530455481e+04
7.948239915312248922e+04
7.923478923877787020e+04
7.898724699199806491e+04
7.873977266407053685e+04
7.849236650785703387e+04
7.824502877780745621e+04
7.799775972997400095e+04
7.775055962202562660e+04
7.750342871326231398e+04
7.725636726463040395e+04
7.700937553873659635e+04
7.676245379986362241e+04
7.651560231398530595e+04
7.626882134878177021e+04
7.602211117365535756e+04
7.577547205974611279e+04
7.552890427994781930e+04
7.528240810892447189e+04
7.503598382312594913e+04
7.478963170080521377e+04
7.454335202203472727e+04
7.429714506872360653e+04
7.405101112463440222e+04
7.380495047540079395e+04
7.355896340854527080e+04
7.331305021349650633e+04
7.306721118160779588e+04
7.282144660617502814e+04
7.257575678245534073e+04
7.233014200768542651e+04
7.208460258110112045e+04
7.183913880395601154e+04
7.159375097954110242e+04
7.134843941320430895e+04
7.110320441237052728e+04
7.085804628656167188e+04
7.061296534741719370e+04
7.036796190871462750e+04
7.012303628639054659e+04
6.987818879856192507e+04
6.963341976554739813e+04
6.938872950988917728e+04
6.914411835637487820e+04
6.889958663206027995e+04
6.865513466629135655e+04
6.841076279072772013e+04
6.816647133936532191e+04
6.792226064856066660e+04
6.767813105705368798e+04
6.743408290599292377e+04
6.719011653895924974e+04
6.694623230199087993e+04
6.670243054360857059e+04
6.645871161484114418e+04
6.621507586925096984e+04
6.597152366296046239e+04
6.572805535467849404e+04
6.548467130572709721e+04
6.524137188006895303e+04
6.499815744433482178e+04
6.475502836785164254e+04
6.451198502267068397e+04
6.426902778359674994e+04
6.402615702821686136e+04
6.378337313693021861e+04
6.354067649297782191e+04
6.329806748247319774e+04
6.305554649443313247e+04
6.281311392080892256e+04
6.257077015651795227e+04
6.232851559947623900e+04
6.208635065063049842e+04
6.184427571399184671e+04
6.160229119666892802e+04
6.136039750890207506e+04
6.111859506409792084e+04
6.087688427886446880e+04
6.063526557304657035e+04
6.039373936976191908e+04
6.015230609543790342e+04
5.991096617984852492e+04
5.966972005615216767e+04
5.942856816092989902e+04
5.918751093422421400e+04
5.894654881957850012e+04
5.870568226407699694e+04
5.846491171838545415e+04
5.822423763679226249e+04
5.798366047725021781e+04
5.774318070141931094e+04
5.750279877470951760e+04
5.726251516632460698e+04
5.702233034930696158e+04
5.678224480058208428e+04
5.654225900100517902e+04
5.630237343540710572e+04
5.606258859264203056e+04
5.582290496563522902e+04
5.558332305143207486e+04
5.534384335124742211e+04
5.510446637051610742e+04
5.486519261894386727e+04
5.462602261055961571e+04
5.438695686376797676e+04
5.414799590140301007e+04
5.390914025078286068e+04
5.367039044376498350e+04
5.343174701680257567e+04
5.319321051100163459e+04
5.295478147217944206e+04
5.271646045092347049e+04
5.247824800265141675e+04
5.224014468767258222e+04
5.200215107124984934e+04
5.176426772366288787e+04
5.152649522027234343e+04
5.128883414158536470e+04
5.105128507332172740e+04
5.081384860648179892e+04
5.057652533741497609e+04
5.033931586788970890e+04
5.010222080516467395e+04
4.986524076206101017e+04
4.962837635703610431e+04
4.939162821425840957e+04
4.915499696368366858e+04
4.891848324113253329e+04
4.868208768836948002e+04
4.844581095318319421e+04
4.820965368946836679e+04
4.797361655730888742e+04
4.773770022306279134e+04
4.750190535944830481e+04
4.726623264563195698e+04
4.703068276731789229e+04
4.679525641683916911e+04
4.655995429325028817e+04
4.632477713289890380e+04
4.608972558653609303e+04
4.585480040554339212e+04
4.562000231682409503e+04
4.538533205449377419e+04
4.515079035998394102e+04
4.491637798214788927e+04
4.468209567736835743e+04
4.444794420966735925e+04
4.421392435081814619e+04
4.398003688045917806e+04
4.374628258621064742e+04
4.351266226379301224e+04
4.327917671714779863e+04
4.304582675856113929e+04
4.281261320878940023e+04
4.257953689718759415e+04
4.234659866184005659e+04
4.211379934969419264e+04
4.188113981669646455e+04
4.164862092793150805e+04
4.141624355776384618e+04
4.118400858998265903e+04
4.095191691794955841e+04
4.071996944474925112e+04
4.048816708334358555e+04
4.025651075672861771e+04
4.002500139809513348e+04
3.979363995099243039e+04
3.956242736949576647e+04
3.933136461837719253e+04
3.910045267328024784e+04
3.886969252089816291e+04
3.863908515915630414e+04
3.840863159739819093e+04
3.817833285657598753e+04
3.794818996944481478e+04
3.771820398076174024e+04
3.748837594748877746e+04
3.725870693900100014e+04
3.702919803729862906e+04
3.679985033722467779e+04
3.657066494668681844e+04
3.634164298688495182e+04
3.611278559254357242e+04
3.588409391214971401e+04
3.565556910819642508e+04
3.542721235743175203e+04
3.519902485111381975e+04
3.497100779527179111e+04
3.474316241097301099e+04
3.451548993459661142e+04
3.428799161811359954e+04
3.406066872937377775e+04
3.383352255239956139e+04
3.360655438768705790e+04
3.337976555251440004e+04
3.315315738125784264e+04
3.292673122571555723e+04
3.270048845543960488e+04
3.247443045807621456e+04
3.224855863971463623e+04
3.202287442524476501e+04
3.179737925872418054e+04
3.157207460375412847e+04
3.134696194386575007e+04
3.112204278291585069e+04
3.089731864549333477e+04
3.067279107733615456e+04
3.044846164575931471e+04
3.022433194009422004e+04
3.000040357213982134e+04
2.977667817662576999e+04
2.955315741168824388e+04
2.932984295935848786e+04
2.910673652606500036e+04
2.888383984314923873e+04
2.866115466739584008e+04
2.843868278157731402e+04
2.821642599501438599e+04
2.799438614415158736e+04
2.777256509314966752e+04
2.755096473449455152e+04
2.732958698962382186e+04
2.710843380957132831e+04
2.688750717563041326e+04
2.666680910003650206e+04
2.644634162666980410e+04
2.622610683177861574e+04
2.600610682472414192e+04
2.578634374874777131e+04
2.556681978176101256e+04
2.534753713715974300e+04
2.512849806466285008e+04
2.490970485117688077e+04
2.469115982168696792e+04
2.447286534017559461e+04
2.425482381056987288e+04
2.403703767771851562e+04
2.381950942839967684e+04
2.360224159236056585e+04
2.338523674339057470e+04
2.316849750042846790e+04
2.295202652870559905e+04
2.273582654092613666e+04
2.251990029848590348e+04
2.230425061273127722e+04
2.208888034625971704e+04
2.187379241426354929e+04
2.165898978591873674e+04
2.144447548582038507e+04
2.123025259546689631e+04
2.101632425479463200e+04
2.080269366376513426e+04
2.058936408400718574e+04
2.037633884051557834e+04
2.016362132340930839e+04
1.995121498975132636e+04
1.973912336543248239e+04
1.952735004712230148e+04
1.931589870428940776e+04
1.910477308129432276e+04
1.889397699955792268e+04
1.868351435980843235e+04
1.847338914441047746e+04
1.826360541977957473e+04
1.805416733888561066e+04
1.784507914384933247e+04
1.763634517768973456e+04
1.742796985019102067e+04
1.721995769730645043e+04
1.701231334572042033e+04
1.680504152578807043e+04
1.659814707477863340e+04
1.639163494024348984e+04
1.618551018351440507e+04
1.597977798333757892e+04
1.577444363964947297e+04
1.556951257750071454e+04
1.536499035113436366e+04
1.516088264822561177e+04
1.495719529428984060e+04
1.475393425726652458e+04
1.455110565228672749e+04
1.434871574663231695e+04
1.414677096489543328e+04
1.394527789434694569e+04
1.374424329052322173e+04
1.354367408304086348e+04
1.334357738164939110e+04
1.314396048253249683e+04
1.294483087486866680e+04
1.274619624766267953e+04
1.254806449685977896e+04
1.235044373275489306e+04
1.215334228770973641e+04
1.195676872419112260e+04
1.176073184314434366e+04
1.156524069271597364e+04
1.137030457734093761e+04
1.117593306720933106e+04
1.098213600812882760e+04
1.078892353179914790e+04
1.059630606651546623e+04
1.040429434831827166e+04
1.021289943260749351e+04
1.002213270623927565e+04
9.832005900124166146e+03
9.642531102345748877e+03
9.453720771819338552e+03
9.265587752510298742e+03
9.078145288231911763e+03
8.891407038042925706e+03
8.705387092264618332e+03
8.520099989137446755e+03
8.335560732136838851e+03
8.151784807967450433e+03
7.968788205254617424e+03
7.786587433950778177e+03
7.605199545474009028e+03
7.424642153594148112e+03
7.244933456080630094e+03
7.066092257124349089e+03
6.888137990543393244e+03
6.711090743780002413e+03
6.534971282692940804e+03
6.359801077145779345e+03
6.185602327387558944e+03
6.012397991217299932e+03
5.840211811918592502e+03
5.669068346944090990e+03
5.498992997322903648e+03
5.330012037755915117e+03
5.162152647355364024e+03
4.995442940975161946e+03
4.829912001067718847e+03
4.665589909990937485e+03
4.502507782676105307e+03
4.340697799552896868e+03
4.180193239612245634e+03
4.021028513470849703e+03
3.863239196282887860e+03
3.706862060325091079e+03
3.551935107060482551e+03
3.398497598464148268e+03
3.246590087371361278e+03
3.096254446584226571e+03
2.947533896448258929e+03
2.800473030584727894e+03
2.655117839438946248e+03
2.511515731278881503e+03
2.369715550253260517e+03
2.229767591093940609e+03
2.091723610024509071e+03
1.955636831416253699e+03
1.821561949714719276e+03
1.689555126145681470e+03
1.559673979699354959e+03
1.431977571886988244e+03
1.306526384765543298e+03
1.183382291734785895e+03
1.062608520628057249e+03
9.442696086436981204e+02
8.284313486999722045e+02
7.151607268426349719e+02
6.045258503919304758e+02
4.965958665851627529e+02
3.914408715520888791e+02
2.891318095534124382e+02
1.897403625169786494e+02
9.333883002122861683e+01
0.000000000000000000e+00
