# bb
1.539390268590068445e-06
3.079272573813796043e-06
5.133184913574950770e-06
7.701781214564107358e-06
1.078584136848803610e-05
1.438629442418459803e-05
1.850419539550784975e-05
2.314073753950651735e-05
2.829722143360413611e-05
3.397505497559905052e-05
4.017573519377037883e-05
4.690084460889920592e-05
5.415202394942753017e-05
6.193098670337349176e-05
7.023946091067045927e-05
7.907921826699748635e-05
8.845202683005481958e-05
9.835964738158509135e-05
1.088038407033309340e-04
1.197863020934164524e-04
1.313087122980505228e-04
1.433726429240778089e-04
1.559796655783429742e-04
1.691311626927927136e-04
1.828285021474584937e-04
1.970728917513042688e-04
2.118654228979721665e-04
2.272070560138672590e-04
2.430986642139032483e-04
2.595408586785197258e-04
2.765342360362410545e-04
2.940791018772870302e-04
3.121756599284708500e-04
3.308240557089447975e-04
3.500240563880652189e-04
3.697754873428493738e-04
3.900778247043490410e-04
4.109305154997855425e-04
4.323328321333974600e-04
4.542838723864406347e-04
4.767826176248490810e-04
4.998279036954045296e-04
5.234184209257364273e-04
5.475527723319828510e-04
5.722296191379427910e-04
5.974472151137888432e-04
6.232039886526763439e-04
6.494982517324388027e-04
6.763281999155879021e-04
7.036920869722962379e-04
7.315880502574145794e-04
7.600143435411155224e-04
7.889691041782498360e-04
8.184505859389901161e-04
8.484570425935089588e-04
8.789866697043180466e-04
9.100380702875554562e-04
9.416094399057328701e-04
9.736994979903101921e-04
1.006306847557425499e-03
1.039430149830877781e-03
1.073068473488092422e-03
1.107220654375851154e-03
1.141885994002223015e-03
1.177063561044633389e-03
1.212753006257116795e-03
1.248953863978385925e-03
1.285666017793118954e-03
1.322889234870672226e-03
1.360623631626367569e-03
1.398869673721492290e-03
1.437627477571368217e-03
1.476897974498569965e-03
1.516681746579706669e-03
1.556979841552674770e-03
1.597793307155370712e-03
1.639123307541012764e-03
1.680971356108784676e-03
1.723338849842548370e-03
1.766227651387453079e-03
1.809639390558004379e-03
1.853576046414673328e-03
1.898039598017930984e-03
1.943032373674213886e-03
1.988556468859314919e-03
2.034614095464348793e-03
2.081207931041717529e-03
2.128340536728501320e-03
2.176014240831136703e-03
2.224231604486703873e-03
2.272995654493570328e-03
2.322309184819459915e-03
2.372174523770809174e-03
2.422594930976629257e-03
2.473572967574000359e-03
2.525112126022577286e-03
2.577214967459440231e-03
2.629884285852313042e-03
2.683123573660850525e-03
2.736935857683420181e-03
2.791324397549033165e-03
2.846291754394769669e-03
2.901841886341571808e-03
2.957977587357163429e-03
3.014702349901199341e-03
3.072019666433334351e-03
3.129933029413223267e-03
3.188445698469877243e-03
3.247561398893594742e-03
3.307283855974674225e-03
3.367617027834057808e-03
3.428564872592687607e-03
3.490130649879574776e-03
3.552319249138236046e-03
3.615134861320257187e-03
3.678581444546580315e-03
3.742663655430078506e-03
3.807386616244912148e-03
3.872754517942667007e-03
3.938772249966859818e-03
4.005445633083581924e-03
4.072779323905706406e-03
4.140778444707393646e-03
4.209449514746665955e-03
4.278797656297683716e-03
4.348828922957181931e-03
4.419548902660608292e-03
4.490964580327272415e-03
4.563081543892621994e-03
4.635906778275966644e-03
4.709446802735328674e-03
4.783707670867443085e-03
4.858696833252906799e-03
4.934421740472316742e-03
5.010887980461120605e-03
5.088103469461202621e-03
5.166075192391872406e-03
5.244810134172439575e-03
5.324315279722213745e-03
5.404597613960504532e-03
5.485665053129196167e-03
5.567524116486310959e-03
5.650180857628583908e-03
5.733644124120473862e-03
5.817919038236141205e-03
5.903012584894895554e-03
5.988931283354759216e-03
6.075681652873754501e-03
6.163269281387329102e-03
6.251699756830930710e-03
6.340979132801294327e-03
6.431112997233867645e-03
6.522106006741523743e-03
6.613961886614561081e-03
6.706685759127140045e-03
6.800281815230846405e-03
6.894754245877265930e-03
6.990103982388973236e-03
7.086336612701416016e-03
7.183452602475881577e-03
7.281453814357519150e-03
7.380343507975339890e-03
7.480121217668056488e-03
7.580788806080818176e-03
7.682345807552337646e-03
7.784791756421327591e-03
7.888126187026500702e-03
7.992348633706569672e-03
8.097455836832523346e-03
8.203447796404361725e-03
8.310320787131786346e-03
8.418072946369647980e-03
8.526699617505073547e-03
8.636198006570339203e-03
8.746563456952571869e-03
8.857792243361473083e-03
8.969878777861595154e-03
9.082817472517490387e-03
9.196604602038860321e-03
9.311231784522533417e-03
9.426694363355636597e-03
9.542984887957572937e-03
9.660096839070320129e-03
9.778022766113281250e-03
9.896756149828433990e-03
1.001628953963518143e-02
1.013661362230777740e-02
1.025772187858819962e-02
1.037960313260555267e-02
1.050225365906953812e-02
1.062566041946411133e-02
1.074981782585382462e-02
1.087471470236778259e-02
1.100034266710281372e-02
1.112669333815574646e-02
1.125375553965568542e-02
1.138152088969945908e-02
1.150998007506132126e-02
1.163912191987037659e-02
1.176893804222345352e-02
1.189941726624965668e-02
1.203054934740066528e-02
1.216232497245073318e-02
1.229473296552896500e-02
1.242776215076446533e-02
1.256140321493148804e-02
1.269564311951398849e-02
1.283047255128622055e-02
1.296587940305471420e-02
1.310185249894857407e-02
1.323837880045175552e-02
1.337544806301593781e-02
1.351304631680250168e-02
1.365116238594055176e-02
1.378978416323661804e-02
1.392889767885208130e-02
1.406848896294832230e-02
1.420854497700929642e-02
1.434905268251895905e-02
1.448999717831611633e-02
1.463136263191699982e-02
1.477313693612813950e-02
1.491530332714319229e-02
1.505784783512353897e-02
1.520075276494026184e-02
1.534400321543216705e-02
1.548758149147033691e-02
1.563147082924842834e-02
1.577565632760524750e-02
1.592011936008930206e-02
1.606484130024909973e-02
1.620980538427829742e-02
1.635499112308025360e-02
1.650038361549377441e-02
1.664595864713191986e-02
1.679170504212379456e-02
1.693759486079216003e-02
1.708361506462097168e-02
1.722974143922328949e-02
1.737595722079277039e-02
1.752224192023277283e-02
1.766857318580150604e-02
1.781493611633777618e-02
1.796130463480949402e-02
1.810766197741031647e-02
1.825398951768875122e-02
1.840026304125785828e-02
1.854646578431129456e-02
1.869257539510726929e-02
1.883857510983943939e-02
1.898444443941116333e-02
1.913016103208065033e-02
1.927571184933185577e-02
1.942107267677783966e-02
1.956622675061225891e-02
1.971115730702877045e-02
1.985584571957588196e-02
2.000027336180210114e-02
2.014442719519138336e-02
2.028828486800193787e-02
2.043183334171772003e-02
2.057505585253238678e-02
2.071793749928474426e-02
2.086046710610389709e-02
2.100262418389320374e-02
2.114439755678176880e-02
2.128577418625354767e-02
2.142674289643764496e-02
2.156728878617286682e-02
2.170740067958831787e-02
2.184706740081310272e-02
2.198627963662147522e-02
2.212502248585224152e-02
2.226329408586025238e-02
2.240107767283916473e-02
2.253836765885353088e-02
2.267515473067760468e-02
2.281143330037593842e-02
2.294719219207763672e-02
2.308242954313755035e-02
2.321713231503963470e-02
2.335129864513874054e-02
2.348492108285427094e-02
2.361799404025077820e-02
2.375051192939281464e-02
2.388247102499008179e-02
2.401386760175228119e-02
2.414469420909881592e-02
2.427494898438453674e-02
2.440462820231914520e-02
2.453372813761234283e-02
2.466224692761898041e-02
2.479017712175846100e-02
2.491752058267593384e-02
2.504427358508110046e-02
2.517043426632881165e-02
2.529599890112876892e-02
2.542096748948097229e-02
2.554533630609512329e-02
2.566910535097122192e-02
2.579227462410926819e-02
2.591484040021896362e-02
2.603680267930030823e-02
2.615816146135330200e-02
2.627891860902309418e-02
2.639907225966453552e-02
2.651862055063247681e-02
2.663756906986236572e-02
2.675591595470905304e-02
2.687366306781768799e-02
2.699081040918827057e-02
2.710735984146595001e-02
2.722331881523132324e-02
2.733868546783924103e-02
2.745346724987030029e-02
2.756766229867935181e-02
2.768127992749214172e-02
2.779432013630867004e-02
2.790679410099983215e-02
2.801870182156562805e-02
2.813005633652210236e-02
2.824085578322410583e-02
2.835111878812313080e-02
2.846084162592887878e-02
2.857004292309284210e-02
2.867872454226016998e-02
2.878690138459205627e-02
2.889458276331424713e-02
2.900177799165248871e-02
2.910850383341312408e-02
2.921476401388645172e-02
2.932058274745941162e-02
2.942596375942230225e-02
2.953092940151691437e-02
2.963548712432384491e-02
2.973965927958488464e-02
2.984345704317092896e-02
2.994689904153347015e-02
3.005000203847885132e-02
3.015278279781341553e-02
3.025526180863380432e-02
3.035745397210121155e-02
3.045938163995742798e-02
3.056106530129909515e-02
3.066251799464225769e-02
3.076376579701900482e-02
3.086482547223567963e-02
3.096572123467922211e-02
3.106647171080112457e-02
3.116709738969802856e-02
3.126762062311172485e-02
3.136806190013885498e-02
3.146843984723091125e-02
3.156878426671028137e-02
3.166910633444786072e-02
3.176943212747573853e-02
3.186978399753570557e-02
3.197018057107925415e-02
3.207064047455787659e-02
3.217118978500366211e-02
3.227185085415840149e-02
3.237263485789299011e-02
3.247357159852981567e-02
3.257467970252037048e-02
3.267597407102584839e-02
3.277747705578804016e-02
3.287920728325843811e-02
3.298117965459823608e-02
3.308342024683952332e-02
3.318594768643379211e-02
3.328877314925193787e-02
3.339191526174545288e-02
3.349539265036582947e-02
3.359922766685485840e-02
3.370343148708343506e-02
3.380801901221275330e-02
3.391301259398460388e-02
3.401841968297958374e-02
3.412426263093948364e-02
3.423055633902549744e-02
3.433731198310852051e-02
3.444454818964004517e-02
3.455227613449096680e-02
3.466051071882247925e-02
3.476926684379577637e-02
3.487856313586235046e-02
3.498840332031250000e-02
3.509880974888801575e-02
3.520979359745979309e-02
3.532136604189872742e-02
3.543353825807571411e-02
3.554632887244224548e-02
3.565974906086921692e-02
3.577381372451782227e-02
3.588853031396865845e-02
3.600391373038291931e-02
3.611997887492179871e-02
3.623674064874649048e-02
3.635420277714729309e-02
3.647238761186599731e-02
3.659129887819290161e-02
3.671095147728919983e-02
3.683136031031608582e-02
3.695253655314445496e-02
3.707448765635490417e-02
3.719722852110862732e-02
3.732077032327651978e-02
3.744512051343917847e-02
3.757029771804809570e-02
3.769630938768386841e-02
3.782316297292709351e-02
3.795086592435836792e-02
3.807943686842918396e-02
3.820887580513954163e-02
3.833919763565063477e-02
3.847040981054306030e-02
3.860251978039741516e-02
3.873553499579429626e-02
3.886945545673370361e-02
3.900429978966712952e-02
3.914006426930427551e-02
3.927675634622573853e-02
3.941437974572181702e-02
3.955294191837310791e-02
3.969244286417961121e-02
3.983288630843162537e-02
3.997426480054855347e-02
4.011659324169158936e-02
4.025986045598983765e-02
4.040407016873359680e-02
4.054922237992286682e-02
4.069531336426734924e-02
4.084233567118644714e-02
4.099028557538986206e-02
4.113916307687759399e-02
4.128895699977874756e-02
4.143966361880302429e-02
4.159127548336982727e-02
4.174378141760826111e-02
4.189717397093772888e-02
4.205144196748733521e-02
4.220657795667648315e-02
4.236256331205368042e-02
4.251939430832862854e-02
4.267705231904983521e-02
4.283552616834640503e-02
4.299480468034744263e-02
4.315486177802085876e-02
4.331569373607635498e-02
4.347728192806243896e-02
4.363960772752761841e-02
4.380264878273010254e-02
4.396639764308929443e-02
4.413083195686340332e-02
4.429593682289123535e-02
4.446168988943099976e-02
4.462806880474090576e-02
4.479506239295005798e-02
4.496264457702636719e-02
4.513080045580863953e-02
4.529950395226478577e-02
4.546874761581420898e-02
4.563849791884422302e-02
4.580873996019363403e-02
4.597945511341094971e-02
4.615061730146408081e-02
4.632221162319183350e-02
4.649421572685241699e-02
4.666660726070404053e-02
4.683936759829521179e-02
4.701247811317443848e-02
4.718591272830963135e-02
4.735965654253959656e-02
4.753368347883224487e-02
4.770797491073608398e-02
4.788251221179962158e-02
4.805726930499076843e-02
4.823223128914833069e-02
4.840737208724021912e-02
4.858267307281494141e-02
4.875811561942100525e-02
4.893367737531661987e-02
4.910933598875999451e-02
4.928506538271903992e-02
4.946085065603256226e-02
4.963666945695877075e-02
4.981249570846557617e-02
4.998831450939178467e-02
5.016409233212471008e-02
5.033982172608375549e-02
5.051546916365623474e-02
5.069101229310035706e-02
5.086643248796463013e-02
5.104170367121696472e-02
5.121680349111557007e-02
5.139170587062835693e-02
5.156638845801353455e-02
5.174082890152931213e-02
5.191499367356300354e-02
5.208887159824371338e-02
5.226242169737815857e-02
5.243562906980514526e-02
5.260846391320228577e-02
5.278090760111808777e-02
5.295292288064956665e-02
5.312448740005493164e-02
5.329557508230209351e-02
5.346616730093955994e-02
5.363622307777404785e-02
5.380571633577346802e-02
5.397463217377662659e-02
5.414294078946113586e-02
5.431060865521430969e-02
5.447761341929435730e-02
5.464392155408859253e-02
5.480950698256492615e-02
5.497435852885246277e-02
5.513843521475791931e-02
5.530171841382980347e-02
5.546416714787483215e-02
5.562577769160270691e-02
5.578650906682014465e-02
5.594635009765625000e-02
5.610526353120803833e-02
5.626322701573371887e-02
5.642022192478179932e-02
5.657622963190078735e-02
5.673122406005859375e-02
5.688517540693283081e-02
5.703807994723320007e-02
5.718990042805671692e-02
5.734062567353248596e-02
5.749023705720901489e-02
5.763871595263481140e-02
5.778604745864868164e-02
5.793220922350883484e-02
5.807719007134437561e-02
5.822097137570381165e-02
5.836354568600654602e-02
5.850489065051078796e-02
5.864500626921653748e-02
5.878387019038200378e-02
5.892147496342658997e-02
5.905780941247940063e-02
5.919286981225013733e-02
5.932663753628730774e-02
5.945911630988121033e-02
5.959028378129005432e-02
5.972015112638473511e-02
5.984869971871376038e-02
5.997592955827713013e-02
6.010184064507484436e-02
6.022641807794570923e-02
6.034966185688972473e-02
6.047157943248748779e-02
6.059215962886810303e-02
6.071140244603157043e-02
6.082930043339729309e-02
6.094586849212646484e-02
6.106108799576759338e-02
6.117497012019157410e-02
6.128751486539840698e-02
6.139872223138809204e-02
6.150859221816062927e-02
6.161712482571601868e-02
6.172432750463485718e-02
6.183019280433654785e-02
6.193473562598228455e-02
6.203794479370117188e-02
6.213983893394470215e-02
6.224041059613227844e-02
6.233965978026390076e-02
6.243760138750076294e-02
6.253422796726226807e-02
6.262955814599990845e-02
6.272359192371368408e-02
6.281632930040359497e-02
6.290777772665023804e-02
6.299793720245361328e-02
6.308683007955551147e-02
6.317444890737533569e-02
6.326080113649368286e-02
6.334589421749114990e-02
6.342974305152893066e-02
6.351234763860702515e-02
6.359372287988662720e-02
6.367387622594833374e-02
6.375281512737274170e-02
6.383053958415985107e-02
6.390708684921264648e-02
6.398244202136993408e-02
6.405663490295410156e-02
6.412966549396514893e-02
6.420154869556427002e-02
6.427231431007385254e-02
6.434195488691329956e-02
6.441049277782440186e-02
6.447794288396835327e-02
6.454432755708694458e-02
6.460966914892196655e-02
6.467396765947341919e-02
6.473725289106369019e-02
6.479953974485397339e-02
6.486085802316665649e-02
6.492122262716293335e-02
6.498064845800399780e-02
6.503916531801223755e-02
6.509678810834884644e-02
6.515355408191680908e-02
6.520947813987731934e-02
6.526458263397216797e-02
6.531889736652374268e-02
6.537245213985443115e-02
6.542526185512542725e-02
6.547736376523971558e-02
6.552877277135848999e-02
6.557953357696533203e-02
6.562966108322143555e-02
6.567919254302978516e-02
6.572814285755157471e-02
6.577654927968978882e-02
6.582444906234741211e-02
6.587186455726623535e-02
6.591881811618804932e-02
6.596534699201583862e-02
6.601147353649139404e-02
6.605723500251770020e-02
6.610265374183654785e-02
6.614777445793151855e-02
6.619261205196380615e-02
6.623719632625579834e-02
6.628154963254928589e-02
6.632571667432785034e-02
6.636971980333328247e-02
6.641358137130737305e-02
6.645733118057250977e-02
6.650100648403167725e-02
6.654462218284606934e-02
6.658821552991867065e-02
6.663179397583007812e-02
6.667540222406387329e-02
6.671906262636184692e-02
6.676279008388519287e-02
6.680662184953689575e-02
6.685057282447814941e-02
6.689468026161193848e-02
6.693895161151885986e-02
6.698340922594070435e-02
6.702809780836105347e-02
6.707300990819931030e-02
6.711819022893905640e-02
6.716366112232208252e-02
6.720942258834838867e-02
6.725551187992095947e-02
6.730194389820098877e-02
6.734874099493026733e-02
6.739592552185058594e-02
6.744351238012313843e-02
6.749151647090911865e-02
6.753997504711151123e-02
6.758888810873031616e-02
6.763828545808792114e-02
6.768818199634552002e-02
6.773858517408370972e-02
6.778953224420547485e-02
6.784103810787200928e-02
6.789311021566390991e-02
6.794576346874237061e-02
6.799902766942977905e-02
6.805292516946792603e-02
6.810744851827621460e-02
6.816264241933822632e-02
6.821850687265396118e-02
6.827506422996520996e-02
6.833232939243316650e-02
6.839031726121902466e-02
6.844905018806457520e-02
6.850853562355041504e-02
6.856879591941833496e-02
6.862985342741012573e-02
6.869170814752578735e-02
6.875438243150711060e-02
6.881789118051528931e-02
6.888224929571151733e-02
6.894747167825698853e-02
6.901356577873229980e-02
6.908055394887924194e-02
6.914844363927841187e-02
6.921724230051040649e-02
6.928697228431701660e-02
6.935764104127883911e-02
6.942925602197647095e-02
6.950183212757110596e-02
6.957537680864334106e-02
6.964989006519317627e-02
6.972539424896240234e-02
6.980188935995101929e-02
6.987937539815902710e-02
6.995787471532821655e-02
7.003737986087799072e-02
7.011789828538894653e-02
7.019942998886108398e-02
7.028197497129440308e-02
7.036554068326950073e-02
7.045013457536697388e-02
7.053574174642562866e-02
7.062236964702606201e-02
7.071001827716827393e-02
7.079867273569107056e-02
7.088833302259445190e-02
7.097900658845901489e-02
7.107067853212356567e-02
7.116334140300750732e-02
7.125698775053024292e-02
7.135161012411117554e-02
7.144720107316970825e-02
7.154375314712524414e-02
7.164124399423599243e-02
7.173967361450195312e-02
7.183902710676193237e-02
7.193928956985473633e-02
7.204044610261917114e-02
7.214248925447463989e-02
7.224538922309875488e-02
7.234914600849151611e-02
7.245374470949172974e-02
7.255915552377700806e-02
7.266536355018615723e-02
7.277236878871917725e-02
7.288013398647308350e-02
7.298864424228668213e-02
7.309788465499877930e-02
7.320783287286758423e-02
7.331848144531250000e-02
7.342978566884994507e-02
7.354175299406051636e-02
7.365434616804122925e-02
7.376755774021148682e-02
7.388135045766830444e-02
7.399571686983108521e-02
7.411063462495803833e-02
7.422607392072677612e-02
7.434201985597610474e-02
7.445845752954483032e-02
7.457535713911056519e-02
7.469269633293151855e-02
7.481046020984649658e-02
7.492861896753311157e-02
7.504716515541076660e-02
7.516606152057647705e-02
7.528530061244964600e-02
7.540483772754669189e-02
7.552468031644821167e-02
7.564478367567062378e-02
7.576513290405273438e-02
7.588570564985275269e-02
7.600648701190948486e-02
7.612743973731994629e-02
7.624855637550354004e-02
7.636979222297668457e-02
7.649115473031997681e-02
7.661259174346923828e-02
7.673408836126327515e-02
7.685563713312149048e-02
7.697718590497970581e-02
7.709872722625732422e-02
7.722023874521255493e-02
7.734168320894241333e-02
7.746305316686630249e-02
7.758431136608123779e-02
7.770542800426483154e-02
7.782638072967529297e-02
7.794714719057083130e-02
7.806769758462905884e-02
7.818800210952758789e-02
7.830803841352462769e-02
7.842778414487838745e-02
7.854719460010528564e-02
7.866626232862472534e-02
7.878494262695312500e-02
7.890321314334869385e-02
7.902104407548904419e-02
7.913840562105178833e-02
7.925527542829513550e-02
7.937162369489669800e-02
7.948740571737289429e-02
7.960261404514312744e-02
7.971720397472381592e-02
7.983115315437316895e-02
7.994443178176879883e-02
8.005701005458831787e-02
8.016885817050933838e-02
8.027994632720947266e-02
8.039024472236633301e-02
8.049973100423812866e-02
8.060836791992187500e-02
8.071613311767578125e-02
8.082299679517745972e-02
8.092893660068511963e-02
8.103391528129577637e-02
8.113791793584823608e-02
8.124091476202011108e-02
8.134286850690841675e-02
8.144377171993255615e-02
8.154358714818954468e-02
8.164228498935699463e-02
8.173986524343490601e-02
8.183629065752029419e-02
8.193153142929077148e-02
8.202557265758514404e-02
8.211839944124221802e-02
8.220998197793960571e-02
8.230030536651611328e-02
8.238934725522994995e-02
8.247709274291992188e-02
8.256352692842483521e-02
8.264862746000289917e-02
8.273237943649291992e-02
8.281476795673370361e-02
8.289577811956405640e-02
8.297539502382278442e-02
8.305361121892929077e-02
8.313040435314178467e-02
8.320576697587966919e-02
8.327967673540115356e-02
8.335214853286743164e-02
8.342315256595611572e-02
8.349268138408660889e-02
8.356073498725891113e-02
8.362729102373123169e-02
8.369235694408416748e-02
8.375591039657592773e-02
8.381795883178710938e-02
8.387847989797592163e-02
8.393749594688415527e-02
8.399496972560882568e-02
8.405090868473052979e-02
8.410531282424926758e-02
8.415817469358444214e-02
8.420949429273605347e-02
8.425926417112350464e-02
8.430748432874679565e-02
8.435414731502532959e-02
8.439926058053970337e-02
8.444280922412872314e-02
8.448480814695358276e-02
8.452524989843368530e-02
8.456412702798843384e-02
8.460143953561782837e-02
8.463720232248306274e-02
8.467140793800354004e-02
8.470404893159866333e-02
8.473513275384902954e-02
8.476465940475463867e-02
8.479264378547668457e-02
8.481906354427337646e-02
8.484394103288650513e-02
8.486727625131607056e-02
8.488906919956207275e-02
8.490931987762451172e-02
8.492804318666458130e-02
8.494523912668228149e-02
8.496090769767761230e-02
8.497505635023117065e-02
8.498770743608474731e-02
8.499884605407714844e-02
8.500848710536956787e-02
8.501664549112319946e-02
8.502332121133804321e-02
8.502852171659469604e-02
8.503226935863494873e-02
8.503456413745880127e-02
8.503542095422744751e-02
8.503485471010208130e-02
8.503287285566329956e-02
8.502949029207229614e-02
8.502470701932907104e-02
8.501856029033660889e-02
8.501105755567550659e-02
8.500220626592636108e-02
8.499203622341156006e-02
8.498054742813110352e-02
8.496777713298797607e-02
8.495372533798217773e-02
8.493842929601669312e-02
8.492188900709152222e-02
8.490414172410964966e-02
8.488520234823226929e-02
8.486509323120117188e-02
8.484383672475814819e-02
8.482144773006439209e-02
8.479796350002288818e-02
8.477339893579483032e-02
8.474779129028320312e-02
8.472114056348800659e-02
8.469349145889282227e-02
8.466487377882003784e-02
8.463529497385025024e-02
8.460479229688644409e-02
8.457339555025100708e-02
8.454112708568572998e-02
8.450802415609359741e-02
8.447409421205520630e-02
8.443938195705413818e-02
8.440390974283218384e-02
8.436770737171173096e-02
8.433080464601516724e-02
8.429322391748428345e-02
8.425500243902206421e-02
8.421615511178970337e-02
8.417672663927078247e-02
8.413673937320709229e-02
8.409621566534042358e-02
8.405519276857376099e-02
8.401368558406829834e-02
8.397173881530761719e-02
8.392936736345291138e-02
8.388660848140716553e-02
8.384347707033157349e-02
8.380001783370971680e-02
8.375623822212219238e-02
8.371217548847198486e-02
8.366785943508148193e-02
8.362330496311187744e-02
8.357855677604675293e-02
8.353362232446670532e-02
8.348853141069412231e-02
8.344331383705139160e-02
8.339798450469970703e-02
8.335258811712265015e-02
8.330713212490081787e-02
8.326163887977600098e-02
8.321614563465118408e-02
8.317065984010696411e-02
8.312521874904632568e-02
8.307983726263046265e-02
8.303454518318176270e-02
8.298936486244201660e-02
8.294431120157241821e-02
8.289940655231475830e-02
8.285467326641082764e-02
8.281014859676361084e-02
8.276583999395370483e-02
8.272176235914230347e-02
8.267795294523239136e-02
8.263442665338516235e-02
8.259121328592300415e-02
8.254831284284591675e-02
8.250577002763748169e-02
8.246358484029769897e-02
8.242179453372955322e-02
8.238042145967483521e-02
8.233946561813354492e-02
8.229897171258926392e-02
8.225893974304199219e-02
8.221939951181411743e-02
8.218037337064743042e-02
8.214188367128372192e-02
8.210394531488418579e-02
8.206657320261001587e-02
8.202979713678359985e-02
8.199363201856613159e-02
8.195809274911880493e-02
8.192320168018341064e-02
8.188898116350173950e-02
8.185544610023498535e-02
8.182262629270553589e-02
8.179051429033279419e-02
8.175914734601974487e-02
8.172854781150817871e-02
8.169871568679809570e-02
8.166967332363128662e-02
8.164144307374954224e-02
8.161403983831405640e-02
8.158747106790542603e-02
8.156175166368484497e-02
8.153691142797470093e-02
8.151293545961380005e-02
8.148986101150512695e-02
8.146770298480987549e-02
8.144645392894744873e-02
8.142613619565963745e-02
8.140675723552703857e-02
8.138833194971084595e-02
8.137086033821105957e-02
8.135435730218887329e-02
8.133883774280548096e-02
8.132428675889968872e-02
8.131073415279388428e-02
8.129816502332687378e-02
8.128660172224044800e-02
8.127602934837341309e-02
8.126646280288696289e-02
8.125790953636169434e-02
8.125035464763641357e-02
8.124381303787231445e-02
8.123827725648880005e-02
8.123375475406646729e-02
8.123022317886352539e-02
8.122770488262176514e-02
8.122617751359939575e-02
8.122564852237701416e-02
8.122611045837402344e-02
8.122755587100982666e-02
8.122998476028442383e-02
8.123338967561721802e-02
8.123774826526641846e-02
8.124307543039321899e-02
8.124934136867523193e-02
8.125656098127365112e-02
8.126470446586608887e-02
8.127377927303314209e-02
8.128375560045242310e-02
8.129463344812393188e-02
8.130641281604766846e-02
8.131907135248184204e-02
8.133259415626525879e-02
8.134697377681732178e-02
8.136220276355743408e-02
8.137826621532440186e-02
8.139514923095703125e-02
8.141283690929412842e-02
8.143132925033569336e-02
8.145059645175933838e-02
8.147063851356506348e-02
8.149144053459167480e-02
8.151298016309738159e-02
8.153525739908218384e-02
8.155825734138488770e-02
8.158195763826370239e-02
8.160635083913803101e-02
8.163141459226608276e-02
8.165714889764785767e-02
8.168353885412216187e-02
8.171055465936660767e-02
8.173821121454238892e-02
8.176646381616592407e-02
8.179531991481781006e-02
8.182474970817565918e-02
8.185475319623947144e-02
8.188530802726745605e-02
8.191639930009841919e-02
8.194802701473236084e-02
8.198015391826629639e-02
8.201277256011962891e-02
8.204587548971176147e-02
8.207943290472030640e-02
8.211344480514526367e-02
8.214788883924484253e-02
8.218273520469665527e-02
8.221799135208129883e-02
8.225362002849578857e-02
8.228961378335952759e-02
8.232595026493072510e-02
8.236261457204818726e-02
8.239957690238952637e-02
8.243682980537414551e-02
8.247435837984085083e-02
8.251212537288665771e-02
8.255011588335037231e-02
8.258831501007080078e-02
8.262670040130615234e-02
8.266524225473403931e-02
8.270392566919326782e-02
8.274272084236145020e-02
8.278161287307739258e-02
8.282057195901870728e-02
8.285957574844360352e-02
8.289860188961029053e-02
8.293762803077697754e-02
8.297662436962127686e-02
8.301556110382080078e-02
8.305442333221435547e-02
8.309317380189895630e-02
8.313180506229400635e-02
8.317027240991592407e-02
8.320855349302291870e-02
8.324662595987319946e-02
8.328446745872497559e-02
8.332205563783645630e-02
8.335934579372406006e-02
8.339632302522659302e-02
8.343296498060226440e-02
8.346924930810928345e-02
8.350513875484466553e-02
8.354061841964721680e-02
8.357565104961395264e-02
8.361023664474487305e-02
8.364432305097579956e-02
8.367791026830673218e-02
8.371096104383468628e-02
8.374346792697906494e-02
8.377538621425628662e-02
8.380672335624694824e-02
8.383742719888687134e-02
8.386750519275665283e-02
8.389692753553390503e-02
8.392567187547683716e-02
8.395372331142425537e-02
8.398106694221496582e-02
8.400768786668777466e-02
8.403357118368148804e-02
8.405868709087371826e-02
8.408303558826446533e-02
8.410659432411193848e-02
8.412936329841613770e-02
8.415132015943527222e-02
8.417245000600814819e-02
8.419274538755416870e-02
8.421219140291213989e-02
8.423078805208206177e-02
8.424851298332214355e-02
8.426535874605178833e-02
8.428133279085159302e-02
8.429640531539916992e-02
8.431057631969451904e-02
8.432383835315704346e-02
8.433618396520614624e-02
8.434760570526123047e-02
8.435809612274169922e-02
8.436764776706695557e-02
8.437625318765640259e-02
8.438391238451004028e-02
8.439061790704727173e-02
8.439635485410690308e-02
8.440111577510833740e-02
8.440491557121276855e-02
8.440772444009780884e-02
8.440954238176345825e-02
8.441036939620971680e-02
8.441019803285598755e-02
8.440902084112167358e-02
8.440683037042617798e-02
8.440361917018890381e-02
8.439937978982925415e-02
8.439411222934722900e-02
8.438780903816223145e-02
8.438046276569366455e-02
8.437206596136093140e-02
8.436261862516403198e-02
8.435210585594177246e-02
8.434052020311355591e-02
8.432786911725997925e-02
8.431414514780044556e-02
8.429932594299316406e-02
8.428341895341873169e-02
8.426642417907714844e-02
8.424832671880722046e-02
8.422912657260894775e-02
8.420882374048233032e-02
8.418740332126617432e-02
8.416488021612167358e-02
8.414123207330703735e-02
8.411648124456405640e-02
8.409060537815093994e-02
8.406360447406768799e-02
8.403549343347549438e-02
8.400625735521316528e-02
8.397590368986129761e-02
8.394444733858108521e-02
8.391186594963073730e-02
8.387819677591323853e-02
8.384340256452560425e-02
8.380752801895141602e-02
8.377055078744888306e-02
8.373250067234039307e-02
8.369337022304534912e-02
8.365318179130554199e-02
8.361192792654037476e-02
8.356963098049163818e-02
8.352630585432052612e-02
8.348195254802703857e-02
8.343659341335296631e-02
8.339024335145950317e-02
8.334290236234664917e-02
8.329460769891738892e-02
8.324535936117172241e-02
8.319518715143203735e-02
8.314409852027893066e-02
8.309211581945419312e-02
8.303924649953842163e-02
8.298552036285400391e-02
8.293095976114273071e-02
8.287557959556579590e-02
8.281939476728439331e-02
8.276242762804031372e-02
8.270471543073654175e-02
8.264624327421188354e-02
8.258706331253051758e-02
8.252717554569244385e-02
8.246661722660064697e-02
8.240540325641632080e-02
8.234354853630065918e-02
8.228106796741485596e-02
8.221799135208129883e-02
8.215433359146118164e-02
8.209012448787689209e-02
8.202537149190902710e-02
8.196008950471878052e-02
8.189430832862854004e-02
8.182803541421890259e-02
8.176129311323165894e-02
8.169410377740859985e-02
8.162647485733032227e-02
8.155842870473861694e-02
8.148997277021408081e-02
8.142112195491790771e-02
8.135190606117248535e-02
8.128232508897781372e-02
8.121239393949508667e-02
8.114213496446609497e-02
8.107155561447143555e-02
8.100067079067230225e-02
8.092948794364929199e-02
8.085802942514419556e-02
8.078629523515701294e-02
8.071431517601013184e-02
8.064208179712295532e-02
8.056961745023727417e-02
8.049693703651428223e-02
8.042405545711517334e-02
8.035097271203994751e-02
8.027771115303039551e-02
8.020427823066711426e-02
8.013068884611129761e-02
8.005696535110473633e-02
7.998310774564743042e-02
7.990913838148117065e-02
7.983506470918655396e-02
7.976090908050537109e-02
7.968667894601821899e-02
7.961239665746688843e-02
7.953808456659317017e-02
7.946374267339706421e-02
7.938940078020095825e-02
7.931507378816604614e-02
7.924076914787292480e-02
7.916652411222457886e-02
7.909234613180160522e-02
7.901825010776519775e-02
7.894426584243774414e-02
7.887041568756103516e-02
7.879670709371566772e-02
7.872316986322402954e-02
7.864983379840850830e-02
7.857669889926910400e-02
7.850380241870880127e-02
7.843115925788879395e-02
7.835879176855087280e-02
7.828672230243682861e-02
7.821497321128845215e-02
7.814357429742813110e-02
7.807252556085586548e-02
7.800187170505523682e-02
7.793161273002624512e-02
7.786179333925247192e-02
7.779240608215332031e-02
7.772348821163177490e-02
7.765504717826843262e-02
7.758710533380508423e-02
7.751968502998352051e-02
7.745279371738433838e-02
7.738646119832992554e-02
7.732068747282028198e-02
7.725549489259719849e-02
7.719089835882186890e-02
7.712690532207489014e-02
7.706352323293685913e-02
7.700077444314956665e-02
7.693866640329360962e-02
7.687719166278839111e-02
7.681637257337570190e-02
7.675621658563613892e-02
7.669671624898910522e-02
7.663788646459579468e-02
7.657973468303680420e-02
7.652225345373153687e-02
7.646545022726058960e-02
7.640932500362396240e-02
7.635387778282165527e-02
7.629910111427307129e-02
7.624500989913940430e-02
7.619158923625946045e-02
7.613883912563323975e-02
7.608675956726074219e-02
7.603535056114196777e-02
7.598459720611572266e-02
7.593450695276260376e-02
7.588506489992141724e-02
7.583627849817276001e-02
7.578812539577484131e-02
7.574062049388885498e-02
7.569374889135360718e-02
7.564750313758850098e-02
7.560189068317413330e-02
7.555688917636871338e-02
7.551250606775283813e-02
7.546873390674591064e-02
7.542557269334793091e-02
7.538301497697830200e-02
7.534106820821762085e-02
7.529971003532409668e-02
7.525895535945892334e-02
7.521878927946090698e-02
7.517921924591064453e-02
7.514023780822753906e-02
7.510184496641159058e-02
7.506404817104339600e-02
7.502684742212295532e-02
7.499022036790847778e-02
7.495419681072235107e-02
7.491876184940338135e-02
7.488391548395156860e-02
7.484967261552810669e-02
7.481601089239120483e-02
7.478295266628265381e-02
7.475050538778305054e-02
7.471863925457000732e-02
7.468738406896591187e-02
7.465672492980957031e-02
7.462666928768157959e-02
7.459721714258193970e-02
7.456836849451065063e-02
7.454012334346771240e-02
7.451248168945312500e-02
7.448543608188629150e-02
7.445899397134780884e-02
7.443314790725708008e-02
7.440789788961410522e-02
7.438323646783828735e-02
7.435916364192962646e-02
7.433565706014633179e-02
7.431273162364959717e-02
7.429037243127822876e-02
7.426856458187103271e-02
7.424730807542800903e-02
7.422658801078796387e-02
7.420638948678970337e-02
7.418670505285263062e-02
7.416751980781555176e-02
7.414882630109786987e-02
7.413060218095779419e-02
7.411282509565353394e-02
7.409548014402389526e-02
7.407856732606887817e-02
7.406204938888549805e-02
7.404591143131256104e-02
7.403013855218887329e-02
7.401470839977264404e-02
7.399959117174148560e-02
7.398477941751480103e-02
7.397024333477020264e-02
7.395595312118530273e-02
7.394190877676010132e-02
7.392807304859161377e-02
7.391441613435745239e-02
7.390093058347702026e-02
7.388758659362792969e-02
7.387436181306838989e-02
7.386123389005661011e-02
7.384818047285079956e-02
7.383519411087036133e-02
7.382223010063171387e-02
7.380928099155426025e-02
7.379633933305740356e-02
7.378336042165756226e-02
7.377034425735473633e-02
7.375727593898773193e-02
7.374412566423416138e-02
7.373087853193283081e-02
7.371752709150314331e-02
7.370406389236450195e-02
7.369045913219451904e-02
7.367670536041259766e-02
7.366280257701873779e-02
7.364872097969055176e-02
7.363446056842803955e-02
7.362001389265060425e-02
7.360537350177764893e-02
7.359053194522857666e-02
7.357547432184219360e-02
7.356020063161849976e-02
7.354470342397689819e-02
7.352898269891738892e-02
7.351302355527877808e-02
7.349683344364166260e-02
7.348039746284484863e-02
7.346370816230773926e-02
7.344678044319152832e-02
7.342959195375442505e-02
7.341215759515762329e-02
7.339445501565933228e-02
7.337648421525955200e-02
7.335825264453887939e-02
7.333974540233612061e-02
7.332096248865127563e-02
7.330189645290374756e-02
7.328253984451293945e-02
7.326288521289825439e-02
7.324293255805969238e-02
7.322267442941665649e-02
7.320209592580795288e-02
7.318118959665298462e-02
7.315995544195175171e-02
7.313837110996246338e-02
7.311643660068511963e-02
7.309412956237792969e-02
7.307144254446029663e-02
7.304836809635162354e-02
7.302489131689071655e-02
7.300098985433578491e-02
7.297665625810623169e-02
7.295187562704086304e-02
7.292663305997848511e-02
7.290090620517730713e-02
7.287468761205673218e-02
7.284794747829437256e-02
7.282068580389022827e-02
7.279288023710250854e-02
7.276450097560882568e-02
7.273554801940917969e-02
7.270600646734237671e-02
7.267583906650543213e-02
7.264504581689834595e-02
7.261361181735992432e-02
7.258152216672897339e-02
7.254875451326370239e-02
7.251529395580291748e-02
7.248114049434661865e-02
7.244627177715301514e-02
7.241067290306091309e-02
7.237433642148971558e-02
7.233726233243942261e-02
7.229943573474884033e-02
7.226084917783737183e-02
7.222148776054382324e-02
7.218135893344879150e-02
7.214045524597167969e-02
7.209876924753189087e-02
7.205630838871002197e-02
7.201306521892547607e-02
7.196904718875885010e-02
7.192424684762954712e-02
7.187867909669876099e-02
7.183233648538589478e-02
7.178522646427154541e-02
7.173737138509750366e-02
7.168876379728317261e-02
7.163941115140914917e-02
7.158932834863662720e-02
7.153853029012680054e-02
7.148701697587966919e-02
7.143480330705642700e-02
7.138190418481826782e-02
7.132833451032638550e-02
7.127410173416137695e-02
7.121921330690383911e-02
7.116369903087615967e-02
7.110755145549774170e-02
7.105080038309097290e-02
7.099344581365585327e-02
7.093551009893417358e-02
7.087700814008712769e-02
7.081793993711471558e-02
7.075832784175872803e-02
7.069817930459976196e-02
7.063750177621841431e-02
7.057630270719528198e-02
7.051460444927215576e-02
7.045240700244903564e-02
7.038971036672592163e-02
7.032653689384460449e-02
7.026288658380508423e-02
7.019875943660736084e-02
7.013417035341262817e-02
7.006911188364028931e-02
7.000359147787094116e-02
6.993761658668518066e-02
6.987117975950241089e-02
6.980429589748382568e-02
6.973695755004882812e-02
6.966914981603622437e-02
6.960089504718780518e-02
6.953218579292297363e-02
6.946300715208053589e-02
6.939338147640228271e-02
6.932328641414642334e-02
6.925272941589355469e-02
6.918170303106307983e-02
6.911020725965499878e-02
6.903824955224990845e-02
6.896582245826721191e-02
6.889291107654571533e-02
6.881953775882720947e-02
6.874569505453109741e-02
6.867137551307678223e-02
6.859659403562545776e-02
6.852133572101593018e-02
6.844562292098999023e-02
6.836944073438644409e-02
6.829281151294708252e-02
6.821572035551071167e-02
6.813819706439971924e-02
6.806023418903350830e-02
6.798184663057327271e-02
6.790304929018020630e-02
6.782383471727371216e-02
6.774424761533737183e-02
6.766426563262939453e-02
6.758393347263336182e-02
6.750325113534927368e-02
6.742224097251892090e-02
6.734091043472290039e-02
6.725928932428359985e-02
6.717739254236221313e-02
6.709524244070053101e-02
6.701286137104034424e-02
6.693027168512344360e-02
6.684748083353042603e-02
6.676453351974487305e-02
6.668143719434738159e-02
6.659822165966033936e-02
6.651490181684494019e-02
6.643150746822357178e-02
6.634806096553802490e-02
6.626458466053009033e-02
6.618110090494155884e-02
6.609763205051422119e-02
6.601420044898986816e-02
6.593082845211029053e-02
6.584752351045608521e-02
6.576432287693023682e-02
6.568122655153274536e-02
6.559827178716659546e-02
6.551545858383178711e-02
6.543281674385070801e-02
6.535034626722335815e-02
6.526806950569152832e-02
6.518599390983581543e-02
6.510413438081741333e-02
6.502250581979751587e-02
6.494110077619552612e-02
6.485993415117263794e-02
6.477901339530944824e-02
6.469834595918655396e-02
6.461793184280395508e-02
6.453777849674224854e-02
6.445787847042083740e-02
6.437823921442031860e-02
6.429886072874069214e-02
6.421975046396255493e-02
6.414088606834411621e-02
6.406228244304656982e-02
6.398393213748931885e-02
6.390582770109176636e-02
6.382797658443450928e-02
6.375036388635635376e-02
6.367298960685729980e-02
6.359585374593734741e-02
6.351894885301589966e-02
6.344227492809295654e-02
6.336581707000732422e-02
6.328959763050079346e-02
6.321358680725097656e-02
6.313779950141906738e-02
6.306223571300506592e-02
6.298688799142837524e-02
6.291174888610839844e-02
6.283683329820632935e-02
6.276214122772216797e-02
6.268768012523651123e-02
6.261344254016876221e-02
6.253943592309951782e-02
6.246567144989967346e-02
6.239215284585952759e-02
6.231889501214027405e-02
6.224589794874191284e-02
6.217317283153533936e-02
6.210073083639144897e-02
6.202858313918113708e-02
6.195674464106559753e-02
6.188523024320602417e-02
6.181404739618301392e-02
6.174321100115776062e-02
6.167273595929145813e-02
6.160264462232589722e-02
6.153294444084167480e-02
6.146365031599998474e-02
6.139478459954261780e-02
6.132635101675987244e-02
6.125837191939353943e-02
6.119086593389511108e-02
6.112383678555488586e-02
6.105731055140495300e-02
6.099128723144531250e-02
6.092579662799835205e-02
6.086083129048347473e-02
6.079641357064247131e-02
6.073255091905593872e-02
6.066924706101417542e-02
6.060651689767837524e-02
6.054436787962913513e-02
6.048279628157615662e-02
6.042180955410003662e-02
6.036141514778137207e-02
6.030160561203956604e-02
6.024238839745521545e-02
6.018374860286712646e-02
6.012570485472679138e-02
6.006822735071182251e-02
6.001133471727371216e-02
5.995500087738037109e-02
5.989922583103179932e-02
5.984399095177650452e-02
5.978929996490478516e-02
5.973513051867485046e-02
5.968147143721580505e-02
5.962830781936645508e-02
5.957562476396560669e-02
5.952341109514236450e-02
5.947164818644523621e-02
5.942031741142272949e-02
5.936940014362335205e-02
5.931888893246650696e-02
5.926876142621040344e-02
5.921899527311325073e-02
5.916958674788475037e-02
5.912050232291221619e-02
5.907173454761505127e-02
5.902326479554176331e-02
5.897508189082145691e-02
5.892717093229293823e-02
5.887950956821441650e-02
5.883209407329559326e-02
5.878490954637527466e-02
5.873794108629226685e-02
5.869118124246597290e-02
5.864462256431579590e-02
5.859825015068054199e-02
5.855206400156021118e-02
5.850605666637420654e-02
5.846022069454193115e-02
5.841455608606338501e-02
5.836905911564826965e-02
5.832373350858688354e-02
5.827857181429862976e-02
5.823357403278350830e-02
5.818874388933181763e-02
5.814409255981445312e-02
5.809961631894111633e-02
5.805531516671180725e-02
5.801119655370712280e-02
5.796727538108825684e-02
5.792354419827461243e-02
5.788001790642738342e-02
5.783669278025627136e-02
5.779358744621276855e-02
5.775070562958717346e-02
5.770804360508918762e-02
5.766561627388000488e-02
5.762342736124992371e-02
5.758148059248924255e-02
5.753977969288825989e-02
5.749833211302757263e-02
5.745713412761688232e-02
5.741618946194648743e-02
5.737550929188728333e-02
5.733507499098777771e-02
5.729489773511886597e-02
5.725497007369995117e-02
5.721529945731163025e-02
5.717586353421211243e-02
5.713666230440139771e-02
5.709768831729888916e-02
5.705893412232398987e-02
5.702038481831550598e-02
5.698204040527343750e-02
5.694387108087539673e-02
5.690588057041168213e-02
5.686803162097930908e-02
5.683032795786857605e-02
5.679273605346679688e-02
5.675525590777397156e-02
5.671784654259681702e-02
5.668050050735473633e-02
5.664320290088653564e-02
5.660592019557952881e-02
5.656863376498222351e-02
5.653132498264312744e-02
5.649396777153015137e-02
5.645654723048210144e-02
5.641903355717658997e-02
5.638140439987182617e-02
5.634364485740661621e-02
5.630573257803916931e-02
5.626764521002769470e-02
5.622937157750129700e-02
5.619087442755699158e-02
5.615215748548507690e-02
5.611319094896316528e-02
5.607396364212036133e-02
5.603445321321487427e-02
5.599466711282730103e-02
5.595457181334495544e-02
5.591416731476783752e-02
5.587344989180564880e-02
5.583240464329719543e-02
5.579103156924247742e-02
5.574931576848030090e-02
5.570726469159126282e-02
5.566487833857536316e-02
5.562215298414230347e-02
5.557909235358238220e-02
5.553569272160530090e-02
5.549196526408195496e-02
5.544791743159294128e-02
5.540354922413825989e-02
5.535886436700820923e-02
5.531388521194458008e-02
5.526860803365707397e-02
5.522304773330688477e-02
5.517721548676490784e-02
5.513111874461174011e-02
5.508476868271827698e-02
5.503817647695541382e-02
5.499136075377464294e-02
5.494432151317596436e-02
5.489706993103027344e-02
5.484962090849876404e-02
5.480198189616203308e-02
5.475416034460067749e-02
5.470616742968559265e-02
5.465801060199737549e-02
5.460969358682632446e-02
5.456122010946273804e-02
5.451260134577751160e-02
5.446383357048034668e-02
5.441492050886154175e-02
5.436586216092109680e-02
5.431665852665901184e-02
5.426730215549468994e-02
5.421779677271842957e-02
5.416814237833023071e-02
5.411831662058830261e-02
5.406832695007324219e-02
5.401815474033355713e-02
5.396779626607894897e-02
5.391724035143852234e-02
5.386647582054138184e-02
5.381548777222633362e-02
5.376426130533218384e-02
5.371278524398803711e-02
5.366104096174240112e-02
5.360901728272438049e-02
5.355670675635337830e-02
5.350407212972640991e-02
5.345111712813377380e-02
5.339781567454338074e-02
5.334416404366493225e-02
5.329013243317604065e-02
5.323570966720581055e-02
5.318089202046394348e-02
5.312566086649894714e-02
5.306999757885932922e-02
5.301390215754508972e-02
5.295735225081443787e-02
5.290035903453826904e-02
5.284288898110389709e-02
5.278495326638221741e-02
5.272654443979263306e-02
5.266765877604484558e-02
5.260829254984855652e-02
5.254844948649406433e-02
5.248812586069107056e-02
5.242733284831047058e-02
5.236607044935226440e-02
5.230434611439704895e-02
5.224217101931571960e-02
5.217955261468887329e-02
5.211650207638740540e-02
5.205303430557250977e-02
5.198915675282478333e-02
5.192489549517631531e-02
5.186025798320770264e-02
5.179526656866073608e-02
5.172993987798690796e-02
5.166429281234741211e-02
5.159834399819374084e-02
5.153212696313858032e-02
5.146564543247222900e-02
5.139892548322677612e-02
5.133199691772460938e-02
5.126486718654632568e-02
5.119756981730461121e-02
5.113011226058006287e-02
5.106252059340476990e-02
5.099481344223022461e-02
5.092700943350791931e-02
5.085911974310874939e-02
5.079116672277450562e-02
5.072316527366638184e-02
5.065512657165527344e-02
5.058705806732177734e-02
5.051898211240768433e-02
5.045089870691299438e-02
5.038281902670860291e-02
5.031474679708480835e-02
5.024668946862220764e-02
5.017865076661109924e-02
5.011063069105148315e-02
5.004262924194335938e-02
4.997464641928672791e-02
4.990667849779129028e-02
4.983872175216674805e-02
4.977076873183250427e-02
4.970281198620796204e-02
4.963485151529312134e-02
4.956686869263648987e-02
4.949886351823806763e-02
4.943081736564636230e-02
4.936272278428077698e-02
4.929456487298011780e-02
4.922633618116378784e-02
4.915802925825119019e-02
4.908962175250053406e-02
4.902110621333122253e-02
4.895247519016265869e-02
4.888371005654335022e-02
4.881480708718299866e-02
4.874575510621070862e-02
4.867654293775558472e-02
4.860716313123703003e-02
4.853761568665504456e-02
4.846788570284843445e-02
4.839797317981719971e-02
4.832787811756134033e-02
4.825759679079055786e-02
4.818712919950485229e-02
4.811647161841392517e-02
4.804563894867897034e-02
4.797463119029998779e-02
4.790345579385757446e-02
4.783212020993232727e-02
4.776063561439514160e-02
4.768901690840721130e-02
4.761726781725883484e-02
4.754541069269180298e-02
4.747346416115760803e-02
4.740143567323684692e-02
4.732935875654220581e-02
4.725723713636398315e-02
4.718510061502456665e-02
4.711296781897544861e-02
4.704086482524871826e-02
4.696881026029586792e-02
4.689682647585868835e-02
4.682493582367897034e-02
4.675316438078880310e-02
4.668153822422027588e-02
4.661007225513458252e-02
4.653879255056381226e-02
4.646772146224975586e-02
4.639687389135360718e-02
4.632627964019775391e-02
4.625594988465309143e-02
4.618590325117111206e-02
4.611615836620330811e-02
4.604672640562057495e-02
4.597762227058410645e-02
4.590885713696479797e-02
4.584044218063354492e-02
4.577238112688064575e-02
4.570468515157699585e-02
4.563735798001289368e-02
4.557039588689804077e-02
4.550380259752273560e-02
4.543758183717727661e-02
4.537172615528106689e-02
4.530622437596321106e-02
4.524108022451400757e-02
4.517628252506256104e-02
4.511182010173797607e-02
4.504768177866935730e-02
4.498385265469551086e-02
4.492031782865524292e-02
4.485706984996795654e-02
4.479409009218215942e-02
4.473135620355606079e-02
4.466885700821876526e-02
4.460657015442848206e-02
4.454448446631431580e-02
4.448257759213447571e-02
4.442082718014717102e-02
4.435922950506210327e-02
4.429775476455688477e-02
4.423638805747032166e-02
4.417511820793151855e-02
4.411392658948898315e-02
4.405280202627182007e-02
0.000000000000000000e+00
0.000000000000000000e+00
0.000000000000000000e+00
0.000000000000000000e+00
0.000000000000000000e+00
0.000000000000000000e+00
0.000000000000000000e+00
0.000000000000000000e+00
0.000000000000000000e+00
0.000000000000000000e+00
0.000000000000000000e+00
0.000000000000000000e+00
0.000000000000000000e+00
0.000000000000000000e+00
0.000000000000000000e+00
0.000000000000000000e+00
0.000000000000000000e+00
0.000000000000000000e+00
0.000000000000000000e+00
0.000000000000000000e+00
0.000000000000000000e+00
0.000000000000000000e+00
0.000000000000000000e+00
0.000000000000000000e+00
0.000000000000000000e+00
0.000000000000000000e+00
0.000000000000000000e+00
0.000000000000000000e+00
0.000000000000000000e+00
0.000000000000000000e+00
0.000000000000000000e+00
0.000000000000000000e+00
0.000000000000000000e+00
0.000000000000000000e+00
0.000000000000000000e+00
0.000000000000000000e+00
0.000000000000000000e+00
0.000000000000000000e+00
0.000000000000000000e+00
0.000000000000000000e+00
0.000000000000000000e+00
0.000000000000000000e+00
0.000000000000000000e+00
0.000000000000000000e+00
0.000000000000000000e+00
0.000000000000000000e+00
0.000000000000000000e+00
0.000000000000000000e+00
0.000000000000000000e+00
0.000000000000000000e+00
0.000000000000000000e+00
0.000000000000000000e+00
0.000000000000000000e+00
0.000000000000000000e+00
0.000000000000000000e+00
0.000000000000000000e+00
0.000000000000000000e+00
0.000000000000000000e+00
0.000000000000000000e+00
0.000000000000000000e+00
0.000000000000000000e+00
0.000000000000000000e+00
0.000000000000000000e+00
0.000000000000000000e+00
0.000000000000000000e+00
0.000000000000000000e+00
0.000000000000000000e+00
0.000000000000000000e+00
0.000000000000000000e+00
0.000000000000000000e+00
0.000000000000000000e+00
0.000000000000000000e+00
0.000000000000000000e+00
0.000000000000000000e+00
0.000000000000000000e+00
0.000000000000000000e+00
0.000000000000000000e+00
0.000000000000000000e+00
0.000000000000000000e+00
0.000000000000000000e+00
0.000000000000000000e+00
0.000000000000000000e+00
0.000000000000000000e+00
0.000000000000000000e+00
0.000000000000000000e+00
0.000000000000000000e+00
0.000000000000000000e+00
0.000000000000000000e+00
0.000000000000000000e+00
0.000000000000000000e+00
0.000000000000000000e+00
0.000000000000000000e+00
0.000000000000000000e+00
0.000000000000000000e+00
0.000000000000000000e+00
0.000000000000000000e+00
0.000000000000000000e+00
0.000000000000000000e+00
0.000000000000000000e+00
0.000000000000000000e+00
