# pe
-2.174159799415411976e-11
-2.986005706096134492e-11
-3.074730447383421112e-11
-2.597095458103572159e-11
-1.786095231562821155e-11
-8.804737781343086126e-12
-6.980746235260929080e-13
5.205671424616422038e-12
8.236576148789771582e-12
8.353780376608182280e-12
6.198393151377106285e-12
2.922142500973121179e-12
-3.675543551175606855e-13
-3.130974760298400900e-12
-5.009580117115781121e-12
-5.801873501798088094e-12
-5.422747042163990431e-12
-4.095607398711272667e-12
-2.207792579600884487e-12
-4.938514509673138031e-13
3.936514230838408149e-13
4.772995445360813229e-13
-2.494302799172228976e-14
-7.887380754283263078e-13
-1.531105816345772019e-12
-2.240874380341614149e-12
-2.928152163808713057e-12
-3.416360719295641942e-12
-3.509344634169268326e-12
-3.119327478913929018e-12
-2.264136420510361751e-12
-1.275634028807444494e-12
-5.230172353730131453e-13
-2.107850157825979288e-13
-4.097098769103087049e-13
-8.203564068168794305e-13
-1.121022079438937721e-12
-1.271143831030059586e-12
-1.300443463423059287e-12
-1.240301710544028100e-12
-1.128735034692170002e-12
-1.005418830259968106e-12
-9.100284916399045147e-13
-8.822394132244615312e-13
-9.480479199961516262e-13
-1.078734059297606924e-12
-1.231898809061489511e-12
-1.365143147220462084e-12
-1.436068051707185920e-12
-1.414669152322973963e-12
-1.320520686343738934e-12
-1.185591542914044005e-12
-1.041850611178451945e-12
-9.212667802815257218e-13
-8.472119961065250008e-13
-8.086704314914945044e-13
-7.860293160131759521e-13
-7.596758792483105587e-13
-7.099973507736398417e-13
-6.252093466014622618e-13
-5.248410284863049599e-13
-4.362499446182520706e-13
-3.867936431873878798e-13
-4.038296723837964212e-13
-5.037235410142808923e-13
-6.588726003525196839e-13
-8.306821622889101991e-13
-9.805575387138499929e-13
-1.069904041517736014e-12
-1.069921420171307490e-12
-9.909871744666688236e-13
-8.532732417762664939e-13
-6.769515594725466771e-13
-4.821940649279555495e-13
-2.885549702556294233e-13
-1.131175865314647498e-13
2.765250042795202272e-14
1.172897048060345216e-13
1.393284407861962479e-13
8.334225803194303409e-14
-3.693875187284952081e-14
-2.017453618642136254e-13
-3.913083448781814884e-13
-5.858584738507851289e-13
-7.687087217110265214e-13
-9.355008613597861479e-13
-1.084958865690914647e-12
-1.215806707598261952e-12
-1.326768359975678903e-12
-1.416982778418374442e-12
-1.487248849326992941e-12
-1.538780441803537477e-12
-1.572791424950010928e-12
-1.590495667868417179e-12
-1.593107039660759308e-12
-1.581839409429040193e-12
-1.557906646275262911e-12
-1.522522619301430945e-12
-1.476901197609547372e-12
-1.422256250301615473e-12
-1.359801646479637922e-12
-1.290751255245618404e-12
-1.216318945701559997e-12
-1.137718586949465980e-12
-1.056164048091339433e-12
-9.728691982291834336e-13
-8.890479064650010598e-13
-8.059140419007957939e-13
-7.246814736385706132e-13
-6.463715479014931595e-13
-5.712355193973888225e-13
-4.993321199552469498e-13
-4.307200814040572928e-13
-3.654581355728096026e-13
-3.036050142904933278e-13
-2.452194493860985226e-13
-1.903601726886141810e-13
-1.390859160270304330e-13
-9.145541123033667655e-14
-4.752739012752268819e-14
-7.360584547578042557e-15
2.898627368050760999e-14
6.145445272774459385e-14
8.998522076514333439e-14
1.145198459637141813e-13
1.349995964944674841e-13
1.513657405284135421e-13
1.635595462365628310e-13
1.715222817899256248e-13
1.752550092727647619e-13
1.749979664223527326e-13
1.710511848892146167e-13
1.637146963238751663e-13
1.532885323768595621e-13
1.400727246986926823e-13
1.243673049398995058e-13
1.064723047510049485e-13
8.668775578253402742e-14
6.531368968501172144e-14
4.265013810896295912e-14
1.899713270491271315e-14
-5.345294876614043767e-15
-3.007711298509232000e-14
-5.489828996999716810e-14
-7.950879418080363429e-14
-1.036085939669867774e-13
-1.268976576780215365e-13
-1.490759536633830208e-13
-1.698434502725462765e-13
-1.889581236087238743e-13
-2.064099807900789615e-13
-2.222470366885121593e-13
-2.365173061759241141e-13
-2.492688041242155228e-13
-2.605495454052870824e-13
-2.704075448910394646e-13
-2.788908174533732400e-13
-2.860473779641891308e-13
-2.919252412953879096e-13
-2.965724223188701473e-13
-3.000369359065364649e-13
-3.023667969302876352e-13
-3.036100202620242792e-13
-3.038146207736470688e-13
-3.030286133370566755e-13
-3.013000128241537711e-13
-2.986768341068390272e-13
-2.952070920570131660e-13
-2.909388015465767077e-13
-2.859199774474304755e-13
-2.801986346314750400e-13
-2.738227879706111234e-13
-2.668404523367393975e-13
-2.592996426017605338e-13
-2.512465276152221088e-13
-2.427198921372597215e-13
-2.337566749056558250e-13
-2.243938146581927970e-13
-2.146682501326532167e-13
-2.046169200668195375e-13
-1.942767631984742378e-13
-1.836847182653997960e-13
-1.728777240053786655e-13
-1.618927191561933498e-13
-1.507666424556263275e-13
-1.395364326414600518e-13
-1.282390284514769758e-13
-1.169113686234596791e-13
-1.055903918951905139e-13
-9.431303700445202173e-14
-8.311624268902668107e-14
-7.203694768669697040e-14
-6.111209073524531768e-14
-5.037861057245427712e-14
-3.987344593610625144e-14
-2.963353556398375697e-14
-1.969581819386927534e-14
-1.009723256354526449e-14
-8.747174107942056501e-16
7.942352468313482950e-15
1.635485804455554278e-14
2.437124423042184456e-14
3.199995593840216003e-14
3.924943808098633822e-14
4.612813557066423447e-14
5.264449331992562840e-14
5.880695624126035642e-14
6.462396924715822970e-14
7.010397725010907835e-14
7.525542516260274507e-14
8.008675789712904737e-14
8.460642036617779009e-14
8.882285748223880334e-14
9.274451415780192984e-14
9.637983530535694920e-14
9.973726583739374202e-14
1.028252506664020879e-13
1.056522347048718675e-13
1.082266628652928098e-13
1.105569800601548207e-13
1.126516312019476673e-13
1.145190612031612048e-13
1.161677149762852634e-13
1.176060374338096732e-13
1.188424734882242011e-13
1.198854680520187151e-13
1.207434660376830832e-13
1.214249123577070219e-13
1.219382519245804244e-13
1.222919296507930830e-13
1.224943904488348655e-13
1.225540792311955896e-13
1.224794409103650221e-13
1.222789203988330059e-13
1.219609626090893835e-13
1.215340124536239979e-13
1.210065148449266663e-13
1.203869146954871812e-13
1.196836569177953851e-13
1.189051864243410704e-13
1.180599481276141049e-13
1.171563869401043063e-13
1.162029477743014666e-13
1.152080755426954287e-13
1.141802151577760101e-13
1.131278115320330407e-13
1.120593095779563760e-13
1.109831542080357830e-13
1.099077903347611044e-13
1.088397125902622770e-13
1.077776144852296647e-13
1.067182392499937255e-13
1.056583301148849427e-13
1.045946303102337743e-13
1.035238830663706783e-13
1.024428316136261253e-13
1.013482191823305859e-13
1.002367890028145308e-13
9.910528430540844321e-14
9.795044832044275592e-14
9.676902427824795216e-14
9.555775540915448995e-14
9.431338494349286515e-14
9.303265611159351053e-14
9.171231214378694720e-14
9.034909627040358268e-14
8.893975172177390023e-14
8.748102172822838310e-14
8.596964952009748928e-14
8.440237832771168941e-14
8.277595138140145412e-14
8.108711191149724142e-14
7.933260314832953455e-14
7.750916832222877889e-14
7.561355066352545771e-14
7.364249340255004163e-14
7.159273976963296341e-14
6.946103299510474417e-14
6.724411630929581667e-14
6.493873294253665154e-14
6.254162612515771941e-14
6.004953908748949090e-14
5.745921505986243665e-14
5.476739727260703990e-14
5.197082895605372081e-14
4.906625334053298154e-14
4.605041365637528011e-14
4.292005313391109345e-14
3.967191500347087327e-14
3.630274249538510281e-14
3.280927883998424008e-14
2.918826726759875571e-14
2.543645100855910770e-14
2.155057329319577931e-14
1.752737735183922854e-14
1.336360641481993548e-14
9.056003712468345531e-15
4.601312475114945875e-15
-3.724066909812162771e-18
-4.758436205044720488e-15
-9.646448317805703617e-15
-1.464745830547792535e-14
-1.974116406834659798e-14
-2.490726350669687859e-14
-3.012545452081394475e-14
-3.537543501098302453e-14
-4.063690287748925136e-14
-4.588955602061783120e-14
-5.111309234065397005e-14
-5.628720973788281709e-14
-6.139160611258955305e-14
-6.640597936505939655e-14
-7.131002739557749677e-14
-7.608344810442904076e-14
-8.070593939189925343e-14
-8.515719915827329660e-14
-8.941692530383631945e-14
-9.346481572887353427e-14
-9.728056833367014074e-14
-1.008438810185113007e-13
-1.041344516836821758e-13
-1.071319782294680038e-13
-1.098161585561539212e-13
-1.121666905640251528e-13
-1.141632721533668605e-13
-1.157856012244642061e-13
-1.170133756776024145e-13
-1.178262934130666475e-13
-1.182040523311420922e-13
-1.181263503321139609e-13
-1.175728853162673396e-13
-1.165233551838875163e-13
-1.149574578352596277e-13
-1.128548911706689239e-13
-1.101953530904004909e-13
-1.069585414947395916e-13
-1.031241542839713120e-13
-9.867188935838095272e-14
-9.358144461825357469e-14
-8.783251796387456685e-14
-8.140480729552886383e-14
-7.427801051350177889e-14
-6.643182551807846123e-14
-5.784595020954411050e-14
-4.850008248818395795e-14
-3.837392025428314012e-14
-2.744716140812679991e-14
-1.569950385000020955e-14
-3.110645480188457090e-15
1.032326643139275529e-14
2.454028713630624792e-14
3.946202251648419700e-14
5.501007845385901976e-14
7.110606083036292989e-14
8.767157552792815370e-14
1.046282284284871762e-13
1.218976254139720976e-13
1.394013723663152956e-13
1.570610751674491984e-13
1.747983396993058304e-13
1.925347718438176452e-13
2.101919774829168943e-13
2.276915624985359301e-13
2.449551327726069286e-13
2.619042941870623433e-13
2.784606526238344004e-13
2.945458139648553767e-13
3.100813840920573471e-13
3.249889688873731943e-13
3.391901742327344881e-13
3.526066060100740609e-13
3.651598701013239369e-13
3.767715723884164939e-13
3.873633187532840087e-13
3.968567150778589601e-13
4.051733672440733219e-13
4.122348811338595728e-13
4.179628626291498888e-13
4.222789176118767485e-13
4.251046519639723278e-13
4.263616715673689034e-13
4.259715823039987523e-13
4.238559900557942015e-13
4.199365007046877300e-13
4.141347201326112611e-13
4.063722542214974754e-13
3.965707088532782965e-13
3.846516899098863039e-13
3.705368032732535220e-13
3.541476548253127831e-13
3.354058504479957076e-13
3.142329960232348751e-13
2.905506974329626131e-13
2.642805605591110972e-13
2.353441912836129073e-13
2.036631954884001939e-13
1.691591790554049561e-13
1.317537478665599503e-13
9.136850780379707480e-14
4.796047279003813354e-14
1.628288912161039167e-15
-4.749398970196639607e-14
-9.927230892447723083e-14
-1.535726146275037539e-13
-2.102608526831783107e-13
-2.692029689636340357e-13
-3.302649093410030030e-13
-3.933126196874180442e-13
-4.582120458750122431e-13
-5.248291337759169671e-13
-5.930298292622657545e-13
-6.626800782061910327e-13
-7.336458264798251286e-13
-8.057930199553005705e-13
-8.789876045047505938e-13
-9.530955260003070204e-13
-1.027982730314102480e-12
-1.103515163318270409e-12
-1.179558770884942630e-12
-1.255979498886251368e-12
-1.332643293194330263e-12
-1.409416099681311137e-12
-1.486163864219326416e-12
-1.562752532680509740e-12
-1.639048050936992730e-12
-1.714916364860908014e-12
-1.790223420324388828e-12
-1.864835163199566589e-12
-1.938617539358574938e-12
-2.011436494673546705e-12
-2.083157975016613308e-12
-2.153647926259907781e-12
-2.222772294275563157e-12
-2.290397024935712066e-12
-2.356388064112485925e-12
-2.420611357678018576e-12
-2.482932851504441840e-12
-2.543218491463888751e-12
-2.601334223428491939e-12
-2.657145993270383628e-12
-2.710519746861696449e-12
-2.761321430074563435e-12
-2.809416988781116407e-12
-2.854672368853487996e-12
-2.896953516163812042e-12
-2.936126376584219963e-12
-2.972056895986843985e-12
-3.004611020243818353e-12
-3.033654695227273677e-12
-3.059090244329631853e-12
-3.080965501024464981e-12
-3.099364676305633618e-12
-3.114371981166999533e-12
-3.126071626602421266e-12
-3.134547823605761394e-12
-3.139884783170878858e-12
-3.142166716291635025e-12
-3.141477833961891665e-12
-3.137902347175507719e-12
-3.131524466926344150e-12
-3.122428404208261919e-12
-3.110698370015121988e-12
-3.096418575340783703e-12
-3.079673231179109238e-12
-3.060546548523957940e-12
-3.039122738369191173e-12
-3.015486011708669496e-12
-2.989720579536253063e-12
-2.961910652845802836e-12
-2.932140442631179372e-12
-2.900494159886243634e-12
-2.867056015604855371e-12
-2.831910220780875949e-12
-2.795140986408165523e-12
-2.756832523480585457e-12
-2.717069042991995907e-12
-2.675934755936257026e-12
-2.633513873307229775e-12
-2.589890606098775118e-12
-2.545149165304753207e-12
-2.499373761919024600e-12
-2.452648606935450665e-12
-2.405057911347891149e-12
-2.356685886150206613e-12
-2.307616742336259228e-12
-2.257934690899907937e-12
-2.207723942835013299e-12
-2.157068709135437083e-12
-2.106053200795039443e-12
-2.054761628807680128e-12
-2.003278204167221314e-12
-1.951687137867522345e-12
-1.900072640902444183e-12
-1.848518924265848195e-12
-1.797110198951593929e-12
-1.745930675953542144e-12
-1.695064566265554004e-12
-1.644596080881489865e-12
-1.594609430795210488e-12
-1.545171155381312560e-12
-1.496277107537340125e-12
-1.447905468541572141e-12
-1.400034419672289388e-12
-1.352642142207770827e-12
-1.305706817426296832e-12
-1.259206626606146767e-12
-1.213119751025601210e-12
-1.167424371962939323e-12
-1.122098670696441480e-12
-1.077120828504387046e-12
-1.032469026665055791e-12
-9.881214464567280871e-13
-9.440562691576835026e-13
-9.002516760462018057e-13
-8.566858484005630680e-13
-8.133369674990467552e-13
-7.701832146199328379e-13
-7.272027710415013875e-13
-6.843738180420319709e-13
-6.416745368998045585e-13
-5.990831088930989191e-13
-5.565777153001949221e-13
-5.141365373993724373e-13
-4.717377564689112333e-13
-4.293595537870912805e-13
-3.869801106321922973e-13
-3.445776082824941026e-13
-3.021302280162766167e-13
-2.596161511118196080e-13
-2.170135588474029716e-13
-1.743006325013064507e-13
-1.314555533518100159e-13
-8.845650267719339804e-14
-4.528166175573653611e-14
-1.909211865719129324e-15
4.168266571457889591e-14
8.551578970687772679e-14
1.296119788328974685e-13
1.739930518143583397e-13
2.186808273729804708e-13
2.636971242304840681e-13
3.090637611085893122e-13
3.548025567290164599e-13
4.009353298134852882e-13
4.474838990837163312e-13
4.944700832614294671e-13
5.419157010683452805e-13
5.898425712261835485e-13
6.382725124566646034e-13
6.872195073172090915e-13
7.366661937080399248e-13
7.865873733650804303e-13
8.369578480242544399e-13
8.877524194214851795e-13
9.389458892926956731e-13
9.905130593738101566e-13
1.042428731400751351e-12
1.094667707109443391e-12
1.147204788235808998e-12
1.200014776515772306e-12
1.253072473685256240e-12
1.306352681480184326e-12
1.359830201636480297e-12
1.413479835890067278e-12
1.467276385976869201e-12
1.521194653632808989e-12
1.575209440593809970e-12
1.629295548595796479e-12
1.683427779374690835e-12
1.737580934666417171e-12
1.791729816206899018e-12
1.845849225732059500e-12
1.899913964977821943e-12
1.953898835680110281e-12
2.007778639574847437e-12
2.061528178397957546e-12
2.115122253885363530e-12
2.168535667772988313e-12
2.221743221796756029e-12
2.274719717692590813e-12
2.327439957196414781e-12
2.379878742044152068e-12
2.432010873971725999e-12
2.483811154715059903e-12
2.535254386010077509e-12
2.586315369592701742e-12
2.636968907198856736e-12
2.687189800564465817e-12
2.736952851425451910e-12
2.786232861517738340e-12
2.835004632577249243e-12
2.883242966339908350e-12
2.930922664541638583e-12
2.978018528918362462e-12
3.024505361206005333e-12
3.070357963140488907e-12
3.115551136457737724e-12
3.160059682893674303e-12
3.203858404184223585e-12
3.246926780549078066e-12
3.289263006143014992e-12
3.330869953604579565e-12
3.371750495572320217e-12
3.411907504684782151e-12
3.451343853580512991e-12
3.490062414898059557e-12
3.528066061275966644e-12
3.565357665352783900e-12
3.601940099767055716e-12
3.637816237157329316e-12
3.672988950162151920e-12
3.707461111420069134e-12
3.741235593569628583e-12
3.774315269249377490e-12
3.806703011097860652e-12
3.838401691753626098e-12
3.869414183855219434e-12
3.899743360041189497e-12
3.929392092950081086e-12
3.958363255220440613e-12
3.986659719490816108e-12
4.014284358399753985e-12
4.041240044585799850e-12
4.067529650687500924e-12
4.093156049343404428e-12
4.118122113192055968e-12
4.142430714872003574e-12
4.166084727021792851e-12
4.189087022279971020e-12
4.211440473285084497e-12
4.233147952675679693e-12
4.254212333090303831e-12
4.274636487167502516e-12
4.294423287545824586e-12
4.313575606863814030e-12
4.332096317760019685e-12
4.349988292872987966e-12
4.367254404841263671e-12
4.383897526303395635e-12
4.399920529897928659e-12
4.415326288263411577e-12
4.430117674038389997e-12
4.444297559861410332e-12
4.457868818371018187e-12
4.470834322205762401e-12
4.483196944004188577e-12
4.494959556404843939e-12
4.506125032046273285e-12
4.516696243567026258e-12
4.526676282043701535e-12
4.536069112305120579e-12
4.544878917618154691e-12
4.553109881249681634e-12
4.560766186466571094e-12
4.567852016535700027e-12
4.574371554723940542e-12
4.580328984298166363e-12
4.585728488525254448e-12
4.590574250672075288e-12
4.594870454005504225e-12
4.598621281792414176e-12
4.601830917299681288e-12
4.604503543794178478e-12
4.606643344542777856e-12
4.608254502812355569e-12
4.609341201869783728e-12
4.609907624981938479e-12
4.609957955415692740e-12
4.609496376437919427e-12
4.608527071315493074e-12
4.607054223315288213e-12
4.605082015704178568e-12
4.602614631749037864e-12
4.599656254716739018e-12
4.596211067874158178e-12
4.592283254488167453e-12
4.587876997825641377e-12
4.582996481153452865e-12
4.577645887738478065e-12
4.571829400847589088e-12
4.565551203747659657e-12
4.558815479705565921e-12
4.551626411988179181e-12
4.543988183862374778e-12
4.535904978595026435e-12
4.527380979453007878e-12
4.518420369703192024e-12
4.509027332612455021e-12
4.499206051447669785e-12
4.488960709475709234e-12
4.478295489963448708e-12
4.467214576177761931e-12
4.455722151385521821e-12
4.443822398853602910e-12
4.431519501848880539e-12
4.418817643638224392e-12
4.405721007488513042e-12
4.392233776666617790e-12
4.378360134439413977e-12
4.364103921469605058e-12
4.349467608003217463e-12
4.334453321682109774e-12
4.319063190148138960e-12
4.303299341043160372e-12
4.287163902009032593e-12
4.270659000687612593e-12
4.253786764720756531e-12
4.236549321750322990e-12
4.218948799418169745e-12
4.200987325366151343e-12
4.182667027236127172e-12
4.163990032669954203e-12
4.144958469309487786e-12
4.125574464796586505e-12
4.105840146773108944e-12
4.085757642880908839e-12
4.065329080761845582e-12
4.044556588057776948e-12
4.023442292410558289e-12
4.001988321462047382e-12
3.980196802854102001e-12
3.958069864228578307e-12
3.935609633227334883e-12
3.912818237492227082e-12
3.889697804665113486e-12
3.866250462387851065e-12
3.842478338302297593e-12
3.818383560050306806e-12
3.793968255273740521e-12
3.769234551614453281e-12
3.744184576714302054e-12
3.718820458215145423e-12
3.693144323758839549e-12
3.667158300987242207e-12
3.640864517542210365e-12
3.614265101065600183e-12
3.587362179199270244e-12
3.560157879585077921e-12
3.532654329864878566e-12
3.504853657680530357e-12
3.476757990673890667e-12
3.448369456486816464e-12
3.419690182761165523e-12
3.390722297138793601e-12
3.361467927261558877e-12
3.331929200771317914e-12
3.302108245309929297e-12
3.272007188519248378e-12
3.241628158041133336e-12
3.210972228392238279e-12
3.180036261588406688e-12
3.148816066520279182e-12
3.117307452078497594e-12
3.085506227153700927e-12
3.053408200636531418e-12
3.021009181417628475e-12
2.988304978387634333e-12
2.955291400437188806e-12
2.921964256456932917e-12
2.888319355337507690e-12
2.854352505969552534e-12
2.820059517243709685e-12
2.785436198050620166e-12
2.750478357280922982e-12
2.715181803825261177e-12
2.679542346574273351e-12
2.643555794418601336e-12
2.607217956248885753e-12
2.570524640955766817e-12
2.533471657429886765e-12
2.496054814561885005e-12
2.458269921242402157e-12
2.420112786362080052e-12
2.381579218811558908e-12
2.342665027481478940e-12
2.303366021262481980e-12
2.263678009045208245e-12
2.223596799720297547e-12
2.183118202178392525e-12
2.142238025310132588e-12
2.100952078006159165e-12
2.059256169157112874e-12
2.017146107653633529e-12
1.974617702386362961e-12
1.931666762245942195e-12
1.888289096123010639e-12
1.844480512908210528e-12
1.800236821492181877e-12
1.755553830765565104e-12
1.710427349619001638e-12
1.664853186943131896e-12
1.618827151628596498e-12
1.572345052566036873e-12
1.525402698646092833e-12
1.477995898759406007e-12
1.430120461796616411e-12
1.381772196648365269e-12
1.332946912205293405e-12
1.283640417358041034e-12
1.233854849131234590e-12
1.183617657085439110e-12
1.132962618915205445e-12
1.081923512315084649e-12
1.030534114979626966e-12
9.788282046033832483e-13
9.268395588809035378e-13
8.746019555067393927e-13
8.221491721754410580e-13
7.695149865815590820e-13
7.167331764196442144e-13
6.638375193842470033e-13
6.108617931699182997e-13
5.578397754712086516e-13
5.048052439826686070e-13
4.517919763988492189e-13
3.988337504143005808e-13
3.459643437235735438e-13
2.932175340212189587e-13
2.406270990017872221e-13
1.882268163598291851e-13
1.360504637898954460e-13
8.413181898653655298e-14
3.250465964430329381e-14
-1.879723654225396016e-14
-6.974009187858433276e-14
-1.202901286701369983e-13
-1.704135692223615727e-13
-2.200766358407072557e-13
-2.692455508306235749e-13
-3.178865364975598813e-13
-3.659658151469651472e-13
-4.134496090842892286e-13
-4.603041406149811734e-13
-5.064956320444903328e-13
-5.519903056782662596e-13
-5.967543838217580019e-13
-6.407540887804152136e-13
-6.839556428596870439e-13
-7.263252683650229446e-13
-7.678291876018721658e-13
-8.084336228756840584e-13
-8.481047964919080746e-13
-8.868089307559937671e-13
-9.245122479733898812e-13
-9.611809704495462728e-13
-9.967813204899120908e-13
-1.031279520399936686e-12
-1.064641792485069814e-12
-1.096834359050760018e-12
-1.127833340953335229e-12
-1.157654453252634075e-12
-1.186323309559373560e-12
-1.213865523484270891e-12
-1.240306708638042469e-12
-1.265672478631405701e-12
-1.289988447075076584e-12
-1.313280227579773133e-12
-1.335573433756211545e-12
-1.356893679215109027e-12
-1.377266577567182182e-12
-1.396717742423148418e-12
-1.415272787393723932e-12
-1.432957326089626134e-12
-1.449796972121572030e-12
-1.465817339100277816e-12
-1.481044040636461105e-12
-1.495502690340838496e-12
-1.509218901824126996e-12
-1.522218288697043409e-12
-1.534526464570304334e-12
-1.546169043054627384e-12
-1.557171637760729161e-12
-1.567559862299326265e-12
-1.577359330281135701e-12
-1.586595655316874476e-12
-1.595294451017259594e-12
-1.603481330993007858e-12
-1.611181908854835871e-12
-1.618421798213461042e-12
-1.625226612679599971e-12
-1.631621965863969866e-12
-1.637633471377287127e-12
-1.643286742830268961e-12
-1.648607393833631969e-12
-1.653621037998093358e-12
-1.658353288934370336e-12
-1.662829760253179101e-12
-1.667076065565237061e-12
-1.671117818481260818e-12
-1.674980632611966973e-12
-1.678690121568073340e-12
-1.682271898960296318e-12
-1.685751578399352306e-12
-1.689154773495959320e-12
-1.692507097860833152e-12
-1.695834165104691213e-12
-1.699161588838250508e-12
-1.702514982672227638e-12
-1.705919960217340012e-12
-1.709396687948806140e-12
-1.712943543799854793e-12
-1.716553458568216649e-12
-1.720219363051622386e-12
-1.723934188047802885e-12
-1.727690864354488219e-12
-1.731482322769410077e-12
-1.735301494090297925e-12
-1.739141309114883451e-12
-1.742994698640897335e-12
-1.746854593466069649e-12
-1.750713924388131273e-12
-1.754565622204813088e-12
-1.758402617713845975e-12
-1.762217841712960209e-12
-1.766004224999886670e-12
-1.769754698372356238e-12
-1.773462192628099390e-12
-1.777119638564846604e-12
-1.780719966980329163e-12
-1.784256108672276938e-12
-1.787720994438421618e-12
-1.791107555076493478e-12
-1.794408721384222791e-12
-1.797617424159340641e-12
-1.800726594199577706e-12
-1.803729162302664666e-12
-1.806618059266332601e-12
-1.809386215888311384e-12
-1.812026562966332097e-12
-1.814532031298125620e-12
-1.816895551681422430e-12
-1.819110054913953609e-12
-1.821168471793449635e-12
-1.823063733117640580e-12
-1.824788769684257930e-12
-1.826336512291031960e-12
-1.827699891735694157e-12
-1.828871838815973987e-12
-1.829845284329603342e-12
-1.830613159074311687e-12
-1.831168393847830509e-12
-1.831503919447890891e-12
-1.831612666672222703e-12
-1.831487566318556625e-12
-1.831121549184624142e-12
-1.830507546068155126e-12
-1.829638487766880659e-12
-1.828507305078531823e-12
-1.827106928800838489e-12
-1.825431159246080782e-12
-1.823477274784732974e-12
-1.821243423301818782e-12
-1.818727752682362529e-12
-1.815928410811386521e-12
-1.812843545573914877e-12
-1.809471304854971115e-12
-1.805809836539578548e-12
-1.801857288512761297e-12
-1.797611808659542474e-12
-1.793071544864945595e-12
-1.788234645013994176e-12
-1.783099256991711530e-12
-1.777663528683122183e-12
-1.771925607973248438e-12
-1.765883642747115025e-12
-1.759535780889744649e-12
-1.752880170286160827e-12
-1.745914958821387680e-12
-1.738638294380448119e-12
-1.731048324848366063e-12
-1.723143198110165229e-12
-1.714921062050868528e-12
-1.706380064555500081e-12
-1.697518353509083202e-12
-1.688334076796641608e-12
-1.678825382303198613e-12
-1.668990417913777733e-12
-1.658827331513402282e-12
-1.648334270987096785e-12
-1.637509384219883950e-12
-1.626350819096787091e-12
-1.614856723502830733e-12
-1.603025245323037180e-12
-1.590854532442431161e-12
-1.578342732746035583e-12
-1.565487994118873964e-12
-1.552288464445970021e-12
-1.538742291612347068e-12
-1.524847623503029225e-12
-1.510602608003039203e-12
-1.496005392997401120e-12
-1.481054126371138696e-12
-1.465746956009274639e-12
-1.450082029796833069e-12
-1.434057495618837705e-12
-1.417671501360311456e-12
-1.400922194906278444e-12
-1.383807724141762387e-12
-1.366326236951785993e-12
-1.348478858663197526e-12
-1.330278624370141017e-12
-1.311741546608585246e-12
-1.292883637914498185e-12
-1.273720910823848413e-12
-1.254269377872604709e-12
-1.234545051596735045e-12
-1.214563944532207798e-12
-1.194342069214991948e-12
-1.173895438181055268e-12
-1.153240063966366535e-12
-1.132391959106894128e-12
-1.111367136138606420e-12
-1.090181607597471789e-12
-1.068851386019459015e-12
-1.047392483940536069e-12
-1.025820913896671328e-12
-1.004152688423833571e-12
-9.824038200579911753e-13
-9.605903213351123140e-13
-9.387282047911655654e-13
-9.168334829621195075e-13
-8.949221683839422134e-13
-8.730102735926024630e-13
-8.511138111240683295e-13
-8.292487935143082898e-13
-8.074312332992912249e-13
-7.856771430149850060e-13
-7.640025351973582110e-13
-7.424234223823796199e-13
-7.209558171060171039e-13
-6.996157319042392409e-13
-6.784191793130148108e-13
-6.573821718683118869e-13
-6.365207221060987440e-13
-6.158508425623443643e-13
-5.953885457730168207e-13
-5.751498442740842873e-13
-5.551507506015156451e-13
-5.354072772912792701e-13
-5.159354368793430335e-13
-4.967512419016761191e-13
-4.778707048942466000e-13
-4.593098383930227513e-13
-4.410846549339731510e-13
-4.232111670530662760e-13
-4.057053872862703511e-13
-3.885833281695540550e-13
-3.718610022388856630e-13
-3.555544220302336520e-13
-3.396755260398615659e-13
-3.242199566052143275e-13
-3.091792820240316736e-13
-2.945450705940537959e-13
-2.803088906130204314e-13
-2.664623103786717210e-13
-2.529968981887474524e-13
-2.399042223409876656e-13
-2.271758511331322744e-13
-2.148033528629213944e-13
-2.027782958280948385e-13
-1.910922483263925458e-13
-1.797367786555545815e-13
-1.687034551133208089e-13
-1.579838459974312933e-13
-1.475695196056259232e-13
-1.374520442356445871e-13
-1.276229881852274008e-13
-1.180739197521141772e-13
-1.087964072340449814e-13
-9.978201892875971466e-14
-9.102232313399837910e-14
-8.250888814750087590e-14
-7.423328226700721983e-14
-6.618707379025732466e-14
-5.836183101499117993e-14
-5.074912223894872468e-14
-4.334051575986992317e-14
-3.612757987549476494e-14
-2.910188288356313852e-14
-2.225499308181507132e-14
-1.557847876799047712e-14
-9.063908239829364375e-15
-2.702849795071653190e-15
3.513128268542704778e-15
9.592457653273720007e-15
1.554357006138147870e-14
2.137489719512598504e-14
2.709487075676726841e-14
3.271192244856540873e-14
3.823448397278041016e-14
4.367098703167235259e-14
4.902986332750125913e-14
5.431954456252714656e-14
5.954846243901010109e-14
6.472504865921013952e-14
6.985773492538729124e-14
7.495495293980161722e-14
8.002513440471315319e-14
8.507671102238194749e-14
9.011595855980695683e-14
9.514052904294291029e-14
1.001459185624834327e-13
1.051276232091221993e-13
1.100811390735528098e-13
1.150019622464689268e-13
1.198855888185642004e-13
1.247275148805322428e-13
1.295232365230667167e-13
1.342682498368612847e-13
1.389580509126095087e-13
1.435881358410051521e-13
1.481540007127417516e-13
1.526511416185129951e-13
1.570750546490125452e-13
1.614212358949340141e-13
1.656851814469710646e-13
1.698623873958173340e-13
1.739483498321663842e-13
1.779385648467120040e-13
1.818285285301477298e-13
1.856137369731672496e-13
1.892896862664641757e-13
1.928518725007321454e-13
1.962957917666648467e-13
1.996169401549559170e-13
2.028108137562989181e-13
2.058729086613876136e-13
2.087987209609155148e-13
2.115837467455763600e-13
2.142234821060637867e-13
2.167134231330714072e-13
2.190490659172928588e-13
2.212259065494217790e-13
2.232394411201518305e-13
2.250851657201766759e-13
2.267585764401899276e-13
2.282551693708851976e-13
2.295704406029562245e-13
2.306998862270965194e-13
2.316390023339998460e-13
2.323832850143597660e-13
2.329282303588699421e-13
2.332693344582240875e-13
2.334020934031157134e-13
2.333220032842385329e-13
2.330245601922862089e-13
2.325052602179523534e-13
2.317595994519306292e-13
2.307830739849146485e-13
2.295724755209132196e-13
2.281297782171957835e-13
2.264582518443469018e-13
2.245611661729512371e-13
2.224417909735932750e-13
2.201033960168576528e-13
2.175492510733289067e-13
2.147826259135916741e-13
2.118067903082305416e-13
2.086250140278300960e-13
2.052405668429748736e-13
2.016567185242495115e-13
1.978767388422385461e-13
1.939038975675266146e-13
1.897414644706982280e-13
1.853927093223381245e-13
1.808609018930307394e-13
1.761493119533606847e-13
1.712612092739125471e-13
1.661998636252709639e-13
1.609685447780204714e-13
1.555705225027457320e-13
1.500090665700311809e-13
1.442874467504615818e-13
1.384089328146213697e-13
1.323767945330952073e-13
1.261943016764676813e-13
1.198647240153233279e-13
1.133913313202467843e-13
1.067773933618226374e-13
1.000261799106354234e-13
9.314096073726975420e-14
8.612500561231022927e-14
7.898158430634142270e-14
7.171396658994790862e-14
6.432542223371429902e-14
5.681922100822513017e-14
4.919863268406503930e-14
4.146692703181859423e-14
3.362737382207037538e-14
2.568324282540497268e-14
1.763780381240696655e-14
9.494326553660950054e-15
1.256080819751487852e-15
-7.073663618736804910e-15
-1.549163699121936673e-14
-2.399456952711158560e-14
-3.257919145582890320e-14
-4.124223300678672644e-14
-4.998042440940046859e-14
-5.879079260749216905e-14
-6.767155140251036549e-14
-7.662121131031022176e-14
-8.563828284674695848e-14
-9.472127652767568268e-14
-1.038687028689516024e-13
-1.130790723864298624e-13
-1.223508955959656331e-13
-1.316826830134141222e-13
-1.410729451546304622e-13
-1.505201925354698610e-13
-1.600229356717874256e-13
-1.695796850794383641e-13
-1.791889512742778845e-13
-1.888492447721610938e-13
-1.985590760889432000e-13
-2.083169557404793354e-13
-2.181213942426246828e-13
-2.279709021112344249e-13
-2.378639898621637697e-13
-2.477991680112678243e-13
-2.577749470744018218e-13
-2.677898375674208442e-13
-2.778423500061801247e-13
-2.879309949065348459e-13
-2.980542827843400898e-13
-3.082107241554511400e-13
-3.183988295357230783e-13
-3.286171094410111381e-13
-3.388640743871704010e-13
-3.491382348900562013e-13
-3.594381014655235703e-13
-3.697621846294276908e-13
-3.801089948976237960e-13
-3.904770427859669172e-13
-4.008648388103123887e-13
-4.112708934865153427e-13
-4.216937173304308611e-13
-4.321318208579142274e-13
-4.425837145848205237e-13
-4.530479090270049325e-13
-4.635229147003227377e-13
-4.740072421206289200e-13
-4.844994018037787632e-13
-4.949979042656275511e-13
-5.055012600220301635e-13
-5.160079795888418841e-13
-5.265165734819179966e-13
-5.370255522171137848e-13
-5.475334263102840276e-13
-5.580380315153816817e-13
-5.685345045387492849e-13
-5.790173073248270482e-13
-5.894809018180553842e-13
-5.999197499628740999e-13
-6.103283137037235073e-13
-6.207010549850438171e-13
-6.310324357512751391e-13
-6.413169179468576843e-13
-6.515489635162317645e-13
-6.617230344038373886e-13
-6.718335925541146663e-13
-6.818750999115040107e-13
-6.918420184204453295e-13
-7.017288100253789346e-13
-7.115299366707450368e-13
-7.212398603009837461e-13
-7.308530428605352732e-13
-7.403639462938397281e-13
-7.497670325453373216e-13
-7.590567635594682645e-13
-7.682276012806727677e-13
-7.772740076533908401e-13
-7.861904446220628944e-13
-7.949713741311287377e-13
-8.036112581250289847e-13
-8.121045585482036443e-13
-8.204457373450926244e-13
-8.286292564601363378e-13
-8.366495778377750964e-13
-8.445011634224488080e-13
-8.521784751585977845e-13
-8.596759749906624386e-13
-8.669881248630822745e-13
-8.741093867202979069e-13
-8.810342225067498494e-13
-8.877570941668776063e-13
-8.942724636451216911e-13
-9.005747928859222139e-13
-9.066585438337194864e-13
-9.125181784329534166e-13
-9.181481586280643162e-13
-9.235429463634924971e-13
-9.286970035836779683e-13
-9.336047922330611424e-13
-9.382607742560818265e-13
-9.426594115971802314e-13
-9.467951662007967699e-13
-9.506625000113714509e-13
-9.542558749733446872e-13
-9.575713930239647598e-13
-9.606117160717136433e-13
-9.633811460178811808e-13
-9.658839847637584270e-13
-9.681245342106348208e-13
-9.701070962598010130e-13
-9.718359728125474524e-13
-9.733154657701637800e-13
-9.745498770339404445e-13
-9.755435085051678948e-13
-9.763006620851357718e-13
-9.768256396751351302e-13
-9.771227431764556110e-13
-9.771962744903876629e-13
-9.770505355182215328e-13
-9.766898281612474676e-13
-9.761184543207555121e-13
-9.753407158980359132e-13
-9.743609147943791196e-13
-9.731833529110753782e-13
-9.718123321494145319e-13
-9.702521544106870296e-13
-9.685071215961835219e-13
-9.665815356071932460e-13
-9.644796983450074584e-13
-9.622059117109160021e-13
-9.597644776062089220e-13
-9.571596979321764649e-13
-9.543958745901088776e-13
-9.514773094812968109e-13
-9.484083045070301077e-13
-9.451931615685990149e-13
-9.418361825672937793e-13
-9.383416694044046478e-13
-9.347139239812218671e-13
-9.309572481990358861e-13
-9.270759439591363457e-13
-9.230743131628140988e-13
-9.189566577113589880e-13
-9.147272795060614624e-13
-9.103904804482115668e-13
-9.059505624390997498e-13
-9.014118273800159556e-13
-8.967785771722507338e-13
-8.920551137170941293e-13
-8.872457389158364900e-13
-8.823547546697676587e-13
-8.773864628801782863e-13
-8.723451654483585185e-13
-8.672351642755986022e-13
-8.620598596772881504e-13
-8.568190456252156533e-13
-8.515116145052688666e-13
-8.461364587033357476e-13
-8.406924706053037490e-13
-8.351785425970610301e-13
-8.295935670644954475e-13
-8.239364363934947566e-13
-8.182060429699468138e-13
-8.124012791797394757e-13
-8.065210374087604978e-13
-8.005642100428977366e-13
-7.945296894680392503e-13
-7.884163680700725927e-13
-7.822231382348857211e-13
-7.759488923483665931e-13
-7.695925227964027620e-13
-7.631529219648823874e-13
-7.566289822396931238e-13
-7.500195960067228276e-13
-7.433236556518592544e-13
-7.365400535609905635e-13
-7.296676821200044094e-13
-7.227054337147884468e-13
-7.156522007312306329e-13
-7.085068755552189253e-13
-7.012683505726411805e-13
-6.939355181693850530e-13
-6.865072707313386011e-13
-6.789825006443894794e-13
-6.713601002944255445e-13
-6.636389620673347537e-13
-6.558179783490048625e-13
-6.478960415253236264e-13
-6.398720439821792049e-13
-6.317448781054590504e-13
-6.235134362810512215e-13
-6.151766108948436756e-13
-6.067332943327238652e-13
-5.981823789805799498e-13
-5.895227572242997857e-13
-5.807533214497709266e-13
-5.718729640428814310e-13
-5.628805773895192561e-13
-5.537750538755719556e-13
-5.445552858869275879e-13
-5.352201658094739086e-13
-5.257685860290986730e-13
-5.161994389316899396e-13
-5.065116169031352621e-13
-4.967047482329168468e-13
-4.867814048248932910e-13
-4.767448944865173401e-13
-4.665985250252418402e-13
-4.563456042485194358e-13
-4.459894399638029730e-13
-4.355333399785451973e-13
-4.249806121001990054e-13
-4.143345641362170415e-13
-4.035985038940521521e-13
-3.927757391811570823e-13
-3.818695778049846281e-13
-3.708833275729875852e-13
-3.598202962926186483e-13
-3.486837917713307144e-13
-3.374771218165764781e-13
-3.262035942358087859e-13
-3.148665168364803324e-13
-3.034691974260439136e-13
-2.920149438119523251e-13
-2.805070638016583629e-13
-2.689488652026148226e-13
-2.573436558222743992e-13
-2.456947434680899388e-13
-2.340054359475142373e-13
-2.222790410679999895e-13
-2.105188666370000417e-13
-1.987282204619671392e-13
-1.869104103503540778e-13
-1.750687441096136533e-13
-1.632065295471985604e-13
-1.513270744705616708e-13
-1.394336866871557298e-13
-1.275296740044335078e-13
-1.156183442298478007e-13
-1.037030051708513917e-13
-9.178696463489696293e-14
-7.987353042943741119e-14
-6.796601036192548178e-14
-5.606771223981393263e-14
-4.418194387055555324e-14
-3.231201306160312045e-14
-2.046122762040942375e-14
-8.632895354427208460e-15
3.169675928890717016e-15
1.494317842209158843e-14
2.668430431772261946e-14
3.838974580833103640e-14
5.005619508646407185e-14
6.168034434466892685e-14
7.325936219658251857e-14
8.479232294020047076e-14
9.627877729460811385e-14
1.077182759788907530e-13
1.191103697121336807e-13
1.304546092134222526e-13
1.417505452018417614e-13
1.529977283964774615e-13
1.641957095164147341e-13
1.753440392807389093e-13
1.864422684085352420e-13
1.974899476188890878e-13
2.084866276308857013e-13
2.194318591636104887e-13
2.303251929361486793e-13
2.411661796675856038e-13
2.519543700770066175e-13
2.626893148834970258e-13
2.733705648061420833e-13
2.839976705640271457e-13
2.945701828762375180e-13
3.050876524618585560e-13
3.155496300399755144e-13
3.259556663296736982e-13
3.363053120500384632e-13
3.465981179201551145e-13
3.568336346591089573e-13
3.670114129859852966e-13
3.771310036198694378e-13
3.871919572798466354e-13
3.971938246850023966e-13
4.071361565544218751e-13
4.170185036071904770e-13
4.268404165623934065e-13
4.366014461391159687e-13
4.463011430564435699e-13
4.559390580334615151e-13
4.655147417892552105e-13
4.750277450429097088e-13
4.844776185135104666e-13
4.938639129201427386e-13
5.031861789818920825e-13
5.124439674178434499e-13
5.216368289470824995e-13
5.307643142886942839e-13
5.398259741617641588e-13
5.488213592853774799e-13
5.577500203786197038e-13
5.666115081605757822e-13
5.754053733503314746e-13
5.841308910486459884e-13
5.927862338829765620e-13
6.013692988624540838e-13
6.098779829962099469e-13
6.183101832933752415e-13
6.266637967630809568e-13
6.349367204144585869e-13
6.431268512566392219e-13
6.512320862987538512e-13
6.592503225499339688e-13
6.671794570193105638e-13
6.750173867160146257e-13
6.827620086491777493e-13
6.904112198279309240e-13
6.979629172614052398e-13
7.054149979587320901e-13
7.127653589290424638e-13
7.200118971814674514e-13
7.271525097251385468e-13
7.341850935691868402e-13
7.411075457227433209e-13
7.479177631949392810e-13
7.546136429949060127e-13
7.611930821317744041e-13
7.676539776146759495e-13
7.739942264527416379e-13
7.802117256551027616e-13
7.863043722308905117e-13
7.922700631892358775e-13
7.981066955392703530e-13
8.038121662901247255e-13
8.093843724509304891e-13
8.148212110308187340e-13
8.201205790389206514e-13
8.252803734843673314e-13
8.302984913762900662e-13
8.351728297238199461e-13
8.399012855360882630e-13
8.444817558222261073e-13
8.489121375913646701e-13
8.531903278526350416e-13
8.573142236151686150e-13
8.612817218880964803e-13
8.650907196805498288e-13
8.687391140016597507e-13
8.722248018605574371e-13
8.755456802663740793e-13
8.786996462282409693e-13
8.816845967552892983e-13
8.844984288566500556e-13
8.871397223049482627e-13
8.896097879267843636e-13
8.919106193122521278e-13
8.940442100514457288e-13
8.960125537344589362e-13
8.978176439513861252e-13
8.994614742923209645e-13
9.009460383473577285e-13
9.022733297065902876e-13
9.034453419601129162e-13
9.044640686980191820e-13
9.053315035104033594e-13
9.060496399873595208e-13
9.066204717189816376e-13
9.070459922953635805e-13
9.073281953065996238e-13
9.074690743427836379e-13
9.074706229940094935e-13
9.073348348503714649e-13
9.070637035019634226e-13
9.066592225388793381e-13
9.061233855512135868e-13
9.054581861290597363e-13
9.046656178625119599e-13
9.037476743416642292e-13
9.027063491566108186e-13
9.015436358974453967e-13
9.002615281542623387e-13
8.988620195171552124e-13
8.973471035762184940e-13
8.957187739215457511e-13
8.939790241432312582e-13
8.921298478313691886e-13
8.901732385760533120e-13
8.881111899673777006e-13
8.859456955954362252e-13
8.836787490503233620e-13
8.813123439221325776e-13
8.788484738009581464e-13
8.762891322768943428e-13
8.736363129400344315e-13
8.708920093804733938e-13
8.680582151883044942e-13
8.651369239536220072e-13
8.621301292665202072e-13
8.590398247170926618e-13
8.558680038954335443e-13
8.526166603916370283e-13
8.492877877957969842e-13
8.458833796980074845e-13
8.424051190187809416e-13
8.388534460003033297e-13
8.352284902151794679e-13
8.315303812360136703e-13
8.277592486354104531e-13
8.239152219859743324e-13
8.199984308603100262e-13
8.160090048310217478e-13
8.119470734707140133e-13
8.078127663519917427e-13
8.036062130474590482e-13
7.993275431297206480e-13
7.949768861713811590e-13
7.905543717450446936e-13
7.860601294233160708e-13
7.814942887787999076e-13
7.768569793841006193e-13
7.721483308118224190e-13
7.673684726345702268e-13
7.625175344249484578e-13
7.575956457555616281e-13
7.526029361990142539e-13
7.475395353279106492e-13
7.424055727148556333e-13
7.372011779324536212e-13
7.319264805533090281e-13
7.265816101500264710e-13
7.211666962952105671e-13
7.156818685614656306e-13
7.101272565213962785e-13
7.045029897476070270e-13
6.988091978127022912e-13
6.930460102892867892e-13
6.872135567499649361e-13
6.813119667673412481e-13
6.753413699140202413e-13
6.693018957626064319e-13
6.631936738857044368e-13
6.570168338559185703e-13
6.507715052458534496e-13
6.444578176281135906e-13
6.380759005753036106e-13
6.316258836600279246e-13
6.251078964548911498e-13
6.185220685324976003e-13
6.118685294654519942e-13
6.051474088263587467e-13
5.983588361878223739e-13
5.915029411224475938e-13
5.845798532028386197e-13
5.775900249572161022e-13
5.705352007362639174e-13
5.634174478462820757e-13
5.562388335935706889e-13
5.490014252844296664e-13
5.417072902251589179e-13
5.343584957220581510e-13
5.269571090814278811e-13
5.195051976095677150e-13
5.120048286127776632e-13
5.044580693973575343e-13
4.968669872696076418e-13
4.892336495358276934e-13
4.815601235023176996e-13
4.738484764753776710e-13
4.661007757613075172e-13
4.583190886664072487e-13
4.505054824969767753e-13
4.426620245593161578e-13
4.347907821597251546e-13
4.268938226045039275e-13
4.189732131999524367e-13
4.110310212523705412e-13
4.030693140680582013e-13
3.950901589533154274e-13
3.870956232144421291e-13
3.790877741577384180e-13
3.710686790895041027e-13
3.630404053160391937e-13
3.550050201436436513e-13
3.469645908786174858e-13
3.389211848272605565e-13
3.308768692958729244e-13
3.228337115907544486e-13
3.147937790182051397e-13
3.067591388845251091e-13
2.987318584960140647e-13
2.907140051589720674e-13
2.827076461796991782e-13
2.747148488644952564e-13
2.667376805196602619e-13
2.587782084514942054e-13
2.508384999662969964e-13
2.429206223703686455e-13
2.350266429700091129e-13
2.271586290715183080e-13
2.193186479811962415e-13
2.115087670053428734e-13
2.037310534502581639e-13
1.959875746222420477e-13
1.882801859332185555e-13
1.806098952176078485e-13
1.729774984154542088e-13
1.653837914668017924e-13
1.578295703116948311e-13
1.503156308901775817e-13
1.428427691422942255e-13
1.354117810080890699e-13
1.280234624276062204e-13
1.206786093408900349e-13
1.133780176879846189e-13
1.061224834089342545e-13
9.891280244378316099e-14
9.174977073257555729e-14
8.463418421535564989e-14
7.756683883216772098e-14
7.054853052305592653e-14
6.358005522806453612e-14
5.666220888723774988e-14
4.979578744061976797e-14
4.298158682825490412e-14
3.622040299018730800e-14
2.951303186646122394e-14
2.286026939712085838e-14
1.626291152221045881e-14
9.721754181774237997e-15
3.237593315856427643e-15
-3.188775135498750018e-15
-9.556555232247047506e-15
-1.586495103434429623e-14
-2.211316660174622977e-14
-2.830040599440863853e-14
-3.442587327228729710e-14
-4.048877249533797380e-14
-4.648830772351643375e-14
-5.242368301677847050e-14
-5.829410243507987760e-14
-6.409877003837639810e-14
-6.983688988662381292e-14
-7.550766603977792822e-14
-8.111030255779443657e-14
-8.664400350062923249e-14
-9.210797292823799592e-14
-9.750141490057657089e-14
-1.028235334776006752e-13
-1.080735327192661277e-13
-1.132506166855286713e-13
-1.183539894363440871e-13
-1.233828550316681812e-13
-1.283364175314566965e-13
-1.332140951843144813e-13
-1.380161629934423237e-13
-1.427431101506903443e-13
-1.473954258479083859e-13
-1.519735992769463166e-13
-1.564781196296542315e-13
-1.609094760978819736e-13
-1.652681578734794866e-13
-1.695546541482967395e-13
-1.737694541141836761e-13
-1.779130469629902149e-13
-1.819859218865662494e-13
-1.859885680767618241e-13
-1.899214747254268073e-13
-1.937851310244111173e-13
-1.975800261655647991e-13
-2.013066493407376953e-13
-2.049654897417797498e-13
-2.085570365605409569e-13
-2.120817789888712099e-13
-2.155402062186204777e-13
-2.189328074416387042e-13
-2.222600718497758332e-13
-2.255224886348817075e-13
-2.287205469888063718e-13
-2.318547361033997699e-13
-2.349255451705117952e-13
-2.379334633819923913e-13
-2.408789799296915022e-13
-2.437625840054591221e-13
-2.465847648011450937e-13
-2.493460115085994114e-13
-2.520468133196720190e-13
-2.546876594262128602e-13
-2.572690390200718283e-13
-2.597914412930989177e-13
-2.622553554371440720e-13
-2.646612706440571342e-13
-2.670096761056881994e-13
-2.693010610138871106e-13
-2.715359145605037608e-13
-2.737147259373881446e-13
-2.758379843363903065e-13
-2.779061789493599886e-13
-2.799197989681472859e-13
-2.818793335846020413e-13
-2.837852719905742491e-13
-2.856381033779138026e-13
-2.874383169384707466e-13
-2.891864018640948733e-13
-2.908825594381031489e-13
-2.925258393096798209e-13
-2.941150032194764116e-13
-2.956488129081440394e-13
-2.971260301163340750e-13
-2.985454165846977379e-13
-2.999057340538864493e-13
-3.012057442645513782e-13
-3.024442089573440467e-13
-3.036198898729154723e-13
-3.047315487519170764e-13
-3.057779473350002296e-13
-3.067578473628161515e-13
-3.076700105760161622e-13
-3.085131987152515822e-13
-3.092861735211736308e-13
-3.099876967344336787e-13
-3.106165300956830464e-13
-3.111714353455729533e-13
-3.116511742247546690e-13
-3.120545084738796150e-13
-3.123801998335991621e-13
-3.126270100445643781e-13
-3.127937008474265329e-13
-3.128790339828371993e-13
-3.128817711914475461e-13
-3.128006742139088431e-13
-3.126345047908724108e-13
-3.123820246629895694e-13
-3.120419955709115888e-13
-3.116131792552897388e-13
-3.110943374567753903e-13
-3.104842319160198130e-13
-3.097816243736742769e-13
-3.089852765703901022e-13
-3.080939502468186093e-13
-3.071064071436110680e-13
-3.060214090014187482e-13
-3.048377175608930207e-13
-3.035540945626851553e-13
-3.021693017474464218e-13
-3.006821008558281912e-13
-2.990912536284816827e-13
-2.973955218060582672e-13
-2.955936671292091640e-13
-2.936844513385857439e-13
-2.916666361748392264e-13
-2.895389833786209821e-13
-2.873002546905823315e-13
-2.849492118513744938e-13
-2.824854149432141718e-13
-2.799116174145795467e-13
-2.772313710555142325e-13
-2.744482276560618433e-13
-2.715657390062657407e-13
-2.685874568961696397e-13
-2.655169331158171039e-13
-2.623577194552515959e-13
-2.591133677045168307e-13
-2.557874296536562709e-13
-2.523834570927135810e-13
-2.489050018117322237e-13
-2.453556156007557624e-13
-2.417388502498278113e-13
-2.380582575489919339e-13
-2.343173892882916937e-13
-2.305197972577706543e-13
-2.266690332474723541e-13
-2.227686490474403566e-13
-2.188221964477182759e-13
-2.148332272383496502e-13
-2.108052932093780685e-13
-2.067419461508470184e-13
-2.026467378528001393e-13
-1.985232201052809949e-13
-1.943749446983330728e-13
-1.902054634220000881e-13
-1.860183280663254530e-13
-1.818170904213527815e-13
-1.776053022771256876e-13
-1.733865154236877097e-13
-1.691642816510823860e-13
-1.649421527493533306e-13
-1.607236805085440567e-13
-1.565124167186981277e-13
-1.523119131698591830e-13
-1.481257216520706851e-13
-1.439573939553762733e-13
-1.398104818698195113e-13
-1.356885371854439373e-13
-1.315951116922931149e-13
-1.275337571804106328e-13
-1.235080254398400547e-13
-1.195214682606249189e-13
-1.155776374328087889e-13
-1.116800847464352536e-13
-1.078323619915478639e-13
-1.040380209581902211e-13
-1.003006134364058511e-13
-9.662369121623833001e-14
-9.300999871818731097e-14
-8.945905088457686870e-14
-8.596955528818711706e-14
-8.254021950179822035e-14
-7.916975109819031766e-14
-7.585685765014352281e-14
-7.260024673043800014e-14
-6.939862591185391396e-14
-6.625070276717137811e-14
-6.315518486917056952e-14
-6.011077979063160204e-14
-5.711619510433462736e-14
-5.417013838305978456e-14
-5.127131719958722535e-14
-4.841843912669708247e-14
-4.561021173716952027e-14
-4.284534260378464626e-14
-4.012253929932265000e-14
-3.744050939656363271e-14
-3.479796046828775872e-14
-3.219360008727517971e-14
-2.962613582630602214e-14
-2.709427525816043772e-14
-2.459672595561856552e-14
-2.213219549146054462e-14
-1.969939143846652672e-14
-1.729702136941666037e-14
-1.492379285709107517e-14
-1.257841347426993228e-14
-1.025959079373335818e-14
-7.966032388261501391e-15
-5.696445830634507314e-15
-3.449538693632516601e-15
-1.224018550035677796e-15
9.814070273758747572e-16
3.168030465821979103e-15
5.337144192522516674e-15
7.490040634697324727e-15
9.628012219566272073e-15
1.175235137434920622e-14
1.386435052626598495e-14
1.596530210253646916e-14
1.805649853038051664e-14
2.013923223701797883e-14
2.221479564966871351e-14
2.428448119555258160e-14
2.634958130188942507e-14
2.841138839589911749e-14
3.047119490480151662e-14
3.253029325581646444e-14
3.458975852406274735e-14
3.664979637625478102e-14
3.871039512700594130e-14
4.077154309092957249e-14
4.283322858263901258e-14
4.489543991674762479e-14
4.695816540786876606e-14
4.902139337061578067e-14
5.108511211960202554e-14
5.314930996944083866e-14
5.521397523474558958e-14
5.727909623012961628e-14
5.934466127020628198e-14
6.141065866958893099e-14
6.347707674289092023e-14
6.554390380472559399e-14
6.761112816970632182e-14
6.967873815244642277e-14
7.174672206755926638e-14
7.381506822965822219e-14
7.588376495335660926e-14
7.795280055326779712e-14
8.002216334400515533e-14
8.209184164018200292e-14
8.416182375641169683e-14
8.623209800730760659e-14
8.830265270748308913e-14
9.037347617155146349e-14
9.244455671412609922e-14
9.451588264982034061e-14
9.658744229324755722e-14
9.865922395902108070e-14
1.007312159617542932e-13
1.028034066160605139e-13
1.048757842365530995e-13
1.069483371378454197e-13
1.090210536345508188e-13
1.110939220412826410e-13
1.131669306726542433e-13
1.152400678432789700e-13
1.173133218677701780e-13
1.193866810607412241e-13
1.214601337368054402e-13
1.235336682105762083e-13
1.256072727966668854e-13
1.276809358096908032e-13
1.297546455642612680e-13
1.318283903749917378e-13
1.339021585564954685e-13
1.359759384233858422e-13
