# pp
1.490961933960150997e-07
2.294607460333298705e-07
3.007472149037425393e-07
3.637782779995209956e-07
4.194996585675587619e-07
4.689904776165927132e-07
5.131280807571108837e-07
5.526802899839445860e-07
5.881659106152006038e-07
6.202365934930340324e-07
6.491294533061842696e-07
6.751892669669837551e-07
6.987893611217044837e-07
7.201674675304835456e-07
7.395291890061391640e-07
7.570872074583486834e-07
7.730321618470348910e-07
7.874594402362435425e-07
8.004572049954000633e-07
8.121799666113262235e-07
8.227791065748029100e-07
8.323271422750479543e-07
8.408830160474259884e-07
8.485302341134497836e-07
8.553541460125964364e-07
8.614229106700501922e-07
8.667896084362672862e-07
8.714641959770842353e-07
8.754617765956069557e-07
8.788611638286396332e-07
8.817442015581598767e-07
8.841411448131425191e-07
8.860721779132035334e-07
8.875687911935259134e-07
8.886639720177588136e-07
8.893853898478477411e-07
8.897577050153568472e-07
8.897988592320297773e-07
8.895251145546549180e-07
8.889530956630459362e-07
8.881008777291191019e-07
8.869868985478168124e-07
8.856295959140811471e-07
8.840474076228538680e-07
8.822577915616579066e-07
8.802742859883378023e-07
8.781094492533191583e-07
8.757758397070269424e-07
8.732860156998867578e-07
8.706517810185235314e-07
8.678819211943604383e-07
8.649844671950201891e-07
8.619674499881261297e-07
8.588389005413005472e-07
8.556062993742536641e-07
8.522749252150426792e-07
8.488495063438124093e-07
8.453347710407071415e-07
8.417354475858711630e-07
8.380567361292426628e-07
8.343057242999321542e-07
8.304899715968443703e-07
8.266170375188836201e-07
8.226944815649541072e-07
8.187292040117349508e-07
8.147254682470033456e-07
8.106868784363114020e-07
8.066170387452113364e-07
8.025195533392546241e-07
7.983975449110739721e-07
7.942522102616220388e-07
7.900842647189325025e-07
7.858944236110380889e-07
7.816834022659723703e-07
7.774523203655102960e-07
7.732039150063935923e-07
7.689413276391056798e-07
7.646676997141302967e-07
7.603861726819506518e-07
7.560997303680744887e-07
7.518107260981051492e-07
7.475213555726702981e-07
7.432338144923972825e-07
7.389502985579134495e-07
7.346728317785337627e-07
7.304027513983220634e-07
7.261412229700292797e-07
7.218894120464066575e-07
7.176484841802052310e-07
7.134195081143600958e-07
7.092031653525418533e-07
7.050000405886051664e-07
7.008107185164049097e-07
6.966357838297953227e-07
6.924758212226313859e-07
6.883314153887675504e-07
6.842031510220585850e-07
6.800916128163590468e-07
6.759973854655234929e-07
6.719210536634067978e-07
6.678632021038633068e-07
6.638244154807478947e-07
6.598052784879151185e-07
6.558063758192196410e-07
6.518282921685161253e-07
6.478716122296590223e-07
6.439369206965033128e-07
6.400248022629032361e-07
6.361358416227137727e-07
6.322705396332329701e-07
6.284290618055330493e-07
6.246114898141300393e-07
6.208179053335397572e-07
6.170483900382778087e-07
6.133030256028602227e-07
6.095818937018031342e-07
6.058850760096219367e-07
6.022126542008327654e-07
5.985647099499513314e-07
5.949413249314936638e-07
5.913425808199752623e-07
5.877685592899123676e-07
5.842193420158205852e-07
5.806950106722158383e-07
5.771956469336141558e-07
5.737213324745310373e-07
5.702721489694826178e-07
5.668481780929846086e-07
5.634495015195529329e-07
5.600761661608411659e-07
5.567280798770543387e-07
5.534051157655349227e-07
5.501071469236259188e-07
5.468340464486695865e-07
5.435856874380089268e-07
5.403619429889865169e-07
5.371626861989449342e-07
5.339877901652270736e-07
5.308371279851755123e-07
5.277105727561328279e-07
5.246079975754417033e-07
5.215292755404451394e-07
5.184742797484855018e-07
5.154428832969054738e-07
5.124349592830479501e-07
5.094503808042554023e-07
5.064890209578706194e-07
5.035507528412361787e-07
5.006354495516949753e-07
4.977429832633478142e-07
4.948732224573288361e-07
4.920260346915308328e-07
4.892012875238459610e-07
4.863988485121669067e-07
4.836185852143861443e-07
4.808603651883962539e-07
4.781240559920896040e-07
4.754095251833586688e-07
4.727166403200961344e-07
4.700452689601944222e-07
4.673952786615459535e-07
4.647665369820433614e-07
4.621589114795790143e-07
4.595722697120454395e-07
4.570064792373353231e-07
4.544614076133409804e-07
4.519369223979548859e-07
4.494328911490697255e-07
4.469491814245778148e-07
4.444856607823716809e-07
4.420421967803440100e-07
4.396186569763871175e-07
4.372149089283934777e-07
4.348308201942558296e-07
4.324662507357421450e-07
4.301210301301238684e-07
4.277949803585475713e-07
4.254879234021604603e-07
4.231996812421093715e-07
4.209300758595411410e-07
4.186789292356027639e-07
4.164460633514411820e-07
4.142313001882031786e-07
4.120344617270358016e-07
4.098553699490858870e-07
4.076938468355004828e-07
4.055497143674262662e-07
4.034227945260103910e-07
4.013129092923996404e-07
3.992198806477409564e-07
3.971435305731812810e-07
3.950836810498674503e-07
3.930401540589464592e-07
3.910127715815652498e-07
3.890013555988706581e-07
3.870057280920096262e-07
3.850257110421290431e-07
3.830611264303757979e-07
3.811117962378969914e-07
3.791775521309009466e-07
3.772582645158427278e-07
3.753538134842388865e-07
3.734640791276061855e-07
3.715889415374609644e-07
3.697282808053198803e-07
3.678819770226995905e-07
3.660499102811166462e-07
3.642319606720876516e-07
3.624280082871293697e-07
3.606379332177580341e-07
3.588616155554904609e-07
3.570989353918432013e-07
3.553497728183328066e-07
3.536140079264759868e-07
3.518915208077892933e-07
3.501821915537891714e-07
3.484859002559923313e-07
3.468025270059153770e-07
3.451319518950749130e-07
3.434740550149873845e-07
3.418287164571696604e-07
3.401958163131380274e-07
3.385752346744092484e-07
3.369668516324998747e-07
3.353705472789264577e-07
3.337862017052057073e-07
3.322136950028541750e-07
3.306529072633882530e-07
3.291037185783248104e-07
3.275660090391802925e-07
3.260396587374712506e-07
3.245245477647144477e-07
3.230205562124263822e-07
3.215275641721234995e-07
3.200454517353226155e-07
3.185740989935402285e-07
3.171133860382929428e-07
3.156631929610973097e-07
3.142233998534699333e-07
3.127938868069274179e-07
3.113745339129864205e-07
3.099652212631634397e-07
3.085658289489750266e-07
3.071762370619378913e-07
3.057963256935686380e-07
3.044259749353837121e-07
3.030650648788998767e-07
3.017134756156334713e-07
3.003710872371013647e-07
2.990377882380110496e-07
2.977135007258342596e-07
2.963981552112338288e-07
2.950916822048725910e-07
2.937940122174132214e-07
2.925050757595185538e-07
2.912248033418514751e-07
2.899531254750746074e-07
2.886899726698508375e-07
2.874352754368429465e-07
2.861889642867137153e-07
2.849509697301259778e-07
2.837212222777424090e-07
2.824996524402258959e-07
2.812861907282391665e-07
2.800807676524451075e-07
2.788833137235064470e-07
2.776937594520858602e-07
2.765120353488463397e-07
2.753380719244505077e-07
2.741717996895613039e-07
2.730131491548414034e-07
2.718620508309535873e-07
2.707184352285606894e-07
2.695822328583255435e-07
2.684533742309108779e-07
2.673317898569794204e-07
2.662174102471941108e-07
2.651101659122176243e-07
2.640099873627127947e-07
2.629168051093424030e-07
2.618305496627692301e-07
2.607511515336561101e-07
2.596785412326657179e-07
2.586126492704609403e-07
2.575534061577045055e-07
2.565007424050593003e-07
2.554545885231881056e-07
2.544148750227535436e-07
2.533815324144185540e-07
2.523544912088458650e-07
2.513336819166983103e-07
2.503190350486386180e-07
2.493104811153296750e-07
2.483079506274342092e-07
2.473113740956150017e-07
2.463206820305347275e-07
2.453358049428564324e-07
2.443566733432427383e-07
2.433832177423564793e-07
2.424153737107971940e-07
2.414530970589119283e-07
2.404963486569843271e-07
2.395450893752982998e-07
2.385992800841373323e-07
2.376588816537854402e-07
2.367238549545261887e-07
2.357941608566434079e-07
2.348697602304208221e-07
2.339506139461422349e-07
2.330366828740913440e-07
2.321279278845519001e-07
2.312243098478076538e-07
2.303257896341423824e-07
2.294323281138397835e-07
2.285438861571837402e-07
2.276604246344578443e-07
2.267819044159458731e-07
2.259082863719316565e-07
2.250395313726988658e-07
2.241756002885313047e-07
2.233164539897127238e-07
2.224620533465268209e-07
2.216123592292573731e-07
2.207673325081881841e-07
2.199269340536028985e-07
2.190911247357853202e-07
2.182598654250192526e-07
2.174331169915883141e-07
2.166108403057764142e-07
2.157929962378671712e-07
2.149795456581443888e-07
2.141704494368918441e-07
2.133656684443932612e-07
2.125651635509323380e-07
2.117688956267929310e-07
2.109768255422586585e-07
2.101889141676134035e-07
2.094051223731408639e-07
2.086254110291247107e-07
2.078497410058488272e-07
2.070780731735968580e-07
2.063103684026526598e-07
2.055465875632998773e-07
2.047866915258223406e-07
2.040306411605037210e-07
2.032783973376277957e-07
2.025299209274783417e-07
2.017851728003391363e-07
2.010441138264938506e-07
2.003067078502143145e-07
1.995729306117244886e-07
1.988427608252363332e-07
1.981161772049618882e-07
1.973931584651131137e-07
1.966736833199019702e-07
1.959577304835404974e-07
1.952452786702406556e-07
1.945363065942144846e-07
1.938307929696739446e-07
1.931287165108310226e-07
1.924300559318976788e-07
1.917347899470859794e-07
1.910428972706078848e-07
1.903543566166753288e-07
1.896691466995004041e-07
1.889872462332950181e-07
1.883086339322711841e-07
1.876332885106409153e-07
1.869611886826161986e-07
1.862923131624089942e-07
1.856266406642313419e-07
1.849641499022952021e-07
1.843048195908125615e-07
1.836486284439954070e-07
1.829955551760557783e-07
1.823455785012056357e-07
1.816986771336569395e-07
1.810548297876216766e-07
1.804140151773119660e-07
1.797762120169396359e-07
1.791413990207168053e-07
1.785095549028553551e-07
1.778806583775673781e-07
1.772546881590647286e-07
1.766316229615595524e-07
1.760114414992637567e-07
1.753941224863893549e-07
1.747796446371483073e-07
1.741679866657526801e-07
1.735591272864144072e-07
1.729530452133454489e-07
1.723497191607578714e-07
1.717491278428636086e-07
1.711512499738746737e-07
1.705560642680030800e-07
1.699635494394608143e-07
1.693736842024598370e-07
1.687864472712121084e-07
1.682018173599297211e-07
1.676197748421529147e-07
1.670403067287352841e-07
1.664634016898587826e-07
1.658890483957052315e-07
1.653172355164566106e-07
1.647479517222948205e-07
1.641811856834017616e-07
1.636169260699593345e-07
1.630551615521494662e-07
1.624958808001540572e-07
1.619390724841549550e-07
1.613847252743341662e-07
1.608328278408735646e-07
1.602833688539550509e-07
1.597363369837605255e-07
1.591917209004719420e-07
1.586495092742711479e-07
1.581096907753400701e-07
1.575722540738606092e-07
1.570371878400146923e-07
1.565044807439842197e-07
1.559741214559511980e-07
1.554460986460973423e-07
1.549204009846046590e-07
1.543970171416551016e-07
1.538759357874305442e-07
1.533571455921128608e-07
1.528406352258840048e-07
1.523263933589258768e-07
1.518144086614203508e-07
1.513046698035493803e-07
1.507971654554948393e-07
1.502918842874386813e-07
1.497888149695627539e-07
1.492879461720489840e-07
1.487892665650793251e-07
1.482927648188356248e-07
1.477984296034998366e-07
1.473062495892538344e-07
1.468162134462795718e-07
1.463283098447589493e-07
1.458425274548738410e-07
1.453588549468061472e-07
1.448772809907378216e-07
1.443977942568507645e-07
1.439203834153268502e-07
1.434450371363480055e-07
1.429717440900961574e-07
1.425004929467532066e-07
1.420312723765010534e-07
1.415640713886547704e-07
1.410988803490620127e-07
1.406356899627037397e-07
1.401744909345607518e-07
1.397152739696138498e-07
1.392580297728439929e-07
1.388027490492319818e-07
1.383494225037586964e-07
1.378980408414049903e-07
1.374485947671517169e-07
1.370010749859797563e-07
1.365554722028699089e-07
1.361117771228031343e-07
1.356699804507601801e-07
1.352300728917219791e-07
1.347920451506693849e-07
1.343558879325832245e-07
1.339215919424443515e-07
1.334891478852336722e-07
1.330585464659320138e-07
1.326297783895202297e-07
1.322028343609792265e-07
1.317777050852898046e-07
1.313543812674328176e-07
1.309328536123891719e-07
1.305131128251396947e-07
1.300951496106652658e-07
1.296789546739467388e-07
1.292645187199649407e-07
1.288518324537007779e-07
1.284408865801350777e-07
1.280316718042486933e-07
1.276241788310225313e-07
1.272183983654373923e-07
1.268143211124741827e-07
1.264119377771137296e-07
1.260112390643369129e-07
1.256122156791245332e-07
1.252148583264575500e-07
1.248191577113167637e-07
1.244251045386830279e-07
1.240326895135371697e-07
1.236419033408601748e-07
1.232527367256327381e-07
1.228651803728358453e-07
1.224792249874502970e-07
1.220948612744569468e-07
1.217120799388366481e-07
1.213308716855703340e-07
1.209512272196387784e-07
1.205731377838095323e-07
1.201965967719966720e-07
1.198215981159009973e-07
1.194481357472232288e-07
1.190762035976641535e-07
1.187057955989245051e-07
1.183369056827050439e-07
1.179695277807065303e-07
1.176036558246297377e-07
1.172392837461754134e-07
1.168764054770442911e-07
1.165150149489371444e-07
1.161551060935547469e-07
1.157966728425978323e-07
1.154397091277671743e-07
1.150842088807635332e-07
1.147301660332876560e-07
1.143775745170402765e-07
1.140264282637222082e-07
1.136767212050341582e-07
1.133284472726769135e-07
1.129816003983512211e-07
1.126361745137578413e-07
1.122921635505974947e-07
1.119495614405710078e-07
1.116083621153791013e-07
1.112685595067225222e-07
1.109301475463020308e-07
1.105931201658184007e-07
1.102574712969723922e-07
1.099231948714647259e-07
1.095902848209961886e-07
1.092587350772675539e-07
1.089285395719795555e-07
1.085996922368329275e-07
1.082721870035284829e-07
1.079460178037669424e-07
1.076211785692490664e-07
1.072976632316756284e-07
1.069754657227473622e-07
1.066545799741650282e-07
1.063349999176294131e-07
1.060167194848412243e-07
1.056997326075012751e-07
1.053840332173102994e-07
1.050696152459690309e-07
1.047564726251782432e-07
1.044445992866387099e-07
1.041339891620511648e-07
1.038246361831163948e-07
1.035165344311045555e-07
1.032096785855635171e-07
1.029040634756105845e-07
1.025996839303630366e-07
1.022965347789381784e-07
1.019946108504533151e-07
1.016939069740257122e-07
1.013944179787726881e-07
1.010961386938115081e-07
1.007990639482595172e-07
1.005031885712339544e-07
1.002085073918521115e-07
9.991501523923133338e-08
9.962270694248887231e-08
9.933157733074204663e-08
9.904162123310813505e-08
9.875283347870442947e-08
9.846520889664822182e-08
9.817874231605683048e-08
9.789342856604749443e-08
9.760926247573757175e-08
9.732623887424432791e-08
9.704435259068504158e-08
9.676359845417701790e-08
9.648397129383756205e-08
9.620546593878395269e-08
9.592807721813349498e-08
9.565179996100346760e-08
9.537662899651116247e-08
9.510255915377389798e-08
9.482958526190896604e-08
9.455770215003361887e-08
9.428690464726520132e-08
9.401718758272099207e-08
9.374854578551824334e-08
9.348097408477429999e-08
9.321446730960642746e-08
9.294902028913193091e-08
9.268462785246811548e-08
9.242128482873225986e-08
9.215898604704162949e-08
9.189772633651356925e-08
9.163750052626534456e-08
9.137830344541426058e-08
9.112012992307760924e-08
9.086297478837266920e-08
9.060683287041674564e-08
9.035169899832714369e-08
9.009756800122112880e-08
8.984443470821601937e-08
8.959229410884565963e-08
8.934114183431018254e-08
8.909097367622624691e-08
8.884178542621056449e-08
8.859357287587980733e-08
8.834633181685066070e-08
8.810005804073980989e-08
8.785474733916391370e-08
8.761039550373968390e-08
8.736699832608383221e-08
8.712455159781297777e-08
8.688305111054383230e-08
8.664249265589310757e-08
8.640287202547743591e-08
8.616418501091354231e-08
8.592642740381809882e-08
8.568959499580777747e-08
8.545368357849927679e-08
8.521868894350926882e-08
8.498460688245445208e-08
8.475143318695148537e-08
8.451916364861710692e-08
8.428779405906793583e-08
8.405732020992069709e-08
8.382773789279203627e-08
8.359904289929869159e-08
8.337123102105729540e-08
8.314429804968457267e-08
8.291823977679715575e-08
8.269305199401179610e-08
8.246873049294511282e-08
8.224527106521383089e-08
8.202266950243463560e-08
8.180092159622418575e-08
8.158002313819916663e-08
8.135996991997628999e-08
8.114075773317221463e-08
8.092238236940363907e-08
8.070483962028723537e-08
8.048812527743968878e-08
8.027223513247769785e-08
8.005716497701790813e-08
7.984291060267704461e-08
7.962946780107179258e-08
7.941683236381879761e-08
7.920500008253478468e-08
7.899396674883641261e-08
7.878372815434036667e-08
7.857428009066334539e-08
7.836561834942202080e-08
7.815773884879255894e-08
7.795063801318902239e-08
7.774431239358499418e-08
7.753875854095403089e-08
7.733397300626963613e-08
7.712995234050543266e-08
7.692669309463495056e-08
7.672419181963171994e-08
7.652244506646935029e-08
7.632144938612135849e-08
7.612120132956128787e-08
7.592169744776273469e-08
7.572293429169922906e-08
7.552490841234434077e-08
7.532761636067161316e-08
7.513105468765462926e-08
7.493521994426690593e-08
7.474010868148201299e-08
7.454571745027352022e-08
7.435204280161497096e-08
7.415908128647993502e-08
7.396682945584194249e-08
7.377528386067457640e-08
7.358444105195136686e-08
7.339429758064591013e-08
7.320484999773170984e-08
7.301609485418237550e-08
7.282802870097141074e-08
7.264064808907238535e-08
7.245394956945890885e-08
7.226792969310447163e-08
7.208258501098264348e-08
7.189791207406702068e-08
7.171390743333110686e-08
7.153056763974848505e-08
7.134788924429271182e-08
7.116586879793733051e-08
7.098450285165589767e-08
7.080378795642199635e-08
7.062372066320913017e-08
7.044429752299090863e-08
7.026551508674086185e-08
7.008736990543255961e-08
6.990985853003954525e-08
6.973297751153537534e-08
6.955672340089360644e-08
6.938109274908778189e-08
6.920608210709148472e-08
6.903168802587827149e-08
6.885790705642167232e-08
6.868473587640279645e-08
6.851217167033292426e-08
6.834021174943084912e-08
6.816885342491539084e-08
6.799809400800535603e-08
6.782793080991955129e-08
6.765836114187679644e-08
6.748938231509589808e-08
6.732099164079567604e-08
6.715318643019491045e-08
6.698596399451244761e-08
6.681932164496708088e-08
6.665325669277761686e-08
6.648776644916288861e-08
6.632284822534166303e-08
6.615849933253279965e-08
6.599471708195507859e-08
6.583149878482730646e-08
6.566884175236832955e-08
6.550674329579690152e-08
6.534520072633189515e-08
6.518421135519209055e-08
6.502377249359628109e-08
6.486388145276329984e-08
6.470453554391196663e-08
6.454573207826106158e-08
6.438746836702941775e-08
6.422974172143582852e-08
6.407254945269912695e-08
6.391588887203811963e-08
6.375975729067158669e-08
6.360415201981838766e-08
6.344907037069728944e-08
6.329450965452711186e-08
6.314046718252667475e-08
6.298694026591481118e-08
6.283392621591028803e-08
6.268142234373192514e-08
6.252942596059855557e-08
6.237793437772897269e-08
6.222694490634199633e-08
6.207645485765643308e-08
6.192646154289108954e-08
6.177696227326475907e-08
6.162795435999630121e-08
6.147943511430448284e-08
6.133140184740812381e-08
6.118385187052604393e-08
6.103678249487704981e-08
6.089019103167994805e-08
6.074407490329799249e-08
6.059843197667217311e-08
6.045326022988790064e-08
6.030855764103063878e-08
6.016432218818577181e-08
6.002055184943875018e-08
5.987724460287502435e-08
5.973439842657997860e-08
5.959201129863906999e-08
5.945008119713772914e-08
5.930860610016135356e-08
5.916758398579540031e-08
5.902701283212528677e-08
5.888689061723643692e-08
5.874721531921428136e-08
5.860798491614426394e-08
5.846919738611180201e-08
5.833085070720229971e-08
5.819294285750120749e-08
5.805547181509396920e-08
5.791843555806597572e-08
5.778183206450268413e-08
5.764565931248950519e-08
5.750991528011187611e-08
5.737459794545522087e-08
5.723970528660497669e-08
5.710523528164655433e-08
5.697118590866539763e-08
5.683755514574692394e-08
5.670434097097655725e-08
5.657154136243974803e-08
5.643915429822190039e-08
5.630717775640845818e-08
5.617560971508483877e-08
5.604444815233646613e-08
5.591369104624878412e-08
5.578333637490721009e-08
5.565338211639717464e-08
5.552382624880410838e-08
5.539466675021342868e-08
5.526590159871057275e-08
5.513752877238096459e-08
5.500954624931004140e-08
5.488195200758321395e-08
5.475474402528593268e-08
5.462792028050359510e-08
5.450147875132165830e-08
5.437541741582553302e-08
5.424973425210066310e-08
5.412442723823245267e-08
5.399949444366334217e-08
5.387493430326370554e-08
5.375074534326093978e-08
5.362692608988241542e-08
5.350347506935551624e-08
5.338039080790761939e-08
5.325767183176610865e-08
5.313531666715835454e-08
5.301332384031176070e-08
5.289169187745368442e-08
5.277041930481152271e-08
5.264950464861264611e-08
5.252894643508444500e-08
5.240874319045428330e-08
5.228889344094957126e-08
5.216939571279765295e-08
5.205024853222594521e-08
5.193145042546179211e-08
5.181299991873260391e-08
5.169489553826574451e-08
5.157713581028861092e-08
5.145971926102856706e-08
5.134264441671300994e-08
5.122590980356930348e-08
5.110951394782483806e-08
5.099345537570698422e-08
5.087773261344315221e-08
5.076234418726067946e-08
5.064728862338696961e-08
5.053256444804941966e-08
5.041817018747538030e-08
5.030410436789224190e-08
5.019036551552740149e-08
5.007695215660822298e-08
4.996386281736208351e-08
4.985109602401638011e-08
4.973865030279848992e-08
4.962652417993577685e-08
4.951471618165563793e-08
4.940322483418545029e-08
4.929204866375259110e-08
4.918118619658444413e-08
4.907063595890839314e-08
4.896039647695181529e-08
4.885046627694210097e-08
4.874084388510660748e-08
4.863152782767273183e-08
4.852251663086786440e-08
4.841380882091936250e-08
4.830540292405462313e-08
4.819729753573292390e-08
4.808949152834117733e-08
4.798198384349816990e-08
4.787477342282274767e-08
4.776785920793368391e-08
4.766124014044977834e-08
4.755491516198987040e-08
4.744888321417274658e-08
4.734314323861721986e-08
4.723769417694210319e-08
4.713253497076618307e-08
4.702766456170829233e-08
4.692308189138722407e-08
4.681878590142177802e-08
4.671477553343078039e-08
4.661104972903303091e-08
4.650760742984733592e-08
4.640444757749248855e-08
4.630156911358731498e-08
4.619897097975062157e-08
4.609665211760120143e-08
4.599461146875788076e-08
4.589284797483945930e-08
4.579136057746472353e-08
4.569014821825250628e-08
4.558920983882160728e-08
4.548854438079083950e-08
4.538815078577898942e-08
4.528802799540488988e-08
4.518817495128732735e-08
4.508859059504513467e-08
4.498927386829708509e-08
4.489022371266201144e-08
4.479143906975870682e-08
4.469291888120599081e-08
4.459466208862265654e-08
4.449666763362752359e-08
4.439893445783939168e-08
4.430146150287707378e-08
4.420424771035936963e-08
4.410729202190508556e-08
4.401059337913304779e-08
4.391415072366204281e-08
4.381796299711087696e-08
4.372202914109836984e-08
4.362634809724332116e-08
4.353091880716453728e-08
4.343574021248083117e-08
4.334081125481101578e-08
4.324613087577387763e-08
4.315169806673685032e-08
4.305751201806178392e-08
4.296357196985916240e-08
4.286987716223944985e-08
4.277642683531311037e-08
4.268322022919062131e-08
4.259025658398245339e-08
4.249753513979907732e-08
4.240505513675095722e-08
4.231281581494858365e-08
4.222081641450240749e-08
4.212905617552289283e-08
4.203753433812053026e-08
4.194625014240578387e-08
4.185520282848911777e-08
4.176439163648100929e-08
4.167381580649192917e-08
4.158347457863234149e-08
4.149336719301273023e-08
4.140349288974355286e-08
4.131385090893528672e-08
4.122444049069839591e-08
4.113526087514336441e-08
4.104631130238064306e-08
4.095759101252070921e-08
4.086909924567405344e-08
4.078083524195112661e-08
4.069279824146239944e-08
4.060498748431835589e-08
4.051740221062944683e-08
4.043004166050615622e-08
4.034290507405894815e-08
4.025599169139829997e-08
4.016930075263468902e-08
4.008283149787856616e-08
3.999658316724042197e-08
3.991055500083071393e-08
3.982474623875990615e-08
3.973915612113848258e-08
3.965378388807691395e-08
3.956862877968567098e-08
3.948369003607522438e-08
3.939896689735603826e-08
3.931445860363858335e-08
3.923016439503333697e-08
3.914608351165076325e-08
3.906221519360132626e-08
3.897855868099551660e-08
3.889511321394379837e-08
3.881187803255663567e-08
3.872885240659118176e-08
3.864603572439133336e-08
3.856342740394766310e-08
3.848102686325075022e-08
3.839883352029114753e-08
3.831684679305945411e-08
3.823506609954622276e-08
3.815349085774204596e-08
3.807212048563748311e-08
3.799095440122311347e-08
3.790999202248951628e-08
3.782923276742725757e-08
3.774867605402691659e-08
3.766832130027905936e-08
3.758816792417427175e-08
3.750821534370311977e-08
3.742846297685618268e-08
3.734891024162401988e-08
3.726955655599722386e-08
3.719040133796635401e-08
3.711144400552198960e-08
3.703268397665470987e-08
3.695412066935508084e-08
3.687575350161368177e-08
3.679758189142108529e-08
3.671960525676786404e-08
3.664182301564459726e-08
3.656423458604184437e-08
3.648683938595018461e-08
3.640963683336021047e-08
3.633262634626247473e-08
3.625580734264755004e-08
3.617917924050603548e-08
3.610274145782847063e-08
3.602649341260544795e-08
3.595043452282754671e-08
3.587456420648533292e-08
3.579888188156937260e-08
3.572338696607025162e-08
3.564807887797854262e-08
3.557295703528481823e-08
3.549802085597964447e-08
3.542326975805360721e-08
3.534870315949727247e-08
3.527432047830121950e-08
3.520012113245601432e-08
3.512610453995224942e-08
3.505227011878047097e-08
3.497861728693127144e-08
3.490514546239521687e-08
3.483185408638894019e-08
3.475874269303330899e-08
3.468581083967523131e-08
3.461305808366162844e-08
3.454048398233941502e-08
3.446808809305550572e-08
3.439586997315682843e-08
3.432382917999029120e-08
3.425196527090281530e-08
3.418027780324131539e-08
3.410876633435270613e-08
3.403743042158390881e-08
3.396626962228183807e-08
3.389528349379341519e-08
3.382447159346555485e-08
3.375383347864517830e-08
3.368336870667920683e-08
3.361307683491453525e-08
3.354295742069809807e-08
3.347301002137680995e-08
3.340323419429758554e-08
3.333362949680735275e-08
3.326419548625301300e-08
3.319493171998149418e-08
3.312583775533971095e-08
3.305691314967457797e-08
3.298815746033300990e-08
3.291957024466192802e-08
3.285115106000825360e-08
3.278289946371890793e-08
3.271481501314079243e-08
3.264689726562082837e-08
3.257914577850594365e-08
3.251156010914304630e-08
3.244413981487905100e-08
3.237688445306088564e-08
3.230979358103546487e-08
3.224286675614969674e-08
3.217610353575050252e-08
3.210950347718480349e-08
3.204306613779950770e-08
3.197679107494154965e-08
3.191067784595783078e-08
3.184472600819527235e-08
3.177893511900080226e-08
3.171330473572131532e-08
3.164783441570374605e-08
3.158252371629500909e-08
3.151737219484202574e-08
3.145237940869169740e-08
3.138754491798153512e-08
3.132286829401129641e-08
3.125834911087138812e-08
3.119398694265214427e-08
3.112978136344392540e-08
3.106573194733710523e-08
3.100183826842205091e-08
3.093809990078910970e-08
3.087451641852864874e-08
3.081108739573104839e-08
3.074781240648664932e-08
3.068469102488582526e-08
3.062172282501893011e-08
3.055890738097633762e-08
3.049624426684839507e-08
3.043373305672548943e-08
3.037137332469796137e-08
3.030916464485618464e-08
3.024710659129051974e-08
3.018519873809132057e-08
3.012344065934896087e-08
3.006183192915380778e-08
3.000037212159620858e-08
2.993906081076654362e-08
2.987789757075516018e-08
2.981688197565242540e-08
2.975601359954870640e-08
2.969529201653436039e-08
2.963471680069975449e-08
2.957428752613524922e-08
2.951400376693120839e-08
2.945386509717799253e-08
2.939387109096597206e-08
2.933402132238549426e-08
2.927431536552692958e-08
2.921475279448064844e-08
2.915533318333700806e-08
2.909605610618636564e-08
2.903692113711909492e-08
2.897792785022555310e-08
2.891907581959609078e-08
2.886036461932109162e-08
2.880179382349090952e-08
2.874336300619590499e-08
2.868507174152644185e-08
2.862691960357288393e-08
2.856890616642559173e-08
2.851103100417492907e-08
2.845329369091126308e-08
2.839569380072495098e-08
2.833823092468329235e-08
2.828090472176131666e-08
2.822371486791099911e-08
2.816666103908430495e-08
2.810974291123320273e-08
2.805296016030965772e-08
2.799631246226564508e-08
2.793979949305312677e-08
2.788342092862407466e-08
2.782717644493046393e-08
2.777106571792424991e-08
2.771508842355740446e-08
2.765924423778189945e-08
2.760353283654970677e-08
2.754795389581278174e-08
2.749250709152311276e-08
2.743719209963265187e-08
2.738200859609337093e-08
2.732695625685724182e-08
2.727203475787622647e-08
2.721724377510230338e-08
2.716258298448743449e-08
2.710805206198358837e-08
2.705365068354273357e-08
2.699937852511683867e-08
2.694523526265787553e-08
2.689122057211781271e-08
2.683733412944860885e-08
2.678357561060223913e-08
2.672994469153067543e-08
2.667644104818588299e-08
2.662306435651983038e-08
2.656981429248448615e-08
2.651669053203181558e-08
2.646369275111378721e-08
2.641082062568237954e-08
2.635807383168955120e-08
2.630545204508727075e-08
2.625295494182751007e-08
2.620058219786223772e-08
2.614833348914341895e-08
2.609620849162302233e-08
2.604420688125302303e-08
2.599232833398537970e-08
2.594057252577207081e-08
2.588893913256505502e-08
2.583742783031630418e-08
2.578603829497778686e-08
2.573477020250147493e-08
2.568362322883933696e-08
2.563259704545515214e-08
2.558169130585998857e-08
2.553090565907672498e-08
2.548023975412824008e-08
2.542969324003741261e-08
2.537926576582711799e-08
2.532895698052024156e-08
2.527876653313966205e-08
2.522869407270825488e-08
2.517873924824890540e-08
2.512890170878448571e-08
2.507918110333788447e-08
2.502957708093197379e-08
2.498008929058963239e-08
2.493071738133374563e-08
2.488146100218718892e-08
2.483231980217284761e-08
2.478329343031359049e-08
2.473438153563230292e-08
2.468558376715186362e-08
2.463689977389515462e-08
2.458832920488505467e-08
2.453987170914443916e-08
2.449152693569619015e-08
2.444329453356318636e-08
2.439517415176830651e-08
2.434716543933443595e-08
2.429926804528445011e-08
2.425148161864121778e-08
2.420380580842763754e-08
2.415624026366658150e-08
2.410878463338092178e-08
2.406143856659354371e-08
2.401420171232732934e-08
2.396707371960515409e-08
2.392005423744989667e-08
2.387314291488443914e-08
2.382633940093166021e-08
2.377964334461443861e-08
2.373305439495565308e-08
2.368657220097818895e-08
2.364019641170491503e-08
2.359392667615871997e-08
2.354776264336247920e-08
2.350170396233907143e-08
2.345575028211137871e-08
2.340990125170227977e-08
2.336415652013465002e-08
2.331851573643137811e-08
2.327297854961533285e-08
2.322754462367919484e-08
2.318221368249481248e-08
2.313698546490383933e-08
2.309185970974792236e-08
2.304683615586870191e-08
2.300191454210782825e-08
2.295709460730695163e-08
2.291237609030771903e-08
2.286775872995177740e-08
2.282324226508077370e-08
2.277882643453635157e-08
2.273451097716017122e-08
2.269029563179386635e-08
2.264618013727908726e-08
2.260216423245748419e-08
2.255824765617070741e-08
2.251443014726040058e-08
2.247071144456820735e-08
2.242709128693578790e-08
2.238356941320477597e-08
2.234014556221682513e-08
2.229681947281358233e-08
2.225359088383669122e-08
2.221045953412780539e-08
2.216742516252857179e-08
2.212448750788063738e-08
2.208164630902564250e-08
2.203890130480524403e-08
2.199625223406108563e-08
2.195369883563481425e-08
2.191124084836808016e-08
2.186887801110252039e-08
2.182661006267980175e-08
2.178443674194155467e-08
2.174235778772943270e-08
2.170037293888508282e-08
2.165848193425015528e-08
2.161668451266629374e-08
2.157498041297515178e-08
2.153336937401836643e-08
2.149185113463758794e-08
2.145042543367447322e-08
2.140909200997066260e-08
2.136785060236780303e-08
2.132670094970754148e-08
2.128564279083153152e-08
2.124467586458141019e-08
2.120379990979883437e-08
2.116301466532545432e-08
2.112231987000290377e-08
2.108171526166422189e-08
2.104120057410797036e-08
2.100077554012409314e-08
2.096043989250254083e-08
2.092019336403324745e-08
2.088003568750616691e-08
2.083996659571123986e-08
2.079998582143841026e-08
2.076009309747762870e-08
2.072028815661884246e-08
2.068057073165198888e-08
2.064094055536701193e-08
2.060139736055386219e-08
2.056194088000248694e-08
2.052257084650282353e-08
2.048328699284482584e-08
2.044408905181843123e-08
2.040497675621358698e-08
2.036594983882024035e-08
2.032700803242833201e-08
2.028815106982781253e-08
2.024937868380862920e-08
2.021069060716071274e-08
2.017208657267402697e-08
2.013356631313850263e-08
2.009512956134409030e-08
2.005677605008074055e-08
2.001850551213838413e-08
1.998031768030697823e-08
1.994221228737646683e-08
1.990418906613679057e-08
1.986624774937790004e-08
1.982838806988973589e-08
1.979060976046224211e-08
1.975291255388536595e-08
1.971529618294905469e-08
1.967776038044325231e-08
1.964030487915789614e-08
1.960292941188294670e-08
1.956563371140833472e-08
1.952841751052401079e-08
1.949128054201992548e-08
1.945422253868601615e-08
1.941724323331223338e-08
1.938034235868851451e-08
1.934351964760481014e-08
1.930677483285106091e-08
1.927010764721722073e-08
1.923351782349322694e-08
1.919700509446903012e-08
1.916056920449422477e-08
1.912420994415702079e-08
1.908792711560528852e-08
1.905172052098688839e-08
1.901558996244968744e-08
1.897953524214154940e-08
1.894355616221033799e-08
1.890765252480392028e-08
1.887182413207016328e-08
1.883607078615692743e-08
1.880039228921207977e-08
1.876478844338348403e-08
1.872925905081900395e-08
1.869380391366650325e-08
1.865842283407384897e-08
1.862311561418891478e-08
1.858788205615955117e-08
1.855272196213362518e-08
1.851763513425900717e-08
1.848262137468356417e-08
1.844768048555515330e-08
1.841281226902164821e-08
1.837801652723090272e-08
1.834329306233078386e-08
1.830864167646916529e-08
1.827406217179390744e-08
1.823955435045287403e-08
1.820511801459392881e-08
1.817075296636493219e-08
1.813645900791376445e-08
1.810223594138827608e-08
1.806808356893633083e-08
1.803400169270580896e-08
1.799999011484456097e-08
1.796604863750045391e-08
1.793217706282135812e-08
1.789837519295513402e-08
1.786464283004964866e-08
1.783097977625276578e-08
1.779738583371234909e-08
1.776386080457626234e-08
1.773040449099237587e-08
1.769701669510855011e-08
1.766369721907265210e-08
1.763044586503254556e-08
1.759726243513609425e-08
1.756414673153116187e-08
1.753109855636561879e-08
1.749811771178732212e-08
1.746520399994414552e-08
1.743235722620317092e-08
1.739957720880837290e-08
1.736686376922295747e-08
1.733421672891012734e-08
1.730163590933307199e-08
1.726912113195499742e-08
1.723667221823910304e-08
1.720428898964858824e-08
1.717197126764665241e-08
1.713971887369649827e-08
1.710753162926132191e-08
1.707540935580432602e-08
1.704335187478871001e-08
1.701135900767767658e-08
1.697943057593441852e-08
1.694756640102213852e-08
1.691576630440404592e-08
1.688403010754332687e-08
1.685235763190318408e-08
1.682074869894682356e-08
1.678920313013744472e-08
1.675772074693824363e-08
1.672630137081242302e-08
1.669494482322317565e-08
1.666365092563371085e-08
1.663241949950722471e-08
1.660125036630691994e-08
1.657014334749599261e-08
1.653909826453764214e-08
1.650811493889507123e-08
1.647719319203147927e-08
1.644633284541006235e-08
1.641553372049403311e-08
1.638479563874657439e-08
1.635411842163089553e-08
1.632350189061019922e-08
1.629294586714767495e-08
1.626245017270653202e-08
1.623201462874996323e-08
1.620163905674117789e-08
1.617132327814336549e-08
1.614106711441973533e-08
1.611087038703348351e-08
1.608073291744780612e-08
1.605065452712590917e-08
1.602063503753099206e-08
1.599067427012624756e-08
1.596077204637488171e-08
1.593092818774009388e-08
1.590114251568508349e-08
1.587141485901090626e-08
1.584174507587002350e-08
1.581213303175275945e-08
1.578257859214943506e-08
1.575308162255036464e-08
1.572364198844587908e-08
1.569425955532629269e-08
1.566493418868191980e-08
1.563566575400308798e-08
1.560645411678012477e-08
1.557729914250333128e-08
1.554820069666304169e-08
1.551915864474957361e-08
1.549017285225324801e-08
1.546124318466437589e-08
1.543236950747329143e-08
1.540355168617030897e-08
1.537478958624574612e-08
1.534608307318992715e-08
1.531743201249316969e-08
1.528883626964579469e-08
1.526029571013812638e-08
1.523181019946047911e-08
1.520337960310317050e-08
1.517500378655653474e-08
1.514668261531087952e-08
1.511841595485652580e-08
1.509020367068380113e-08
1.506204562828301322e-08
1.503394169314449957e-08
1.500589173075856787e-08
1.497789560661554238e-08
1.494995318620574404e-08
1.492206433501949048e-08
1.489422891854710431e-08
1.486644680227890151e-08
1.483871785170521128e-08
1.481104193231634630e-08
1.478341890960262752e-08
1.475584864905437918e-08
1.472833101616191726e-08
1.470086587641556271e-08
1.467345309530563979e-08
1.464609253832246446e-08
1.461878407095635767e-08
1.459152755869764203e-08
1.456432286703663350e-08
1.453716986146365634e-08
1.451006840746903151e-08
1.448301837054307496e-08
1.445601961997531181e-08
1.442907204025206890e-08
1.440217551965888053e-08
1.437532994648127936e-08
1.434853520900478811e-08
1.432179119551494276e-08
1.429509779429727594e-08
1.426845489363731369e-08
1.424186238182059364e-08
1.421532014713264347e-08
1.418882807785899087e-08
1.416238606228517016e-08
1.413599398869671563e-08
1.410965174537915001e-08
1.408335922061800927e-08
1.405711630269882772e-08
1.403092287990712807e-08
1.400477884052844796e-08
1.397868407284831506e-08
1.395263846515226203e-08
1.392664190572581987e-08
1.390069428285451793e-08
1.387479548482388885e-08
1.384894539991946199e-08
1.382314391642676999e-08
1.379739092263134220e-08
1.377168630681871127e-08
1.374602995727440655e-08
1.372042176228395739e-08
1.369486161013290139e-08
1.366934938910676625e-08
1.364388498749107635e-08
1.361846829357137427e-08
1.359309919563317942e-08
1.356777758196202944e-08
1.354250334084345695e-08
1.351727636056298801e-08
1.349209652940615693e-08
1.346696373565849303e-08
1.344187786760552733e-08
1.341683881353279083e-08
1.339184646172581451e-08
1.336690070047013104e-08
1.334200141805126976e-08
1.331714850275476167e-08
1.329234184286613776e-08
1.326758132667092904e-08
1.324286684245466486e-08
1.321819827850288116e-08
1.319357552310110399e-08
1.316899846787120636e-08
1.314446701778040782e-08
1.311998108113228150e-08
1.309554056623039061e-08
1.307114538137829175e-08
1.304679543487955640e-08
1.302249063503774778e-08
1.299823089015642909e-08
1.297401610853916851e-08
1.294984619848952595e-08
1.292572106831106626e-08
1.290164062630735763e-08
1.287760478078196161e-08
1.285361344003844472e-08
1.282966651238036853e-08
1.280576390611129954e-08
1.278190552953480428e-08
1.275809129095444266e-08
1.273432109867378118e-08
1.271059486099638639e-08
1.268691248622581982e-08
1.266327388266565132e-08
1.263967895861943912e-08
1.261612762239074976e-08
1.259261978228314809e-08
1.256915534660019898e-08
1.254573422364546731e-08
1.252235632172251627e-08
1.249902154913491073e-08
1.247572981418621557e-08
1.245248102517999400e-08
1.242927509041981418e-08
1.240611191820923933e-08
1.238299141685183101e-08
1.235991349465115408e-08
1.233687805991077838e-08
1.231388502093426215e-08
1.229093428602517191e-08
1.226802576348707418e-08
1.224515936162353383e-08
1.222233498873811076e-08
1.219955255313437150e-08
1.217681196311588421e-08
1.215411312698621046e-08
1.213145595304891510e-08
1.210884034960756136e-08
1.208626622496571245e-08
1.206373348742693818e-08
1.204124204529480013e-08
1.201879180687286315e-08
1.199638268331637742e-08
1.197401459718733271e-08
1.195168747389941400e-08
1.192940123886629471e-08
1.190715581750165487e-08
1.188495113521916955e-08
1.186278711743252209e-08
1.184066368955539087e-08
1.181858077700145095e-08
1.179653830518438402e-08
1.177453619951786515e-08
1.175257438541557437e-08
1.173065278829119006e-08
1.170877133355839225e-08
1.168692994663085766e-08
1.166512855292226467e-08
1.164336707784629166e-08
1.162164544681661865e-08
1.159996358524692073e-08
1.157832141855087956e-08
1.155671887214217353e-08
1.153515587143448102e-08
1.151363234184147709e-08
1.149214820877684508e-08
1.147070339765425676e-08
1.144929783388739712e-08
1.142793144288994619e-08
1.140660415007557242e-08
1.138531588085796247e-08
1.136406656065079469e-08
1.134285611486774252e-08
1.132168446892248930e-08
1.130055154822871173e-08
1.127945727820008655e-08
1.125840158425029379e-08
1.123738439179301348e-08
1.121640562624192069e-08
1.119546521301069711e-08
1.117456307751301779e-08
1.115369914516256444e-08
1.113287334137301211e-08
1.111208559155804249e-08
1.109133582113133562e-08
1.107062395550656490e-08
1.104994992009740872e-08
1.102931364031755042e-08
1.100871504158066340e-08
1.098815404930042936e-08
1.096763058889052668e-08
1.094714458576463206e-08
1.092669596602485986e-08
1.090628465852706324e-08
1.088591059281552970e-08
1.086557369843454671e-08
1.084527390492840343e-08
1.082501114184138567e-08
1.080478533871778257e-08
1.078459642510188162e-08
1.076444433053797196e-08
1.074432898457034107e-08
1.072425031674327644e-08
1.070420825660106388e-08
1.068420273368799256e-08
1.066423367754835490e-08
1.064430101772643012e-08
1.062440468376651398e-08
1.060454460521289065e-08
1.058472071160984597e-08
1.056493293250167237e-08
1.054518119743265570e-08
1.052546543594708177e-08
1.050578557758924469e-08
1.048614155190342533e-08
1.046653328843391282e-08
1.044696071672499796e-08
1.042742376632096823e-08
1.040792236676611112e-08
1.038845644760471245e-08
1.036902593838105971e-08
1.034963076863944369e-08
1.033027086792415188e-08
1.031094616577947010e-08
1.029165659174968915e-08
1.027240207537909652e-08
1.025318254621197471e-08
1.023399793379261784e-08
1.021484816766531173e-08
1.019573317737434387e-08
1.017665289246400174e-08
1.015760724247857613e-08
1.013859615696234957e-08
1.011961956545961451e-08
1.010067739751465676e-08
1.008176958267176547e-08
1.006289605047522813e-08
1.004405673046933221e-08
1.002525155219836356e-08
1.000648044520661460e-08
9.987743339038369528e-09
9.969040163237917472e-09
9.950370849502323167e-09
9.931735338139761995e-09
9.913133571611186587e-09
9.894565492377547921e-09
9.876031042899796973e-09
9.857530165638891339e-09
9.839062803055775376e-09
9.820628897611406681e-09
9.802228391766736230e-09
9.783861227982716653e-09
9.765527348720295621e-09
9.747226696440429071e-09
9.728959213604069637e-09
9.710724842672169949e-09
9.692523526105679330e-09
9.674355206365552065e-09
9.656219825912740786e-09
9.638117327208193162e-09
9.620047652712866786e-09
9.602010744887709326e-09
9.584006546193675070e-09
9.566034999091719955e-09
9.548096046042789998e-09
9.530189629507837828e-09
9.512315691947819386e-09
9.494474175823682340e-09
9.476665023596384285e-09
9.458888177726871235e-09
9.441143580676099129e-09
9.423431174905020598e-09
9.405750902874584967e-09
9.388102707045748173e-09
9.370486529879457887e-09
9.352902313836670048e-09
9.335350001378332324e-09
9.317829534965400654e-09
9.300340857058826018e-09
9.282883910119561044e-09
9.265458636608558366e-09
9.248064978986767305e-09
9.230702879715142147e-09
9.213372281254633870e-09
9.196073126066198412e-09
9.178805356610781789e-09
9.161568915349341595e-09
9.144363744742825497e-09
9.127189787252187782e-09
9.110046985338381080e-09
9.092935281462356370e-09
9.075854618085066282e-09
9.058804937107609410e-09
9.041786178191666550e-09
9.024798280439067768e-09
9.007841182951638167e-09
8.990914824831209467e-09
8.974019145179605118e-09
8.957154083098656840e-09
8.940319577690191392e-09
8.923515568056037184e-09
8.906741993298022630e-09
8.889998792517974487e-09
8.873285904817719513e-09
8.856603269299089427e-09
8.839950825063909335e-09
8.823328511214009301e-09
8.806736266851217739e-09
8.790174031077359751e-09
8.773641742994263750e-09
8.757139341703761456e-09
8.740666766307676318e-09
8.724223955907838403e-09
8.707810849606077777e-09
8.691427386504219543e-09
8.675073505704092114e-09
8.658749146307525556e-09
8.642454247416344971e-09
8.626188748132378773e-09
8.609952587557458682e-09
8.593745704793409801e-09
8.577568038942058888e-09
8.561419529105236010e-09
8.545300114384767924e-09
8.529209733882486350e-09
8.513148326700213084e-09
8.497115831939779846e-09
8.481112188703018357e-09
8.465137336091748757e-09
8.449191213207804422e-09
8.433273759153010454e-09
8.417384913029198575e-09
8.401524613938192233e-09
8.385692800981823149e-09
8.369889413261916427e-09
8.354114389880302132e-09
8.338367669938808678e-09
8.322649192539261167e-09
8.306958896783492974e-09
8.291296721773325894e-09
8.275662606610591648e-09
8.260056490397118648e-09
8.244478314022979021e-09
8.228928025531236304e-09
8.213405574753204365e-09
8.197910911520183839e-09
8.182443985663488593e-09
8.167004747014429189e-09
8.151593145404311224e-09
8.136209130664443603e-09
8.120852652626141849e-09
8.105523661120708252e-09
8.090222105979455025e-09
8.074947937033689421e-09
8.059701104114723653e-09
8.044481557053863319e-09
8.029289245682418978e-09
8.014124119831701192e-09
7.998986129333020521e-09
7.983875224017679252e-09
7.968791353716992909e-09
7.953734468262270398e-09
7.938704517484817316e-09
7.923701451215945878e-09
7.908725219286961680e-09
7.893775771529180247e-09
7.878853057773903866e-09
7.863957027852444751e-09
7.849087631596113464e-09
7.834244818836217256e-09
7.819428539404061723e-09
7.804638743130965698e-09
7.789875379848229815e-09
7.775138399387166288e-09
7.760427751579085677e-09
7.745743386255293581e-09
7.731085253247100558e-09
7.716453302385818823e-09
7.701847483502752320e-09
7.687267746429214917e-09
7.672714040996512211e-09
7.658186317035956417e-09
7.643684524378853132e-09
7.629208612856514570e-09
7.614758532300249638e-09
7.600334232541365587e-09
7.585935663411174630e-09
7.571562774740982367e-09
7.557215516362099356e-09
7.542893838105836158e-09
7.528597689803500024e-09
7.514327021286401514e-09
7.500081783275866096e-09
7.485861930053290441e-09
7.471667416790084472e-09
7.457498198657666386e-09
7.443354230827444452e-09
7.429235468470833557e-09
7.415141866759245278e-09
7.401073380864094504e-09
7.387029965956792812e-09
7.373011577208754261e-09
7.359018169791389604e-09
7.345049698876113726e-09
7.331106119634338206e-09
7.317187387237477931e-09
7.303293456856942825e-09
7.289424283664149428e-09
7.275579822830506011e-09
7.261760029527429942e-09
7.247964858926331972e-09
7.234194266198625334e-09
7.220448206515721605e-09
7.206726635049037327e-09
7.193029506969980770e-09
7.179356777449968474e-09
7.165708401660412018e-09
7.152084334772722980e-09
7.138484531958317075e-09
7.124908948388605052e-09
7.111357539234999319e-09
7.097830259668915587e-09
7.084327064861764610e-09
7.070847909984960446e-09
7.057392750209914673e-09
7.043961540708039698e-09
7.030554236650749579e-09
7.017170793209458377e-09
7.003811165555578496e-09
6.990475308860519861e-09
6.977163178295699841e-09
6.963874729032528358e-09
6.950609916242417818e-09
6.937368695096784763e-09
6.924151020767038290e-09
6.910956848424592457e-09
6.897786133240861325e-09
6.884638830387256472e-09
6.871514895035191130e-09
6.858414282356079360e-09
6.845336947521331912e-09
6.832282845702363673e-09
6.819251927710605720e-09
6.806244126917568785e-09
6.793259372334782270e-09
6.780297592973777232e-09
6.767358717846083074e-09
6.754442675963228371e-09
6.741549396336744181e-09
6.728678807978159905e-09
6.715830839899004120e-09
6.703005421110810365e-09
6.690202480625103905e-09
6.677421947453417453e-09
6.664663750607280412e-09
6.651927819098220529e-09
6.639214081937770516e-09
6.626522468137458949e-09
6.613852906708816057e-09
6.601205326663370416e-09
6.588579657012652257e-09
6.575975826768191808e-09
6.563393764941519300e-09
6.550833400544164963e-09
6.538294662587657372e-09
6.525777480083525103e-09
6.513281782043300867e-09
6.500807497478513239e-09
6.488354555400691624e-09
6.475922884821366249e-09
6.463512414752066519e-09
6.451123074204322663e-09
6.438754792189664911e-09
6.426407497719621838e-09
6.414081119805723675e-09
6.401775587459502306e-09
6.389490829692483824e-09
6.377226775516202595e-09
6.364983353942182233e-09
6.352760493981958756e-09
6.340558124647059087e-09
6.328376174949012628e-09
6.316214573899348781e-09
6.304073250509600259e-09
6.291952133791295637e-09
6.279851152755963490e-09
6.267770236415133220e-09
6.255709313780336713e-09
6.243668313863101717e-09
6.231647165674960116e-09
6.219645798227440485e-09
6.207664140532073054e-09
6.195702145935197123e-09
6.183759865122393236e-09
6.171837373114051830e-09
6.159934744930564173e-09
6.148052055592317397e-09
6.136189380119704421e-09
6.124346793533114032e-09
6.112524370852937496e-09
6.100722187099565252e-09
6.088940317293387741e-09
6.077178836454792920e-09
6.065437819604172056e-09
6.053717341761916416e-09
6.042017477948417267e-09
6.030338303184060912e-09
6.018679892489241099e-09
6.007042320884347442e-09
5.995425663389769553e-09
5.983829995025896216e-09
5.972255390813120352e-09
5.960701925771830748e-09
5.949169674922418670e-09
5.937658713285273731e-09
5.926169115880783887e-09
5.914700957729344543e-09
5.903254313851341174e-09
5.891829259267166702e-09
5.880425868997209912e-09
5.869044218061861243e-09
5.857684381481511963e-09
5.846346434276551683e-09
5.835030451467370017e-09
5.823736508074358230e-09
5.812464679117906763e-09
5.801215039618402747e-09
5.789987664596241583e-09
5.778782629071809576e-09
5.767600008065497993e-09
5.756439876597698100e-09
5.745302309688799510e-09
5.734187382359190181e-09
5.723095169629265515e-09
5.712025746519410162e-09
5.700979188050017043e-09
5.689955569241477425e-09
5.678954965114180092e-09
5.667977450688514658e-09
5.657023100984872390e-09
5.646091991023644553e-09
5.635184195825219106e-09
5.624299699940645669e-09
5.613438126043600660e-09
5.602599006338422156e-09
5.591781873029447411e-09
5.580986258321009539e-09
5.570211694417446620e-09
5.559457713523093425e-09
5.548723847842286377e-09
5.538009629579362728e-09
5.527314590938658904e-09
5.516638264124508848e-09
5.505980181341250637e-09
5.495339874793219044e-09
5.484716876684750491e-09
5.474110719220181405e-09
5.463520934603849036e-09
5.452947055040087329e-09
5.442388612733233534e-09
5.431845139887624076e-09
5.421316168707593727e-09
5.410801231397481391e-09
5.400299860161621012e-09
5.389811587204348187e-09
5.379335944730000996e-09
5.368872464942913381e-09
5.358420680047422595e-09
5.347980122247866716e-09
5.337550323748578034e-09
5.327130816753895453e-09
5.316721133468154573e-09
5.306320806095690163e-09
5.295929366840838647e-09
5.285546347907938932e-09
5.275171281501324134e-09
5.264803699825330678e-09
5.254443135084296642e-09
5.244089119482555970e-09
5.233741185224445086e-09
5.223398864514302070e-09
5.213061689556461691e-09
5.202729192555257892e-09
5.192400905715030408e-09
5.182076361240114835e-09
5.171755091334845944e-09
5.161436628203560160e-09
5.151120504050593906e-09
5.140806251080281127e-09
5.130493401496961556e-09
5.120181487504970789e-09
5.109870041308642771e-09
