# pt
4.079195086389204407e-09
4.881746178336983946e-09
5.258594359532928040e-09
5.408148412689838668e-09
5.434422029582991868e-09
5.393448565749831305e-09
5.305592851503883585e-09
5.184417636128900203e-09
5.047861895881776026e-09
4.914751645993803737e-09
4.788342453718570990e-09
4.665436104264596617e-09
4.542921041094519952e-09
4.420477151369235317e-09
4.298590662624120669e-09
4.178181720194226919e-09
4.060069335039083929e-09
3.944234062816473500e-09
3.830925230303412510e-09
3.722305704055583842e-09
3.620174685585858118e-09
3.522963176457178511e-09
3.428796882870946775e-09
3.337948529532327285e-09
3.251046932468489787e-09
3.167998254490865372e-09
3.088380554413237086e-09
3.011182128274530311e-09
2.935456945998321854e-09
2.861111435821656432e-09
2.788449931273654782e-09
2.718515928738280010e-09
2.652281642874382868e-09
2.589694998585532236e-09
2.530303998607138559e-09
2.473081246757276936e-09
2.417093756795301068e-09
2.362361581163027631e-09
2.309143031972888011e-09
2.257615303987507333e-09
2.207631122570286924e-09
2.158962095734824329e-09
2.111379831494714612e-09
2.064655937863554906e-09
2.018656249590588796e-09
1.973623508367650234e-09
1.929894682622221690e-09
1.887806740781784396e-09
1.847696651273820410e-09
1.809779986000599406e-09
1.773786730763542966e-09
1.739325474838859669e-09
1.706004807502759128e-09
1.673433318031450126e-09
1.641281589942342195e-09
1.609468183717645374e-09
1.577973654080770654e-09
1.546778555755128407e-09
1.515863443464129004e-09
1.485254250112450784e-09
1.455158421329841894e-09
1.425828780927317000e-09
1.397518152715892009e-09
1.370479360506582209e-09
1.344883925067837726e-09
1.320578154997847629e-09
1.297327055852236036e-09
1.274895633186627474e-09
1.253048892556645234e-09
1.231585104866990696e-09
1.210435602418671823e-09
1.189564982861773429e-09
1.168937843846380121e-09
1.148518783022576920e-09
1.128284628134029537e-09
1.108261127298726241e-09
1.088486258728237228e-09
1.068998000634131457e-09
1.049834331227978506e-09
1.031033292794247418e-09
1.012633183909005298e-09
9.946723672212193392e-10
9.771892053798554907e-10
9.602220610338811509e-10
9.437935571995581599e-10
9.278633583623303646e-10
9.123753893749368814e-10
8.972735750901172399e-10
8.825018403606101428e-10
8.680130207001527556e-10
8.537955942664729940e-10
8.398469498782964096e-10
8.261644763543487607e-10
8.127455625133554954e-10
7.995875971740420618e-10
7.866879691551345284e-10
7.740440672753582399e-10
7.616532803534388514e-10
7.495129972081019142e-10
7.376206066580732902e-10
7.259734975220783239e-10
7.145690586188426705e-10
7.034046787670920881e-10
6.924777467855521282e-10
6.817856514929484459e-10
6.713257817080065926e-10
6.610955262494523267e-10
6.510922739360108894e-10
6.413134135864083492e-10
6.317555816024556989e-10
6.224124047183066262e-10
6.132767572512000530e-10
6.043415135183752117e-10
5.955995478370712310e-10
5.870437345245274466e-10
5.786669478979829873e-10
5.704620622746767752e-10
5.624219519718482494e-10
5.545394913067361250e-10
5.468075545965801513e-10
5.392190161586188367e-10
5.317667503100918272e-10
5.244436313682380446e-10
5.172425336502966179e-10
5.101563314735069861e-10
5.031778991551077611e-10
4.963001110123386920e-10
4.895158413624383908e-10
4.828179645226463998e-10
4.762006492744551417e-10
4.696632422563707311e-10
4.632063845711529899e-10
4.568307173215614818e-10
4.505368816103557701e-10
4.443255185402955735e-10
4.381972692141405589e-10
4.321527747346501347e-10
4.261926762045842779e-10
4.203176147267023452e-10
4.145282314037641587e-10
4.088251673385291267e-10
4.032090636337570713e-10
3.976805613922076076e-10
3.922403017166403508e-10
3.868889257098149162e-10
3.816270744744909188e-10
3.764553891134280774e-10
3.713745107293859037e-10
3.663850804251241162e-10
3.614873934357580208e-10
3.566803615258259438e-10
3.519625505922215919e-10
3.473325265318390854e-10
3.427888552415722861e-10
3.383301026183151075e-10
3.339548345589615149e-10
3.296616169604053699e-10
3.254490157195405346e-10
3.213155967332611807e-10
3.172599258984610151e-10
3.132805691120340030e-10
3.093760922708741612e-10
3.055450612718752999e-10
3.017860420119313843e-10
2.980976003879363796e-10
2.944783022967842509e-10
2.909267136353687050e-10
2.874414003005839140e-10
2.840209281893237395e-10
2.806638631984819917e-10
2.773687712249527393e-10
2.741342181656297922e-10
2.709587699174072192e-10
2.678409923771787787e-10
2.647794522067625403e-10
2.617727191276727333e-10
2.588193636263475366e-10
2.559179561892252322e-10
2.530670673027440506e-10
2.502652674533422739e-10
2.475111271274581842e-10
2.448032168115299086e-10
2.421401069919958326e-10
2.395203681552941350e-10
2.369425707878630978e-10
2.344052853761409515e-10
2.319070824065659783e-10
2.294465323655764344e-10
2.270222057396104986e-10
2.246326730151064272e-10
2.222765046785025797e-10
2.199522712162371092e-10
2.176585431147482977e-10
2.153938908604743757e-10
2.131568849398536253e-10
2.109460958393242770e-10
2.087600940453245870e-10
2.065974500442928116e-10
2.044567343226672071e-10
2.023367569014525498e-10
2.002372859399197995e-10
1.981583291319064619e-10
1.960998941712500167e-10
1.940619887517879437e-10
1.920446205673577744e-10
1.900477973117969629e-10
1.880715266789430405e-10
1.861158163626334613e-10
1.841806740567057567e-10
1.822661074549973807e-10
1.803721242513458647e-10
1.784987321395886887e-10
1.766459388135633582e-10
1.748137519671073272e-10
1.730021792940581272e-10
1.712112284882532639e-10
1.694409072435301653e-10
1.676912232537263888e-10
1.659621842126794141e-10
1.642537978142267212e-10
1.625660717522058415e-10
1.608990137204541772e-10
1.592526314128093116e-10
1.576269325231087244e-10
1.560219247451898696e-10
1.544376157728903045e-10
1.528740133000474574e-10
1.513311250204988078e-10
1.498089586280819391e-10
1.483075218166343052e-10
1.468268222799933859e-10
1.453668677119966869e-10
1.439276658064816879e-10
1.425092242572858429e-10
1.411115507582467610e-10
1.397346530032018185e-10
1.383785386859885987e-10
1.370432155004445554e-10
1.357286911404071686e-10
1.344349732997138922e-10
1.331620696722023351e-10
1.319099879517099256e-10
1.306787358320741692e-10
1.294683210071325457e-10
1.282787511707225351e-10
1.271100340166816170e-10
1.259621772388473746e-10
1.248351885310572620e-10
1.237290755871487330e-10
1.226437815929659028e-10
1.215789917023792474e-10
1.205343265612658262e-10
1.195094068155027762e-10
1.185038531109670537e-10
1.175172860935358474e-10
1.165493264090861651e-10
1.155995947034951051e-10
1.146677116226397399e-10
1.137532978123971420e-10
1.128559739186443707e-10
1.119753605872585246e-10
1.111110784641166371e-10
1.102627481950958455e-10
1.094299904260731575e-10
1.086124258029256973e-10
1.078096749715305115e-10
1.070213585777646725e-10
1.062470972675052529e-10
1.054865116866293508e-10
1.047392224810140129e-10
1.040048502965363504e-10
1.032830157790733842e-10
1.025733395745022123e-10
1.018754423286999075e-10
1.011889446875435420e-10
1.005134672969102141e-10
9.984863080267695768e-11
9.919405585072087088e-11
9.854936308691902619e-11
9.791417315714849607e-11
9.728810670728634003e-11
9.667078438320964347e-11
9.606182683079547882e-11
9.546085469592093147e-11
9.486748862446304802e-11
9.428134926229891384e-11
9.370205725530561431e-11
9.312923324936023482e-11
9.256249789033980902e-11
9.200147182412140939e-11
9.144577569658216006e-11
9.089503015359912057e-11
9.034885584104932459e-11
8.980687340480987042e-11
8.926870349075783052e-11
8.873396674477029027e-11
8.820228381272430918e-11
8.767327534049694678e-11
8.714656197396532724e-11
8.662181025471410573e-11
8.609887030715852686e-11
8.557763815142144385e-11
8.505800980762572280e-11
8.453988129589419107e-11
8.402314863634974064e-11
8.350770784911521177e-11
8.299345495431344475e-11
8.248028597206731861e-11
8.196809692249969949e-11
8.145678382573341473e-11
8.094624270189134339e-11
8.043636957109631280e-11
7.992706045347121495e-11
7.941821136913889010e-11
7.890971833822217854e-11
7.840147738084397223e-11
7.789338451712708560e-11
7.738533576719441062e-11
7.687722715116878757e-11
7.636895468917308257e-11
7.586041440133013590e-11
7.535150230776282659e-11
7.484211442859396909e-11
7.433214678394645536e-11
7.382149539394313859e-11
7.331005627870688492e-11
7.279772545836052169e-11
7.228439895302691503e-11
7.176997278282893105e-11
7.125434296788943589e-11
7.073740552833125689e-11
7.021905648427727311e-11
6.969919185585031188e-11
6.917770766317326519e-11
6.865449992636897330e-11
6.812946466556028942e-11
6.760249790087007967e-11
6.707349565242119725e-11
6.654235394033648244e-11
6.600896878473880135e-11
6.547323620575102010e-11
6.493505222349600484e-11
6.439431285809656997e-11
6.385091412967562040e-11
6.330475205835597055e-11
6.275572266426049947e-11
6.220372196751207328e-11
6.164864598823351933e-11
6.109039074654771667e-11
6.052893328424737733e-11
5.996457472980475202e-11
5.939769723336187274e-11
5.882868294506087487e-11
5.825791401504381626e-11
5.768577259345281291e-11
5.711264083042993560e-11
5.653890087611726801e-11
5.596493488065690676e-11
5.539112499419094201e-11
5.481785336686144452e-11
5.424550214881052384e-11
5.367445349018026366e-11
5.310508954111274120e-11
5.253779245175004017e-11
5.197294437223428303e-11
5.141092745270752761e-11
5.085212384331185116e-11
5.029691569418936968e-11
4.974568515548216039e-11
4.919881437733230053e-11
4.865668550988189963e-11
4.811968070327303493e-11
4.758818210764778366e-11
4.706257187314824890e-11
4.654323214991652081e-11
4.603054508809467014e-11
4.552489283782479352e-11
4.502665754924898111e-11
4.453622137250932951e-11
4.405396645774790950e-11
4.358027495510681770e-11
4.311552901472814426e-11
4.266011078675397287e-11
4.221440242132638076e-11
4.177878606858747748e-11
4.135364387867934672e-11
4.093935800174406570e-11
4.053631058792373105e-11
4.014488378736041999e-11
3.976545975019622268e-11
3.939842062657324220e-11
3.904414856663355579e-11
3.870302572051925358e-11
3.837543423837241929e-11
3.806175627033513659e-11
3.776237396654950857e-11
3.747766947715761246e-11
3.720802495230153842e-11
3.695382254212337659e-11
3.671532322803567626e-11
3.649230331653284255e-11
3.628441794537973970e-11
3.609132225234125135e-11
3.591267137518224174e-11
3.574812045166756866e-11
3.559732461956210927e-11
3.545993901663072783e-11
3.533561878063830150e-11
3.522401904934970745e-11
3.512479496052979054e-11
3.503760165194344086e-11
3.496209426135550975e-11
3.489792792653088082e-11
3.484475778523441832e-11
3.480223897523099943e-11
3.477002663428548193e-11
3.474777590016273653e-11
3.473514191062763392e-11
3.473177980344504483e-11
3.473734471637983349e-11
3.475149178719688355e-11
3.477387615366104631e-11
3.480415295353719896e-11
3.484197732459021219e-11
3.488700440458495671e-11
3.493888933128629032e-11
3.499728724245909664e-11
3.506185327586823345e-11
3.513224256927858439e-11
3.520811026045500077e-11
3.528911148716235978e-11
3.537490138716553857e-11
3.546513509822938847e-11
3.555946775811878665e-11
3.565755450459861675e-11
3.575905047543373007e-11
3.586361080838900380e-11
3.597089064122930217e-11
3.608054511171950237e-11
3.619222935762446216e-11
3.630559851670905227e-11
3.642030772673815631e-11
3.653601212547662562e-11
3.665236685068934383e-11
3.676902704014117517e-11
3.688564783159697098e-11
3.700188436282163426e-11
3.711739177158000989e-11
3.723182519563697502e-11
3.734492097827026353e-11
3.745674028480903602e-11
3.756742548609533566e-11
3.767711895297121207e-11
3.778596305627866963e-11
3.789410016685977089e-11
3.800167265555653961e-11
3.810882289321100604e-11
3.821569325066521978e-11
3.832242609876121109e-11
3.842916380834100372e-11
3.853604875024664083e-11
3.864322329532016559e-11
3.875082981440360177e-11
3.885901067833898605e-11
3.896790825796836807e-11
3.907766492413375866e-11
3.918842304767720746e-11
3.930032499944075114e-11
3.941351315026641996e-11
3.952812987099625060e-11
3.964431753247227975e-11
3.976221850553654413e-11
3.988197516103106749e-11
4.000372986979789945e-11
4.012762500267907673e-11
4.025380293051662307e-11
4.038240602415258165e-11
4.051357665442896977e-11
4.064745719218784351e-11
4.078419000827123958e-11
4.092391747352117527e-11
4.106678195877970668e-11
4.121292583488885757e-11
4.136249147269065171e-11
4.151562124302714519e-11
4.167245751674035532e-11
4.183314266467233818e-11
4.199781905766511754e-11
4.216662906656072363e-11
4.233971506220119315e-11
4.251721941542857573e-11
4.269928449708488220e-11
4.288605267801217511e-11
4.307766632905247177e-11
4.327426782104780889e-11
4.347599952484021668e-11
4.368300381127173831e-11
4.389542305118441694e-11
4.411339961542028280e-11
4.433698500287366102e-11
4.456586722464809506e-11
4.479964341989942975e-11
4.503791072778349700e-11
4.528026628745611576e-11
4.552630723807314380e-11
4.577563071879041302e-11
4.602783386876376176e-11
4.628251382714902194e-11
4.653926773310203838e-11
4.679769272577863651e-11
4.705738594433466116e-11
4.731794452792595069e-11
4.757896561570834346e-11
4.784004634683765845e-11
4.810078386046975340e-11
4.836077529576045375e-11
4.861961779186560433e-11
4.887690848794103704e-11
4.913224452314259023e-11
4.938522303662609581e-11
4.963544116754740506e-11
4.988249605506233050e-11
5.012598483832673633e-11
5.036550465649644153e-11
5.060065264872728447e-11
5.083102595417510996e-11
5.105622171199575637e-11
5.127583706134504268e-11
5.148946914137882662e-11
5.169671509125292718e-11
5.189717205012319565e-11
5.209043715714546391e-11
5.227610755147557680e-11
5.245378037226934683e-11
5.262305275868263821e-11
5.278352184987126992e-11
5.293478478499108677e-11
5.307643870319792713e-11
5.320808074364762936e-11
5.332930804549601244e-11
5.343971774789893411e-11
5.353890699001222628e-11
5.362647291099172730e-11
5.370201264999326261e-11
5.376512334617268351e-11
5.381540213868581542e-11
5.385244616668849024e-11
5.387585256933657219e-11
5.388521848578587378e-11
5.388024157020863419e-11
5.386102153684266356e-11
5.382775861494218578e-11
5.378065303376140535e-11
5.371990502255451384e-11
5.364571481057574806e-11
5.355828262707929958e-11
5.345780870131938584e-11
5.334449326255023071e-11
5.321853654002603224e-11
5.308013876300098846e-11
5.292950016072932325e-11
5.276682096246524758e-11
5.259230139746297241e-11
5.240614169497669578e-11
5.220854208426064803e-11
5.199970279456902720e-11
5.177982405515603133e-11
5.154910609527589077e-11
5.130774914418282293e-11
5.105595343113100648e-11
5.079391918537468468e-11
5.052184663616804264e-11
5.023993601276530426e-11
4.994838754442068048e-11
4.964740146038836936e-11
4.933717798992259477e-11
4.901791736227756122e-11
4.868981980670747320e-11
4.835308555246656107e-11
4.800791482880900992e-11
4.765450786498905012e-11
4.729306489026087970e-11
4.692378613387870962e-11
4.654687182509675731e-11
4.616252219316922726e-11
4.577093746735033043e-11
4.537231787689427779e-11
4.496686365105528677e-11
4.455477501908755538e-11
4.413625221024530107e-11
4.371149545378272833e-11
4.328070497895406105e-11
4.284408101501349080e-11
4.240182379121524792e-11
4.195413353681353046e-11
4.150121048106253646e-11
4.104325485321649625e-11
4.058046688252962727e-11
4.011304679825611463e-11
3.964118594030183029e-11
3.916504009117918682e-11
3.868475614405229013e-11
3.820048099208519439e-11
3.771236152844196027e-11
3.722054464628669365e-11
3.672517723878344872e-11
3.622640619909630554e-11
3.572437842038933767e-11
3.521924079582662515e-11
3.471114021857224158e-11
3.420022358179024759e-11
3.368663777864473616e-11
3.317052970229977440e-11
3.265204624591944236e-11
3.213133430266780715e-11
3.160854076570894881e-11
3.108381252820693445e-11
3.055729648332585059e-11
3.002913952422976434e-11
2.949948854408274927e-11
2.896849043604889189e-11
2.843629209329224640e-11
2.790304040897690575e-11
2.736888227626693384e-11
2.683396458832641070e-11
2.629843423831941638e-11
2.576243811941001153e-11
2.522612312476227942e-11
2.468963614754029686e-11
2.415312408090813420e-11
2.361673381802986826e-11
2.308061225206957583e-11
2.254490627619132727e-11
2.200976278355919615e-11
2.147532866733726253e-11
2.094175082068959997e-11
2.040917613678028206e-11
1.987775150877338237e-11
1.934762382983297771e-11
1.881893999312314167e-11
1.829184689180795105e-11
1.776649141905148267e-11
1.724302046801779717e-11
1.672158093187098752e-11
1.620231970377511762e-11
1.568538367689426749e-11
1.517091974439251072e-11
1.465907479943391766e-11
1.414999573518256996e-11
1.364381484779803811e-11
1.314060604542191258e-11
1.264042863919128235e-11
1.214334194024323478e-11
1.164940525971485726e-11
1.115867790874324361e-11
1.067121919846547635e-11
1.018708844001864609e-11
9.706344944539843429e-12
9.229048023166157354e-12
8.755256987034673619e-12
8.285031147282482826e-12
7.818429815046672345e-12
7.355512301464332779e-12
6.896337917672553920e-12
6.440965974808424756e-12
5.989455784009027001e-12
5.541866656411456105e-12
5.098257903152799437e-12
4.658688835370144369e-12
4.223218764200580694e-12
3.791907000781199014e-12
3.364812856249084276e-12
2.941995641741327081e-12
2.523514668395018032e-12
2.109429247347241672e-12
1.699798689735090419e-12
1.294682306695651644e-12
8.941394093660147376e-13
4.982293088832668679e-13
1.070113163844974248e-13
-2.794552569932050093e-13
-6.611111001127494290e-13
-1.037896901837050685e-12
-1.409753351029017772e-12
-1.776621136551562310e-12
-2.138440947267596322e-12
-2.495153472040030217e-12
-2.846699399731775816e-12
-3.193019419205743729e-12
-3.534054219324845777e-12
-3.869744488951992976e-12
-4.200030916950096338e-12
-4.524854192182068090e-12
-4.844155003510818438e-12
-5.157874039799260010e-12
-5.465951989910303013e-12
-5.768329542706857654e-12
-6.064947387051838177e-12
-6.355746211808152365e-12
-6.640695906295906935e-12
-6.919883161663975262e-12
-7.193423869518428847e-12
-7.461433921465331922e-12
-7.724029209110757602e-12
-7.981325624060770119e-12
-8.233439057921438551e-12
-8.480485402298831975e-12
-8.722580548799019469e-12
-8.959840389028070112e-12
-9.192380814592048134e-12
-9.420317717097024229e-12
-9.643766988149069089e-12
-9.862844519354246947e-12
-1.007766620231862849e-11
-1.028834792864828281e-11
-1.049500558994927736e-11
-1.069775507782767637e-11
-1.089671228388955538e-11
-1.109199309974098023e-11
-1.128371341698801356e-11
-1.147198912723673411e-11
-1.165693612209319967e-11
-1.183867029316348739e-11
-1.201730753205365827e-11
-1.219296373036978462e-11
-1.236575477971793713e-11
-1.253579657170417842e-11
-1.270320499793457918e-11
-1.286809595001520848e-11
-1.303058531955213542e-11
-1.319078899815142582e-11
-1.334882287741915039e-11
-1.350480284896137821e-11
-1.365884480438417027e-11
-1.381106463529360535e-11
-1.396157823329574605e-11
-1.411050148999665985e-11
-1.425795029700241905e-11
-1.440404054591908789e-11
-1.454888812835273705e-11
-1.469260893590943238e-11
-1.483531886019524781e-11
-1.497713379281624596e-11
-1.511816962537850074e-11
-1.525854224948806993e-11
-1.539836755675103068e-11
-1.553776143877345692e-11
-1.567683978716139995e-11
-1.581571849352094339e-11
-1.595447199210140451e-11
-1.609300888772513860e-11
-1.623119632785775720e-11
-1.636890145996487185e-11
-1.650599143151208766e-11
-1.664233338996501617e-11
-1.677779448278927215e-11
-1.691224185745046071e-11
-1.704554266141419338e-11
-1.717756404214608495e-11
-1.730817314711174051e-11
-1.743723712377676838e-11
-1.756462311960678657e-11
-1.769019828206739369e-11
-1.781382975862421101e-11
-1.793538469674284684e-11
-1.805473024388890949e-11
-1.817173354752800082e-11
-1.828626175512574854e-11
-1.839818201414774804e-11
-1.850736147205961410e-11
-1.861366727632696475e-11
-1.871696657441539859e-11
-1.881712651379052719e-11
-1.891401424191797178e-11
-1.900749690626333422e-11
-1.909744165429221960e-11
-1.918371563347024917e-11
-1.926618599126302154e-11
-1.934471987513615474e-11
-1.941918443255526030e-11
-1.948944681098594656e-11
-1.955537415789382506e-11
-1.961683362074449765e-11
-1.967369234700358235e-11
-1.972581748413668748e-11
-1.977307617960942459e-11
-1.981533558088740523e-11
-1.985246283543623771e-11
-1.988432509072152713e-11
-1.991078949420888827e-11
-1.993172319336393267e-11
-1.994699333565227512e-11
-1.995646706853951425e-11
-1.996001153949126483e-11
-1.995749389597314164e-11
-1.994878128545074978e-11
-1.993374085538970079e-11
-1.991223975325560945e-11
-1.988414512651407763e-11
-1.984936956102694523e-11
-1.980800739624093005e-11
-1.976019840999899442e-11
-1.970608238014407481e-11
-1.964579908451912384e-11
-1.957948830096709090e-11
-1.950728980733092863e-11
-1.942934338145357349e-11
-1.934578880117798458e-11
-1.925676584434710482e-11
-1.916241428880389007e-11
-1.906287391239128651e-11
-1.895828449295223705e-11
-1.884878580832969433e-11
-1.873451763636661097e-11
-1.861561975490592991e-11
-1.849223194179060377e-11
-1.836449397486357549e-11
-1.823254563196779769e-11
-1.809652669094622299e-11
-1.795657692964179111e-11
-1.781283612589746112e-11
-1.766544405755617273e-11
-1.751454050246088180e-11
-1.736026523845452803e-11
-1.720275804338006405e-11
-1.704215869508044571e-11
-1.687860697139861594e-11
-1.671224265017751768e-11
-1.654320550926010679e-11
-1.637163532648933589e-11
-1.619767187970814146e-11
-1.602145494675948581e-11
-1.584312430548630541e-11
-1.566281973373155612e-11
-1.548068100933818411e-11
-1.529684791014914200e-11
-1.511146021400737272e-11
-1.492465769875582567e-11
-1.473658014223745348e-11
-1.454736732229520231e-11
-1.435715901677201994e-11
-1.416609500351085899e-11
-1.397431506035466240e-11
-1.378195896514638441e-11
-1.358916649572897281e-11
-1.339607742994536890e-11
-1.320283154563853339e-11
-1.300956862065140437e-11
-1.281642843282693770e-11
-1.262352871205494785e-11
-1.243089899641273225e-11
-1.223854677602445506e-11
-1.204647954101428361e-11
-1.185470478150638206e-11
-1.166322998762491454e-11
-1.147206264949405163e-11
-1.128121025723795263e-11
-1.109068030098078975e-11
-1.090048027084672228e-11
-1.071061765695991758e-11
-1.052109994944454301e-11
-1.033193463842476271e-11
-1.014312921402474243e-11
-9.954691166368647923e-12
-9.766627985580644929e-12
-9.578947161784897585e-12
-9.391656185105570025e-12
-9.204762545666834462e-12
-9.018273733592848565e-12
-8.832197239007782932e-12
-8.646540552035801696e-12
-8.461311162801070605e-12
-8.276516561427752179e-12
-8.092164238040015398e-12
-7.908261682762026010e-12
-7.724816385717948150e-12
-7.541835837031947567e-12
-7.359327526828188394e-12
-7.177298945230836381e-12
-6.995757582364061316e-12
-6.814710928352023294e-12
-6.634166473318891294e-12
-6.454131707388829451e-12
-6.274614120686001899e-12
-6.095621203334578425e-12
-5.917160445458719124e-12
-5.739239337182593785e-12
-5.561865368630366541e-12
-5.385046029926202333e-12
-5.208788811194266912e-12
-5.033101202558725217e-12
-4.857990694143744615e-12
-4.683464776073489238e-12
-4.509530938472124837e-12
-4.336196671463817160e-12
-4.163469465172730341e-12
-3.991356809723032552e-12
-3.819866195238887120e-12
-3.649005111844460601e-12
-3.478781520217160432e-12
-3.309205263247367260e-12
-3.140286654378702611e-12
-2.972036007054789628e-12
-2.804463634719249029e-12
-2.637579850815704764e-12
-2.471394968787777955e-12
-2.305919302079092149e-12
-2.141163164133268063e-12
-1.977136868393930053e-12
-1.813850728304698432e-12
-1.651315057309196544e-12
-1.489540168851047128e-12
-1.328536376373871306e-12
-1.168313993321292625e-12
-1.008883333136932812e-12
-8.502547092644135952e-13
-6.924384351473585216e-13
-5.354448242293887134e-13
-3.792841899541274136e-13
-2.239668457651965020e-13
-6.950310510621881765e-14
8.409671857918436535e-14
2.368223118473898040e-13
3.886633612547758710e-13
5.396095533577196765e-13
6.896505747125988865e-13
8.387761118757920250e-13
9.869758514036753441e-13
1.134239479852627519e-12
1.280556683779026216e-12
1.425917149739249101e-12
1.570310564289673637e-12
1.713726613986677490e-12
1.856154985386637923e-12
1.997585365045933408e-12
2.138007439520941409e-12
2.277410895368040400e-12
2.415785419143606028e-12
2.553120697404017573e-12
2.689406416705651894e-12
2.824632263604887464e-12
2.958787924658101949e-12
3.091863086421672207e-12
3.223847435451976307e-12
3.354730658305391916e-12
3.484502441538296699e-12
3.613152471707068725e-12
3.740670435368085257e-12
3.867046019077723961e-12
3.992264568646359487e-12
4.116294066900351599e-12
4.239098155920058260e-12
4.360640477785837430e-12
4.480884674578043840e-12
4.599794388377037067e-12
4.717333261263172648e-12
4.833464935316808545e-12
4.948153052618301912e-12
5.061361255248010710e-12
5.173053185286290478e-12
5.283192484813498367e-12
5.391742795909992341e-12
5.498667760656131167e-12
5.603931021132268770e-12
5.707496219418765532e-12
5.809326997595975377e-12
5.909386997744257074e-12
6.007639861943969392e-12
6.104049232275467061e-12
6.198578750819108043e-12
6.291192059655249490e-12
6.381852800864249366e-12
6.470524616526463206e-12
6.557171148722249782e-12
6.641756039531966245e-12
6.724242931035969751e-12
6.804595465314615836e-12
6.882777284448260847e-12
6.958752030517267592e-12
7.032483345601986761e-12
7.103934871782778740e-12
7.173070251140001491e-12
7.239853125754009742e-12
7.304247137705161456e-12
7.366215929073814595e-12
7.425723141940325503e-12
7.482732418385053757e-12
7.537207400488352473e-12
7.589111730330582843e-12
7.638409049992097982e-12
7.685063001553257466e-12
7.729037227094419257e-12
7.770295368695939700e-12
7.808801068438175142e-12
7.844517968401481928e-12
7.877409710666221251e-12
7.907439937312744609e-12
7.934572290421414812e-12
7.958770412072584973e-12
7.980015374224868268e-12
7.998357968349905196e-12
8.013866415797576929e-12
8.026608937917782409e-12
8.036653756060407657e-12
8.044069091575346770e-12
8.048923165812484149e-12
8.051284200121718740e-12
8.051220415852933330e-12
8.048800034356025247e-12
8.044091276980882125e-12
8.037162365077393215e-12
8.028081519995450999e-12
8.016916963084943109e-12
8.003736915695765261e-12
7.988609599177808318e-12
7.971603234880956684e-12
7.952786044155102841e-12
7.932226248350140885e-12
7.909992068815960067e-12
7.886151726902451252e-12
7.860773443959503691e-12
7.833925441337008249e-12
7.805675940384855792e-12
7.776093162452937186e-12
7.745245328891144912e-12
7.713200661049366604e-12
7.680027380277491513e-12
7.645793707925415352e-12
7.610567865343025754e-12
7.574418073880213586e-12
7.537412554886869713e-12
7.499619529712886617e-12
7.461107219708150316e-12
7.421943846222554908e-12
7.382197630605991257e-12
7.341936794208348616e-12
7.301229558379517848e-12
7.260144144469390628e-12
7.218748773827856206e-12
7.177111667804803831e-12
7.135301047750128409e-12
7.093385135013717575e-12
7.051432150945463001e-12
7.009510316895255554e-12
6.967687854212984483e-12
6.926032984248540654e-12
6.884613928351814934e-12
6.843498907872699802e-12
6.802756144161083703e-12
6.762434789273413670e-12
6.722507718092360610e-12
6.682928736207152405e-12
6.643651649207016129e-12
6.604630262681175627e-12
6.565818382218860396e-12
6.527169813409295896e-12
6.488638361841710009e-12
6.450177833105329003e-12
6.411742032789381567e-12
6.373284766483091546e-12
6.334759839775686822e-12
6.296121058256395277e-12
6.257322227514442372e-12
6.218317153139056795e-12
6.179059640719464815e-12
6.139503495844891082e-12
6.099602524104564288e-12
6.059310531087711507e-12
6.018581322383559005e-12
5.977368703581333050e-12
5.935626480270262333e-12
5.893308458039573120e-12
5.850368442478490063e-12
5.806760239176242660e-12
5.762437653722057178e-12
5.717354491705159884e-12
5.671464558714777045e-12
5.624721660340135736e-12
5.577079602170464647e-12
5.528492189794988430e-12
5.478913228802935775e-12
5.428296524783532141e-12
5.376595883326004604e-12
5.323765110019580237e-12
5.269758010453486116e-12
5.214528390216948508e-12
5.158030054899195295e-12
5.100216810089451937e-12
5.041042461376946316e-12
4.980460814350904700e-12
4.918425674600554162e-12
4.854890847715120971e-12
4.789810139283833008e-12
4.723137354895917348e-12
4.654826300140599452e-12
4.584830780607106393e-12
4.513104601884666054e-12
4.439601569562504702e-12
4.364275489229849412e-12
4.287099388886991479e-12
4.208123186178491193e-12
4.127416021159967410e-12
4.045047033887046257e-12
3.961085364415348206e-12
3.875600152800496150e-12
3.788660539098113793e-12
3.700335663363823222e-12
3.610694665653248948e-12
3.519806686022011039e-12
3.427740864525734004e-12
3.334566341220040336e-12
3.240352256160552524e-12
3.145167749402893465e-12
3.049081961002686457e-12
2.952164031015553991e-12
2.854483099497117750e-12
2.756108306503002246e-12
2.657108792088829161e-12
2.557553696310221793e-12
2.457512159222802636e-12
2.357053320882194986e-12
2.256246321344020528e-12
2.155160300663902560e-12
2.053864398897464381e-12
1.952427756100328079e-12
1.850919512328116952e-12
1.749408807636453694e-12
1.647964782080960795e-12
1.546656575717261554e-12
1.445553328600978059e-12
1.344724180787733204e-12
1.244238272333150491e-12
1.144164743292852006e-12
1.044572733722460645e-12
9.455313836775993024e-13
8.471098332138906713e-13
7.493772223869576467e-13
6.524026912524228208e-13
5.562553798659093914e-13
4.610044282830393448e-13
3.667189765594364342e-13
2.734681647507227973e-13
1.813211329125213291e-13
9.034702110045502558e-14
6.149693701462705171e-16
-8.780588222278187069e-14
-1.748463936227065725e-13
-2.604374247740053374e-13
-3.445098356210550182e-13
-4.270078935221662783e-13
-5.079294954913814416e-13
-5.872859459566767436e-13
-6.650885493460275114e-13
-7.413486100874097787e-13
-8.160774326087993774e-13
-8.892863213381718362e-13
-9.609865807035029872e-13
-1.031189515132768763e-12
-1.099906429053944996e-12
-1.167148626895007113e-12
-1.232927413083931148e-12
-1.297254092048692934e-12
-1.360139968217268302e-12
-1.421596346017632680e-12
-1.481634529877762101e-12
-1.540265824225632196e-12
-1.597501533489218999e-12
-1.653352962096498138e-12
-1.707831414475445245e-12
-1.760948195054036353e-12
-1.812714608260247092e-12
-1.863141958522053293e-12
-1.912241550267430587e-12
-1.960024687924354805e-12
-2.006502675920801779e-12
-2.051686818684747745e-12
-2.095588420644167726e-12
-2.138218786227037556e-12
-2.179589219861333873e-12
-2.219711025975031297e-12
-2.258595508996106873e-12
-2.296253973352535219e-12
-2.332697723472291765e-12
-2.367938063783353956e-12
-2.401986298713696819e-12
-2.434853732691295780e-12
-2.466551670144127075e-12
-2.497091415500166132e-12
-2.526484273187388379e-12
-2.554741547633770455e-12
-2.581874543267287789e-12
-2.607894564515915809e-12
-2.632812915807631153e-12
-2.656640901570408847e-12
-2.679389826232225125e-12
-2.701070994221054205e-12
-2.721695709964874341e-12
-2.741275277891660153e-12
-2.759821002429387070e-12
-2.777342480136711403e-12
-2.793842476095008561e-12
-2.809322047516334030e-12
-2.823782251612744908e-12
-2.837224145596295067e-12
-2.849648786679040798e-12
-2.861057232073038798e-12
-2.871450538990343745e-12
-2.880829764643011930e-12
-2.889195966243098840e-12
-2.896550201002660362e-12
-2.902893526133751982e-12
-2.908226998848429184e-12
-2.912551676358748666e-12
-2.915868615876765105e-12
-2.918178874614534388e-12
-2.919483509784113214e-12
-2.919783578597556258e-12
-2.919080138266919411e-12
-2.917374246004258560e-12
-2.914666959021629594e-12
-2.910959334531088403e-12
-2.906252429744690472e-12
-2.900547301874490880e-12
-2.893845008132546326e-12
-2.886146605730912294e-12
-2.877453151881643864e-12
-2.867765703796797734e-12
-2.857085318688428581e-12
-2.845413053768593505e-12
-2.832749966249347183e-12
-2.819097113342745101e-12
-2.804455552260843955e-12
-2.788826340215698825e-12
-2.772210534419365198e-12
-2.754609192083899769e-12
-2.736023370421357620e-12
-2.716454126643794639e-12
-2.695902517963266312e-12
-2.674369601591828526e-12
-2.651856434741537172e-12
-2.628364074624447734e-12
-2.603893578452616100e-12
-2.578446003438098160e-12
-2.552022406792948591e-12
-2.524623845729224493e-12
-2.496251377458980948e-12
-2.466906059194273440e-12
-2.436588948147158666e-12
-2.405301101529691302e-12
-2.373046012433805751e-12
-2.339836917470947636e-12
-2.305689489132442706e-12
-2.270619399909614695e-12
-2.234642322293787332e-12
-2.197773928776286371e-12
-2.160029891848435137e-12
-2.121425884001558575e-12
-2.081977577726981223e-12
-2.041700645516027621e-12
-2.000610759860021905e-12
-1.958723593250288613e-12
-1.916054818178152689e-12
-1.872620107134937865e-12
-1.828435132611968680e-12
-1.783515567100569672e-12
-1.737877083092065585e-12
-1.691535353077780551e-12
-1.644506049549039315e-12
-1.596804844997165807e-12
-1.548447411913484973e-12
-1.499449422789321149e-12
-1.449826550115998470e-12
-1.399594466384841678e-12
-1.348768844087175515e-12
-1.297365355714323509e-12
-1.245399673757611211e-12
-1.192887470708362148e-12
-1.139844419057901468e-12
-1.086286191297553102e-12
-1.032228459918641793e-12
-9.776868974124918779e-13
-9.226771762704278957e-13
-8.672149689837741840e-13
-8.113159480438551812e-13
-7.549957859419955275e-13
-6.982701551695193584e-13
-6.411547282177514152e-13
-5.836651775780160352e-13
-5.258171757416375559e-13
-4.676263951999406175e-13
-4.091085084442495574e-13
-3.502791879658888645e-13
-2.911541062561828761e-13
-2.317489358064561821e-13
-1.720793491080331703e-13
-1.121610186522383296e-13
-5.200961693039604782e-14
8.359183566169198782e-15
6.892971034613297186e-14
1.296874248227268528e-13
1.906223240274067042e-13
2.517255388961844209e-13
3.129882003650719357e-13
3.744014393700811056e-13
4.359563868472237624e-13
4.976441737325119903e-13
5.594559309619573688e-13
6.213827894715720829e-13
6.834158801973680150e-13
7.455463340753568455e-13
8.077652820415505575e-13
8.700638550319613363e-13
9.324331839826007612e-13
9.948643998294806136e-13
1.057348633508613180e-12
1.119877015956010038e-12
1.182440678107683174e-12
1.245030750899644568e-12
1.307638365267906004e-12
1.370254652148479463e-12
1.432870742477376930e-12
1.495477767190610186e-12
1.558066857224190809e-12
1.620629143514131188e-12
1.683155756996443305e-12
1.745637828607138537e-12
1.808066489282228869e-12
1.870432869957726485e-12
1.932728101569642763e-12
1.994943315053991099e-12
2.057069641346781660e-12
2.119098211384026630e-12
2.181020156101738598e-12
2.242826606435928943e-12
2.304508693322609445e-12
2.366057547697793097e-12
2.427464300497490065e-12
2.488720082657713746e-12
2.549816025114475518e-12
2.610743258803786757e-12
2.671492914661659649e-12
2.732056123624106783e-12
2.792424016627139133e-12
2.852587724606769287e-12
2.912538378499008624e-12
2.972267109239869731e-12
3.031765047765363179e-12
3.091023325011502365e-12
3.150033071914298263e-12
3.208784768252226408e-12
3.267266289173614529e-12
3.325464858669254921e-12
3.383367700729938662e-12
3.440962039346457238e-12
3.498235098509602133e-12
3.555174102210164831e-12
3.611766274438936414e-12
3.667998839186708366e-12
3.723859020444273787e-12
3.779334042202422546e-12
3.834411128451946531e-12
3.889077503183637631e-12
3.943320390388286119e-12
3.997127014056684690e-12
4.050484598179625235e-12
4.103380366747897216e-12
4.155801543752294139e-12
4.207735353183606277e-12
4.259169019032626325e-12
4.310089765290144556e-12
4.360484815946953667e-12
4.410341394993843931e-12
4.459646726421606427e-12
4.508388034221033854e-12
4.556552542382918098e-12
4.604127474898051048e-12
4.651100055757220554e-12
4.697457508951221736e-12
4.743187058470845673e-12
4.788275928306881832e-12
4.832711342450125332e-12
4.876480524891363213e-12
4.919570699621390597e-12
4.961969090630996141e-12
5.003662921910972539e-12
5.044639417452113298e-12
5.084885801245207073e-12
5.124389297281044945e-12
5.163137129550422035e-12
5.201116522044126191e-12
5.238314698752950111e-12
5.274718883667687297e-12
5.310316300779126407e-12
5.345094174078058522e-12
5.379039727555278761e-12
5.412140185201574974e-12
5.444382771007740665e-12
5.475754708964566915e-12
5.506243223062844803e-12
5.535838207807362123e-12
5.564540239758889466e-12
5.592352565992195756e-12
5.619278433582048295e-12
5.645321089603213581e-12
5.670483781130458920e-12
5.694769755238552424e-12
5.718182259002261397e-12
5.740724539496353953e-12
5.762399843795595780e-12
5.783211418974754993e-12
5.803162512108601317e-12
5.822256370271897213e-12
5.840496240539414831e-12
5.857885369985920669e-12
5.874427005686180416e-12
5.890124394714962993e-12
5.904980784147034088e-12
5.918999421057163430e-12
5.932183552520116709e-12
5.944536425610662845e-12
5.956061287403569142e-12
5.966761384973600483e-12
5.976639965395526595e-12
5.985700275744114784e-12
5.993945563094133162e-12
6.001379074520347419e-12
6.008004057097525667e-12
6.013823757900434403e-12
6.018841424003843356e-12
6.023060302482519022e-12
6.026483640411227092e-12
6.029114684864738100e-12
6.030956682917817738e-12
6.032012881645231693e-12
6.032286528121751309e-12
6.031780869422140661e-12
6.030499152621168669e-12
6.028444624793602637e-12
6.025620533014209064e-12
6.022030124357756868e-12
6.017676645899013356e-12
6.012563344712745025e-12
6.006693467873719986e-12
6.000070262456705546e-12
5.992696975536468200e-12
5.984576854187776063e-12
5.975713145485397245e-12
5.966109096504099054e-12
5.955767954318647984e-12
5.944693358869818230e-12
5.932890521562410724e-12
5.920365046667231672e-12
5.907122538455088895e-12
5.893168601196789407e-12
5.878508839163137797e-12
5.863148856624943502e-12
5.847094257853011113e-12
5.830350647118148450e-12
5.812923628691164142e-12
5.794818806842861972e-12
5.776041785844049760e-12
5.756598169965536943e-12
5.736493563478126496e-12
5.715733570652627855e-12
5.694323795759848034e-12
5.672269843070590815e-12
5.649577316855667250e-12
5.626251821385880313e-12
5.602298960932039441e-12
5.577724339764950841e-12
5.552533562155420716e-12
5.526732232374257697e-12
5.500325954692266373e-12
5.473320333380254566e-12
5.445720972709028480e-12
5.417533476949398360e-12
5.388763450372165566e-12
5.359416497248140341e-12
5.329498221848129700e-12
5.299014228442939846e-12
5.267970121303376180e-12
5.236371504700248944e-12
5.204223982904361113e-12
5.171533160186522124e-12
5.138304640817538182e-12
5.104544029068216301e-12
5.070256929209361879e-12
5.035448945511783544e-12
5.000125682246288310e-12
4.964292743683681575e-12
4.927955734094771159e-12
4.891120257750363268e-12
4.853791918921265724e-12
4.815976321878284731e-12
4.777679070892227304e-12
4.738905770233899647e-12
4.699662024174108775e-12
4.659953436983663315e-12
4.619785612933367859e-12
4.579165041109799359e-12
4.538101749862604028e-12
4.496606652357201250e-12
4.454690661759007178e-12
4.412364691233437156e-12
4.369639653945910570e-12
4.326526463061842762e-12
4.283036031746651503e-12
4.239179273165752137e-12
4.194967100484564047e-12
4.150410426868501772e-12
4.105520165482983079e-12
4.060307229493425737e-12
4.014782532065245090e-12
3.968956986363858908e-12
3.922841505554684150e-12
3.876447002803137777e-12
3.829784391274635942e-12
3.782864584134595605e-12
3.735698494548434536e-12
3.688297035681569694e-12
3.640671120699418039e-12
3.592831662767394918e-12
3.544789575050918501e-12
3.496555770715405347e-12
3.448141162926272818e-12
3.399556664848937069e-12
3.350813189648815867e-12
3.301921650491324961e-12
3.252892960541882120e-12
3.203738032965903900e-12
3.154467780928807665e-12
3.105093117596009973e-12
3.055624956132927784e-12
3.006074209704977250e-12
2.956451791477576544e-12
2.906768614616142223e-12
2.857035592286090439e-12
2.807263637652838557e-12
2.757463663881804344e-12
2.707646584138402743e-12
2.657823311588052733e-12
2.608004759396169660e-12
2.558201840728171290e-12
2.508425468749474586e-12
2.458686556625496103e-12
2.408996017521651995e-12
2.359364764603360030e-12
2.309803711036037976e-12
2.260323769985101178e-12
2.210934663956510787e-12
2.161641352818400679e-12
2.112447605779449324e-12
2.063357192048333980e-12
2.014373880833732310e-12
1.965501441344322379e-12
1.916743642788781850e-12
1.868104254375788789e-12
1.819587045314020455e-12
1.771195784812155518e-12
1.722934242078871037e-12
1.674806186322845076e-12
1.626815386752755299e-12
1.578965612577279568e-12
1.531260633005095548e-12
1.483704217244881303e-12
1.436300134505314294e-12
1.389052153995072385e-12
1.341964044922833845e-12
1.295039576497275527e-12
1.248282517927076104e-12
1.201696638420913239e-12
1.155285707187463986e-12
1.109053493435407019e-12
1.063003766373419596e-12
1.017140295210179984e-12
9.714668491543654430e-13
9.259871974146538361e-13
8.807051091997234317e-13
8.356243537182513872e-13
7.907487001789159706e-13
7.460819177903948442e-13
7.016277757613658722e-13
6.573900433005064139e-13
6.133724896164947374e-13
5.695788839180085050e-13
5.260129954137253790e-13
4.826785933123233244e-13
4.395794468224801045e-13
3.967193251528733311e-13
3.541019975121809188e-13
3.117312331090807824e-13
2.696108011522505336e-13
2.277444708503679356e-13
1.861360114121109788e-13
1.447891920461572750e-13
1.037077819611846632e-13
6.289555036587098226e-14
2.235626646889396391e-14
-1.790630052106856554e-14
-5.788773165964583431e-14
-9.758100905969501115e-14
-1.369784650983802752e-13
-1.760724321528657614e-13
-2.148552426003156931e-13
-2.533192288178942557e-13
-2.914567231827655590e-13
-3.292600580720938388e-13
-3.667215658630432554e-13
-4.038335789327779184e-13
-4.405884296584620387e-13
-4.769784504172598772e-13
-5.129959735863354429e-13
-5.486333315428530978e-13
-5.838828566639768001e-13
-6.187368813268710131e-13
-6.531877379086994930e-13
-6.872277587866269049e-13
-7.208492763378170050e-13
-7.540446229394342566e-13
-7.868061309686426178e-13
-8.191261328026062489e-13
-8.509969608184897139e-13
-8.824109473934566683e-13
-9.133604249046715750e-13
-9.438377257292986954e-13
-9.738351822445017856e-13
-1.003345126827445511e-12
-1.032359891855293728e-12
-1.060871809705210901e-12
-1.088873212754360886e-12
-1.116356433379907946e-12
-1.143313803959016340e-12
-1.169737656868850128e-12
-1.195620324486573370e-12
-1.220954139189350731e-12
-1.245731433354345865e-12
-1.269944539358723438e-12
-1.293585789579647106e-12
-1.316647516394281331e-12
-1.339122052179790172e-12
-1.361001729313337891e-12
-1.382278880172088547e-12
-1.402945837133206604e-12
-1.422994932573855918e-12
-1.442418498871200750e-12
-1.461208868402405160e-12
-1.479358373544633611e-12
-1.496859346675050162e-12
-1.513704120170818873e-12
-1.529887619440498403e-12
-1.545415142018225611e-12
-1.560294578469531354e-12
-1.574533819359947292e-12
-1.588140755255003675e-12
-1.601123276720231964e-12
-1.613489274321163618e-12
-1.625246638623329290e-12
-1.636403260192260643e-12
-1.646967029593488531e-12
-1.656945837392543809e-12
-1.666347574154957938e-12
-1.675180130446261973e-12
-1.683451396831986971e-12
-1.691169263877663788e-12
-1.698341622148824286e-12
-1.704976362210998918e-12
-1.711081374629718941e-12
-1.716664549970515817e-12
-1.721733778798920196e-12
-1.726296951680463339e-12
-1.730361959180676503e-12
-1.733936691865090947e-12
-1.737029040299237324e-12
-1.739646895048647296e-12
-1.741798146678851516e-12
-1.743490685755381444e-12
-1.744732402843767934e-12
-1.745531188509542044e-12
-1.745894933318235233e-12
-1.745831527835378761e-12
-1.745348862626503279e-12
-1.744454828257139845e-12
-1.743157315292820120e-12
-1.741464214299074758e-12
-1.739383415841435017e-12
-1.736922810485432357e-12
-1.734090288796597431e-12
-1.730893741340461699e-12
-1.727341058682555815e-12
-1.723440131388411238e-12
-1.719198850023559024e-12
-1.714625105153530434e-12
-1.709726787343856522e-12
-1.704511787160068346e-12
-1.698987995167697164e-12
-1.693163301932273427e-12
-1.687045598019329201e-12
-1.680642773994395340e-12
-1.673962720423002700e-12
-1.667011602255393058e-12
-1.659788681980650680e-12
-1.652291496472570146e-12
-1.644517582604946644e-12
-1.636464477251574353e-12
-1.628129717286247653e-12
-1.619510839582762135e-12
-1.610605381014911978e-12
-1.601410878456492369e-12
-1.591924868781297689e-12
-1.582144888863122519e-12
-1.572068475575761643e-12
-1.561693165793010048e-12
-1.551016496388662315e-12
-1.540036004236513027e-12
-1.528749226210357371e-12
-1.517153699183989323e-12
-1.505246960031204071e-12
-1.493026545625796601e-12
-1.480489992841560890e-12
-1.467634838552292125e-12
-1.454458619631785291e-12
-1.440958872953834568e-12
-1.427133135392234739e-12
-1.412978943820780790e-12
-1.398493835113267505e-12
-1.383675346143489668e-12
-1.368521013785241255e-12
-1.353028374912317454e-12
-1.337194966398513452e-12
-1.321018325117623227e-12
-1.304495987943441965e-12
-1.287625491749764249e-12
-1.270404373410384661e-12
-1.252830169799097985e-12
-1.234900417789699206e-12
-1.216612654255982907e-12
-1.197964416071743468e-12
-1.178953240110776076e-12
-1.159576663246875112e-12
-1.139832222353835562e-12
-1.119717454305452209e-12
-1.099229895975519433e-12
-1.078367084237832019e-12
-1.057126555966184751e-12
-1.035505848034372613e-12
-1.013502497316189988e-12
-9.911140406854314554e-13
-9.683380150158924063e-13
-9.451719571813670186e-13
-9.216161277066844561e-13
-8.976816817208103929e-13
-8.733824980037456908e-13
-8.487324553354902019e-13
-8.237454324960444849e-13
-7.984353082654085940e-13
-7.728159614235829870e-13
-7.469012707505680209e-13
-7.207051150263636486e-13
-6.942413730309705300e-13
-6.675239235443889211e-13
-6.405666453466186739e-13
-6.133834172176606502e-13
-5.859881179375146011e-13
-5.583946262861813883e-13
-5.306168210436609650e-13
-5.026685809899535871e-13
-4.745637849050596114e-13
-4.463163115689794454e-13
-4.179400397617131431e-13
-3.894488482632611624e-13
-3.608566158536237592e-13
-3.321772213128012905e-13
-3.034245434207938103e-13
-2.746124609576017764e-13
-2.457548527032254448e-13
-2.168655974376652482e-13
-1.879585739409212658e-13
-1.590476609929939303e-13
-1.301467373738834218e-13
-1.012696818635900848e-13
-7.243037324211416242e-14
-4.364269028945607482e-14
-1.492051178561590751e-14
1.372228348940585162e-14
4.227181675560902394e-14
7.071420923299331405e-14
9.903558214155842656e-14
1.272220567013040550e-13
1.552597541322299183e-13
1.831347956543357351e-13
2.108333024876212243e-13
2.383413958520860795e-13
2.656451969677300446e-13
2.927308270545527376e-13
3.195844073325540034e-13
3.461920590217334852e-13
3.725399033420908765e-13
3.986140615136258708e-13
4.244006547563382627e-13
4.498883826117825745e-13
4.750762579077328453e-13
4.999658717935180438e-13
5.245588154184670378e-13
5.488566799319089475e-13
5.728610564831721864e-13
5.965735362215862785e-13
6.199957102964797383e-13
6.431291698571816859e-13
6.659755060530210397e-13
6.885363100333265160e-13
7.108131729474271341e-13
7.328076859446521150e-13
7.545214401743299733e-13
7.759560267857896272e-13
7.971130369283603989e-13
8.179940617513707017e-13
8.386006924041498579e-13
8.589345200360265838e-13
8.789971357963299996e-13
8.987901308343886197e-13
9.183150962995318672e-13
9.375736233410881556e-13
9.565673031083869080e-13
9.752977267507566387e-13
9.937664854175264681e-13
1.011975170258025516e-12
1.029925372421582096e-12
1.047618683057525529e-12
1.065056693315184935e-12
1.082240994343889032e-12
1.099173177292966535e-12
1.115854833311746564e-12
1.132287553549557837e-12
1.148472929155729674e-12
1.164412551279590591e-12
1.180108011070469909e-12
1.195560899677696144e-12
1.210772808250598617e-12
1.225745327938506044e-12
1.240480049890747142e-12
1.254978565256651031e-12
1.269242465185546629e-12
1.283273340826762855e-12
1.297072783329628627e-12
1.310642383843472863e-12
1.323983733517624482e-12
1.337098423501412199e-12
1.349988044944165539e-12
1.362654188995212815e-12
1.375097971772954072e-12
1.387318609272072655e-12
1.399314842456323642e-12
1.411085412289461103e-12
1.422629059735239711e-12
1.433944525757414142e-12
1.445030551319738261e-12
1.455885877385967147e-12
1.466509244919855273e-12
1.476899394885156909e-12
1.487055068245626932e-12
1.496975005965019208e-12
1.506657949007088816e-12
1.516102638335590228e-12
1.525307814914277715e-12
1.534272219706905952e-12
1.542994593677229410e-12
1.551473677789002562e-12
1.559708213005979881e-12
1.567696940291915638e-12
1.575438600610564910e-12
1.582931934925682171e-12
1.590175684201021287e-12
1.597168589400337538e-12
1.603909391487384792e-12
1.610396831425917923e-12
1.616629650179691406e-12
1.622606588712459510e-12
1.628326387987977112e-12
1.633787788969998281e-12
1.638989532622277893e-12
1.643930359908570420e-12
1.648609011792630537e-12
1.653024229238211909e-12
1.657174753209069816e-12
1.661059324668958731e-12
1.664676684581633328e-12
1.668025573910847473e-12
1.671104733620355842e-12
1.673912904673913512e-12
1.676448828035274350e-12
1.678711244668193233e-12
1.680698895536424432e-12
1.682410521603722620e-12
1.683844863833842472e-12
1.685000663190538058e-12
1.685876660637564050e-12
1.686471597138674923e-12
1.686784213657625551e-12
1.686813251158170207e-12
1.686557714122955349e-12
1.686017661110197411e-12
1.685193414197004004e-12
1.684085295460483547e-12
1.682693626977743855e-12
1.681018730825893145e-12
1.679060929082039635e-12
1.676820543823291139e-12
1.674297897126755875e-12
1.671493311069542464e-12
1.668407107728758114e-12
1.665039609181511649e-12
1.661391137504910882e-12
1.657462014776063629e-12
1.653252563072078105e-12
1.648763104470063135e-12
1.643993961047126129e-12
1.638945454880375103e-12
1.633617908046918476e-12
1.628011642623863861e-12
1.622126980688320080e-12
1.615964244317394948e-12
1.609523755588196278e-12
1.602805836577832490e-12
1.595810809363411601e-12
1.588538996022041625e-12
1.580990718630830983e-12
1.573166299266887085e-12
1.565066060007318551e-12
1.556690322929233601e-12
1.548039410109740047e-12
1.539113643625945905e-12
1.529913345554959596e-12
1.520438837973888933e-12
1.510690442959842133e-12
1.500668482589927416e-12
1.490373278941252593e-12
1.479805154090926086e-12
1.468964430116055708e-12
1.457851429093749676e-12
1.446466473101116209e-12
1.434809884215263322e-12
1.422881984513299233e-12
1.410683096072331554e-12
1.398213540969468906e-12
1.385473641281819104e-12
1.372463719086490365e-12
1.359184096460590705e-12
1.345635095481228543e-12
1.331817038225511492e-12
1.317731088871694164e-12
1.303381780002614932e-12
1.288774486302259372e-12
1.273914582454611848e-12
1.258807443143657732e-12
1.243458443053381391e-12
1.227872956867768196e-12
1.212056359270803118e-12
1.196014024946470722e-12
1.179751328578755979e-12
1.163273644851644464e-12
1.146586348449120340e-12
1.129694814055168777e-12
1.112604416353774947e-12
1.095320530028923619e-12
1.077848529764599560e-12
1.060193790244787942e-12
1.042361686153473331e-12
1.024357592174641100e-12
1.006186882992276220e-12
9.878549332903630541e-13
9.693671177528871780e-13
9.507288110638331575e-13
9.319453879071859627e-13
9.130222229669303612e-13
8.939646909270516258e-13
8.747781664715346253e-13
8.554680242843641275e-13
8.360396390495252032e-13
8.164983854510026203e-13
7.968496381727816513e-13
7.770987718988467614e-13
7.572511613131832231e-13
7.373121810997758043e-13
7.172872059426093738e-13
6.971816105256691034e-13
6.770007695329398618e-13
6.567500576484064169e-13
6.364348495560537385e-13
6.160605199398669982e-13
5.956324434838307621e-13
5.751559948719302018e-13
5.546365487881502872e-13
5.340794799164756850e-13
5.134901629408916680e-13
4.928739725453829030e-13
4.722362834139344609e-13
4.515824702305311094e-13
4.309179076791579697e-13
4.102479704437999613e-13
