# te
3.703423261642456055e+00
4.355517387390136719e+00
4.260838031768798828e+00
3.770171165466308594e+00
3.132102251052856445e+00
2.494042634963989258e+00
1.943542361259460449e+00
1.518599510192871094e+00
1.224376201629638672e+00
1.052257537841796875e+00
9.816139936447143555e-01
9.837557673454284668e-01
1.028567314147949219e+00
1.093111634254455566e+00
1.159576296806335449e+00
1.220271229743957520e+00
1.273373723030090332e+00
1.323644876480102539e+00
1.373538374900817871e+00
1.424033999443054199e+00
1.475602626800537109e+00
1.533058166503906250e+00
1.600005269050598145e+00
1.670794486999511719e+00
1.739794135093688965e+00
1.803487539291381836e+00
1.859884619712829590e+00
1.905857205390930176e+00
1.937674522399902344e+00
1.956652402877807617e+00
1.965396046638488770e+00
1.966776132583618164e+00
1.963297605514526367e+00
1.952690243721008301e+00
1.931567549705505371e+00
1.900713086128234863e+00
1.863190531730651855e+00
1.818166255950927734e+00
1.763627409934997559e+00
1.697567224502563477e+00
1.618818521499633789e+00
1.526442766189575195e+00
1.420393109321594238e+00
1.300697207450866699e+00
1.165662646293640137e+00
1.016600847244262695e+00
8.582308292388916016e-01
6.946770548820495605e-01
5.232796072959899902e-01
3.397500216960906982e-01
1.389199197292327881e-01
-8.274823427200317383e-02
-3.208213150501251221e-01
-5.707502365112304688e-01
-8.340935707092285156e-01
-1.110526084899902344e+00
-1.400484561920166016e+00
-1.704427599906921387e+00
-2.021379947662353516e+00
-2.350251197814941406e+00
-2.691868782043457031e+00
-3.047168254852294922e+00
-3.417307853698730469e+00
-3.802851915359497070e+00
-4.201981067657470703e+00
-4.612411022186279297e+00
-5.033041477203369141e+00
-5.462698459625244141e+00
-5.903625011444091797e+00
-6.358607769012451172e+00
-6.828666687011718750e+00
-7.313878536224365234e+00
-7.812834262847900391e+00
-8.323529243469238281e+00
-8.844890594482421875e+00
-9.376677513122558594e+00
-9.920320510864257812e+00
-1.047205066680908203e+01
-1.103330135345458984e+01
-1.160460376739501953e+01
-1.218511676788330078e+01
-1.277458477020263672e+01
-1.337126636505126953e+01
-1.397639179229736328e+01
-1.458901023864746094e+01
-1.520835399627685547e+01
-1.583445072174072266e+01
-1.646880912780761719e+01
-1.710848045349121094e+01
-1.775423240661621094e+01
-1.840534210205078125e+01
-1.906182289123535156e+01
-1.972221565246582031e+01
-2.038727378845214844e+01
-2.105627441406250000e+01
-2.172849273681640625e+01
-2.240172004699707031e+01
-2.307894706726074219e+01
-2.375572967529296875e+01
-2.443506240844726562e+01
-2.511473464965820312e+01
-2.579550552368164062e+01
-2.647442436218261719e+01
-2.715299224853515625e+01
-2.783049011230468750e+01
-2.850544738769531250e+01
-2.917862319946289062e+01
-2.984855842590332031e+01
-3.051377677917480469e+01
-3.117577934265136719e+01
-3.183377265930175781e+01
-3.248622512817382812e+01
-3.313233947753906250e+01
-3.377205276489257812e+01
-3.440457534790039062e+01
-3.502911376953125000e+01
-3.564634704589843750e+01
-3.625400543212890625e+01
-3.685202407836914062e+01
-3.744035720825195312e+01
-3.801820755004882812e+01
-3.858551788330078125e+01
-3.913926696777343750e+01
-3.968162918090820312e+01
-4.021181106567382812e+01
-4.072901153564453125e+01
-4.123244476318359375e+01
-4.172130203247070312e+01
-4.219479751586914062e+01
-4.265437698364257812e+01
-4.309710311889648438e+01
-4.352524948120117188e+01
-4.393440246582031250e+01
-4.432758331298828125e+01
-4.470112609863281250e+01
-4.505730819702148438e+01
-4.539468765258789062e+01
-4.571256637573242188e+01
-4.601174163818359375e+01
-4.629002761840820312e+01
-4.654822158813476562e+01
-4.678636169433593750e+01
-4.700375747680664062e+01
-4.719971847534179688e+01
-4.737428665161132812e+01
-4.752602767944335938e+01
-4.765647506713867188e+01
-4.776419067382812500e+01
-4.784699249267578125e+01
-4.790789031982421875e+01
-4.794538497924804688e+01
-4.795721435546875000e+01
-4.794557952880859375e+01
-4.790971755981445312e+01
-4.784959411621093750e+01
-4.776369476318359375e+01
-4.765273666381835938e+01
-4.751668930053710938e+01
-4.735404205322265625e+01
-4.716625595092773438e+01
-4.695329666137695312e+01
-4.671365737915039062e+01
-4.644878768920898438e+01
-4.615643692016601562e+01
-4.583806610107421875e+01
-4.549438476562500000e+01
-4.512314224243164062e+01
-4.472430801391601562e+01
-4.429933929443359375e+01
-4.384598541259765625e+01
-4.336569595336914062e+01
-4.285845565795898438e+01
-4.232422637939453125e+01
-4.176224517822265625e+01
-4.117248153686523438e+01
-4.055643463134765625e+01
-3.991262054443359375e+01
-3.924104690551757812e+01
-3.854321289062500000e+01
-3.781912612915039062e+01
-3.706730651855468750e+01
-3.628924560546875000e+01
-3.548421478271484375e+01
-3.465444946289062500e+01
-3.379698181152343750e+01
-3.291331481933593750e+01
-3.200493240356445312e+01
-3.107036399841308594e+01
-3.011184501647949219e+01
-2.912640953063964844e+01
-2.811629486083984375e+01
-2.708299827575683594e+01
-2.602429389953613281e+01
-2.494242286682128906e+01
-2.383664703369140625e+01
-2.270845985412597656e+01
-2.155713081359863281e+01
-2.038340377807617188e+01
-1.918803215026855469e+01
-1.797027778625488281e+01
-1.673162269592285156e+01
-1.547131061553955078e+01
-1.419231128692626953e+01
-1.289237976074218750e+01
-1.157277584075927734e+01
-1.023393535614013672e+01
-8.876367568969726562e+00
-7.500435829162597656e+00
-6.107022762298583984e+00
-4.696178436279296875e+00
-3.268828630447387695e+00
-1.824920058250427246e+00
-3.656461536884307861e-01
1.108259916305541992e+00
2.597328662872314453e+00
4.099564075469970703e+00
5.615199089050292969e+00
7.145210266113281250e+00
8.685150146484375000e+00
1.023725986480712891e+01
1.180006313323974609e+01
1.337431430816650391e+01
1.495630931854248047e+01
1.654903411865234375e+01
1.814878273010253906e+01
1.975705337524414062e+01
2.137237548828125000e+01
2.299326896667480469e+01
2.462049484252929688e+01
2.625332069396972656e+01
2.789027404785156250e+01
2.952987861633300781e+01
3.117289543151855469e+01
3.281785202026367188e+01
3.446475601196289062e+01
3.611214065551757812e+01
3.776001739501953125e+01
3.940765762329101562e+01
4.105284881591796875e+01
4.269634628295898438e+01
4.433742141723632812e+01
4.597460556030273438e+01
4.760865402221679688e+01
4.923661041259765625e+01
5.085998153686523438e+01
5.247654724121093750e+01
5.408632278442382812e+01
5.568859100341796875e+01
5.728186798095703125e+01
5.886692810058593750e+01
6.044229888916015625e+01
6.200651931762695312e+01
6.355960845947265625e+01
6.510158538818359375e+01
6.663248443603515625e+01
6.814414978027343750e+01
6.964923095703125000e+01
7.113289642333984375e+01
7.261003112792968750e+01
7.405836486816406250e+01
7.550020599365234375e+01
7.692816925048828125e+01
7.833482360839843750e+01
7.971276855468750000e+01
8.108433532714843750e+01
8.242723846435546875e+01
8.375637817382812500e+01
8.506433868408203125e+01
8.635114288330078125e+01
8.761682891845703125e+01
8.885398101806640625e+01
9.007748413085937500e+01
9.126507568359375000e+01
9.243907165527343750e+01
9.357720947265625000e+01
9.470181274414062500e+01
9.579060363769531250e+01
9.685103607177734375e+01
9.789800262451171875e+01
9.890924835205078125e+01
9.989221191406250000e+01
1.008469314575195312e+02
1.017734222412109375e+02
1.026717224121093750e+02
1.035344238281250000e+02
1.043764190673828125e+02
1.051828613281250000e+02
1.059612121582031250e+02
1.067115097045898438e+02
1.074189071655273438e+02
1.081057281494140625e+02
1.087496948242187500e+02
1.093731536865234375e+02
1.099538116455078125e+02
1.105065689086914062e+02
1.110314483642578125e+02
1.115136184692382812e+02
1.119605484008789062e+02
1.123722457885742188e+02
1.127561798095703125e+02
1.131123428344726562e+02
1.134258956909179688e+02
1.136968383789062500e+02
1.139400482177734375e+02
1.141480941772460938e+02
1.143135681152343750e+02
1.144587554931640625e+02
1.145539398193359375e+02
1.146214218139648438e+02
1.146463546752929688e+02
1.146436080932617188e+02
1.145983123779296875e+02
1.145253524780273438e+02
1.144098587036132812e+02
1.142592926025390625e+02
1.140736236572265625e+02
1.138528976440429688e+02
1.135970916748046875e+02
1.133136596679687500e+02
1.129877319335937500e+02
1.126267547607421875e+02
1.122307281494140625e+02
1.117922363281250000e+02
1.113335647583007812e+02
1.108250045776367188e+02
1.102888412475585938e+02
1.097250976562500000e+02
1.091189041137695312e+02
1.084776840209960938e+02
1.078088989257812500e+02
1.071125411987304688e+02
1.063811721801757812e+02
1.056147994995117188e+02
1.048134384155273438e+02
1.039845123291015625e+02
1.031131591796875000e+02
1.022216873168945312e+02
1.012952194213867188e+02
1.003486251831054688e+02
9.935961151123046875e+01
9.834304809570312500e+01
9.729893493652343750e+01
9.622725677490234375e+01
9.512803649902343750e+01
9.400868988037109375e+01
9.285436248779296875e+01
9.167247009277343750e+01
9.046302795410156250e+01
8.923345184326171875e+01
8.797631835937500000e+01
8.669157409667968750e+01
8.539405822753906250e+01
8.406141662597656250e+01
8.270848846435546875e+01
8.134265136718750000e+01
7.994900512695312500e+01
7.854235839843750000e+01
7.710781860351562500e+01
7.565649414062500000e+01
7.418386077880859375e+01
7.269286346435546875e+01
7.118568420410156250e+01
6.965856170654296875e+01
6.811738586425781250e+01
6.655915832519531250e+01
6.498604583740234375e+01
6.339949417114257812e+01
6.179722976684570312e+01
6.018440628051757812e+01
5.855725479125976562e+01
5.692019653320312500e+01
5.527019882202148438e+01
5.361093902587890625e+01
5.194237136840820312e+01
5.026443481445312500e+01
4.858006286621093750e+01
4.688623046875000000e+01
4.518734359741210938e+01
4.348112487792968750e+01
4.177050018310546875e+01
4.005615997314453125e+01
3.833655929565429688e+01
3.661537170410156250e+01
3.489105606079101562e+01
3.316579437255859375e+01
3.143952751159667969e+01
2.971368980407714844e+01
2.798823356628417969e+01
2.626532936096191406e+01
2.454344367980957031e+01
2.282549285888671875e+01
2.111067771911621094e+01
1.940117645263671875e+01
1.769544792175292969e+01
1.599700355529785156e+01
1.430445194244384766e+01
1.261907482147216797e+01
1.094168853759765625e+01
9.273119926452636719e+00
7.613911151885986328e+00
5.964899063110351562e+00
4.326595306396484375e+00
2.700476646423339844e+00
1.085643410682678223e+00
-5.157586336135864258e-01
-2.105298995971679688e+00
-3.678602457046508789e+00
-5.237982273101806641e+00
-6.782778263092041016e+00
-8.310846328735351562e+00
-9.823013305664062500e+00
-1.131787586212158203e+01
-1.279551982879638672e+01
-1.425379848480224609e+01
-1.569428443908691406e+01
-1.711631774902343750e+01
-1.851700973510742188e+01
-1.989719200134277344e+01
-2.125694274902343750e+01
-2.259486389160156250e+01
-2.391178512573242188e+01
-2.520555877685546875e+01
-2.647701263427734375e+01
-2.772400093078613281e+01
-2.894735717773437500e+01
-3.014790344238281250e+01
-3.132201004028320312e+01
-3.247124862670898438e+01
-3.359569931030273438e+01
-3.469396591186523438e+01
-3.576687240600585938e+01
-3.681152725219726562e+01
-3.783099365234375000e+01
-3.882312393188476562e+01
-3.978799819946289062e+01
-4.072422027587890625e+01
-4.163186645507812500e+01
-4.251250839233398438e+01
-4.336326217651367188e+01
-4.418643188476562500e+01
-4.497987365722656250e+01
-4.574441909790039062e+01
-4.647865295410156250e+01
-4.718340682983398438e+01
-4.785727691650390625e+01
-4.850257110595703125e+01
-4.911788940429687500e+01
-4.970181655883789062e+01
-5.025667953491210938e+01
-5.078030395507812500e+01
-5.127496719360351562e+01
-5.173846054077148438e+01
-5.217230987548828125e+01
-5.257654190063476562e+01
-5.294449234008789062e+01
-5.329031372070312500e+01
-5.359545135498046875e+01
-5.387554168701171875e+01
-5.412466812133789062e+01
-5.434359359741210938e+01
-5.452640533447265625e+01
-5.469170761108398438e+01
-5.480979919433593750e+01
-5.491043853759765625e+01
-5.497134399414062500e+01
-5.500741195678710938e+01
-5.501122665405273438e+01
-5.499025344848632812e+01
-5.493708038330078125e+01
-5.485172271728515625e+01
-5.474164581298828125e+01
-5.459943389892578125e+01
-5.443254089355468750e+01
-5.423355865478515625e+01
-5.400473022460937500e+01
-5.375574493408203125e+01
-5.346804428100585938e+01
-5.316616439819335938e+01
-5.283080673217773438e+01
-5.246570205688476562e+01
-5.207682037353515625e+01
-5.166639709472656250e+01
-5.122851562500000000e+01
-5.076467132568359375e+01
-5.027710723876953125e+01
-4.976584625244140625e+01
-4.923015213012695312e+01
-4.867152786254882812e+01
-4.808924865722656250e+01
-4.748629760742187500e+01
-4.686193847656250000e+01
-4.621470260620117188e+01
-4.554831695556640625e+01
-4.486130523681640625e+01
-4.415516662597656250e+01
-4.342916107177734375e+01
-4.268627548217773438e+01
-4.192354583740234375e+01
-4.114543914794921875e+01
-4.035046386718750000e+01
-3.953855514526367188e+01
-3.871186828613281250e+01
-3.786884307861328125e+01
-3.701311874389648438e+01
-3.614238739013671875e+01
-3.525880050659179688e+01
-3.436153411865234375e+01
-3.345348739624023438e+01
-3.253383636474609375e+01
-3.160250091552734375e+01
-3.066088676452636719e+01
-2.971040344238281250e+01
-2.875096130371093750e+01
-2.778248786926269531e+01
-2.680638122558593750e+01
-2.582330513000488281e+01
-2.483391761779785156e+01
-2.383739280700683594e+01
-2.283661842346191406e+01
-2.183151245117187500e+01
-2.082198715209960938e+01
-1.980944633483886719e+01
-1.879454612731933594e+01
-1.777645492553710938e+01
-1.675732231140136719e+01
-1.573779678344726562e+01
-1.471928119659423828e+01
-1.370020198822021484e+01
-1.268418788909912109e+01
-1.166817569732666016e+01
-1.065579319000244141e+01
-9.646951675415039062e+00
-8.642305374145507812e+00
-7.642508029937744141e+00
-6.647469997406005859e+00
-5.658586978912353516e+00
-4.676511764526367188e+00
-3.701898336410522461e+00
-2.735398292541503906e+00
-1.776920795440673828e+00
-8.286042213439941406e-01
1.100884526968002319e-01
1.038282632827758789e+00
1.955475330352783203e+00
2.860717773437500000e+00
3.753804445266723633e+00
4.633787155151367188e+00
5.500059127807617188e+00
6.352132320404052734e+00
7.189498424530029297e+00
8.011207580566406250e+00
8.817176818847656250e+00
9.606733322143554688e+00
1.037920379638671875e+01
1.113457775115966797e+01
1.187121868133544922e+01
1.258986091613769531e+01
1.328990554809570312e+01
1.397000694274902344e+01
1.463031005859375000e+01
1.527021121978759766e+01
1.589134025573730469e+01
1.648863601684570312e+01
1.706595993041992188e+01
1.762047767639160156e+01
1.815307235717773438e+01
1.866240310668945312e+01
1.915083885192871094e+01
1.961331939697265625e+01
2.005221176147460938e+01
2.046766281127929688e+01
2.085757637023925781e+01
2.122358131408691406e+01
2.156359100341796875e+01
2.187922668457031250e+01
2.216914367675781250e+01
2.243273735046386719e+01
2.267088890075683594e+01
2.288150787353515625e+01
2.306695938110351562e+01
2.322515487670898438e+01
2.335548591613769531e+01
2.345957565307617188e+01
2.353607177734375000e+01
2.358511543273925781e+01
2.360683822631835938e+01
2.359988975524902344e+01
2.356589126586914062e+01
2.350423240661621094e+01
2.341430282592773438e+01
2.329549598693847656e+01
2.315017127990722656e+01
2.297548675537109375e+01
2.277380752563476562e+01
2.254303169250488281e+01
2.228477478027343750e+01
2.199842834472656250e+01
2.168486022949218750e+01
2.134271430969238281e+01
2.097285270690917969e+01
2.057460594177246094e+01
2.015027046203613281e+01
1.969767951965332031e+01
1.921764183044433594e+01
1.871021652221679688e+01
1.817547035217285156e+01
1.761346244812011719e+01
1.702425575256347656e+01
1.640790939331054688e+01
1.576522541046142578e+01
1.509700584411621094e+01
1.440108203887939453e+01
1.367899703979492188e+01
1.293154811859130859e+01
1.215879535675048828e+01
1.136079120635986328e+01
1.053684806823730469e+01
9.689992904663085938e+00
8.818049430847167969e+00
7.921813011169433594e+00
7.001335620880126953e+00
6.058897018432617188e+00
5.093061447143554688e+00
4.103878498077392578e+00
3.092883110046386719e+00
2.060122966766357422e+00
1.005645394325256348e+00
-6.976042687892913818e-02
-1.166791915893554688e+00
-2.282431602478027344e+00
-3.418865442276000977e+00
-4.573820114135742188e+00
-5.747253894805908203e+00
-6.938752651214599609e+00
-8.147607803344726562e+00
-9.374372482299804688e+00
-1.061685371398925781e+01
-1.187597751617431641e+01
-1.315011119842529297e+01
-1.443924903869628906e+01
-1.574258041381835938e+01
-1.705958366394042969e+01
-1.838955879211425781e+01
-1.973217010498046875e+01
-2.108671760559082031e+01
-2.245302009582519531e+01
-2.382911300659179688e+01
-2.521570968627929688e+01
-2.661129379272460938e+01
-2.801585388183593750e+01
-2.942871475219726562e+01
-3.084848022460937500e+01
-3.227449417114257812e+01
-3.370759201049804688e+01
-3.514637756347656250e+01
-3.658945465087890625e+01
-3.803765869140625000e+01
-3.948959732055664062e+01
-4.094461822509765625e+01
-4.240132904052734375e+01
-4.386131286621093750e+01
-4.532317352294921875e+01
-4.678478240966796875e+01
-4.824697875976562500e+01
-4.970836257934570312e+01
-5.116904449462890625e+01
-5.262836837768554688e+01
-5.408494949340820312e+01
-5.553740692138671875e+01
-5.698731994628906250e+01
-5.843329620361328125e+01
-5.987321090698242188e+01
-6.130791091918945312e+01
-6.273674392700195312e+01
-6.415759277343750000e+01
-6.557129669189453125e+01
-6.697721099853515625e+01
-6.837396240234375000e+01
-6.976164245605468750e+01
-7.113812255859375000e+01
-7.250499725341796875e+01
-7.386162567138671875e+01
-7.520587921142578125e+01
-7.653786468505859375e+01
-7.784876251220703125e+01
-7.914983367919921875e+01
-8.043893432617187500e+01
-8.170875549316406250e+01
-8.296681976318359375e+01
-8.420581054687500000e+01
-8.542582702636718750e+01
-8.663439941406250000e+01
-8.781677246093750000e+01
-8.898048400878906250e+01
-9.014050292968750000e+01
-9.126720428466796875e+01
-9.237554931640625000e+01
-9.345821380615234375e+01
-9.452274322509765625e+01
-9.556924438476562500e+01
-9.658303070068359375e+01
-9.759400939941406250e+01
-9.856521606445312500e+01
-9.951170349121093750e+01
-1.004410858154296875e+02
-1.013461074829101562e+02
-1.022121124267578125e+02
-1.030690002441406250e+02
-1.038946533203125000e+02
-1.046892776489257812e+02
-1.054678955078125000e+02
-1.062084197998046875e+02
-1.069258880615234375e+02
-1.076204833984375000e+02
-1.082849502563476562e+02
-1.089120559692382812e+02
-1.095242691040039062e+02
-1.100920486450195312e+02
-1.106452941894531250e+02
-1.111544723510742188e+02
-1.116346130371093750e+02
-1.120933380126953125e+02
-1.125233764648437500e+02
-1.129175033569335938e+02
-1.132758865356445312e+02
-1.136135635375976562e+02
-1.139158554077148438e+02
-1.141903533935546875e+02
-1.144298171997070312e+02
-1.146344223022460938e+02
-1.148043212890625000e+02
-1.149545745849609375e+02
-1.150556335449218750e+02
-1.151448059082031250e+02
-1.151851196289062500e+02
-1.152064666748046875e+02
-1.151792907714843750e+02
-1.151260681152343750e+02
-1.150469512939453125e+02
-1.149346847534179688e+02
-1.147819976806640625e+02
-1.146039199829101562e+02
-1.143857650756835938e+02
-1.141499786376953125e+02
-1.138595733642578125e+02
-1.135518798828125000e+02
-1.132121658325195312e+02
-1.128480529785156250e+02
-1.124448242187500000e+02
-1.120100631713867188e+02
-1.115364685058593750e+02
-1.110389556884765625e+02
-1.105027923583984375e+02
-1.099429397583007812e+02
-1.093520507812500000e+02
-1.087227935791015625e+02
-1.080626907348632812e+02
-1.073792648315429688e+02
-1.066651763916015625e+02
-1.059205322265625000e+02
-1.051454010009765625e+02
-1.043398895263671875e+02
-1.035114898681640625e+02
-1.026454544067382812e+02
-1.017567214965820312e+02
-1.008379440307617188e+02
-9.988176727294921875e+01
-9.891057586669921875e+01
-9.790959167480468750e+01
-9.687889099121093750e+01
-9.581111145019531250e+01
-9.472863769531250000e+01
-9.362412261962890625e+01
-9.249019622802734375e+01
-9.133436584472656250e+01
-9.014928436279296875e+01
-8.893502044677734375e+01
-8.770650482177734375e+01
-8.644894409179687500e+01
-8.517728424072265625e+01
-8.389157104492187500e+01
-8.256961059570312500e+01
-8.122631072998046875e+01
-7.986917114257812500e+01
-7.846853637695312500e+01
-7.706162261962890625e+01
-7.564105987548828125e+01
-7.420692443847656250e+01
-7.274440002441406250e+01
-7.126097869873046875e+01
-6.977159118652343750e+01
-6.825399780273437500e+01
-6.673055267333984375e+01
-6.518643951416015625e+01
-6.363659667968750000e+01
-6.206620025634765625e+01
-6.049016571044921875e+01
-5.890112686157226562e+01
-5.729912948608398438e+01
-5.569163513183593750e+01
-5.405628585815429688e+01
-5.243015289306640625e+01
-5.078342437744140625e+01
-4.913087463378906250e+01
-4.747241592407226562e+01
-4.580795669555664062e+01
-4.412997817993164062e+01
-4.245325469970703125e+01
-4.076282501220703125e+01
-3.906678009033203125e+01
-3.736948013305664062e+01
-3.567009353637695312e+01
-3.396629714965820312e+01
-3.226021957397460938e+01
-3.055177307128906250e+01
-2.884160423278808594e+01
-2.713035964965820312e+01
-2.541868400573730469e+01
-2.370648384094238281e+01
-2.199663352966308594e+01
-2.028754997253417969e+01
-1.857987785339355469e+01
-1.687426185607910156e+01
-1.517283153533935547e+01
-1.347474670410156250e+01
-1.178213596343994141e+01
-1.009415721893310547e+01
-8.412196159362792969e+00
-6.738382816314697266e+00
-5.071129798889160156e+00
-3.411822795867919922e+00
-1.761103987693786621e+00
-1.188724786043167114e-01
1.513486981391906738e+00
3.136075735092163086e+00
4.747509002685546875e+00
6.347888469696044922e+00
7.937314987182617188e+00
9.513662338256835938e+00
1.107554531097412109e+01
1.262603759765625000e+01
1.415929698944091797e+01
1.567913913726806641e+01
1.718269348144531250e+01
1.866954421997070312e+01
2.014008712768554688e+01
2.159249114990234375e+01
2.302747726440429688e+01
2.444403457641601562e+01
2.584167861938476562e+01
2.722019004821777344e+01
2.857901382446289062e+01
2.991692733764648438e+01
3.123508453369140625e+01
3.253181076049804688e+01
3.380656051635742188e+01
3.505951309204101562e+01
3.629159545898437500e+01
3.750002670288085938e+01
3.868498992919921875e+01
3.984741592407226562e+01
4.098525619506835938e+01
4.209944534301757812e+01
4.318792724609375000e+01
4.425163269042968750e+01
4.529000473022460938e+01
4.630321502685546875e+01
4.729071044921875000e+01
4.825192642211914062e+01
4.918629837036132812e+01
5.009474563598632812e+01
5.097596359252929688e+01
5.182938385009765625e+01
5.265667343139648438e+01
5.345651626586914062e+01
5.422760772705078125e+01
5.497085952758789062e+01
5.568643951416015625e+01
5.637379074096679688e+01
5.703159332275390625e+01
5.766075134277343750e+01
5.825995254516601562e+01
5.883160781860351562e+01
5.937289047241210938e+01
5.988472366333007812e+01
6.036727523803710938e+01
6.081995010375976562e+01
6.124293518066406250e+01
6.163488388061523438e+01
6.199819946289062500e+01
6.233229446411132812e+01
6.263584136962890625e+01
6.290900039672851562e+01
6.315415191650390625e+01
6.336848831176757812e+01
6.355364227294921875e+01
6.370903015136718750e+01
6.383405303955078125e+01
6.393034744262695312e+01
6.399657821655273438e+01
6.403361511230468750e+01
6.404083251953125000e+01
6.401835632324218750e+01
6.396630477905273438e+01
6.388479614257812500e+01
6.377394866943359375e+01
6.363461685180664062e+01
6.346543121337890625e+01
6.326873397827148438e+01
6.304241561889648438e+01
6.278805923461914062e+01
6.250503921508789062e+01
6.219495391845703125e+01
6.185715866088867188e+01
6.149102020263671875e+01
6.109887313842773438e+01
6.067858886718750000e+01
6.023175811767578125e+01
5.975774002075195312e+01
5.925737380981445312e+01
5.873150253295898438e+01
5.818022537231445312e+01
5.760288619995117188e+01
5.700033187866210938e+01
5.637413787841796875e+01
5.572291564941406250e+01
5.504748916625976562e+01
5.434944152832031250e+01
5.362737655639648438e+01
5.288286209106445312e+01
5.211598968505859375e+01
5.132758331298828125e+01
5.051847457885742188e+01
4.968651199340820312e+01
4.883475494384765625e+01
4.796253585815429688e+01
4.707068252563476562e+01
4.615927124023437500e+01
4.522911834716796875e+01
4.428031158447265625e+01
4.331365585327148438e+01
4.232997894287109375e+01
4.132860565185546875e+01
4.031110000610351562e+01
3.927752685546875000e+01
3.822944641113281250e+01
3.716618347167968750e+01
3.608929824829101562e+01
3.499810791015625000e+01
3.389415359497070312e+01
3.277811813354492188e+01
3.164919853210449219e+01
3.050880050659179688e+01
2.935685348510742188e+01
2.819328880310058594e+01
2.702025413513183594e+01
2.583619308471679688e+01
2.464251518249511719e+01
2.344137191772460938e+01
2.223046112060546875e+01
2.101193046569824219e+01
1.978570365905761719e+01
1.855318641662597656e+01
1.731355667114257812e+01
1.606822204589843750e+01
1.481710243225097656e+01
1.356085777282714844e+01
1.230089569091796875e+01
1.103564643859863281e+01
9.767257690429687500e+00
8.496390342712402344e+00
7.222217082977294922e+00
5.945399284362792969e+00
4.668082714080810547e+00
3.389439105987548828e+00
2.110871076583862305e+00
8.321460485458374023e-01
-4.454832673072814941e-01
-1.722250223159790039e+00
-2.997496843338012695e+00
-4.270267486572265625e+00
-5.540547370910644531e+00
-6.807682037353515625e+00
-8.071308135986328125e+00
-9.330495834350585938e+00
-1.058540534973144531e+01
-1.183493328094482422e+01
-1.307782649993896484e+01
-1.431558322906494141e+01
-1.554628276824951172e+01
-1.677000999450683594e+01
-1.798610496520996094e+01
-1.919316864013671875e+01
-2.039202880859375000e+01
-2.158128356933593750e+01
-2.276175880432128906e+01
-2.393056678771972656e+01
-2.508927726745605469e+01
-2.623723220825195312e+01
-2.737230300903320312e+01
-2.849539375305175781e+01
-2.960669517517089844e+01
-3.070490074157714844e+01
-3.178870582580566406e+01
-3.285978317260742188e+01
-3.391682815551757812e+01
-3.495927047729492188e+01
-3.598730468750000000e+01
-3.700035858154296875e+01
-3.799787139892578125e+01
-3.898150634765625000e+01
-3.994773101806640625e+01
-4.089894485473632812e+01
-4.183310317993164062e+01
-4.275112533569335938e+01
-4.365243911743164062e+01
-4.453647994995117188e+01
-4.540341949462890625e+01
-4.625268554687500000e+01
-4.708445739746093750e+01
-4.789815902709960938e+01
-4.869099044799804688e+01
-4.946683502197265625e+01
-5.022066879272460938e+01
-5.095710372924804688e+01
-5.167408752441406250e+01
-5.237029647827148438e+01
-5.304813003540039062e+01
-5.370551681518554688e+01
-5.434113693237304688e+01
-5.496035385131835938e+01
-5.555812454223632812e+01
-5.613461685180664062e+01
-5.669146728515625000e+01
-5.722808837890625000e+01
-5.774390029907226562e+01
-5.823905944824218750e+01
-5.870999526977539062e+01
-5.916207122802734375e+01
-5.959023666381835938e+01
-5.999910354614257812e+01
-6.038435363769531250e+01
-6.074985885620117188e+01
-6.109576034545898438e+01
-6.141477203369140625e+01
-6.172190093994140625e+01
-6.200244140625000000e+01
-6.225651931762695312e+01
-6.249171447753906250e+01
-6.270816040039062500e+01
-6.289854431152343750e+01
-6.307041168212890625e+01
-6.322388458251953125e+01
-6.335164260864257812e+01
-6.346121597290039062e+01
-6.354529571533203125e+01
-6.361141967773437500e+01
-6.365225601196289062e+01
-6.367535781860351562e+01
-6.367338562011718750e+01
-6.365387344360351562e+01
-6.360950469970703125e+01
-6.355522918701171875e+01
-6.347629547119140625e+01
-6.337278747558593750e+01
-6.324481964111328125e+01
-6.309990692138671875e+01
-6.294557952880859375e+01
-6.276706314086914062e+01
-6.256446456909179688e+01
-6.233785629272460938e+01
-6.209476470947265625e+01
-6.183528518676757812e+01
-6.155949783325195312e+01
-6.126005935668945312e+01
-6.095191574096679688e+01
-6.060542678833007812e+01
-6.025783157348632812e+01
-5.989434814453125000e+01
-5.950761795043945312e+01
-5.910516357421875000e+01
-5.868705368041992188e+01
-5.825337219238281250e+01
-5.779675292968750000e+01
-5.733956909179687500e+01
-5.684474563598632812e+01
-5.634949493408203125e+01
-5.583160400390625000e+01
-5.531342697143554688e+01
-5.476532745361328125e+01
-5.420964431762695312e+01
-5.363903045654296875e+01
-5.306097030639648438e+01
-5.247553253173828125e+01
-5.186791992187500000e+01
-5.124562454223632812e+01
-5.061613845825195312e+01
-4.997952270507812500e+01
-4.932841110229492188e+01
-4.866804122924804688e+01
-4.799614715576171875e+01
-4.731564712524414062e+01
-4.662500000000000000e+01
-4.592637634277343750e+01
-4.521823120117187500e+01
-4.450199127197265625e+01
-4.377834701538085938e+01
-4.304648208618164062e+01
-4.230783843994140625e+01
-4.156159591674804688e+01
-4.080993270874023438e+01
-4.005055236816406250e+01
-3.928635787963867188e+01
-3.851729202270507812e+01
-3.774254608154296875e+01
-3.696353912353515625e+01
-3.617871856689453125e+01
-3.539099121093750000e+01
-3.459954833984375000e+01
-3.380357742309570312e+01
-3.300598144531250000e+01
-3.220594787597656250e+01
-3.140341567993164062e+01
-3.059830856323242188e+01
-2.979279136657714844e+01
-2.898604583740234375e+01
-2.817949104309082031e+01
-2.737157440185546875e+01
-2.656445121765136719e+01
-2.575879096984863281e+01
-2.495304298400878906e+01
-2.414936256408691406e+01
-2.334693527221679688e+01
-2.254643821716308594e+01
-2.175002288818359375e+01
-2.095465087890625000e+01
-2.016396903991699219e+01
-1.937567138671875000e+01
-1.859266662597656250e+01
-1.781339073181152344e+01
-1.703926849365234375e+01
-1.627096748352050781e+01
-1.550842094421386719e+01
-1.475155639648437500e+01
-1.400105285644531250e+01
-1.325758361816406250e+01
-1.252107810974121094e+01
-1.179295825958251953e+01
-1.107241153717041016e+01
-1.036009788513183594e+01
-9.656607627868652344e+00
-8.962512969970703125e+00
-8.276159286499023438e+00
-7.599605560302734375e+00
-6.933426856994628906e+00
-6.275970935821533203e+00
-5.629298210144042969e+00
-4.992500305175781250e+00
-4.367640495300292969e+00
-3.752325296401977539e+00
-3.148618936538696289e+00
-2.556358575820922852e+00
-1.975381851196289062e+00
-1.405526757240295410e+00
-8.481187224388122559e-01
-3.029976785182952881e-01
2.307386845350265503e-01
7.502762675285339355e-01
1.258744955062866211e+00
1.753328800201416016e+00
2.234926462173461914e+00
2.703692674636840820e+00
3.158666372299194336e+00
3.600075244903564453e+00
4.027327060699462891e+00
4.441019058227539062e+00
4.840631484985351562e+00
5.226091384887695312e+00
5.597248554229736328e+00
5.953952312469482422e+00
6.296051979064941406e+00
6.623543262481689453e+00
6.936175346374511719e+00
7.234009265899658203e+00
7.516747951507568359e+00
7.784404754638671875e+00
8.036748886108398438e+00
8.273992538452148438e+00
8.495825767517089844e+00
8.702458381652832031e+00
8.893581390380859375e+00
9.069326400756835938e+00
9.229752540588378906e+00
9.374691963195800781e+00
9.503830909729003906e+00
9.617594718933105469e+00
9.714697837829589844e+00
9.797497749328613281e+00
9.864558219909667969e+00
9.915259361267089844e+00
9.951202392578125000e+00
9.971019744873046875e+00
9.975564002990722656e+00
9.964206695556640625e+00
9.937801361083984375e+00
9.894969940185546875e+00
9.838051795959472656e+00
9.765666961669921875e+00
9.677177429199218750e+00
9.573431968688964844e+00
9.455274581909179688e+00
9.322809219360351562e+00
9.174648284912109375e+00
9.011634826660156250e+00
8.833865165710449219e+00
8.642180442810058594e+00
8.435189247131347656e+00
8.215212821960449219e+00
7.980115413665771484e+00
7.731473922729492188e+00
7.467891216278076172e+00
7.192428588867187500e+00
6.901457786560058594e+00
6.597292423248291016e+00
6.280761241912841797e+00
5.950460433959960938e+00
5.607957363128662109e+00
5.251847743988037109e+00
4.884438991546630859e+00
4.504323482513427734e+00
4.113063335418701172e+00
3.708505868911743164e+00
3.293697118759155273e+00
2.867224216461181641e+00
2.429902315139770508e+00
1.981059312820434570e+00
1.521507978439331055e+00
1.051317095756530762e+00
5.720403790473937988e-01
8.225836604833602905e-02
-4.157341122627258301e-01
-9.250678420066833496e-01
-1.441889286041259766e+00
-1.967770576477050781e+00
-2.500941038131713867e+00
-3.042899608612060547e+00
-3.592918395996093750e+00
-4.150045871734619141e+00
-4.714372634887695312e+00
-5.285708427429199219e+00
-5.863859176635742188e+00
-6.448200702667236328e+00
-7.038704872131347656e+00
-7.635268211364746094e+00
-8.237323760986328125e+00
-8.844873428344726562e+00
-9.457549095153808594e+00
-1.007513236999511719e+01
-1.069729423522949219e+01
-1.132387733459472656e+01
-1.195441150665283203e+01
-1.258894824981689453e+01
-1.322724056243896484e+01
-1.386882209777832031e+01
-1.451329708099365234e+01
-1.516072082519531250e+01
-1.581077480316162109e+01
-1.646269226074218750e+01
-1.711742019653320312e+01
-1.777338027954101562e+01
-1.843062591552734375e+01
-1.908921051025390625e+01
-1.974844551086425781e+01
-2.040764617919921875e+01
-2.106760787963867188e+01
-2.172690200805664062e+01
-2.238632583618164062e+01
-2.304445266723632812e+01
-2.370282173156738281e+01
-2.435851669311523438e+01
-2.501308250427246094e+01
-2.566583251953125000e+01
-2.631682014465332031e+01
-2.696462059020996094e+01
-2.761003303527832031e+01
-2.825162315368652344e+01
-2.889094161987304688e+01
-2.952506446838378906e+01
-3.015628623962402344e+01
-3.078317070007324219e+01
-3.140577507019042969e+01
-3.202416229248046875e+01
-3.263466644287109375e+01
-3.324180221557617188e+01
-3.384117126464843750e+01
-3.443579864501953125e+01
-3.502350997924804688e+01
-3.560511016845703125e+01
-3.617916107177734375e+01
-3.674573135375976562e+01
-3.730422592163085938e+01
-3.785626602172851562e+01
-3.839978790283203125e+01
-3.893642044067382812e+01
-3.946334457397460938e+01
-3.998145294189453125e+01
-4.049312210083007812e+01
-4.099404144287109375e+01
-4.148733520507812500e+01
-4.197092056274414062e+01
-4.244494247436523438e+01
-4.291028976440429688e+01
-4.336487579345703125e+01
-4.381033706665039062e+01
-4.424532699584960938e+01
-4.467073059082031250e+01
-4.508520507812500000e+01
-4.549037551879882812e+01
-4.588415527343750000e+01
-4.626816558837890625e+01
-4.664031600952148438e+01
-4.700148773193359375e+01
-4.735255813598632812e+01
-4.769142913818359375e+01
-4.801972961425781250e+01
-4.833684158325195312e+01
-4.864067077636718750e+01
-4.893431854248046875e+01
-4.921567535400390625e+01
-4.948488235473632812e+01
-4.974280548095703125e+01
-4.998733901977539062e+01
-5.022083663940429688e+01
-5.044192886352539062e+01
-5.064926528930664062e+01
-5.084518432617187500e+01
-5.102832031250000000e+01
-5.119953918457031250e+01
-5.135895538330078125e+01
-5.150445175170898438e+01
-5.163763427734375000e+01
-5.175786972045898438e+01
-5.186526870727539062e+01
-5.195920181274414062e+01
-5.204200744628906250e+01
-5.211082077026367188e+01
-5.216649627685546875e+01
-5.220913314819335938e+01
-5.223883438110351562e+01
-5.225571441650390625e+01
-5.225913238525390625e+01
-5.224993896484375000e+01
-5.222824859619140625e+01
-5.219342041015625000e+01
-5.214704132080078125e+01
-5.208625030517578125e+01
-5.201114273071289062e+01
-5.192554473876953125e+01
-5.182583618164062500e+01
-5.171434783935546875e+01
-5.158894348144531250e+01
-5.145344543457031250e+01
-5.130348587036132812e+01
-5.114064788818359375e+01
-5.096725082397460938e+01
-5.078116226196289062e+01
-5.058247756958007812e+01
-5.037128067016601562e+01
-5.014915466308593750e+01
-4.991469573974609375e+01
-4.966873550415039062e+01
-4.941136550903320312e+01
-4.914192581176757812e+01
-4.886198043823242188e+01
-4.857013702392578125e+01
-4.826795196533203125e+01
-4.795477294921875000e+01
-4.763067245483398438e+01
-4.729647827148437500e+01
-4.695077896118164062e+01
-4.659439086914062500e+01
-4.622888183593750000e+01
-4.585283660888671875e+01
-4.546706771850585938e+01
-4.507164764404296875e+01
-4.466664886474609375e+01
-4.425288009643554688e+01
-4.382893371582031250e+01
-4.339783477783203125e+01
-4.295743179321289062e+01
-4.250852203369140625e+01
-4.205117416381835938e+01
-4.158693695068359375e+01
-4.111363983154296875e+01
-4.063432312011718750e+01
-4.014680480957031250e+01
-3.965189361572265625e+01
-3.915038681030273438e+01
-3.864234542846679688e+01
-3.812780380249023438e+01
-3.760749435424804688e+01
-3.708064651489257812e+01
-3.654797744750976562e+01
-3.600945663452148438e+01
-3.546653366088867188e+01
-3.491769790649414062e+01
-3.436366271972656250e+01
-3.380438995361328125e+01
-3.324133300781250000e+01
-3.267297744750976562e+01
-3.210002517700195312e+01
-3.152318954467773438e+01
-3.094168663024902344e+01
-3.035697174072265625e+01
-2.976900482177734375e+01
-2.917849540710449219e+01
-2.858317756652832031e+01
-2.798598098754882812e+01
-2.738612747192382812e+01
-2.678357887268066406e+01
-2.617904090881347656e+01
-2.557247543334960938e+01
-2.496384429931640625e+01
-2.435385131835937500e+01
-2.374245834350585938e+01
-2.312962722778320312e+01
-2.251680374145507812e+01
-2.190172004699707031e+01
-2.128805732727050781e+01
-2.067280006408691406e+01
-2.005814170837402344e+01
-1.944330024719238281e+01
-1.882898330688476562e+01
-1.821589279174804688e+01
-1.760473823547363281e+01
-1.699324989318847656e+01
-1.638510894775390625e+01
-1.577655792236328125e+01
-1.517128181457519531e+01
-1.456924057006835938e+01
-1.396891498565673828e+01
-1.337026691436767578e+01
-1.277549076080322266e+01
-1.218455219268798828e+01
-1.159592914581298828e+01
-1.100958824157714844e+01
-1.042995166778564453e+01
-9.853271484375000000e+00
-9.281000137329101562e+00
-8.714574813842773438e+00
-8.153890609741210938e+00
-7.596593856811523438e+00
-7.044052124023437500e+00
-6.497629642486572266e+00
-5.957949638366699219e+00
-5.422661781311035156e+00
-4.893134117126464844e+00
-4.368502616882324219e+00
-3.850878238677978516e+00
-3.340141296386718750e+00
-2.835431337356567383e+00
-2.336629390716552734e+00
-1.844361543655395508e+00
-1.359253406524658203e+00
-8.804449439048767090e-01
-4.093062281608581543e-01
5.502188578248023987e-02
5.119115710258483887e-01
9.622208476066589355e-01
1.403834462165832520e+00
1.838352322578430176e+00
2.264401435852050781e+00
2.683580160140991211e+00
3.094513893127441406e+00
3.496570587158203125e+00
3.891346454620361328e+00
4.277464389801025391e+00
4.654809474945068359e+00
5.023936748504638672e+00
5.384504795074462891e+00
5.736397743225097656e+00
6.079422473907470703e+00
6.413608074188232422e+00
6.738759040832519531e+00
7.055051803588867188e+00
7.362141609191894531e+00
7.660125255584716797e+00
7.948729038238525391e+00
8.228079795837402344e+00
8.497939109802246094e+00
8.758383750915527344e+00
9.009254455566406250e+00
9.250523567199707031e+00
9.482153892517089844e+00
9.704158782958984375e+00
9.916403770446777344e+00
1.011882400512695312e+01
1.031150436401367188e+01
1.049430274963378906e+01
1.066738033294677734e+01
1.083031177520751953e+01
1.098334407806396484e+01
1.112664985656738281e+01
1.125995159149169922e+01
1.138341999053955078e+01
1.149707317352294922e+01
1.160062980651855469e+01
1.169432926177978516e+01
1.177796363830566406e+01
1.185236454010009766e+01
1.191538715362548828e+01
1.197009086608886719e+01
1.201432895660400391e+01
1.204967117309570312e+01
1.207396888732910156e+01
1.208953285217285156e+01
1.209644317626953125e+01
1.209180545806884766e+01
1.207866954803466797e+01
1.205636787414550781e+01
1.202423381805419922e+01
1.198308658599853516e+01
1.193225479125976562e+01
1.187255573272705078e+01
1.180406188964843750e+01
1.172535896301269531e+01
1.163874530792236328e+01
1.154354953765869141e+01
1.143909549713134766e+01
1.132545566558837891e+01
1.120418167114257812e+01
1.107534122467041016e+01
1.093602848052978516e+01
1.079002571105957031e+01
1.063516807556152344e+01
1.047226428985595703e+01
1.030212020874023438e+01
1.012405776977539062e+01
9.938882827758789062e+00
9.745168685913085938e+00
9.545209884643554688e+00
9.336834907531738281e+00
9.122335433959960938e+00
8.901024818420410156e+00
8.672222137451171875e+00
8.437468528747558594e+00
8.196079254150390625e+00
7.948853015899658203e+00
7.695103168487548828e+00
7.434873580932617188e+00
7.169656276702880859e+00
6.899446487426757812e+00
6.622751235961914062e+00
6.341049671173095703e+00
6.053591251373291016e+00
5.761110305786132812e+00
5.464339256286621094e+00
5.161782264709472656e+00
4.854170322418212891e+00
4.542233943939208984e+00
4.225215911865234375e+00
3.904588222503662109e+00
3.579592227935791016e+00
3.250211477279663086e+00
2.917914867401123047e+00
2.580454826354980469e+00
2.239892721176147461e+00
1.895763039588928223e+00
1.548416256904602051e+00
1.198425412178039551e+00
8.445791602134704590e-01
4.880435466766357422e-01
1.287206560373306274e-01
-2.331165820360183716e-01
-5.974186658859252930e-01
-9.639878869056701660e-01
-1.332552671432495117e+00
-1.703064918518066406e+00
-2.075328111648559570e+00
-2.449146032333374023e+00
-2.824396610260009766e+00
-3.200883865356445312e+00
-3.578560590744018555e+00
-3.957082748413085938e+00
-4.336290836334228516e+00
-4.716263771057128906e+00
-5.096649169921875000e+00
-5.477235317230224609e+00
-5.857877731323242188e+00
-6.238385677337646484e+00
-6.618510246276855469e+00
-6.998349666595458984e+00
-7.377482414245605469e+00
-7.755560398101806641e+00
-8.132681846618652344e+00
-8.508568763732910156e+00
-8.882873535156250000e+00
-9.255689620971679688e+00
-9.626741409301757812e+00
-9.995760917663574219e+00
-1.036260890960693359e+01
-1.072752571105957031e+01
-1.109045410156250000e+01
-1.145022296905517578e+01
-1.180826091766357422e+01
-1.216391277313232422e+01
-1.251578235626220703e+01
-1.286544418334960938e+01
-1.321224212646484375e+01
-1.355551815032958984e+01
-1.389610195159912109e+01
-1.423333644866943359e+01
-1.456730365753173828e+01
-1.489734649658203125e+01
-1.522354602813720703e+01
-1.554598426818847656e+01
-1.586474418640136719e+01
-1.617990875244140625e+01
-1.649081230163574219e+01
-1.679753875732421875e+01
-1.710016250610351562e+01
-1.739876937866210938e+01
-1.769194984436035156e+01
-1.798126792907714844e+01
-1.826605987548828125e+01
-1.854566001892089844e+01
-1.882089233398437500e+01
-1.909034729003906250e+01
-1.935558700561523438e+01
-1.961520195007324219e+01
-1.987001800537109375e+01
-2.011936187744140625e+01
-2.036331748962402344e+01
-2.060195350646972656e+01
-2.083460998535156250e+01
-2.106284523010253906e+01
-2.128450775146484375e+01
-2.150041389465332031e+01
-2.171138381958007812e+01
-2.191600608825683594e+01
-2.211361122131347656e+01
-2.230650138854980469e+01
-2.249475097656250000e+01
-2.267546081542968750e+01
-2.285018920898437500e+01
-2.301751899719238281e+01
-2.318049621582031250e+01
-2.333695793151855469e+01
-2.348623275756835938e+01
-2.363062286376953125e+01
-2.376724243164062500e+01
-2.389692497253417969e+01
-2.402273368835449219e+01
-2.413955688476562500e+01
-2.425119781494140625e+01
-2.435626029968261719e+01
-2.445556449890136719e+01
-2.454771423339843750e+01
-2.463353157043457031e+01
-2.471384048461914062e+01
-2.478797912597656250e+01
-2.485453414916992188e+01
-2.491507339477539062e+01
-2.496966743469238281e+01
-2.501912879943847656e+01
-2.506056022644042969e+01
-2.509700202941894531e+01
-2.512628936767578125e+01
-2.514923286437988281e+01
-2.516738128662109375e+01
-2.517856788635253906e+01
-2.518359565734863281e+01
-2.518252372741699219e+01
-2.517541122436523438e+01
-2.516230773925781250e+01
-2.514327239990234375e+01
-2.511835670471191406e+01
-2.508761215209960938e+01
-2.505034446716308594e+01
-2.500734519958496094e+01
-2.496014785766601562e+01
-2.490583038330078125e+01
-2.484666252136230469e+01
-2.478195190429687500e+01
-2.471024894714355469e+01
-2.463382911682128906e+01
-2.455273818969726562e+01
-2.446478462219238281e+01
-2.437224006652832031e+01
-2.427514457702636719e+01
-2.417205619812011719e+01
-2.406375503540039062e+01
-2.395177078247070312e+01
-2.383316802978515625e+01
-2.371095848083496094e+01
-2.358370208740234375e+01
-2.345217514038085938e+01
-2.331493759155273438e+01
-2.317425537109375000e+01
-2.302867889404296875e+01
-2.287895965576171875e+01
-2.272584152221679688e+01
-2.256784057617187500e+01
-2.240570449829101562e+01
-2.223943710327148438e+01
-2.207052421569824219e+01
-2.189674377441406250e+01
-2.171958541870117188e+01
-2.153830718994140625e+01
-2.135291481018066406e+01
-2.116489791870117188e+01
-2.097351837158203125e+01
-2.077803611755371094e+01
-2.058068847656250000e+01
-2.037924385070800781e+01
-2.017519569396972656e+01
-1.996854591369628906e+01
-1.975855445861816406e+01
-1.954671096801757812e+01
-1.933153343200683594e+01
-1.911450576782226562e+01
-1.889488410949707031e+01
-1.867341804504394531e+01
-1.844935989379882812e+01
-1.822419166564941406e+01
-1.799642944335937500e+01
-1.776755332946777344e+01
-1.753681564331054688e+01
-1.730346870422363281e+01
-1.707047653198242188e+01
-1.683486175537109375e+01
-1.659884071350097656e+01
-1.636166381835937500e+01
-1.612257385253906250e+01
-1.588453006744384766e+01
-1.564454841613769531e+01
-1.540409755706787109e+01
-1.516390800476074219e+01
-1.492321491241455078e+01
-1.468125915527343750e+01
-1.444099521636962891e+01
-1.419942951202392578e+01
-1.395876789093017578e+01
-1.371824741363525391e+01
-1.347784709930419922e+01
-1.323828506469726562e+01
-1.299953651428222656e+01
-1.276009368896484375e+01
-1.252290344238281250e+01
-1.228718948364257812e+01
-1.205064773559570312e+01
-1.181690788269042969e+01
-1.158365917205810547e+01
-1.135156059265136719e+01
-1.112052822113037109e+01
-1.089122295379638672e+01
-1.066356277465820312e+01
-1.043746852874755859e+01
-1.021211719512939453e+01
-9.988915443420410156e+00
-9.767043113708496094e+00
-9.546424865722656250e+00
-9.328474044799804688e+00
-9.111629486083984375e+00
-8.897307395935058594e+00
-8.683951377868652344e+00
-8.472981452941894531e+00
-8.265072822570800781e+00
-8.057934761047363281e+00
-7.853733062744140625e+00
-7.652407646179199219e+00
-7.451671123504638672e+00
-7.255184173583984375e+00
-7.060661315917968750e+00
-6.868051052093505859e+00
-6.679531574249267578e+00
-6.492825031280517578e+00
-6.309370517730712891e+00
-6.128378868103027344e+00
-5.950549602508544922e+00
-5.775840282440185547e+00
-5.604209423065185547e+00
-5.434874057769775391e+00
-5.270024299621582031e+00
-5.108136653900146484e+00
-4.949173927307128906e+00
-4.795328617095947266e+00
-4.643593311309814453e+00
-4.496161937713623047e+00
-4.352999210357666016e+00
-4.212584018707275391e+00
-4.076368808746337891e+00
-3.944318294525146484e+00
-3.816397428512573242e+00
-3.691828250885009766e+00
-3.572061300277709961e+00
-3.455573320388793945e+00
-3.343814611434936523e+00
-3.236747503280639648e+00
-3.133288383483886719e+00
-3.034565210342407227e+00
-2.940659999847412109e+00
-2.850092887878417969e+00
-2.764356374740600586e+00
-2.682934522628784180e+00
-2.605980157852172852e+00
-2.533198356628417969e+00
-2.464889049530029297e+00
-2.400978326797485352e+00
-2.341318130493164062e+00
-2.286130905151367188e+00
-2.235192537307739258e+00
-2.188575744628906250e+00
-2.146203756332397461e+00
-2.108223438262939453e+00
-2.074260234832763672e+00
-2.044534921646118164e+00
-2.019044876098632812e+00
-1.997639417648315430e+00
-1.980317115783691406e+00
-1.967076897621154785e+00
-1.957844376564025879e+00
-1.952472090721130371e+00
-1.951185226440429688e+00
-1.953689932823181152e+00
-1.959991335868835449e+00
-1.970170974731445312e+00
-1.984014391899108887e+00
-2.001532793045043945e+00
-2.022739648818969727e+00
-2.047575950622558594e+00
-2.075836896896362305e+00
-2.107840776443481445e+00
-2.143016338348388672e+00
-2.181836605072021484e+00
-2.223958730697631836e+00
-2.269490003585815430e+00
-2.318242549896240234e+00
-2.370329856872558594e+00
-2.425570249557495117e+00
-2.484008550643920898e+00
-2.545618534088134766e+00
-2.610227823257446289e+00
-2.677964687347412109e+00
-2.748588562011718750e+00
-2.822381496429443359e+00
-2.898959875106811523e+00
-2.978462219238281250e+00
-3.060806512832641602e+00
-3.145991563796997070e+00
-3.234032869338989258e+00
-3.324803352355957031e+00
-3.418474674224853516e+00
-3.514848232269287109e+00
-3.613874197006225586e+00
-3.715728044509887695e+00
-3.820286750793457031e+00
-3.927651882171630859e+00
-4.037552833557128906e+00
-4.150238513946533203e+00
-4.265437602996826172e+00
-4.383174896240234375e+00
-4.503548622131347656e+00
-4.626432895660400391e+00
-4.751847743988037109e+00
-4.879516601562500000e+00
-5.009752750396728516e+00
-5.142199516296386719e+00
-5.277092456817626953e+00
-5.414070129394531250e+00
-5.553362846374511719e+00
-5.694677829742431641e+00
-5.838090896606445312e+00
-5.983451366424560547e+00
-6.130607128143310547e+00
-6.279624462127685547e+00
-6.430344104766845703e+00
-6.582530021667480469e+00
-6.736387729644775391e+00
-6.891526699066162109e+00
-7.047924995422363281e+00
-7.205558300018310547e+00
-7.364249229431152344e+00
-7.523969173431396484e+00
-7.684388160705566406e+00
-7.845697879791259766e+00
-8.007489204406738281e+00
-8.169801712036132812e+00
-8.332523345947265625e+00
-8.495318412780761719e+00
-8.658372879028320312e+00
-8.821200370788574219e+00
-8.983762741088867188e+00
-9.146098136901855469e+00
-9.308019638061523438e+00
-9.469346046447753906e+00
-9.630114555358886719e+00
-9.789923667907714844e+00
-9.948892593383789062e+00
0.000000000000000000e+00
0.000000000000000000e+00
0.000000000000000000e+00
0.000000000000000000e+00
0.000000000000000000e+00
0.000000000000000000e+00
0.000000000000000000e+00
0.000000000000000000e+00
0.000000000000000000e+00
0.000000000000000000e+00
0.000000000000000000e+00
0.000000000000000000e+00
0.000000000000000000e+00
0.000000000000000000e+00
0.000000000000000000e+00
0.000000000000000000e+00
0.000000000000000000e+00
0.000000000000000000e+00
0.000000000000000000e+00
0.000000000000000000e+00
0.000000000000000000e+00
0.000000000000000000e+00
0.000000000000000000e+00
0.000000000000000000e+00
0.000000000000000000e+00
0.000000000000000000e+00
0.000000000000000000e+00
0.000000000000000000e+00
0.000000000000000000e+00
0.000000000000000000e+00
0.000000000000000000e+00
0.000000000000000000e+00
0.000000000000000000e+00
0.000000000000000000e+00
0.000000000000000000e+00
0.000000000000000000e+00
0.000000000000000000e+00
0.000000000000000000e+00
0.000000000000000000e+00
0.000000000000000000e+00
0.000000000000000000e+00
0.000000000000000000e+00
0.000000000000000000e+00
0.000000000000000000e+00
0.000000000000000000e+00
0.000000000000000000e+00
0.000000000000000000e+00
0.000000000000000000e+00
0.000000000000000000e+00
0.000000000000000000e+00
0.000000000000000000e+00
0.000000000000000000e+00
0.000000000000000000e+00
0.000000000000000000e+00
0.000000000000000000e+00
0.000000000000000000e+00
0.000000000000000000e+00
0.000000000000000000e+00
0.000000000000000000e+00
0.000000000000000000e+00
0.000000000000000000e+00
0.000000000000000000e+00
0.000000000000000000e+00
0.000000000000000000e+00
0.000000000000000000e+00
0.000000000000000000e+00
0.000000000000000000e+00
0.000000000000000000e+00
0.000000000000000000e+00
0.000000000000000000e+00
0.000000000000000000e+00
0.000000000000000000e+00
0.000000000000000000e+00
0.000000000000000000e+00
0.000000000000000000e+00
0.000000000000000000e+00
0.000000000000000000e+00
0.000000000000000000e+00
0.000000000000000000e+00
0.000000000000000000e+00
0.000000000000000000e+00
0.000000000000000000e+00
0.000000000000000000e+00
0.000000000000000000e+00
0.000000000000000000e+00
0.000000000000000000e+00
0.000000000000000000e+00
0.000000000000000000e+00
0.000000000000000000e+00
0.000000000000000000e+00
0.000000000000000000e+00
0.000000000000000000e+00
0.000000000000000000e+00
0.000000000000000000e+00
0.000000000000000000e+00
0.000000000000000000e+00
0.000000000000000000e+00
0.000000000000000000e+00
0.000000000000000000e+00
0.000000000000000000e+00
