# tt
1.117599731445312500e+03
1.049121337890625000e+03
9.833768920898437500e+02
9.329099121093750000e+02
8.970136108398437500e+02
8.728936157226562500e+02
8.570406494140625000e+02
8.477274780273437500e+02
8.434317626953125000e+02
8.425394897460937500e+02
8.453208007812500000e+02
8.499487304687500000e+02
8.554290161132812500e+02
8.621981201171875000e+02
8.708104248046875000e+02
8.811605834960937500e+02
8.922398681640625000e+02
9.048419799804687500e+02
9.172810668945312500e+02
9.299714355468750000e+02
9.432470703125000000e+02
9.568773193359375000e+02
9.708702392578125000e+02
9.851937866210937500e+02
9.996993408203125000e+02
1.014629882812500000e+03
1.029843139648437500e+03
1.045417724609375000e+03
1.061275146484375000e+03
1.077228393554687500e+03
1.093469116210937500e+03
1.110026733398437500e+03
1.126770141601562500e+03
1.143682617187500000e+03
1.160697875976562500e+03
1.177809814453125000e+03
1.195305541992187500e+03
1.213174194335937500e+03
1.231162841796875000e+03
1.249394897460937500e+03
1.267641357421875000e+03
1.286050292968750000e+03
1.304471679687500000e+03
1.323276245117187500e+03
1.342388427734375000e+03
1.361658203125000000e+03
1.381009399414062500e+03
1.400514526367187500e+03
1.420395141601562500e+03
1.440426879882812500e+03
1.460834472656250000e+03
1.481248535156250000e+03
1.501597045898437500e+03
1.522105102539062500e+03
1.542998413085937500e+03
1.564206176757812500e+03
1.585732788085937500e+03
1.607433715820312500e+03
1.629312988281250000e+03
1.651671752929687500e+03
1.673917358398437500e+03
1.696274536132812500e+03
1.719041992187500000e+03
1.741849731445312500e+03
1.764992919921875000e+03
1.788305908203125000e+03
1.812065185546875000e+03
1.836026611328125000e+03
1.860318481445312500e+03
1.884780029296875000e+03
1.909437500000000000e+03
1.934251586914062500e+03
1.959257446289062500e+03
1.984564453125000000e+03
2.010124145507812500e+03
2.036000854492187500e+03
2.062249511718750000e+03
2.088702636718750000e+03
2.115489013671875000e+03
2.142517089843750000e+03
2.169850341796875000e+03
2.197405761718750000e+03
2.225247314453125000e+03
2.253217773437500000e+03
2.281385253906250000e+03
2.309975341796875000e+03
2.338548339843750000e+03
2.367481201171875000e+03
2.396631835937500000e+03
2.425930175781250000e+03
2.455526367187500000e+03
2.485419921875000000e+03
2.515388671875000000e+03
2.545655517578125000e+03
2.575923095703125000e+03
2.606637695312500000e+03
2.637576171875000000e+03
2.668590087890625000e+03
2.699902587890625000e+03
2.731365234375000000e+03
2.763349609375000000e+03
2.795261230468750000e+03
2.827397460937500000e+03
2.859684326171875000e+03
2.892196533203125000e+03
2.924636230468750000e+03
2.957449707031250000e+03
2.990414550781250000e+03
3.023456054687500000e+03
3.056648925781250000e+03
3.089991210937500000e+03
3.123555908203125000e+03
3.157192871093750000e+03
3.191049072265625000e+03
3.224899658203125000e+03
3.259040527343750000e+03
3.293321533203125000e+03
3.327592285156250000e+03
3.361999755859375000e+03
3.396393798828125000e+03
3.430846923828125000e+03
3.465357666015625000e+03
3.499924804687500000e+03
3.534471679687500000e+03
3.569071533203125000e+03
3.603648193359375000e+03
3.638199707031250000e+03
3.672799316406250000e+03
3.707371337890625000e+03
3.741914062500000000e+03
3.776502929687500000e+03
3.810990234375000000e+03
3.845452148437500000e+03
3.879890136718750000e+03
3.914156250000000000e+03
3.948401123046875000e+03
3.982551513671875000e+03
4.016460205078125000e+03
4.050425781250000000e+03
4.084152587890625000e+03
4.117864257812500000e+03
4.151488281250000000e+03
4.184877441406250000e+03
4.218107421875000000e+03
4.251402343750000000e+03
4.284317382812500000e+03
4.317077636718750000e+03
4.349757812500000000e+03
4.382137207031250000e+03
4.414365234375000000e+03
4.446291503906250000e+03
4.478063476562500000e+03
4.509604980468750000e+03
4.540915039062500000e+03
4.571842773437500000e+03
4.602684082031250000e+03
4.633214355468750000e+03
4.663431640625000000e+03
4.693409179687500000e+03
4.723145507812500000e+03
4.752564453125000000e+03
4.781812988281250000e+03
4.810592285156250000e+03
4.839198242187500000e+03
4.867480468750000000e+03
4.895511718750000000e+03
4.923067382812500000e+03
4.950294921875000000e+03
4.977192382812500000e+03
5.003609863281250000e+03
5.029620117187500000e+03
5.055146972656250000e+03
5.080337402343750000e+03
5.105116210937500000e+03
5.129333496093750000e+03
5.153137207031250000e+03
5.176453613281250000e+03
5.199284179687500000e+03
5.221776367187500000e+03
5.243708984375000000e+03
5.265155761718750000e+03
5.286044433593750000e+03
5.306521484375000000e+03
5.326515136718750000e+03
5.345653320312500000e+03
5.364605468750000000e+03
5.383000976562500000e+03
5.400765136718750000e+03
5.418344238281250000e+03
5.434996582031250000e+03
5.451241699218750000e+03
5.466857421875000000e+03
5.482067382812500000e+03
5.496648925781250000e+03
5.510602539062500000e+03
5.524077148437500000e+03
5.536998535156250000e+03
5.549368164062500000e+03
5.561185058593750000e+03
5.572376464843750000e+03
5.583016601562500000e+03
5.593032226562500000e+03
5.602349121093750000e+03
5.611115722656250000e+03
5.619184570312500000e+03
5.626705078125000000e+03
5.633454589843750000e+03
5.639581542968750000e+03
5.645086914062500000e+03
5.649971679687500000e+03
5.654086425781250000e+03
5.657655761718750000e+03
5.660530273437500000e+03
5.662786621093750000e+03
5.664349121093750000e+03
5.665367675781250000e+03
5.665693847656250000e+03
5.665402832031250000e+03
5.664494628906250000e+03
5.662970214843750000e+03
5.660829589843750000e+03
5.657924804687500000e+03
5.654553710937500000e+03
5.650493164062500000e+03
5.645818847656250000e+03
5.640456542968750000e+03
5.634555175781250000e+03
5.628041015625000000e+03
5.620840332031250000e+03
5.612953613281250000e+03
5.604529296875000000e+03
5.595494140625000000e+03
5.585700683593750000e+03
5.575371093750000000e+03
5.564357421875000000e+03
5.552734863281250000e+03
5.540503906250000000e+03
5.527739257812500000e+03
5.514218261718750000e+03
5.500238769531250000e+03
5.485652343750000000e+03
5.470459960937500000e+03
5.454661621093750000e+03
5.438258300781250000e+03
5.421324218750000000e+03
5.403859863281250000e+03
5.385791992187500000e+03
5.367269042968750000e+03
5.348143554687500000e+03
5.328563964843750000e+03
5.308308105468750000e+03
5.287748046875000000e+03
5.266586425781250000e+03
5.244898925781250000e+03
5.222759765625000000e+03
5.200169433593750000e+03
5.177054199218750000e+03
5.153488769531250000e+03
5.129548339843750000e+03
5.105083984375000000e+03
5.080096679687500000e+03
5.054958496093750000e+03
5.029223632812500000e+03
5.002966796875000000e+03
4.976411621093750000e+03
4.949335449218750000e+03
4.921887695312500000e+03
4.893919921875000000e+03
4.865729492187500000e+03
4.837094238281250000e+03
4.808237304687500000e+03
4.778936035156250000e+03
4.749339843750000000e+03
4.719375000000000000e+03
4.689189941406250000e+03
4.658562500000000000e+03
4.627715332031250000e+03
4.596575195312500000e+03
4.565142578125000000e+03
4.533565917968750000e+03
4.501548828125000000e+03
4.469388183593750000e+03
4.437011230468750000e+03
4.404417480468750000e+03
4.371533203125000000e+03
4.338432617187500000e+03
4.305190917968750000e+03
4.271733886718750000e+03
4.238136718750000000e+03
4.204399414062500000e+03
4.170224609375000000e+03
4.136207519531250000e+03
4.101902832031250000e+03
4.067682128906250000e+03
4.033174560546875000e+03
3.998603027343750000e+03
3.963819580078125000e+03
3.929047119140625000e+03
3.894137207031250000e+03
3.859165283203125000e+03
3.824205078125000000e+03
3.789182128906250000e+03
3.754097167968750000e+03
3.719023925781250000e+03
3.683888427734375000e+03
3.648764648437500000e+03
3.613653076171875000e+03
3.578627685546875000e+03
3.543540527343750000e+03
3.508539306640625000e+03
3.473624511718750000e+03
3.438722167968750000e+03
3.403905761718750000e+03
3.369176025390625000e+03
3.334532714843750000e+03
3.299975830078125000e+03
3.265505371093750000e+03
3.231195556640625000e+03
3.197046630859375000e+03
3.162984375000000000e+03
3.129082763671875000e+03
3.095341796875000000e+03
3.061761718750000000e+03
3.028416503906250000e+03
2.995157958984375000e+03
2.962134277343750000e+03
2.929345458984375000e+03
2.896717529296875000e+03
2.864324462890625000e+03
2.832240722656250000e+03
2.800317626953125000e+03
2.768628906250000000e+03
2.737249755859375000e+03
2.706031005859375000e+03
2.675121337890625000e+03
2.644520507812500000e+03
2.614154296875000000e+03
2.584171630859375000e+03
2.554423339843750000e+03
2.524909179687500000e+03
2.495778564453125000e+03
2.466956298828125000e+03
2.438517089843750000e+03
2.410312011718750000e+03
2.382489990234375000e+03
2.354976318359375000e+03
2.327844970703125000e+03
2.301022216796875000e+03
2.274582031250000000e+03
2.248672851562500000e+03
2.222922607421875000e+03
2.197628417968750000e+03
2.172641113281250000e+03
2.148108642578125000e+03
2.123956787109375000e+03
2.100184570312500000e+03
2.076865966796875000e+03
2.053852050781250000e+03
2.031291137695312500e+03
2.009108276367187500e+03
1.987377319335937500e+03
1.966023681640625000e+03
1.945121215820312500e+03
1.924594970703125000e+03
1.904519165039062500e+03
1.884893188476562500e+03
1.865568237304687500e+03
1.846840698242187500e+03
1.828487792968750000e+03
1.810508789062500000e+03
1.792977539062500000e+03
1.775893920898437500e+03
1.759257446289062500e+03
1.742993408203125000e+03
1.727249877929687500e+03
1.711952392578125000e+03
1.697026245117187500e+03
1.682545288085937500e+03
1.668583496093750000e+03
1.654991821289062500e+03
1.641770019531250000e+03
1.629066406250000000e+03
1.616880493164062500e+03
1.604989135742187500e+03
1.593614746093750000e+03
1.582608398437500000e+03
1.572044189453125000e+03
1.561921630859375000e+03
1.552240600585937500e+03
1.543000488281250000e+03
1.534126831054687500e+03
1.525767822265625000e+03
1.517774658203125000e+03
1.510146972656250000e+03
1.503032958984375000e+03
1.496209350585937500e+03
1.489898803710937500e+03
1.483952514648437500e+03
1.478369995117187500e+03
1.473225463867187500e+03
1.468518676757812500e+03
1.464175659179687500e+03
1.460196411132812500e+03
1.456655395507812500e+03
1.453403808593750000e+03
1.450590698242187500e+03
1.448141723632812500e+03
1.446131103515625000e+03
1.444410522460937500e+03
1.443128784179687500e+03
1.442137084960937500e+03
1.441510009765625000e+03
1.441173339843750000e+03
1.441275634765625000e+03
1.441668701171875000e+03
1.442352416992187500e+03
1.443401245117187500e+03
1.444815307617187500e+03
1.446520385742187500e+03
1.448591064453125000e+03
1.450952880859375000e+03
1.453531982421875000e+03
1.456402465820312500e+03
1.459639038085937500e+03
1.463167480468750000e+03
1.466913574218750000e+03
1.470951782226562500e+03
1.475208007812500000e+03
1.479830932617187500e+03
1.484672119140625000e+03
1.489657592773437500e+03
1.495010253906250000e+03
1.500507446289062500e+03
1.506223632812500000e+03
1.512233398437500000e+03
1.518462524414062500e+03
1.524837036132812500e+03
1.531505493164062500e+03
1.538319702148437500e+03
1.545354248046875000e+03
1.552460571289062500e+03
1.559861938476562500e+03
1.567409790039062500e+03
1.575104614257812500e+03
1.582872192382812500e+03
1.590861328125000000e+03
1.598923828125000000e+03
1.607208374023437500e+03
1.615641113281250000e+03
1.624147949218750000e+03
1.632728881835937500e+03
1.641533325195312500e+03
1.650338134765625000e+03
1.659218383789062500e+03
1.668322509765625000e+03
1.677354003906250000e+03
1.686535888671875000e+03
1.695793945312500000e+03
1.705128906250000000e+03
1.714466552734375000e+03
1.723881469726562500e+03
1.733299682617187500e+03
1.742721679687500000e+03
1.752147216796875000e+03
1.761651611328125000e+03
1.771234863281250000e+03
1.780748535156250000e+03
1.790267578125000000e+03
1.799866333007812500e+03
1.809247924804687500e+03
1.818784301757812500e+03
1.828252807617187500e+03
1.837728027343750000e+03
1.847210327148437500e+03
1.856551391601562500e+03
1.865825805664062500e+03
1.875108154296875000e+03
1.884324584960937500e+03
1.893475219726562500e+03
1.902560424804687500e+03
1.911654785156250000e+03
1.920535888671875000e+03
1.929278198242187500e+03
1.938104614257812500e+03
1.946793090820312500e+03
1.955343505859375000e+03
1.963756469726562500e+03
1.972106323242187500e+03
1.980393554687500000e+03
1.988395385742187500e+03
1.996409423828125000e+03
2.004287109375000000e+03
2.012029296875000000e+03
2.019561279296875000e+03
2.026958251953125000e+03
2.034220214843750000e+03
2.041347290039062500e+03
2.048414550781250000e+03
2.055273193359375000e+03
2.061849365234375000e+03
2.068441162109375000e+03
2.074751708984375000e+03
2.080855712890625000e+03
2.086977294921875000e+03
2.092745117187500000e+03
2.098457031250000000e+03
2.103891113281250000e+03
2.109196044921875000e+03
2.114224121093750000e+03
2.119198974609375000e+03
2.123897949218750000e+03
2.128470703125000000e+03
2.132843017578125000e+03
2.137015869140625000e+03
2.140989990234375000e+03
2.144691406250000000e+03
2.148269287109375000e+03
2.151724121093750000e+03
2.154908447265625000e+03
2.157822265625000000e+03
2.160540771484375000e+03
2.163138671875000000e+03
2.165542724609375000e+03
2.167604248046875000e+03
2.169546630859375000e+03
2.171445556640625000e+03
2.173003662109375000e+03
2.174370605468750000e+03
2.175472167968750000e+03
2.176606445312500000e+03
2.177328125000000000e+03
2.177860351562500000e+03
2.178204101562500000e+03
2.178359619140625000e+03
2.178327636718750000e+03
2.178182617187500000e+03
2.177702392578125000e+03
2.177110351562500000e+03
2.176333007812500000e+03
2.175295898437500000e+03
2.174148681640625000e+03
2.172743164062500000e+03
2.171228027343750000e+03
2.169455566406250000e+03
2.167574707031250000e+03
2.165437255859375000e+03
2.163192382812500000e+03
2.160765869140625000e+03
2.158158935546875000e+03
2.155445556640625000e+03
2.152477294921875000e+03
2.149402587890625000e+03
2.146146972656250000e+03
2.142710449218750000e+03
2.139092773437500000e+03
2.135367919921875000e+03
2.131461425781250000e+03
2.127373291015625000e+03
2.123251953125000000e+03
2.118800048828125000e+03
2.114388671875000000e+03
2.109794677734375000e+03
2.105092773437500000e+03
2.100207519531250000e+03
2.095213867187500000e+03
2.090111572265625000e+03
2.084899658203125000e+03
2.079504394531250000e+03
2.074073730468750000e+03
2.068458984375000000e+03
2.062734375000000000e+03
2.056973876953125000e+03
2.051102783203125000e+03
2.045121215820312500e+03
2.039102905273437500e+03
2.032899414062500000e+03
2.026658569335937500e+03
2.020380737304687500e+03
2.014065185546875000e+03
2.007489013671875000e+03
2.000949340820312500e+03
1.994371215820312500e+03
1.987754760742187500e+03
1.981099609375000000e+03
1.974330932617187500e+03
1.967597534179687500e+03
1.960750366210937500e+03
1.953863281250000000e+03
1.946936157226562500e+03
1.940043212890625000e+03
1.933109497070312500e+03
1.926135253906250000e+03
1.919045410156250000e+03
1.911988647460937500e+03
1.905038696289062500e+03
1.898046875000000000e+03
1.891235717773437500e+03
1.884307861328125000e+03
1.877337280273437500e+03
1.870397705078125000e+03
1.863488525390625000e+03
1.856534667968750000e+03
1.849757934570312500e+03
1.842935058593750000e+03
1.836213500976562500e+03
1.829295043945312500e+03
1.822625000000000000e+03
1.816053955078125000e+03
1.809431884765625000e+03
1.802907348632812500e+03
1.796479003906250000e+03
1.789997192382812500e+03
1.783684326171875000e+03
1.777391113281250000e+03
1.771190551757812500e+03
1.765156372070312500e+03
1.759138916015625000e+03
1.753137451171875000e+03
1.747373901367187500e+03
1.741550292968750000e+03
1.735888793945312500e+03
1.730388183593750000e+03
1.724899414062500000e+03
1.719495483398437500e+03
1.714250244140625000e+03
1.709162597656250000e+03
1.704157348632812500e+03
1.699308105468750000e+03
1.694465332031250000e+03
1.689776733398437500e+03
1.685315795898437500e+03
1.680858642578125000e+03
1.676627441406250000e+03
1.672547119140625000e+03
1.668468139648437500e+03
1.664612548828125000e+03
1.660905273437500000e+03
1.657345214843750000e+03
1.653932006835937500e+03
1.650664428710937500e+03
1.647467407226562500e+03
1.644488891601562500e+03
1.641728027343750000e+03
1.639035278320312500e+03
1.636484130859375000e+03
1.634222656250000000e+03
1.631952392578125000e+03
1.629970092773437500e+03
1.628126220703125000e+03
1.626420043945312500e+03
1.624850708007812500e+03
1.623566284179687500e+03
1.622342773437500000e+03
1.621253784179687500e+03
1.620447387695312500e+03
1.619774047851562500e+03
1.619158813476562500e+03
1.618898071289062500e+03
1.618768188476562500e+03
1.618768432617187500e+03
1.618972412109375000e+03
1.619305053710937500e+03
1.619839965820312500e+03
1.620502075195312500e+03
1.621364990234375000e+03
1.622428100585937500e+03
1.623541992187500000e+03
1.625003173828125000e+03
1.626513916015625000e+03
1.628296142578125000e+03
1.630126464843750000e+03
1.632226928710937500e+03
1.634448608398437500e+03
1.636864624023437500e+03
1.639400268554687500e+03
1.642129272460937500e+03
1.645050781250000000e+03
1.648089965820312500e+03
1.651394531250000000e+03
1.654815551757812500e+03
1.658352172851562500e+03
1.662152465820312500e+03
1.665992675781250000e+03
1.669946655273437500e+03
1.674088134765625000e+03
1.678490478515625000e+03
1.682930541992187500e+03
1.687556030273437500e+03
1.692292114257812500e+03
1.697212402343750000e+03
1.702242187500000000e+03
1.707454956054687500e+03
1.712701782226562500e+03
1.718204711914062500e+03
1.723814575195312500e+03
1.729530883789062500e+03
1.735353149414062500e+03
1.741280761718750000e+03
1.747387329101562500e+03
1.753598022460937500e+03
1.759912963867187500e+03
1.766331787109375000e+03
1.772854614257812500e+03
1.779407104492187500e+03
1.786137817382812500e+03
1.792898193359375000e+03
1.799910766601562500e+03
1.806878662109375000e+03
1.814024658203125000e+03
1.821199951171875000e+03
1.828479125976562500e+03
1.835936523437500000e+03
1.843274414062500000e+03
1.850790527343750000e+03
1.858410522460937500e+03
1.866059936523437500e+03
1.873738769531250000e+03
1.881521850585937500e+03
1.889259887695312500e+03
1.897250610351562500e+03
1.905122192382812500e+03
1.913098144531250000e+03
1.921103881835937500e+03
1.929139404296875000e+03
1.937279174804687500e+03
1.945374633789062500e+03
1.953500488281250000e+03
1.961656127929687500e+03
1.969767944335937500e+03
1.978058715820312500e+03
1.986231445312500000e+03
1.994508789062500000e+03
2.002742675781250000e+03
2.011007080078125000e+03
2.019153930664062500e+03
2.027406005859375000e+03
2.035540649414062500e+03
2.043706420898437500e+03
2.051829101562500000e+03
2.059983398437500000e+03
2.068094726562500000e+03
2.076163574218750000e+03
2.084264160156250000e+03
2.092248046875000000e+03
2.100115478515625000e+03
2.107940429687500000e+03
2.115797851562500000e+03
2.123613525390625000e+03
2.131312988281250000e+03
2.138970947265625000e+03
2.146588134765625000e+03
2.154090820312500000e+03
2.161480224609375000e+03
2.168905517578125000e+03
2.176070312500000000e+03
2.183346923828125000e+03
2.190364746093750000e+03
2.197421875000000000e+03
2.204295898437500000e+03
2.211062500000000000e+03
2.217870605468750000e+03
2.224423828125000000e+03
2.230946289062500000e+03
2.237290039062500000e+03
2.243604248046875000e+03
2.249741210937500000e+03
2.255776367187500000e+03
2.261709960937500000e+03
2.267468994140625000e+03
2.273128417968750000e+03
2.278614746093750000e+03
2.284002929687500000e+03
2.289219726562500000e+03
2.294414550781250000e+03
2.299290527343750000e+03
2.304072021484375000e+03
2.308907958984375000e+03
2.313353515625000000e+03
2.317706542968750000e+03
2.321968017578125000e+03
2.325990234375000000e+03
2.329922363281250000e+03
2.333690917968750000e+03
2.337222167968750000e+03
2.340666015625000000e+03
2.343874267578125000e+03
2.346922363281250000e+03
2.349810546875000000e+03
2.352614501953125000e+03
2.355185546875000000e+03
2.357599853515625000e+03
2.359782714843750000e+03
2.361736083984375000e+03
2.363534179687500000e+03
2.365326416015625000e+03
2.366742431640625000e+03
2.368005615234375000e+03
2.369116943359375000e+03
2.370076904296875000e+03
2.370812255859375000e+03
2.371249023437500000e+03
2.371685791015625000e+03
2.371825439453125000e+03
2.371892578125000000e+03
2.371664306640625000e+03
2.371216308593750000e+03
2.370549072265625000e+03
2.369811767578125000e+03
2.368782958984375000e+03
2.367537109375000000e+03
2.366149414062500000e+03
2.364546386718750000e+03
2.362877685546875000e+03
2.360920654296875000e+03
2.358676513671875000e+03
2.356294189453125000e+03
2.353849121093750000e+03
2.351118652343750000e+03
2.348252441406250000e+03
2.345102539062500000e+03
2.341818115234375000e+03
2.338326171875000000e+03
2.334552246093750000e+03
2.330720458984375000e+03
2.326608398437500000e+03
2.322291259765625000e+03
2.317917968750000000e+03
2.313266845703125000e+03
2.308486572265625000e+03
2.303503662109375000e+03
2.298318603515625000e+03
2.293007080078125000e+03
2.287420166015625000e+03
2.281781982421875000e+03
2.275795898437500000e+03
2.269759521484375000e+03
2.263524902343750000e+03
2.257018310546875000e+03
2.250463623046875000e+03
2.243712158203125000e+03
2.236764892578125000e+03
2.229696777343750000e+03
2.222359863281250000e+03
2.214976806640625000e+03
2.207475097656250000e+03
2.199854248046875000e+03
2.192041015625000000e+03
2.183961669921875000e+03
2.175913574218750000e+03
2.167600097656250000e+03
2.159170410156250000e+03
2.150624755859375000e+03
2.141888427734375000e+03
2.132962646484375000e+03
2.124069824218750000e+03
2.114913085937500000e+03
2.105641601562500000e+03
2.096255126953125000e+03
2.086828613281250000e+03
2.077213134765625000e+03
2.067483398437500000e+03
2.057639892578125000e+03
2.047682495117187500e+03
2.037462768554687500e+03
2.027501220703125000e+03
2.017203247070312500e+03
2.006866577148437500e+03
1.996416625976562500e+03
1.985854125976562500e+03
1.975253051757812500e+03
1.964539428710937500e+03
1.953713378906250000e+03
1.942849121093750000e+03
1.931872802734375000e+03
1.920784423828125000e+03
1.909806884765625000e+03
1.898568969726562500e+03
1.887367919921875000e+03
1.876129516601562500e+03
1.864779541015625000e+03
1.853392456054687500e+03
1.842042602539062500e+03
1.830507202148437500e+03
1.818934936523437500e+03
1.807400146484375000e+03
1.795754394531250000e+03
1.784220458984375000e+03
1.772427246093750000e+03
1.760745971679687500e+03
1.749102539062500000e+03
1.737422973632812500e+03
1.725632568359375000e+03
1.713954589843750000e+03
1.702166137695312500e+03
1.690415771484375000e+03
1.678629516601562500e+03
1.666955688476562500e+03
1.655245971679687500e+03
1.643500488281250000e+03
1.631867431640625000e+03
1.620197875976562500e+03
1.608416870117187500e+03
1.596895141601562500e+03
1.585260253906250000e+03
1.573660522460937500e+03
1.562169311523437500e+03
1.550785888671875000e+03
1.539360961914062500e+03
1.527894042968750000e+03
1.516532836914062500e+03
1.505202392578125000e+03
1.493679077148437500e+03
1.482556640625000000e+03
1.471314331054687500e+03
1.460248657226562500e+03
1.449135864257812500e+03
1.438198364257812500e+03
1.427286743164062500e+03
1.416400634765625000e+03
1.405687377929687500e+03
1.394923950195312500e+03
1.384257934570312500e+03
1.373688720703125000e+03
1.363290039062500000e+03
1.352838256835937500e+03
1.342555664062500000e+03
1.332367309570312500e+03
1.322198120117187500e+03
1.312196044921875000e+03
1.302211914062500000e+03
1.292393676757812500e+03
1.282666381835937500e+03
1.273029418945312500e+03
1.263481933593750000e+03
1.254097900390625000e+03
1.244727905273437500e+03
1.235519897460937500e+03
1.226473388671875000e+03
1.217438964843750000e+03
1.208564819335937500e+03
1.199775878906250000e+03
1.191220092773437500e+03
1.182748535156250000e+03
1.174360229492187500e+03
1.166129150390625000e+03
1.157980346679687500e+03
1.149838867187500000e+03
1.142001342773437500e+03
1.134244262695312500e+03
1.126641479492187500e+03
1.119191894531250000e+03
1.111820800781250000e+03
1.104601440429687500e+03
1.097458740234375000e+03
1.090466308593750000e+03
1.083697509765625000e+03
1.076928710937500000e+03
1.070456420898437500e+03
1.064057006835937500e+03
1.057729492187500000e+03
1.051622070312500000e+03
1.045659301757812500e+03
1.039840698242187500e+03
1.034091064453125000e+03
1.028558349609375000e+03
1.023093139648437500e+03
1.017769165039062500e+03
1.012659851074218750e+03
1.007690246582031250e+03
1.002785400390625000e+03
9.980188598632812500e+02
9.933898925781250000e+02
9.889722290039062500e+02
9.846907958984375000e+02
9.805449218750000000e+02
9.765339965820312500e+02
9.725828857421875000e+02
9.689141235351562500e+02
9.653039550781250000e+02
9.618260498046875000e+02
9.584799194335937500e+02
9.553390502929687500e+02
9.522543334960937500e+02
9.493737792968750000e+02
9.465480957031250000e+02
9.438510131835937500e+02
9.413562622070312500e+02
9.389889526367187500e+02
9.367485351562500000e+02
9.346343383789062500e+02
9.326458129882812500e+02
9.307081298828125000e+02
9.289694213867187500e+02
9.274290161132812500e+02
9.259378051757812500e+02
9.245695190429687500e+02
9.233236083984375000e+02
9.221997680664062500e+02
9.211971435546875000e+02
9.203154907226562500e+02
9.194804077148437500e+02
9.188401489257812500e+02
9.183204956054687500e+02
9.179955444335937500e+02
9.177166748046875000e+02
9.174838256835937500e+02
9.171482543945312500e+02
9.171557006835937500e+02
9.172832641601562500e+02
9.174564208984375000e+02
9.177495117187500000e+02
9.181625366210937500e+02
9.186953735351562500e+02
9.191992797851562500e+02
9.198973388671875000e+02
9.207149047851562500e+02
9.215780029296875000e+02
9.224863281250000000e+02
9.235885620117187500e+02
9.247359619140625000e+02
9.259287109375000000e+02
9.272409057617187500e+02
9.285983886718750000e+02
9.300010375976562500e+02
9.317460327148437500e+02
9.333133544921875000e+02
9.349258422851562500e+02
9.366577758789062500e+02
9.384349365234375000e+02
9.401087036132812500e+02
9.420505981445312500e+02
9.439635009765625000e+02
9.460701904296875000e+02
9.481477661132812500e+02
9.502707519531250000e+02
9.524390258789062500e+02
9.547269897460937500e+02
9.570603637695312500e+02
9.592905883789062500e+02
9.617147827148437500e+02
9.641102294921875000e+02
9.665512695312500000e+02
9.691122436523437500e+02
9.715702514648437500e+02
9.741482543945312500e+02
9.767719726562500000e+02
9.792930297851562500e+02
9.819342041015625000e+02
9.845470581054687500e+02
9.872059936523437500e+02
9.899114379882812500e+02
9.925153198242187500e+02
9.951668090820312500e+02
9.977919921875000000e+02
1.000465881347656250e+03
1.003188842773437500e+03
1.006035888671875000e+03
1.008784423828125000e+03
1.011509460449218750e+03
1.014211425781250000e+03
1.016965087890625000e+03
1.019548217773437500e+03
1.022258544921875000e+03
1.024947875976562500e+03
1.027542480468750000e+03
1.030265869140625000e+03
1.032895629882812500e+03
1.035506469726562500e+03
1.038173339843750000e+03
1.040673828125000000e+03
1.043231445312500000e+03
1.045846557617187500e+03
1.048296875000000000e+03
1.050805786132812500e+03
1.053225219726562500e+03
1.055704345703125000e+03
1.058020629882812500e+03
1.060323242187500000e+03
1.062687133789062500e+03
1.064889648437500000e+03
1.067079956054687500e+03
1.069258789062500000e+03
1.071426269531250000e+03
1.073508789062500000e+03
1.075581176757812500e+03
1.077569580078125000e+03
1.079474365234375000e+03
1.081370361328125000e+03
1.083183593750000000e+03
1.084989135742187500e+03
1.086787231445312500e+03
1.088429687500000000e+03
1.089917114257812500e+03
1.091546997070312500e+03
1.093022827148437500e+03
1.094418945312500000e+03
1.095810424804687500e+03
1.097123168945312500e+03
1.098357666015625000e+03
1.099514282226562500e+03
1.100742553710937500e+03
1.101745605468750000e+03
1.102747192382812500e+03
1.103599243164062500e+03
1.104451171875000000e+03
1.105229248046875000e+03
1.105933959960937500e+03
1.106491943359375000e+03
1.107052246093750000e+03
1.107466918945312500e+03
1.107959472656250000e+03
1.108233398437500000e+03
1.108437866210937500e+03
1.108647827148437500e+03
1.108789428710937500e+03
1.108789062500000000e+03
1.108721679687500000e+03
1.108661987304687500e+03
1.108462280273437500e+03
1.108197143554687500e+03
1.107867187500000000e+03
1.107398803710937500e+03
1.106941162109375000e+03
1.106345947265625000e+03
1.105688354492187500e+03
1.104968627929687500e+03
1.104187377929687500e+03
1.103345458984375000e+03
1.102294189453125000e+03
1.101331787109375000e+03
1.100235839843750000e+03
1.099006469726562500e+03
1.097793090820312500e+03
1.096447631835937500e+03
1.095044799804687500e+03
1.093584960937500000e+03
1.092068725585937500e+03
1.090496582031250000e+03
1.088794677734375000e+03
1.087037719726562500e+03
1.085226196289062500e+03
1.083360473632812500e+03
1.081292602539062500e+03
1.079319946289062500e+03
1.077220336914062500e+03
1.075068359375000000e+03
1.072790039062500000e+03
1.070534545898437500e+03
1.068153564453125000e+03
1.065796142578125000e+03
1.063239501953125000e+03
1.060781127929687500e+03
1.058197998046875000e+03
1.055564819335937500e+03
1.052807128906250000e+03
1.049999389648437500e+03
1.047216186523437500e+03
1.044383056640625000e+03
1.041351562500000000e+03
1.038419311523437500e+03
1.035363037109375000e+03
1.032257446289062500e+03
1.029176635742187500e+03
1.025972290039062500e+03
1.022644348144531250e+03
1.019415832519531250e+03
1.016063903808593750e+03
1.012737182617187500e+03
1.009361450195312500e+03
1.005862304687500000e+03
1.002388610839843750e+03
9.988659667968750000e+02
9.952943725585937500e+02
9.916740112304687500e+02
9.879303588867187500e+02
9.842865600585937500e+02
9.805196533203125000e+02
9.768525390625000000e+02
9.730623779296875000e+02
9.692977294921875000e+02
9.654100341796875000e+02
9.615478515625000000e+02
9.576369628906250000e+02
9.537516479492187500e+02
9.498175048828125000e+02
9.459088745117187500e+02
9.419515991210937500e+02
9.379454956054687500e+02
9.339649047851562500e+02
9.299355468750000000e+02
9.259317016601562500e+02
9.218790283203125000e+02
9.178518066406250000e+02
9.138501586914062500e+02
9.097252807617187500e+02
9.057001342773437500e+02
9.016260986328125000e+02
8.975773925781250000e+02
8.934798583984375000e+02
8.894819335937500000e+02
8.853601074218750000e+02
8.813372192382812500e+02
8.772637939453125000e+02
8.732139892578125000e+02
8.691871948242187500e+02
8.652571411132812500e+02
8.612749023437500000e+02
8.572399902343750000e+02
8.533004760742187500e+02
8.493072509765625000e+02
8.454085083007812500e+02
8.414552001953125000e+02
8.375954589843750000e+02
8.337545166015625000e+02
8.299317626953125000e+02
8.259782714843750000e+02
8.221907348632812500e+02
8.183457641601562500e+02
8.145916137695312500e+02
8.108533325195312500e+02
8.071305541992187500e+02
8.034227905273437500e+02
7.997296142578125000e+02
7.961248168945312500e+02
7.925336303710937500e+02
7.890300292968750000e+02
7.854647216796875000e+02
7.819861450195312500e+02
7.783706054687500000e+02
7.749151611328125000e+02
7.714705810546875000e+02
7.681851806640625000e+02
7.648354492187500000e+02
7.617925415039062500e+02
7.586101684570312500e+02
7.554365844726562500e+02
7.523455200195312500e+02
7.492624511718750000e+02
7.461867675781250000e+02
7.432667846679687500e+02
7.402791137695312500e+02
7.373720092773437500e+02
7.345449829101562500e+02
7.317976684570312500e+02
7.290554199218750000e+02
7.263178100585937500e+02
7.236586914062500000e+02
7.210778198242187500e+02
7.185747680664062500e+02
7.160747680664062500e+02
7.137259521484375000e+02
7.113047485351562500e+02
7.089592285156250000e+02
7.066887817382812500e+02
7.045671386718750000e+02
7.024451904296875000e+02
7.003222656250000000e+02
6.982722167968750000e+02
6.962944335937500000e+02
6.943883666992187500e+02
6.925534667968750000e+02
6.907891845703125000e+02
6.890208129882812500e+02
6.873963012695312500e+02
6.857666015625000000e+02
6.842055053710937500e+02
6.827198486328125000e+02
6.813092651367187500e+02
6.799359741210937500e+02
6.786367797851562500e+02
6.773812866210937500e+02
6.761691894531250000e+02
6.750296630859375000e+02
6.739473876953125000e+02
6.729144897460937500e+02
6.719453735351562500e+02
6.710321044921875000e+02
6.701816406250000000e+02
6.693937377929687500e+02
6.686602172851562500e+02
6.679883422851562500e+02
6.673701171875000000e+02
6.668126220703125000e+02
6.663004150390625000e+02
6.658481445312500000e+02
6.654552612304687500e+02
6.651214599609375000e+02
6.648388671875000000e+02
6.646069946289062500e+02
6.644329833984375000e+02
6.643088989257812500e+02
6.642345581054687500e+02
6.642242431640625000e+02
6.642553710937500000e+02
6.643349609375000000e+02
6.644700927734375000e+02
6.646530151367187500e+02
6.648758544921875000e+02
6.651605834960937500e+02
6.654920654296875000e+02
6.658625488281250000e+02
6.662794189453125000e+02
6.667425537109375000e+02
6.672516479492187500e+02
6.677918701171875000e+02
6.683926391601562500e+02
6.690316772460937500e+02
6.697013549804687500e+02
6.704238281250000000e+02
6.711767578125000000e+02
6.719971313476562500e+02
6.728328247070312500e+02
6.737133789062500000e+02
6.746240234375000000e+02
6.755793457031250000e+02
6.765718994140625000e+02
6.775867309570312500e+02
6.786386108398437500e+02
6.797200317382812500e+02
6.808309326171875000e+02
6.819786987304687500e+02
6.831557617187500000e+02
6.843621215820312500e+02
6.855903320312500000e+02
6.868551025390625000e+02
6.881267700195312500e+02
6.894423828125000000e+02
6.907722167968750000e+02
6.921235961914062500e+02
6.935040283203125000e+02
6.948911132812500000e+02
6.963071289062500000e+02
6.977372436523437500e+02
6.991814575195312500e+02
7.006470947265625000e+02
7.021268310546875000e+02
7.036130981445312500e+02
7.051207885742187500e+02
7.066351318359375000e+02
7.081560058593750000e+02
7.096834716796875000e+02
7.112249145507812500e+02
7.127729492187500000e+02
7.143127441406250000e+02
7.158665161132812500e+02
7.174268798828125000e+02
7.189790039062500000e+02
7.205451049804687500e+02
7.220955200195312500e+02
7.236525878906250000e+02
7.251943359375000000e+02
7.267434692382812500e+02
7.282780761718750000e+02
7.298208007812500000e+02
7.313571777343750000e+02
7.328801879882812500e+02
7.343826293945312500e+02
7.358799438476562500e+02
7.373500976562500000e+02
7.388306274414062500e+02
7.402773437500000000e+02
7.417202758789062500e+02
7.431228027343750000e+02
7.445964965820312500e+02
7.459783935546875000e+02
7.473432006835937500e+02
7.487655639648437500e+02
7.500971069335937500e+02
7.514125366210937500e+02
7.527123413085937500e+02
7.539967041015625000e+02
7.552659912109375000e+02
7.565206298828125000e+02
7.577609863281250000e+02
7.589872436523437500e+02
7.601998901367187500e+02
7.613991088867187500e+02
7.625111083984375000e+02
7.636104125976562500e+02
7.646973266601562500e+02
7.656236572265625000e+02
7.666869506835937500e+02
7.675902099609375000e+02
7.684824218750000000e+02
7.693640136718750000e+02
7.701608276367187500e+02
7.710961914062500000e+02
7.718732299804687500e+02
7.725664062500000000e+02
7.733248901367187500e+02
7.740001220703125000e+02
7.746669311523437500e+02
7.752511596679687500e+02
7.758275756835937500e+02
7.763963012695312500e+02
7.768834838867187500e+02
7.772893676757812500e+02
7.776885375976562500e+02
7.780812988281250000e+02
7.783936767578125000e+02
7.787004394531250000e+02
7.789278564453125000e+02
7.790763549804687500e+02
7.792951660156250000e+02
7.793617553710937500e+02
7.793511352539062500e+02
7.794864501953125000e+02
7.793969116210937500e+02
7.793800659179687500e+02
7.792879028320312500e+02
7.791209106445312500e+02
7.788051147460937500e+02
7.785639648437500000e+02
7.782495117187500000e+02
7.779362792968750000e+02
7.774761962890625000e+02
7.770183715820312500e+02
7.764888916015625000e+02
7.759625244140625000e+02
7.753654174804687500e+02
7.747722167968750000e+02
7.740347900390625000e+02
7.733765258789062500e+02
7.725748901367187500e+02
7.717044677734375000e+02
7.709144287109375000e+02
7.699821166992187500e+02
7.689822998046875000e+02
7.679895629882812500e+02
7.669301147460937500e+02
7.658041992187500000e+02
7.647608032226562500e+02
7.635773925781250000e+02
7.623285522460937500e+02
7.610889892578125000e+02
7.597103881835937500e+02
7.583416137695312500e+02
7.569087524414062500e+02
7.554864501953125000e+02
7.540006103515625000e+02
7.524515991210937500e+02
7.508397216796875000e+02
7.492395019531250000e+02
7.475026245117187500e+02
7.458523559570312500e+02
7.439916381835937500e+02
7.422180175781250000e+02
7.403831787109375000e+02
7.384873046875000000e+02
7.366050415039062500e+02
7.345878295898437500e+02
7.325844726562500000e+02
7.305951538085937500e+02
7.285457153320312500e+02
7.264361572265625000e+02
7.241924438476562500e+02
7.220375976562500000e+02
7.198231201171875000e+02
7.175491333007812500e+02
7.152901000976562500e+02
7.129718017578125000e+02
7.105201416015625000e+02
7.081580200195312500e+02
7.056627197265625000e+02
7.032573242187500000e+02
7.007189331054687500e+02
6.981962890625000000e+02
6.956895751953125000e+02
6.929759521484375000e+02
6.904270019531250000e+02
6.878200073242187500e+02
6.851550903320312500e+02
6.823579101562500000e+02
6.796516113281250000e+02
6.768876953125000000e+02
6.741405029296875000e+02
6.713358764648437500e+02
6.685481567382812500e+02
6.657031860351562500e+02
6.628085327148437500e+02
6.599384765625000000e+02
6.570263671875000000e+02
6.541241455078125000e+02
6.511799316406250000e+02
6.482161865234375000e+02
6.452329101562500000e+02
6.422525024414062500e+02
6.392304687500000000e+02
6.362038574218750000e+02
6.331655273437500000e+02
6.301228637695312500e+02
6.270610351562500000e+02
6.239875488281250000e+02
6.209099731445312500e+02
6.178208007812500000e+02
6.147200317382812500e+02
6.116227416992187500e+02
6.085139770507812500e+02
6.054011840820312500e+02
6.022844238281250000e+02
5.991633911132812500e+02
5.960453491210937500e+02
5.929224853515625000e+02
5.897945556640625000e+02
5.866686401367187500e+02
5.835445556640625000e+02
5.804219970703125000e+02
5.772931518554687500e+02
5.741801757812500000e+02
5.710528564453125000e+02
5.679333496093750000e+02
5.648138427734375000e+02
5.617089233398437500e+02
5.586257934570312500e+02
5.555269165039062500e+02
5.524417724609375000e+02
5.493626708984375000e+02
5.462891845703125000e+02
5.432360229492187500e+02
5.401805419921875000e+02
5.371298828125000000e+02
5.340986938476562500e+02
5.310717773437500000e+02
5.280563354492187500e+02
5.250595092773437500e+02
5.220735473632812500e+02
5.190982055664062500e+02
5.161407470703125000e+02
5.132008056640625000e+02
5.102708435058593750e+02
5.073653259277343750e+02
5.044692077636718750e+02
5.015971069335937500e+02
4.987414550781250000e+02
4.959019165039062500e+02
4.930932006835937500e+02
4.903076171875000000e+02
4.875078735351562500e+02
4.847531433105468750e+02
4.820209960937500000e+02
4.793112182617187500e+02
4.766161499023437500e+02
4.739505615234375000e+02
4.713142089843750000e+02
4.686920471191406250e+02
4.660988769531250000e+02
4.635418090820312500e+02
4.610059814453125000e+02
4.585060119628906250e+02
4.560194091796875000e+02
4.535756225585937500e+02
4.511519165039062500e+02
4.487628784179687500e+02
4.463932495117187500e+02
4.440650024414062500e+02
4.417628479003906250e+02
4.394939880371093750e+02
4.372653808593750000e+02
4.350618896484375000e+02
4.328683471679687500e+02
4.307065429687500000e+02
4.285837402343750000e+02
4.264994812011718750e+02
4.244534606933593750e+02
4.224304504394531250e+02
4.204301757812500000e+02
4.184671020507812500e+02
4.165483093261718750e+02
4.146586303710937500e+02
4.128051452636718750e+02
4.109726257324218750e+02
4.091755981445312500e+02
4.074285888671875000e+02
4.057015686035156250e+02
4.040090637207031250e+02
4.023506774902343750e+02
4.007261352539062500e+02
3.991425170898437500e+02
3.975771789550781250e+02
3.960447082519531250e+02
3.945595703125000000e+02
3.930917663574218750e+02
3.916707458496093750e+02
3.902663879394531250e+02
3.889081726074218750e+02
3.875808715820312500e+02
3.862916564941406250e+02
3.850253601074218750e+02
3.837891540527343750e+02
3.825975646972656250e+02
3.814280700683593750e+02
3.802952575683593750e+02
3.791839904785156250e+02
3.781162719726562500e+02
3.770845031738281250e+02
3.760734863281250000e+02
3.750979309082031250e+02
3.741501770019531250e+02
3.732373657226562500e+02
3.723519287109375000e+02
3.714862670898437500e+02
3.706699218750000000e+02
3.698730468750000000e+02
3.691103515625000000e+02
3.683743286132812500e+02
3.676647949218750000e+02
3.669816894531250000e+02
3.663397216796875000e+02
3.657239685058593750e+02
3.651268920898437500e+02
3.645707397460937500e+02
3.640256347656250000e+02
3.635213012695312500e+02
3.630427551269531250e+02
3.625825805664062500e+02
3.621555480957031250e+02
3.617541503906250000e+02
3.613634643554687500e+02
3.610206909179687500e+02
3.606959533691406250e+02
3.603967285156250000e+02
3.601155090332031250e+02
3.598671264648437500e+02
3.596441040039062500e+02
3.594390258789062500e+02
3.592518005371093750e+02
3.590898132324218750e+02
3.589530639648437500e+02
3.588414916992187500e+02
3.587327880859375000e+02
3.586640625000000000e+02
3.586129455566406250e+02
3.585942687988281250e+02
3.585782775878906250e+02
3.585871887207031250e+02
3.586134948730468750e+02
3.586497192382812500e+02
3.587181396484375000e+02
3.587962951660156250e+02
3.588842163085937500e+02
3.589966125488281250e+02
3.591185607910156250e+02
3.592500000000000000e+02
3.593982543945312500e+02
3.595558166503906250e+02
3.597374572753906250e+02
3.599281921386718750e+02
3.601279907226562500e+02
3.603367004394531250e+02
3.605542297363281250e+02
3.607881469726562500e+02
3.610237121582031250e+02
3.612684326171875000e+02
3.615299072265625000e+02
3.617933654785156250e+02
3.620514831542968750e+02
3.623341064453125000e+02
3.626191101074218750e+02
3.628991394042968750e+02
3.631966552734375000e+02
3.634894714355468750e+02
3.637926025390625000e+02
3.640913391113281250e+02
3.644006652832031250e+02
3.647132873535156250e+02
3.650219726562500000e+02
3.653417663574218750e+02
3.656578979492187500e+02
3.659705810546875000e+02
3.662948303222656250e+02
3.666160278320312500e+02
3.669268798828125000e+02
3.672498779296875000e+02
3.675555114746093750e+02
3.678737487792968750e+02
3.681898498535156250e+02
3.684892272949218750e+02
3.687943725585937500e+02
3.690981140136718750e+02
3.694006652832031250e+02
3.696873474121093750e+02
3.699807434082031250e+02
3.702662048339843750e+02
3.705514221191406250e+02
3.708291625976562500e+02
3.710922241210937500e+02
3.713631896972656250e+02
3.716125488281250000e+02
3.718553466796875000e+02
3.720993347167968750e+02
3.723372497558593750e+02
3.725618591308593750e+02
3.727734375000000000e+02
3.729870300292968750e+02
3.731879882812500000e+02
3.733690795898437500e+02
3.735527648925781250e+02
3.737244262695312500e+02
3.738841857910156250e+02
3.740248107910156250e+02
3.741689453125000000e+02
3.742945556640625000e+02
3.744093933105468750e+02
3.745138244628906250e+02
3.746006164550781250e+02
3.746849975585937500e+02
3.747523193359375000e+02
3.748103027343750000e+02
3.748517761230468750e+02
3.748769226074218750e+02
3.749008789062500000e+02
3.749015502929687500e+02
3.748865966796875000e+02
3.748562011718750000e+02
3.748254394531250000e+02
3.747721557617187500e+02
3.746965637207031250e+02
3.746136779785156250e+02
3.745236511230468750e+02
3.744118041992187500e+02
3.742931213378906250e+02
3.741528930664062500e+02
3.739912719726562500e+02
3.738158264160156250e+02
3.736266784667968750e+02
3.734239807128906250e+02
3.732004394531250000e+02
3.729710388183593750e+02
3.727061767578125000e+02
3.724357604980468750e+02
3.721450195312500000e+02
3.718415527343750000e+02
3.715180664062500000e+02
3.711747436523437500e+02
3.708190917968750000e+02
3.704439392089843750e+02
3.700493774414062500e+02
3.696504821777343750e+02
3.692177124023437500e+02
3.687883605957031250e+02
3.683255004882812500e+02
3.678515625000000000e+02
3.673594055175781250e+02
3.668491821289062500e+02
3.663210754394531250e+02
3.657828063964843750e+02
3.652196960449218750e+02
3.646394042968750000e+02
3.640421752929687500e+02
3.634282226562500000e+02
3.628052673339843750e+02
3.621660461425781250e+02
3.615107727050781250e+02
3.608397216796875000e+02
3.601605529785156250e+02
3.594586486816406250e+02
3.587341918945312500e+02
3.580097351074218750e+02
3.572631835937500000e+02
3.565021972656250000e+02
3.557270202636718750e+02
3.549452514648437500e+02
3.541571044921875000e+02
3.533404235839843750e+02
3.525177612304687500e+02
3.516818237304687500e+02
3.508327941894531250e+02
3.499782104492187500e+02
3.491033325195312500e+02
3.482232360839843750e+02
3.473379516601562500e+02
3.464253234863281250e+02
3.455151977539062500e+02
3.445927124023437500e+02
3.436654052734375000e+02
3.427109985351562500e+02
3.417592773437500000e+02
3.407953796386718750e+02
3.398267822265625000e+02
3.388534240722656250e+02
3.378530273437500000e+02
3.368552856445312500e+02
3.358601989746093750e+02
3.348453063964843750e+02
3.338255310058593750e+02
3.328007507324218750e+02
3.317709350585937500e+02
3.307285156250000000e+02
3.296734313964843750e+02
3.286204528808593750e+02
3.275620422363281250e+02
3.264832763671875000e+02
3.254137268066406250e+02
3.243385009765625000e+02
3.232277526855468750e+02
3.221482238769531250e+02
3.210478820800781250e+02
3.199414978027343750e+02
3.188363647460937500e+02
3.177324218750000000e+02
3.166295166015625000e+02
3.155125122070312500e+02
3.143812561035156250e+02
3.132504272460937500e+02
3.121272277832031250e+02
3.109892578125000000e+02
3.098511962890625000e+02
3.087129211425781250e+02
3.075743103027343750e+02
3.064203491210937500e+02
3.052732849121093750e+02
3.041255798339843750e+02
3.029697570800781250e+02
3.018205566406250000e+02
3.006705322265625000e+02
2.995122375488281250e+02
2.983530883789062500e+02
2.971781921386718750e+02
2.960246582031250000e+02
2.948777160644531250e+02
2.937224731445312500e+02
2.925960998535156250e+02
2.914466247558593750e+02
2.903037719726562500e+02
2.891602172851562500e+02
2.880307922363281250e+02
2.868932800292968750e+02
2.857625122070312500e+02
2.846386413574218750e+02
2.835216369628906250e+02
2.824041442871093750e+02
2.813009643554687500e+02
2.802047424316406250e+02
2.791080932617187500e+02
2.780183715820312500e+02
2.769430236816406250e+02
2.758746643066406250e+02
2.748057556152343750e+02
2.737585754394531250e+02
2.727182006835937500e+02
2.716845703125000000e+02
2.706576232910156250e+02
2.696446533203125000e+02
2.686604003906250000e+02
2.676601867675781250e+02
2.666810302734375000e+02
2.657078857421875000e+02
2.647480468750000000e+02
2.638013000488281250e+02
2.628451538085937500e+02
2.619313049316406250e+02
2.610073852539062500e+02
2.601027221679687500e+02
2.592095947265625000e+02
2.583349914550781250e+02
2.574637145996093750e+02
2.566027526855468750e+02
2.557592010498046875e+02
2.549177856445312500e+02
2.541004028320312500e+02
2.532917785644531250e+02
2.524766693115234375e+02
2.516918640136718750e+02
2.509072570800781250e+02
2.501447296142578125e+02
2.493742370605468750e+02
2.486251220703125000e+02
2.478896179199218750e+02
2.471599884033203125e+02
2.464359130859375000e+02
2.457319183349609375e+02
2.450329132080078125e+02
2.443460388183593750e+02
2.436710662841796875e+02
2.430003509521484375e+02
2.423411102294921875e+02
2.416857452392578125e+02
2.410489349365234375e+02
2.404231567382812500e+02
2.398082580566406250e+02
2.391967163085937500e+02
2.386033477783203125e+02
2.380206756591796875e+02
2.374486541748046875e+02
2.368798370361328125e+02
2.363216857910156250e+02
2.357890777587890625e+02
2.352523651123046875e+02
2.347338562011718750e+02
2.342336425781250000e+02
2.337369537353515625e+02
2.332513275146484375e+02
2.327842712402343750e+02
2.323210754394531250e+02
2.318767242431640625e+02
2.314512939453125000e+02
2.310300903320312500e+02
2.306281127929687500e+02
2.302306060791015625e+02
0.000000000000000000e+00
0.000000000000000000e+00
0.000000000000000000e+00
0.000000000000000000e+00
0.000000000000000000e+00
0.000000000000000000e+00
0.000000000000000000e+00
0.000000000000000000e+00
0.000000000000000000e+00
0.000000000000000000e+00
0.000000000000000000e+00
0.000000000000000000e+00
0.000000000000000000e+00
0.000000000000000000e+00
0.000000000000000000e+00
0.000000000000000000e+00
0.000000000000000000e+00
0.000000000000000000e+00
0.000000000000000000e+00
0.000000000000000000e+00
0.000000000000000000e+00
0.000000000000000000e+00
0.000000000000000000e+00
0.000000000000000000e+00
0.000000000000000000e+00
0.000000000000000000e+00
0.000000000000000000e+00
0.000000000000000000e+00
0.000000000000000000e+00
0.000000000000000000e+00
0.000000000000000000e+00
0.000000000000000000e+00
0.000000000000000000e+00
0.000000000000000000e+00
0.000000000000000000e+00
0.000000000000000000e+00
0.000000000000000000e+00
0.000000000000000000e+00
0.000000000000000000e+00
0.000000000000000000e+00
0.000000000000000000e+00
0.000000000000000000e+00
0.000000000000000000e+00
0.000000000000000000e+00
0.000000000000000000e+00
0.000000000000000000e+00
0.000000000000000000e+00
0.000000000000000000e+00
0.000000000000000000e+00
0.000000000000000000e+00
0.000000000000000000e+00
0.000000000000000000e+00
0.000000000000000000e+00
0.000000000000000000e+00
0.000000000000000000e+00
0.000000000000000000e+00
0.000000000000000000e+00
0.000000000000000000e+00
0.000000000000000000e+00
0.000000000000000000e+00
0.000000000000000000e+00
0.000000000000000000e+00
0.000000000000000000e+00
0.000000000000000000e+00
0.000000000000000000e+00
0.000000000000000000e+00
0.000000000000000000e+00
0.000000000000000000e+00
0.000000000000000000e+00
0.000000000000000000e+00
0.000000000000000000e+00
0.000000000000000000e+00
0.000000000000000000e+00
0.000000000000000000e+00
0.000000000000000000e+00
0.000000000000000000e+00
0.000000000000000000e+00
0.000000000000000000e+00
0.000000000000000000e+00
0.000000000000000000e+00
0.000000000000000000e+00
0.000000000000000000e+00
0.000000000000000000e+00
0.000000000000000000e+00
0.000000000000000000e+00
0.000000000000000000e+00
0.000000000000000000e+00
0.000000000000000000e+00
0.000000000000000000e+00
0.000000000000000000e+00
0.000000000000000000e+00
0.000000000000000000e+00
0.000000000000000000e+00
0.000000000000000000e+00
0.000000000000000000e+00
0.000000000000000000e+00
0.000000000000000000e+00
0.000000000000000000e+00
0.000000000000000000e+00
0.000000000000000000e+00
