# k_h
1.042168514686636119e-05
1.129390441297905817e-05
1.223912208937352907e-05
1.326344761218659739e-05
1.437350173293542723e-05
1.557645931189665062e-05
1.688009569298059269e-05
1.829283695984477680e-05
1.982381439807918294e-05
2.148292351548006739e-05
2.328088800189149894e-05
2.522932904202097434e-05
2.734084042923305184e-05
2.962906996582200566e-05
3.210880767589495378e-05
3.479608140103179276e-05
3.770826039660738551e-05
4.086416759837166408e-05
4.428420128492716002e-05
4.799046692247053606e-05
5.200692004398026110e-05
5.635952108635417429e-05
6.107640318628826620e-05
6.618805401945192690e-05
7.172751285827826519e-05
7.773058412206019922e-05
8.423606879963578607e-05
9.128601524046921223e-05
9.892599093512310709e-05
1.072053770417789030e-04
1.161776875624852002e-04
1.259009152321380397e-04
1.364379063558539165e-04
1.478567670175043086e-04
1.602313032849505842e-04
1.736414982572582197e-04
1.881740290372922286e-04
2.039228269711587508e-04
2.209896847756181483e-04
2.394849144776422243e-04
2.595280604187344951e-04
2.812486719325207473e-04
3.047871406898420947e-04
3.302956081235394075e-04
3.579389487980929089e-04
3.878958360801563056e-04
4.203598969979566841e-04
4.555409637540384807e-04
4.936664299805147618e-04
5.349827205030268512e-04
5.797568841132598808e-04
6.282783196449316350e-04
6.808606465097958227e-04
7.378437317839044857e-04
7.995958869462515281e-04
8.665162484684668393e-04
9.390373576425574843e-04
1.017627956321474816e-03
1.102796016642830631e-03
1.195092024318465240e-03
1.295112536711476000e-03
1.403504038698418031e-03
1.520967121239136374e-03
1.648261009662511933e-03
1.786208470936786162e-03
1.935701131642741371e-03
2.097705241022560039e-03
2.273267916353967789e-03
2.463523911016790233e-03
2.669702948997443922e-03
2.893137673238143671e-03
3.135272259205131896e-03
3.397671749349938115e-03
3.682032168797164193e-03
3.990191487641804244e-03
4.324141500711100282e-03
4.686040701576115602e-03
5.078228234024452330e-03
5.503239011169784763e-03
5.963820099920922983e-03
6.462948476711823272e-03
7.003850269257035771e-03
7.590021608702222054e-03
8.225251226948022271e-03
8.913644945205613512e-03
9.659652212066301494e-03
1.046809486261459851e-02
1.134419828446987279e-02
1.229362519219913755e-02
1.332251222840256759e-02
1.443750962804372408e-02
1.564582420239581106e-02
1.695526592043173145e-02
1.837429838873763654e-02
1.991209355622832952e-02
2.157859099724949298e-02
2.338456215624449414e-02
2.534167996923265831e-02
2.746259431209911728e-02
2.976101376335768198e-02
3.225179420986262757e-02
3.495103486817432298e-02
3.787618234221450803e-02
4.104614338979147709e-02
4.448140712686238230e-02
4.820417745940479282e-02
5.223851659887221444e-02
5.661050058884954661e-02
6.134838784815969254e-02
6.648280181980116554e-02
7.204692890627528712e-02
7.807673297065928497e-02
8.461118778986115307e-02
9.169252896252058638e-02
9.936652689976920028e-02
1.076827826633341145e-01
1.166950485631370465e-01
1.264615755865839131e-01
1.370454899051578301e-01
1.485152008918761146e-01
1.609448432868438028e-01
1.744147563688450975e-01
1.890120032301173536e-01
2.048309335106425211e-01
2.219737932292122073e-01
2.405513856529149230e-01
2.606837874765936536e-01
2.825011249413207914e-01
3.061444149083392130e-01
3.317664763247832882e-01
3.595329179724485735e-01
3.896232088839503560e-01
4.222318383449377155e-01
4.575695729800483003e-01
4.958648190478266438e-01
5.373650987498149734e-01
5.823386500959781831e-01
6.310761606672421475e-01
6.838926464813341877e-01
7.411294881060490614e-01
8.031566371803720017e-01
8.703750076053934359e-01
9.432190668605028305e-01
1.022159644193904926e+00
1.107706973838278097e+00
1.200413992921429918e+00
1.300879915388120978e+00
1.409754105033139471e+00
1.527740272679078526e+00
1.655601024627400220e+00
1.794162791781740429e+00
1.944321171303036611e+00
2.107046715322300923e+00
2.283391204126607565e+00
2.474494444365101575e+00
2.681591636215408414e+00
2.906021357128353522e+00
3.149234213753988598e+00
3.412802217970986707e+00
3.698428947621475338e+00
4.007960557625478870e+00
4.343397712645648667e+00
4.706908518429152366e+00
5.100842535408961709e+00
5.527745965141598994e+00
5.990378107739282143e+00
6.491729196669568935e+00
7.035039726197899412e+00
7.623821396396713190e+00
8.261879811099335669e+00
8.953339075507756206e+00
9.702668452441180591e+00
1.051471124951874536e+01
1.139471612398954825e+01
1.234837100754905670e+01
1.338183987041623446e+01
1.450180256229643483e+01
1.571549798774312734e+01
1.703077089498373553e+01
1.845612258062957878e+01
2.000076583800177232e+01
2.167468450423199045e+01
2.348869799102303801e+01
2.545453121616451853e+01
2.758489038780784242e+01
2.989354513133442026e+01
3.239541748964484924e+01
3.510667837212589149e+01
3.804485207569417327e+01
4.122892955349111332e+01
4.467949116334475690e+01
4.841883968938414284e+01
5.247114449659686386e+01
5.686259775007346207e+01
6.162158370866802670e+01
6.677886218730628798e+01
7.236776737375464563e+01
7.842442328490847103e+01
8.498797725520300617e+01
9.210085296630862217e+01
