# ee
3.697603568434715271e-02
6.406373530626296997e-02
7.665754109621047974e-02
7.278706878423690796e-02
5.789092555642127991e-02
3.971746936440467834e-02
2.433292940258979797e-02
1.442017126828432083e-02
9.670728817582130432e-03
8.170747198164463043e-03
7.928232662379741669e-03
7.581386249512434006e-03
6.854608189314603806e-03
6.031297612935304642e-03
5.453770980238914490e-03
5.361427552998065948e-03
5.712469108402729034e-03
6.291932892054319382e-03
6.930920295417308807e-03
7.550650741904973984e-03
8.201006799936294556e-03
8.996967226266860962e-03
1.002178993076086044e-02
1.133803743869066238e-02
1.294636353850364685e-02
1.478467788547277451e-02
1.681330800056457520e-02
1.903054676949977875e-02
2.145247720181941986e-02
2.408900484442710876e-02
2.693368867039680481e-02
2.996914088726043701e-02
3.318975120782852173e-02
3.659960255026817322e-02
4.021134600043296814e-02
4.402953758835792542e-02
4.806606844067573547e-02
5.234207212924957275e-02
5.688655376434326172e-02
6.172705069184303284e-02
6.686504930257797241e-02
7.229536026716232300e-02
7.799792289733886719e-02
8.396307379007339478e-02
9.018577635288238525e-02
9.666605293750762939e-02
1.034122332930564880e-01
1.104103848338127136e-01
1.176391094923019409e-01
1.250720769166946411e-01
1.327894330024719238e-01
1.409332454204559326e-01
1.494895666837692261e-01
1.584295183420181274e-01
1.676056236028671265e-01
1.769159734249114990e-01
1.863777935504913330e-01
1.960380226373672485e-01
2.059584856033325195e-01
2.162384539842605591e-01
2.268595546483993530e-01
2.377739250659942627e-01
2.489857524633407593e-01
2.604621350765228271e-01
2.721291780471801758e-01
2.839874923229217529e-01
2.960784137248992920e-01
3.083616495132446289e-01
3.208786547183990479e-01
3.336187303066253662e-01
3.465561866760253906e-01
3.596577346324920654e-01
3.729124665260314941e-01
3.863317966461181641e-01
3.999170958995819092e-01
4.136593937873840332e-01
4.275844097137451172e-01
4.416361451148986816e-01
4.558179676532745361e-01
4.700783789157867432e-01
4.844364225864410400e-01
4.988636672496795654e-01
5.133538842201232910e-01
5.278786420822143555e-01
5.424479246139526367e-01
5.570319890975952148e-01
5.716468691825866699e-01
5.862788558006286621e-01
6.008921265602111816e-01
6.154801845550537109e-01
6.300286650657653809e-01
6.445303559303283691e-01
6.589484214782714844e-01
6.732831001281738281e-01
6.875198483467102051e-01
7.016440629959106445e-01
7.156485915184020996e-01
7.294965982437133789e-01
7.431883215904235840e-01
7.567835450172424316e-01
7.701339125633239746e-01
7.833140492439270020e-01
7.963242530822753906e-01
8.090905547142028809e-01
8.216874599456787109e-01
8.339667916297912598e-01
8.460031151771545410e-01
8.577223420143127441e-01
8.691249489784240723e-01
8.802856206893920898e-01
8.911309242248535156e-01
9.016621112823486328e-01
9.118056297302246094e-01
9.217113852500915527e-01
9.311573505401611328e-01
9.402191042900085449e-01
9.490461349487304688e-01
9.574909806251525879e-01
9.654061794281005859e-01
9.730898737907409668e-01
9.802461266517639160e-01
9.869500994682312012e-01
9.932773113250732422e-01
9.991544485092163086e-01
1.004657030105590820e+00
1.009637475013732910e+00
1.014245510101318359e+00
1.018333435058593750e+00
1.021902561187744141e+00
1.025102853775024414e+00
1.027787923812866211e+00
1.030034780502319336e+00
1.031846046447753906e+00
1.033149957656860352e+00
1.033949136734008789e+00
1.034320712089538574e+00
1.034192800521850586e+00
1.033716559410095215e+00
1.032671928405761719e+00
1.031135678291320801e+00
1.029184818267822266e+00
1.026821970939636230e+00
1.023975253105163574e+00
1.020796298980712891e+00
1.017064452171325684e+00
1.013005375862121582e+00
1.008473038673400879e+00
1.003544449806213379e+00
9.982964396476745605e-01
9.926574826240539551e-01
9.865558147430419922e-01
9.801433086395263672e-01
9.734226465225219727e-01
9.663965702056884766e-01
9.590681195259094238e-01
9.514400959014892578e-01
9.435896277427673340e-01
9.353711009025573730e-01
9.269357323646545410e-01
9.183608293533325195e-01
9.095006585121154785e-01
9.004322886466979980e-01
8.912328481674194336e-01
8.818309307098388672e-01
8.723778724670410156e-01
8.626536130905151367e-01
8.530325889587402344e-01
8.432201743125915527e-01
8.334422707557678223e-01
8.237015604972839355e-01
8.139265775680541992e-01
8.041201233863830566e-01
7.945822477340698242e-01
7.850182652473449707e-01
7.756542563438415527e-01
7.664190530776977539e-01
7.575390934944152832e-01
7.487205266952514648e-01
7.401897907257080078e-01
7.319502830505371094e-01
7.240796089172363281e-01
7.165070772171020508e-01
7.093102335929870605e-01
7.026410698890686035e-01
6.963618397712707520e-01
6.906170845031738281e-01
6.853953003883361816e-01
6.807369589805603027e-01
6.766974329948425293e-01
6.733023524284362793e-01
6.705772876739501953e-01
6.685701012611389160e-01
6.673139333724975586e-01
6.668490767478942871e-01
6.672160625457763672e-01
6.684626936912536621e-01
6.706145405769348145e-01
6.737119555473327637e-01
6.777878999710083008e-01
6.829043030738830566e-01
6.890681385993957520e-01
6.963376998901367188e-01
7.047339677810668945e-01
7.143003344535827637e-01
7.250726819038391113e-01
7.370721101760864258e-01
7.503493428230285645e-01
7.649254202842712402e-01
7.808510065078735352e-01
7.981545329093933105e-01
8.168644905090332031e-01
8.370240926742553711e-01
8.586245775222778320e-01
8.818578124046325684e-01
9.065366387367248535e-01
9.328158497810363770e-01
9.606939554214477539e-01
9.901697039604187012e-01
1.021390199661254883e+00
1.054279685020446777e+00
1.088985443115234375e+00
1.125431895256042480e+00
1.163617372512817383e+00
1.203689098358154297e+00
1.245645642280578613e+00
1.289485692977905273e+00
1.335207581520080566e+00
1.382884383201599121e+00
1.432514429092407227e+00
1.484170436859130859e+00
1.537776947021484375e+00
1.593555092811584473e+00
1.651354908943176270e+00
1.711249113082885742e+00
1.773236155509948730e+00
1.837389230728149414e+00
1.903780341148376465e+00
1.972259998321533203e+00
2.042900800704956055e+00
2.115849494934082031e+00
2.190956592559814453e+00
2.268368721008300781e+00
2.348010063171386719e+00
2.429953336715698242e+00
2.514197111129760742e+00
2.600665569305419922e+00
2.689728736877441406e+00
2.780864477157592773e+00
2.874517679214477539e+00
2.970388174057006836e+00
3.068691968917846680e+00
3.169198036193847656e+00
3.272195339202880859e+00
3.377378463745117188e+00
3.485111236572265625e+00
3.594939708709716797e+00
3.707227230072021484e+00
3.821816921234130859e+00
3.938700199127197266e+00
4.057796001434326172e+00
4.179318428039550781e+00
4.303036689758300781e+00
4.429016590118408203e+00
4.557176589965820312e+00
4.687730789184570312e+00
4.820300102233886719e+00
4.955247402191162109e+00
5.092268466949462891e+00
5.231429100036621094e+00
5.372646808624267578e+00
5.516211509704589844e+00
5.661520481109619141e+00
5.809159755706787109e+00
5.958601951599121094e+00
6.110061645507812500e+00
6.263531208038330078e+00
6.418928623199462891e+00
6.576170921325683594e+00
6.735251426696777344e+00
6.896234989166259766e+00
7.058818340301513672e+00
7.223216056823730469e+00
7.389346122741699219e+00
7.557199954986572266e+00
7.726622104644775391e+00
7.897604465484619141e+00
8.070140838623046875e+00
8.244146347045898438e+00
8.419466018676757812e+00
8.596837043762207031e+00
8.775135040283203125e+00
8.953982353210449219e+00
9.134856224060058594e+00
9.316264152526855469e+00
9.499683380126953125e+00
9.682878494262695312e+00
9.868071556091308594e+00
1.005451202392578125e+01
1.024070549011230469e+01
1.042813110351562500e+01
1.061604022979736328e+01
1.080517005920410156e+01
1.099551391601562500e+01
1.118558216094970703e+01
1.137611103057861328e+01
1.156709480285644531e+01
1.176001358032226562e+01
1.195188999176025391e+01
1.214346313476562500e+01
1.233695411682128906e+01
1.252938652038574219e+01
1.272224140167236328e+01
1.291551208496093750e+01
1.310770797729492188e+01
1.330031013488769531e+01
1.349182701110839844e+01
1.368448162078857422e+01
1.387604236602783203e+01
1.406724166870117188e+01
1.425882339477539062e+01
1.444854927062988281e+01
1.463790130615234375e+01
1.482761764526367188e+01
1.501397991180419922e+01
1.520143795013427734e+01
1.538776016235351562e+01
1.557219696044921875e+01
1.575623035430908203e+01
1.593836879730224609e+01
1.611935043334960938e+01
1.629991531372070312e+01
1.647857093811035156e+01
1.665605545043945312e+01
1.683087730407714844e+01
1.700452041625976562e+01
1.717697715759277344e+01
1.734675979614257812e+01
1.751609039306640625e+01
1.768273544311523438e+01
1.784669113159179688e+01
1.801018142700195312e+01
1.817023277282714844e+01
1.832832145690917969e+01
1.848370170593261719e+01
1.863785743713378906e+01
1.878855323791503906e+01
1.893652725219726562e+01
1.908251953125000000e+01
1.922503852844238281e+01
1.936556816101074219e+01
1.950337219238281250e+01
1.963771438598632812e+01
1.976934814453125000e+01
1.989827919006347656e+01
2.002451705932617188e+01
2.014732551574707031e+01
2.026597213745117188e+01
2.038194847106933594e+01
2.049526596069335938e+01
2.060518646240234375e+01
2.071172142028808594e+01
2.081561851501464844e+01
2.091465950012207031e+01
2.101107978820800781e+01
2.110414695739746094e+01
2.119238281250000000e+01
2.127802085876464844e+01
2.136033248901367188e+01
2.143857955932617188e+01
2.151276969909667969e+01
2.158365631103515625e+01
2.165050315856933594e+01
2.171406173706054688e+01
2.177359771728515625e+01
2.182986068725585938e+01
2.188137435913085938e+01
2.192889213562011719e+01
2.197316169738769531e+01
2.201419258117675781e+01
2.204827690124511719e+01
2.208062744140625000e+01
2.210827636718750000e+01
2.213123130798339844e+01
2.215173530578613281e+01
2.216756057739257812e+01
2.217872047424316406e+01
2.218596076965332031e+01
2.218706512451171875e+01
2.218724250793457031e+01
2.218203926086425781e+01
2.217444038391113281e+01
2.216147613525390625e+01
2.214464378356933594e+01
2.212321090698242188e+01
2.209792327880859375e+01
2.206879043579101562e+01
2.203507614135742188e+01
2.199753570556640625e+01
2.195617103576660156e+01
2.191025161743164062e+01
2.185979080200195312e+01
2.180628967285156250e+01
2.174827766418457031e+01
2.168577003479003906e+01
2.162026786804199219e+01
2.155030059814453125e+01
2.147662734985351562e+01
2.140000152587890625e+01
2.131821441650390625e+01
2.123350715637207031e+01
2.114515304565429688e+01
2.105316734313964844e+01
2.095756149291992188e+01
2.085909843444824219e+01
2.075629997253417969e+01
2.065067481994628906e+01
2.054000091552734375e+01
2.042727088928222656e+01
2.031175231933593750e+01
2.019271850585937500e+01
2.007018280029296875e+01
1.994416046142578125e+01
1.981540870666503906e+01
1.968319511413574219e+01
1.954902648925781250e+01
1.941142463684082031e+01
1.927115058898925781e+01
1.912821578979492188e+01
1.898337936401367188e+01
1.883516693115234375e+01
1.868433380126953125e+01
1.853238487243652344e+01
1.837709999084472656e+01
1.822072601318359375e+01
1.806178474426269531e+01
1.790029335021972656e+01
1.773700714111328125e+01
1.757268524169921875e+01
1.740584945678710938e+01
1.723725891113281250e+01
1.706692695617675781e+01
1.689560890197753906e+01
1.672331809997558594e+01
1.654783821105957031e+01
1.637289619445800781e+01
1.619701957702636719e+01
1.601873397827148438e+01
1.584028244018554688e+01
1.566167736053466797e+01
1.548144340515136719e+01
1.530107021331787109e+01
1.512056255340576172e+01
1.493918037414550781e+01
1.475767040252685547e+01
1.457529354095458984e+01
1.439353466033935547e+01
1.421165847778320312e+01
1.403040885925292969e+01
1.384830379486083984e+01
1.366683292388916016e+01
1.348525238037109375e+01
1.330505371093750000e+01
1.312549591064453125e+01
1.294658184051513672e+01
1.276757144927978516e+01
1.258995246887207031e+01
1.241372680664062500e+01
1.223741245269775391e+01
1.206324005126953125e+01
1.189121246337890625e+01
1.171984481811523438e+01
1.154988288879394531e+01
1.138207149505615234e+01
1.121492671966552734e+01
1.105068111419677734e+01
1.088784885406494141e+01
1.072643184661865234e+01
1.056791973114013672e+01
1.041156959533691406e+01
1.025738525390625000e+01
1.010610961914062500e+01
9.957001686096191406e+00
9.810807228088378906e+00
9.666784286499023438e+00
9.526420593261718750e+00
9.388976097106933594e+00
9.253707885742187500e+00
9.122102737426757812e+00
8.994163513183593750e+00
8.869149208068847656e+00
8.747803688049316406e+00
8.628643035888671875e+00
8.514639854431152344e+00
8.403567314147949219e+00
8.296911239624023438e+00
8.193932533264160156e+00
8.093889236450195312e+00
7.999009132385253906e+00
7.907068252563476562e+00
7.820291996002197266e+00
7.737923622131347656e+00
7.659202575683593750e+00
7.584855079650878906e+00
7.515606880187988281e+00
7.450847148895263672e+00
7.390259742736816406e+00
7.334869384765625000e+00
7.283691406250000000e+00
7.237378597259521484e+00
7.195616722106933594e+00
7.158833503723144531e+00
7.126790046691894531e+00
7.099765777587890625e+00
7.077670574188232422e+00
7.060560226440429688e+00
7.048566818237304688e+00
7.041526317596435547e+00
7.039643287658691406e+00
7.042826652526855469e+00
7.051134586334228516e+00
7.064772605895996094e+00
7.083576202392578125e+00
7.107528209686279297e+00
7.136761665344238281e+00
7.171259403228759766e+00
7.211004257202148438e+00
7.255980968475341797e+00
7.306470394134521484e+00
7.362232685089111328e+00
7.423177719116210938e+00
7.489586353302001953e+00
7.561295509338378906e+00
7.638361454010009766e+00
7.720842838287353516e+00
7.808576583862304688e+00
7.901620864868164062e+00
8.000108718872070312e+00
8.103726387023925781e+00
8.212903976440429688e+00
8.327182769775390625e+00
8.446767807006835938e+00
8.571720123291015625e+00
8.701873779296875000e+00
8.837216377258300781e+00
8.977507591247558594e+00
9.122956275939941406e+00
9.273550033569335938e+00
9.429270744323730469e+00
9.590106010437011719e+00
9.756039619445800781e+00
9.927051544189453125e+00
1.010163593292236328e+01
1.028274154663085938e+01
1.046812152862548828e+01
1.065849590301513672e+01
1.085310268402099609e+01
1.105340766906738281e+01
1.125716018676757812e+01
1.146508312225341797e+01
1.167790031433105469e+01
1.189559268951416016e+01
1.211665248870849609e+01
1.234329032897949219e+01
1.257251358032226562e+01
1.280653190612792969e+01
1.304384136199951172e+01
1.328590679168701172e+01
1.353196811676025391e+01
1.378126049041748047e+01
1.403451156616210938e+01
1.429095649719238281e+01
1.455057811737060547e+01
1.481410026550292969e+01
1.508001995086669922e+01
1.534980297088623047e+01
1.562269020080566406e+01
1.589791870117187500e+01
1.617695808410644531e+01
1.645830345153808594e+01
1.674193572998046875e+01
1.702858543395996094e+01
1.731748771667480469e+01
1.760862541198730469e+01
1.790198326110839844e+01
1.819680023193359375e+01
1.849454689025878906e+01
1.879371833801269531e+01
1.909504127502441406e+01
1.939701271057128906e+01
1.970184707641601562e+01
2.000655555725097656e+01
2.031409263610839844e+01
2.062221527099609375e+01
2.093016052246093750e+01
2.124088668823242188e+01
2.154992294311523438e+01
2.186096382141113281e+01
2.217251205444335938e+01
2.248454666137695312e+01
2.279706192016601562e+01
2.310856628417968750e+01
2.342129325866699219e+01
2.373301887512207031e+01
2.404448318481445312e+01
2.435569572448730469e+01
2.466665649414062500e+01
2.497736740112304688e+01
2.528635025024414062e+01
2.559434509277343750e+01
2.590210342407226562e+01
2.620962524414062500e+01
2.651320266723632812e+01
2.681729316711425781e+01
2.711893081665039062e+01
2.742035293579101562e+01
2.772006607055664062e+01
2.801808547973632812e+01
2.831515312194824219e+01
2.860829734802246094e+01
2.890050315856933594e+01
2.919027709960937500e+01
2.947689056396484375e+01
2.976108741760253906e+01
3.004286956787109375e+01
3.032224273681640625e+01
3.059846687316894531e+01
3.087155151367187500e+01
3.114149284362792969e+01
3.140829849243164062e+01
3.167197608947753906e+01
3.193178176879882812e+01
3.218921279907226562e+01
3.244129562377929688e+01
3.269100570678710938e+01
3.293760681152343750e+01
3.317813110351562500e+01
3.341630172729492188e+01
3.364914703369140625e+01
3.387889862060546875e+01
3.410407638549804688e+01
3.432394409179687500e+01
3.454072952270507812e+01
3.475072479248046875e+01
3.495691299438476562e+01
3.515854263305664062e+01
3.535488510131835938e+01
3.554668045043945312e+01
3.573245239257812500e+01
3.591294097900390625e+01
3.608964920043945312e+01
3.626036453247070312e+01
3.642436981201171875e+01
3.658392333984375000e+01
3.673830795288085938e+01
3.688679885864257812e+01
3.702943801879882812e+01
3.716698074340820312e+01
3.729871368408203125e+01
3.742392349243164062e+01
3.754337310791015625e+01
3.765783309936523438e+01
3.776659011840820312e+01
3.786818313598632812e+01
3.796411132812500000e+01
3.805442047119140625e+01
3.813837432861328125e+01
3.821675109863281250e+01
3.828882980346679688e+01
3.835464096069335938e+01
3.841568756103515625e+01
3.846902465820312500e+01
3.851764678955078125e+01
3.855935668945312500e+01
3.859491729736328125e+01
3.862435150146484375e+01
3.864768600463867188e+01
3.866419982910156250e+01
3.867539978027343750e+01
3.868057632446289062e+01
3.867900466918945312e+01
3.867070388793945312e+01
3.865793228149414062e+01
3.863699722290039062e+01
3.861089324951171875e+01
3.857815170288085938e+01
3.854029083251953125e+01
3.849509811401367188e+01
3.844408416748046875e+01
3.838801574707031250e+01
3.832393646240234375e+01
3.825558853149414062e+01
3.818076705932617188e+01
3.809948730468750000e+01
3.801400375366210938e+01
3.792136383056640625e+01
3.782307815551757812e+01
3.771841812133789062e+01
3.760889434814453125e+01
3.749304199218750000e+01
3.737162399291992188e+01
3.724540710449218750e+01
3.711292266845703125e+01
3.697568511962890625e+01
3.683222198486328125e+01
3.668404388427734375e+01
3.653042984008789062e+01
3.637214660644531250e+01
3.620846939086914062e+01
3.603941726684570312e+01
3.586575317382812500e+01
3.568750381469726562e+01
3.550394058227539062e+01
3.531657028198242188e+01
3.512392425537109375e+01
3.492676925659179688e+01
3.472586822509765625e+01
3.452049636840820312e+01
3.430918121337890625e+01
3.409491729736328125e+01
3.387772750854492188e+01
3.365539550781250000e+01
3.343016815185546875e+01
3.320058441162109375e+01
3.296813964843750000e+01
3.273359680175781250e+01
3.249400711059570312e+01
3.225012207031250000e+01
3.200419235229492188e+01
3.175549316406250000e+01
3.150255393981933594e+01
3.124910545349121094e+01
3.099144935607910156e+01
3.073183250427246094e+01
3.046878433227539062e+01
3.020380592346191406e+01
2.993765640258789062e+01
2.966960525512695312e+01
2.939893341064453125e+01
2.912639236450195312e+01
2.885125541687011719e+01
2.857725334167480469e+01
2.830217552185058594e+01
2.802454376220703125e+01
2.774586486816406250e+01
2.746689224243164062e+01
2.718615722656250000e+01
2.690590095520019531e+01
2.662316703796386719e+01
2.634168434143066406e+01
2.605923461914062500e+01
2.577803993225097656e+01
2.549511528015136719e+01
2.521342468261718750e+01
2.493147087097167969e+01
2.464998435974121094e+01
2.436969757080078125e+01
2.408911705017089844e+01
2.380896759033203125e+01
2.352998733520507812e+01
2.325216102600097656e+01
2.297548103332519531e+01
2.270067405700683594e+01
2.242624664306640625e+01
2.215292739868164062e+01
2.188219070434570312e+01
2.161328315734863281e+01
2.134545135498046875e+01
2.107868003845214844e+01
2.081518936157226562e+01
2.055348014831542969e+01
2.029428291320800781e+01
2.003758621215820312e+01
1.978337860107421875e+01
1.953165054321289062e+01
1.928312873840332031e+01
1.903705787658691406e+01
1.879417228698730469e+01
1.855446052551269531e+01
1.831642150878906250e+01
1.808376121520996094e+01
1.785349082946777344e+01
1.762708854675292969e+01
1.740454292297363281e+01
1.718509864807128906e+01
1.696948432922363281e+01
1.675843429565429688e+01
1.655044746398925781e+01
1.634551429748535156e+01
1.614733886718750000e+01
1.595219135284423828e+01
1.576229381561279297e+01
1.557763004302978516e+01
1.539744949340820312e+01
1.522099494934082031e+01
1.505048561096191406e+01
1.488368034362792969e+01
1.472279930114746094e+01
1.456708526611328125e+01
1.441578388214111328e+01
1.427037048339843750e+01
1.413007164001464844e+01
1.399411296844482422e+01
1.386469173431396484e+01
1.374029254913330078e+01
1.362088108062744141e+01
1.350791549682617188e+01
1.340062046051025391e+01
1.329896450042724609e+01
1.320291900634765625e+01
1.311245059967041016e+01
1.302901744842529297e+01
1.294961547851562500e+01
1.287718772888183594e+01
1.281021785736083984e+01
1.274942016601562500e+01
1.269402027130126953e+01
1.264547538757324219e+01
1.260227108001708984e+01
1.256512069702148438e+01
1.253325176239013672e+01
1.250886535644531250e+01
1.248970317840576172e+01
1.247722339630126953e+01
1.246991252899169922e+01
1.246996974945068359e+01
1.247514057159423828e+01
1.248688220977783203e+01
1.250516700744628906e+01
1.252922630310058594e+01
1.255903053283691406e+01
1.259455680847167969e+01
1.263651847839355469e+01
1.268414688110351562e+01
1.273890304565429688e+01
1.279853248596191406e+01
1.286449432373046875e+01
1.293676376342773438e+01
1.301457405090332031e+01
1.309938335418701172e+01
1.318894195556640625e+01
1.328396511077880859e+01
1.338517475128173828e+01
1.349254417419433594e+01
1.360456657409667969e+01
1.372418880462646484e+01
1.384767436981201172e+01
1.397722816467285156e+01
1.411208438873291016e+01
1.425296401977539062e+01
1.439910507202148438e+01
1.455122375488281250e+01
1.470781517028808594e+01
1.487034034729003906e+01
1.503803634643554688e+01
1.520939636230468750e+01
1.538662528991699219e+01
1.557044982910156250e+01
1.575638675689697266e+01
1.594813251495361328e+01
1.614492416381835938e+01
1.634599876403808594e+01
1.655208015441894531e+01
1.676166152954101562e+01
1.697620964050292969e+01
1.719496536254882812e+01
1.741864967346191406e+01
1.764576148986816406e+01
1.787702178955078125e+01
1.811167335510253906e+01
1.835043907165527344e+01
1.859330368041992188e+01
1.883950614929199219e+01
1.908977127075195312e+01
1.934185409545898438e+01
1.959871292114257812e+01
1.985809898376464844e+01
2.011999511718750000e+01
2.038587570190429688e+01
2.065423583984375000e+01
2.092431831359863281e+01
2.119759559631347656e+01
2.147405052185058594e+01
2.175144004821777344e+01
2.203197860717773438e+01
2.231490707397460938e+01
2.259872817993164062e+01
2.288565444946289062e+01
2.317270088195800781e+01
2.346282577514648438e+01
2.375378608703613281e+01
2.404556846618652344e+01
2.433964729309082031e+01
2.463377761840820312e+01
2.492869377136230469e+01
2.522511863708496094e+01
2.552230453491210938e+01
2.581949234008789062e+01
2.611741065979003906e+01
2.641530609130859375e+01
2.671317291259765625e+01
2.701101875305175781e+01
2.730886268615722656e+01
2.760597610473632812e+01
2.790385818481445312e+01
2.820030403137207031e+01
2.849606704711914062e+01
2.879116439819335938e+01
2.908561325073242188e+01
2.938017272949218750e+01
2.967189025878906250e+01
2.996375465393066406e+01
3.025354766845703125e+01
3.054203414916992188e+01
3.082922744750976562e+01
3.111440658569335938e+01
3.139907264709472656e+01
3.168100929260253906e+01
3.196098327636718750e+01
3.223900985717773438e+01
3.251509857177734375e+01
3.278853607177734375e+01
3.305932998657226562e+01
3.332824325561523438e+01
3.359381103515625000e+01
3.385752868652343750e+01
3.411793136596679688e+01
3.437578201293945312e+01
3.463035202026367188e+01
3.488091278076171875e+01
3.512971115112304688e+01
3.537379455566406250e+01
3.561466979980468750e+01
3.585308456420898438e+01
3.608683776855468750e+01
3.631668472290039062e+01
3.654338455200195312e+01
3.676620864868164062e+01
3.698369598388671875e+01
3.719808197021484375e+01
3.740789794921875000e+01
3.761316299438476562e+01
3.781389999389648438e+01
3.801010894775390625e+01
3.820107269287109375e+01
3.838829421997070312e+01
3.857029724121093750e+01
3.874858474731445312e+01
3.892020034790039062e+01
3.908738708496093750e+01
3.925016403198242188e+01
3.940782546997070312e+01
3.955892944335937500e+01
3.970574569702148438e+01
3.984682846069335938e+01
3.998295974731445312e+01
4.011270141601562500e+01
4.023683166503906250e+01
4.035688018798828125e+01
4.047065734863281250e+01
4.057894134521484375e+01
4.068177795410156250e+01
4.077920532226562500e+01
4.087052154541015625e+01
4.095650863647460938e+01
4.103719711303710938e+01
4.111263656616210938e+01
4.118062973022460938e+01
4.124344635009765625e+01
4.130112457275390625e+01
4.135295486450195312e+01
4.139823150634765625e+01
4.143774032592773438e+01
4.147225570678710938e+01
4.150107574462890625e+01
4.152274703979492188e+01
4.153953170776367188e+01
4.155072784423828125e+01
4.155636596679687500e+01
4.155574035644531250e+01
4.154814147949218750e+01
4.153657913208007812e+01
4.151885223388671875e+01
4.149351501464843750e+01
4.146431350708007812e+01
4.142905044555664062e+01
4.138776016235351562e+01
4.134195709228515625e+01
4.128945159912109375e+01
4.123472976684570312e+01
4.117114257812500000e+01
4.110242843627929688e+01
4.102787780761718750e+01
4.094901275634765625e+01
4.086436843872070312e+01
4.077249908447265625e+01
4.067789077758789062e+01
4.057685852050781250e+01
4.047091293334960938e+01
4.036009216308593750e+01
4.024367141723632812e+01
4.012167739868164062e+01
3.999560165405273438e+01
3.986397933959960938e+01
3.972756576538085938e+01
3.958563232421875000e+01
3.943893432617187500e+01
3.928748703002929688e+01
3.913130187988281250e+01
3.897113800048828125e+01
3.880700683593750000e+01
3.863743209838867188e+01
3.846466064453125000e+01
3.828647232055664062e+01
3.810510635375976562e+01
3.791835403442382812e+01
3.772844314575195312e+01
3.753316497802734375e+01
3.733550262451171875e+01
3.713175201416015625e+01
3.692488861083984375e+01
3.671492767333984375e+01
3.650039672851562500e+01
3.628203964233398438e+01
3.606136322021484375e+01
3.583614349365234375e+01
3.560935592651367188e+01
3.537879180908203125e+01
3.514445114135742188e+01
3.490782928466796875e+01
3.466819763183593750e+01
3.442407226562500000e+01
3.417843627929687500e+01
3.393129348754882812e+01
3.368042755126953125e+01
3.342658233642578125e+01
3.317125701904296875e+01
3.291445159912109375e+01
3.265469741821289062e+01
3.239273071289062500e+01
3.213005447387695312e+01
3.186444091796875000e+01
3.159737586975097656e+01
3.132813453674316406e+01
3.105968093872070312e+01
3.078831481933593750e+01
3.051552009582519531e+01
3.024205017089843750e+01
2.996790504455566406e+01
2.969234848022460938e+01
2.941611862182617188e+01
2.913920974731445312e+01
2.886159706115722656e+01
2.858400535583496094e+01
2.830641937255859375e+01
2.802807235717773438e+01
2.774968910217285156e+01
2.747200012207031250e+01
2.719348907470703125e+01
2.691488838195800781e+01
2.663765907287597656e+01
2.636030006408691406e+01
2.608352851867675781e+01
2.580733299255371094e+01
2.553094100952148438e+01
2.525582504272460938e+01
2.498196220397949219e+01
2.470859146118164062e+01
2.443717956542968750e+01
2.416547203063964844e+01
2.389642715454101562e+01
2.362779045104980469e+01
2.336103248596191406e+01
2.309613037109375000e+01
2.283157730102539062e+01
2.256958389282226562e+01
2.230938720703125000e+01
2.205171012878417969e+01
2.179504585266113281e+01
2.154011917114257812e+01
2.128913879394531250e+01
2.103985595703125000e+01
2.079224967956542969e+01
2.054778861999511719e+01
2.030570983886718750e+01
2.006673812866210938e+01
1.983085441589355469e+01
1.959580993652343750e+01
1.936530113220214844e+01
1.913782310485839844e+01
1.891261863708496094e+01
1.869040489196777344e+01
1.847265625000000000e+01
1.825712394714355469e+01
1.804676246643066406e+01
1.783783721923828125e+01
1.763330650329589844e+01
1.743315124511718750e+01
1.723661422729492188e+01
1.704441833496093750e+01
1.685505867004394531e+01
1.666998672485351562e+01
1.648916053771972656e+01
1.631328582763671875e+01
1.614083290100097656e+01
1.597176933288574219e+01
1.580753803253173828e+01
1.564661407470703125e+01
1.548821926116943359e+01
1.533677005767822266e+01
1.518925952911376953e+01
1.504564857482910156e+01
1.490738677978515625e+01
1.477220821380615234e+01
1.464230346679687500e+01
1.451689434051513672e+01
1.439594364166259766e+01
1.428015899658203125e+01
1.416801929473876953e+01
1.406097316741943359e+01
1.395824623107910156e+01
1.385979843139648438e+01
1.376708507537841797e+01
1.367783927917480469e+01
1.359351730346679688e+01
1.351408290863037109e+01
1.343875885009765625e+01
1.336899852752685547e+01
1.330402660369873047e+01
1.324306678771972656e+01
1.318682956695556641e+01
1.313528442382812500e+01
1.308913993835449219e+01
1.304687976837158203e+01
1.300921630859375000e+01
1.297686195373535156e+01
1.294829940795898438e+01
1.292572593688964844e+01
1.290614223480224609e+01
1.289248943328857422e+01
1.288176631927490234e+01
1.287691593170166016e+01
1.287567901611328125e+01
1.287877273559570312e+01
1.288765430450439453e+01
1.290006542205810547e+01
1.291746616363525391e+01
1.293834304809570312e+01
1.296415615081787109e+01
1.299413490295410156e+01
1.302825546264648438e+01
1.306649780273437500e+01
1.310958862304687500e+01
1.315676879882812500e+01
1.320802307128906250e+01
1.326258945465087891e+01
1.332119846343994141e+01
1.338457679748535156e+01
1.345122241973876953e+01
1.352260780334472656e+01
1.359723281860351562e+01
1.367582511901855469e+01
1.375837230682373047e+01
1.384486198425292969e+01
1.393453502655029297e+01
1.402812385559082031e+01
1.412487220764160156e+01
1.422550964355468750e+01
1.432928466796875000e+01
1.443618106842041016e+01
1.454693508148193359e+01
1.466078853607177734e+01
1.477773380279541016e+01
1.489701461791992188e+01
1.501936721801757812e+01
1.514477634429931641e+01
1.527398014068603516e+01
1.540473556518554688e+01
1.554000949859619141e+01
1.567756175994873047e+01
1.581663990020751953e+01
1.595872211456298828e+01
1.610305595397949219e+01
1.624889183044433594e+01
1.639844894409179688e+01
1.654948997497558594e+01
1.670275306701660156e+01
1.685748481750488281e+01
1.701442146301269531e+01
1.717281341552734375e+01
1.733339500427246094e+01
1.749541854858398438e+01
1.765887832641601562e+01
1.782376289367675781e+01
1.799007034301757812e+01
1.815853691101074219e+01
1.832692527770996094e+01
1.849671554565429688e+01
1.866715812683105469e+01
1.883899497985839844e+01
1.901073455810546875e+01
1.918462181091308594e+01
1.935845375061035156e+01
1.953299140930175781e+01
1.970676994323730469e+01
1.988204383850097656e+01
2.005734634399414062e+01
2.023344230651855469e+01
2.040887069702148438e+01
2.058439254760742188e+01
2.076077461242675781e+01
2.093655204772949219e+01
2.111175155639648438e+01
2.128787612915039062e+01
2.146272277832031250e+01
2.163779640197753906e+01
2.181238174438476562e+01
2.198723793029785156e+01
2.216016387939453125e+01
2.233266448974609375e+01
2.250402069091796875e+01
2.267574119567871094e+01
2.284636306762695312e+01
2.301442146301269531e+01
2.318291091918945312e+01
2.334962654113769531e+01
2.351533126831054688e+01
2.368004989624023438e+01
2.384306144714355469e+01
2.400438690185546875e+01
2.416479301452636719e+01
2.432281494140625000e+01
2.448070335388183594e+01
2.463550949096679688e+01
2.478948402404785156e+01
2.494042015075683594e+01
2.508982467651367188e+01
2.523772048950195312e+01
2.538264083862304688e+01
2.552609634399414062e+01
2.566662025451660156e+01
2.580646133422851562e+01
2.594192695617675781e+01
2.607675552368164062e+01
2.620873451232910156e+01
2.633714294433593750e+01
2.646348953247070312e+01
2.658704566955566406e+01
2.670932388305664062e+01
2.682736587524414062e+01
2.694194030761718750e+01
2.705530929565429688e+01
2.716453552246093750e+01
2.727040672302246094e+01
2.737443923950195312e+01
2.747443962097167969e+01
2.757192993164062500e+01
2.766546630859375000e+01
2.775656318664550781e+01
2.784377670288085938e+01
2.792862129211425781e+01
2.801039314270019531e+01
2.808837890625000000e+01
2.816335868835449219e+01
2.823462677001953125e+01
2.830295372009277344e+01
2.836688995361328125e+01
2.842943954467773438e+01
2.848618316650390625e+01
2.854011535644531250e+01
2.859127616882324219e+01
2.863894653320312500e+01
2.868242454528808594e+01
2.872173500061035156e+01
2.875839996337890625e+01
2.879170036315917969e+01
2.882167243957519531e+01
2.884759902954101562e+01
2.886951637268066406e+01
2.888893318176269531e+01
2.890439605712890625e+01
2.891592979431152344e+01
2.892431449890136719e+01
2.892883110046386719e+01
2.893024444580078125e+01
2.892710685729980469e+01
2.892092895507812500e+01
2.891098976135253906e+01
2.889806365966796875e+01
2.888068962097167969e+01
2.886038208007812500e+01
2.883493614196777344e+01
2.880809020996093750e+01
2.877690505981445312e+01
2.874214363098144531e+01
2.870457649230957031e+01
2.866348075866699219e+01
2.861888504028320312e+01
2.857081222534179688e+01
2.851854133605957031e+01
2.846432685852050781e+01
2.840595626831054688e+01
2.834418296813964844e+01
2.827976989746093750e+01
2.821124839782714844e+01
2.814085388183593750e+01
2.806638145446777344e+01
2.798857688903808594e+01
2.790672302246093750e+01
2.782305145263671875e+01
2.773609733581542969e+01
2.764661026000976562e+01
2.755311965942382812e+01
2.745712471008300781e+01
2.735863494873046875e+01
2.725617408752441406e+01
2.715273094177246094e+01
2.704459953308105469e+01
2.693401527404785156e+01
2.682099151611328125e+01
2.670628166198730469e+01
2.658692359924316406e+01
2.646589851379394531e+01
2.634247016906738281e+01
2.621664810180664062e+01
2.608844375610351562e+01
2.595860481262207031e+01
2.582639884948730469e+01
2.569108772277832031e+01
2.555342483520507812e+01
2.541415977478027344e+01
2.527255249023437500e+01
2.512861442565917969e+01
2.498383712768554688e+01
2.483599472045898438e+01
2.468732452392578125e+01
2.453560447692871094e+01
2.438306617736816406e+01
2.422822952270507812e+01
2.407258796691894531e+01
2.391614341735839844e+01
2.375741767883300781e+01
2.359715461730957031e+01
2.343535995483398438e+01
2.327352714538574219e+01
2.310942649841308594e+01
2.294455337524414062e+01
2.277890396118164062e+01
2.261100387573242188e+01
2.244382476806640625e+01
2.227513885498046875e+01
2.210567092895507812e+01
2.193688774108886719e+01
2.176653861999511719e+01
2.159534454345703125e+01
2.142477226257324219e+01
2.125257301330566406e+01
2.108020973205566406e+01
2.090765953063964844e+01
2.073639106750488281e+01
2.056266593933105469e+01
2.038943862915039062e+01
2.021594047546386719e+01
2.004289627075195312e+01
1.986953926086425781e+01
1.969585227966308594e+01
1.952181053161621094e+01
1.934962272644042969e+01
1.917630004882812500e+01
1.900404548645019531e+01
1.883209609985351562e+01
1.866043472290039062e+01
1.848977851867675781e+01
1.831936645507812500e+01
1.814917755126953125e+01
1.797993469238281250e+01
1.781235885620117188e+01
1.764345741271972656e+01
1.747766876220703125e+01
1.731051445007324219e+01
1.714568519592285156e+01
1.698168182373046875e+01
1.681847763061523438e+01
1.665679931640625000e+01
1.649588012695312500e+01
1.633644676208496094e+01
1.617847442626953125e+01
1.602120590209960938e+01
1.586536026000976562e+01
1.571166038513183594e+01
1.555934429168701172e+01
1.540839481353759766e+01
1.525953102111816406e+01
1.511199474334716797e+01
1.496576213836669922e+01
1.482230377197265625e+01
1.468011188507080078e+01
1.453916835784912109e+01
1.440168285369873047e+01
1.426541042327880859e+01
1.413032531738281250e+01
1.399862670898437500e+01
1.386879444122314453e+01
1.374153518676757812e+01
1.361533164978027344e+01
1.349237728118896484e+01
1.337115287780761719e+01
1.325162410736083984e+01
1.313524341583251953e+01
1.302049255371093750e+01
1.290808105468750000e+01
1.279871940612792969e+01
1.269163322448730469e+01
1.258678817749023438e+01
1.248415470123291016e+01
1.238444328308105469e+01
1.228613662719726562e+01
1.219068908691406250e+01
1.209807109832763672e+01
1.200825214385986328e+01
1.192045783996582031e+01
1.183540344238281250e+01
1.175305843353271484e+01
1.167339324951171875e+01
1.159638214111328125e+01
1.152199268341064453e+01
1.145019912719726562e+01
1.138022994995117188e+01
1.131428813934326172e+01
1.125011634826660156e+01
1.118843173980712891e+01
1.112994956970214844e+01
1.107390308380126953e+01
1.102100753784179688e+01
1.096975326538085938e+01
1.092160129547119141e+01
1.087652587890625000e+01
1.083301734924316406e+01
1.079328060150146484e+01
1.075580692291259766e+01
1.072057247161865234e+01
1.068829536437988281e+01
1.065969944000244141e+01
1.063253021240234375e+01
1.060899639129638672e+01
1.058684730529785156e+01
1.056828784942626953e+01
1.055255699157714844e+01
1.053814506530761719e+01
1.052726173400878906e+01
1.051914501190185547e+01
1.051303672790527344e+01
1.050966644287109375e+01
1.050902271270751953e+01
1.051035022735595703e+01
1.051512145996093750e+01
1.052109622955322266e+01
1.053049182891845703e+01
1.054181003570556641e+01
1.055652618408203125e+01
1.057165718078613281e+01
1.059016418457031250e+01
1.061129188537597656e+01
1.063428878784179688e+01
1.065988636016845703e+01
1.068807411193847656e+01
1.071809959411621094e+01
1.075069618225097656e+01
1.078511047363281250e+01
1.082133388519287109e+01
1.086084270477294922e+01
1.090214347839355469e+01
1.094522476196289062e+01
1.099007987976074219e+01
1.103670024871826172e+01
1.108581924438476562e+01
1.113668823242187500e+01
1.118929862976074219e+01
1.124438476562500000e+01
1.130119895935058594e+01
1.135898876190185547e+01
1.141923522949218750e+01
1.148118782043457031e+01
1.154409790039062500e+01
1.160870265960693359e+01
1.167573833465576172e+01
1.174297142028808594e+01
1.181262588500976562e+01
1.188395404815673828e+01
1.195546245574951172e+01
1.202863597869873047e+01
1.210346984863281250e+01
1.217847251892089844e+01
1.225512886047363281e+01
1.233343315124511719e+01
1.241263961791992188e+01
1.249200248718261719e+01
1.257300567626953125e+01
1.265416049957275391e+01
1.273694992065429688e+01
1.281988906860351562e+01
1.290373706817626953e+01
1.298851299285888672e+01
1.307349300384521484e+01
1.315944004058837891e+01
1.324562931060791016e+01
1.333282470703125000e+01
1.342030239105224609e+01
1.350733852386474609e+01
1.359618377685546875e+01
1.368462848663330078e+01
1.377343368530273438e+01
1.386262321472167969e+01
1.395295619964599609e+01
1.404296970367431641e+01
1.413268280029296875e+01
1.422285747528076172e+01
1.431351566314697266e+01
1.440318965911865234e+01
1.449338626861572266e+01
1.458412456512451172e+01
1.467394065856933594e+01
1.476359558105468750e+01
1.485384941101074219e+01
1.494398307800292969e+01
1.503326797485351562e+01
1.512172698974609375e+01
1.521086311340332031e+01
1.529921054840087891e+01
1.538678646087646484e+01
1.547435474395751953e+01
1.556193065643310547e+01
1.564804649353027344e+01
1.573420906066894531e+01
1.581969070434570312e+01
1.590376663208007812e+01
1.598794078826904297e+01
1.607148551940917969e+01
1.615293502807617188e+01
1.623378944396972656e+01
1.631481170654296875e+01
1.639452743530273438e+01
1.647221374511718750e+01
1.655011558532714844e+01
1.662602043151855469e+01
1.670068550109863281e+01
1.677487182617187500e+01
1.684785079956054688e+01
1.691889572143554688e+01
1.698876571655273438e+01
1.705747604370117188e+01
1.712431526184082031e+01
1.719079208374023438e+01
1.725619888305664062e+01
1.731907272338867188e+01
1.738018989562988281e+01
1.744031715393066406e+01
1.749948883056640625e+01
1.755550003051757812e+01
1.761135101318359375e+01
1.766484451293945312e+01
1.771749305725097656e+01
1.776783752441406250e+01
1.781739616394042969e+01
1.786396217346191406e+01
1.790979766845703125e+01
1.795195579528808594e+01
1.799492454528808594e+01
1.803501319885253906e+01
1.807448196411132812e+01
1.811335563659667969e+01
1.814794921875000000e+01
1.818200111389160156e+01
1.821331214904785156e+01
1.824413681030273438e+01
1.827078819274902344e+01
1.829700660705566406e+01
1.832133102416992188e+01
1.834304809570312500e+01
1.836441040039062500e+01
1.838321113586425781e+01
1.840022468566894531e+01
1.841398239135742188e+01
1.842748832702636719e+01
1.843927764892578125e+01
1.844788551330566406e+01
1.845556831359863281e+01
1.846085929870605469e+01
1.846452903747558594e+01
1.846585273742675781e+01
1.846559906005859375e+01
1.846378326416015625e+01
1.845969200134277344e+01
1.845408248901367188e+01
1.844697570800781250e+01
1.843691062927246094e+01
1.842538452148437500e+01
1.841168022155761719e+01
1.839655685424804688e+01
1.838003158569335938e+01
1.836137962341308594e+01
1.833987236022949219e+01
1.831700325012207031e+01
1.829204368591308594e+01
1.826574516296386719e+01
1.823737716674804688e+01
1.820769309997558594e+01
1.817670059204101562e+01
1.814217948913574219e+01
1.810637092590332031e+01
1.806928062438964844e+01
1.802943229675292969e+01
1.798832130432128906e+01
1.794595527648925781e+01
1.790159797668457031e+01
1.785525512695312500e+01
1.780768013000488281e+01
1.775813865661621094e+01
1.770663452148437500e+01
1.765391731262207031e+01
1.759851074218750000e+01
1.754265022277832031e+01
1.748485374450683594e+01
1.742587471008300781e+01
1.736422920227050781e+01
1.730215644836425781e+01
1.723743057250976562e+01
1.717229080200195312e+01
1.710525512695312500e+01
1.703707313537597656e+01
1.696701049804687500e+01
1.689506912231445312e+01
1.682274627685546875e+01
1.674855995178222656e+01
1.667400360107421875e+01
1.659610748291015625e+01
1.651860046386718750e+01
1.643999862670898438e+01
1.635956382751464844e+01
1.627804756164550781e+01
1.619545555114746094e+01
1.611179542541503906e+01
1.602855873107910156e+01
1.594203472137451172e+01
1.585520362854003906e+01
1.576807022094726562e+01
1.567989826202392578e+01
1.559069347381591797e+01
1.550120353698730469e+01
1.540994644165039062e+01
1.531915664672851562e+01
1.522585010528564453e+01
1.513298892974853516e+01
1.504055595397949219e+01
1.494705677032470703e+01
1.485247611999511719e+01
1.475754261016845703e+01
1.466149902343750000e+01
1.456507682800292969e+01
1.446900272369384766e+01
1.437177658081054688e+01
1.427486896514892578e+01
1.417752361297607422e+01
1.407897853851318359e+01
1.398070621490478516e+01
1.388194942474365234e+01
1.378343105316162109e+01
1.368439292907714844e+01
1.358556365966796875e+01
1.348617839813232422e+01
1.338622379302978516e+01
1.328642463684082031e+01
1.318601989746093750e+01
1.308722019195556641e+01
1.298703670501708984e+01
1.288619327545166016e+01
1.278690147399902344e+01
1.268617153167724609e+01
1.258695602416992188e+01
1.248700904846191406e+01
1.238631057739257812e+01
1.228707313537597656e+01
1.218853473663330078e+01
1.208919239044189453e+01
1.199051189422607422e+01
1.189247894287109375e+01
1.179358673095703125e+01
1.169604873657226562e+01
1.159910392761230469e+01
1.150199413299560547e+01
1.140618610382080078e+01
1.130943679809570312e+01
1.121395874023437500e+01
1.111973571777343750e+01
1.102452468872070312e+01
1.093128108978271484e+01
1.083776378631591797e+01
1.074544239044189453e+01
1.065356063842773438e+01
1.056136226654052734e+01
1.047180557250976562e+01
1.038189601898193359e+01
1.029383754730224609e+01
1.020537948608398438e+01
1.011872577667236328e+01
1.003088378906250000e+01
9.944802284240722656e+00
9.860459327697753906e+00
9.777091026306152344e+00
9.695418357849121094e+00
9.614677429199218750e+00
9.533362388610839844e+00
9.453680992126464844e+00
9.375613212585449219e+00
9.297652244567871094e+00
9.221263885498046875e+00
9.145687103271484375e+00
9.071644783020019531e+00
8.998373985290527344e+00
8.926598548889160156e+00
8.856298446655273438e+00
8.785968780517578125e+00
8.717075347900390625e+00
8.650342941284179688e+00
8.583522796630859375e+00
8.518824577331542969e+00
8.454741477966308594e+00
8.393484115600585938e+00
8.332802772521972656e+00
8.272676467895507812e+00
8.213830947875976562e+00
8.156243324279785156e+00
8.100638389587402344e+00
8.045508384704589844e+00
7.992319583892822266e+00
7.939563751220703125e+00
7.889450550079345703e+00
7.839728355407714844e+00
7.791863918304443359e+00
7.745092391967773438e+00
7.699391841888427734e+00
7.655485153198242188e+00
7.612608432769775391e+00
7.571481704711914062e+00
7.530599594116210938e+00
7.492168903350830078e+00
7.455426692962646484e+00
7.420351028442382812e+00
7.385436058044433594e+00
7.352147579193115234e+00
7.319721698760986328e+00
7.288142681121826172e+00
7.257393836975097656e+00
7.228946208953857422e+00
7.202560901641845703e+00
7.176439762115478516e+00
7.151683807373046875e+00
7.128129005432128906e+00
7.105911254882812500e+00
7.085091590881347656e+00
7.065509796142578125e+00
7.047079086303710938e+00
7.030085563659667969e+00
7.014444828033447266e+00
6.999848365783691406e+00
6.986436843872070312e+00
6.974201202392578125e+00
6.963280677795410156e+00
6.953521728515625000e+00
6.944840431213378906e+00
6.937454700469970703e+00
6.931136608123779297e+00
6.925954341888427734e+00
6.921978473663330078e+00
6.919130325317382812e+00
6.917332172393798828e+00
6.916803359985351562e+00
6.917245864868164062e+00
6.918879032135009766e+00
6.921553134918212891e+00
6.925265312194824219e+00
6.930090904235839844e+00
6.935953617095947266e+00
6.942778587341308594e+00
6.950713634490966797e+00
6.959609508514404297e+00
6.969614982604980469e+00
6.980506896972656250e+00
6.992358684539794922e+00
7.005169868469238281e+00
7.018864631652832031e+00
7.033518314361572266e+00
7.049054622650146484e+00
7.065396785736083984e+00
7.082768440246582031e+00
7.100868701934814453e+00
7.119695663452148438e+00
7.139321327209472656e+00
7.159817218780517578e+00
7.181030750274658203e+00
7.202885627746582031e+00
7.225389957427978516e+00
7.248627185821533203e+00
7.272458076477050781e+00
7.297038555145263672e+00
7.322303771972656250e+00
7.348185539245605469e+00
7.374468326568603516e+00
7.401234626770019531e+00
7.428712368011474609e+00
7.456685543060302734e+00
7.485233306884765625e+00
7.514213085174560547e+00
7.543630123138427734e+00
7.573489665985107422e+00
7.603721141815185547e+00
7.634331226348876953e+00
7.665323257446289062e+00
7.696776390075683594e+00
7.728325366973876953e+00
7.760271549224853516e+00
7.792396545410156250e+00
7.824853897094726562e+00
7.857205390930175781e+00
7.889678478240966797e+00
7.923097133636474609e+00
7.956278324127197266e+00
7.989453792572021484e+00
8.021887779235839844e+00
8.055816650390625000e+00
8.089019775390625000e+00
8.122251510620117188e+00
8.155521392822265625e+00
8.188095092773437500e+00
8.221471786499023438e+00
8.255662918090820312e+00
8.287710189819335938e+00
8.320596694946289062e+00
8.353596687316894531e+00
8.385235786437988281e+00
8.417760848999023438e+00
8.449700355529785156e+00
8.481071472167968750e+00
8.512633323669433594e+00
8.543663024902343750e+00
8.574918746948242188e+00
8.605677604675292969e+00
8.635959625244140625e+00
8.665781974792480469e+00
8.695164680480957031e+00
8.724873542785644531e+00
8.754933357238769531e+00
8.783144950866699219e+00
8.811022758483886719e+00
8.837850570678710938e+00
8.865144729614257812e+00
8.892932891845703125e+00
8.919013977050781250e+00
8.945641517639160156e+00
8.970616340637207031e+00
8.996191024780273438e+00
9.020906448364257812e+00
9.045530319213867188e+00
9.070830345153808594e+00
9.094598770141601562e+00
9.117602348327636719e+00
9.140603065490722656e+00
9.162881851196289062e+00
9.184455871582031250e+00
9.206086158752441406e+00
9.227789878845214844e+00
9.248099327087402344e+00
9.268511772155761719e+00
9.287558555603027344e+00
9.306735992431640625e+00
9.325313568115234375e+00
9.343301773071289062e+00
9.359967231750488281e+00
9.376061439514160156e+00
9.391592025756835938e+00
9.406565666198730469e+00
9.421730041503906250e+00
9.434862136840820312e+00
9.448939323425292969e+00
9.460990905761718750e+00
9.473250389099121094e+00
9.484233856201171875e+00
9.493943214416503906e+00
9.503124237060546875e+00
9.511776924133300781e+00
9.519905090332031250e+00
9.526764869689941406e+00
9.533102989196777344e+00
9.538175582885742188e+00
9.542731285095214844e+00
9.546770095825195312e+00
9.548810005187988281e+00
9.550340652465820312e+00
9.551366806030273438e+00
9.550405502319335938e+00
0.000000000000000000e+00
0.000000000000000000e+00
0.000000000000000000e+00
0.000000000000000000e+00
0.000000000000000000e+00
0.000000000000000000e+00
0.000000000000000000e+00
0.000000000000000000e+00
0.000000000000000000e+00
0.000000000000000000e+00
0.000000000000000000e+00
0.000000000000000000e+00
0.000000000000000000e+00
0.000000000000000000e+00
0.000000000000000000e+00
0.000000000000000000e+00
0.000000000000000000e+00
0.000000000000000000e+00
0.000000000000000000e+00
0.000000000000000000e+00
0.000000000000000000e+00
0.000000000000000000e+00
0.000000000000000000e+00
0.000000000000000000e+00
0.000000000000000000e+00
0.000000000000000000e+00
0.000000000000000000e+00
0.000000000000000000e+00
0.000000000000000000e+00
0.000000000000000000e+00
0.000000000000000000e+00
0.000000000000000000e+00
0.000000000000000000e+00
0.000000000000000000e+00
0.000000000000000000e+00
0.000000000000000000e+00
0.000000000000000000e+00
0.000000000000000000e+00
0.000000000000000000e+00
0.000000000000000000e+00
0.000000000000000000e+00
0.000000000000000000e+00
0.000000000000000000e+00
0.000000000000000000e+00
0.000000000000000000e+00
0.000000000000000000e+00
0.000000000000000000e+00
0.000000000000000000e+00
0.000000000000000000e+00
0.000000000000000000e+00
0.000000000000000000e+00
0.000000000000000000e+00
0.000000000000000000e+00
0.000000000000000000e+00
0.000000000000000000e+00
0.000000000000000000e+00
0.000000000000000000e+00
0.000000000000000000e+00
0.000000000000000000e+00
0.000000000000000000e+00
0.000000000000000000e+00
0.000000000000000000e+00
0.000000000000000000e+00
0.000000000000000000e+00
0.000000000000000000e+00
0.000000000000000000e+00
0.000000000000000000e+00
0.000000000000000000e+00
0.000000000000000000e+00
0.000000000000000000e+00
0.000000000000000000e+00
0.000000000000000000e+00
0.000000000000000000e+00
0.000000000000000000e+00
0.000000000000000000e+00
0.000000000000000000e+00
0.000000000000000000e+00
0.000000000000000000e+00
0.000000000000000000e+00
0.000000000000000000e+00
0.000000000000000000e+00
0.000000000000000000e+00
0.000000000000000000e+00
0.000000000000000000e+00
0.000000000000000000e+00
0.000000000000000000e+00
0.000000000000000000e+00
0.000000000000000000e+00
0.000000000000000000e+00
0.000000000000000000e+00
0.000000000000000000e+00
0.000000000000000000e+00
0.000000000000000000e+00
0.000000000000000000e+00
0.000000000000000000e+00
0.000000000000000000e+00
0.000000000000000000e+00
0.000000000000000000e+00
0.000000000000000000e+00
0.000000000000000000e+00
