# pp
8.568968926914641154e-09
5.212274027097248484e-09
3.602920114999238992e-09
2.677520521121842937e-09
2.084500286949878030e-09
1.677054839978889075e-09
1.382745912344491024e-09
1.162108500381069048e-09
9.916319077489489857e-10
8.569970808685392891e-10
7.483673272122856012e-10
6.592913642768895507e-10
5.853054455039078763e-10
5.231056558658027573e-10
4.702620850764117089e-10
4.249703713892233439e-10
3.858489728389547194e-10
3.517896049776384443e-10
3.219289605406284599e-10
2.956117537989322894e-10
2.723106507030077372e-10
2.515736840722776177e-10
2.330300454576765148e-10
2.163823509244432809e-10
2.013845991237667495e-10
1.878275940651166462e-10
1.755326325136068154e-10
1.643407643043265454e-10
1.541188668700703261e-10
1.447643695449081831e-10
1.361891005389916830e-10
1.283090787991544846e-10
1.210503492189462288e-10
1.143500898700362497e-10
1.081536860489043568e-10
1.024128230218385694e-10
9.708474737458930521e-11
9.213104729499545688e-11
8.751764044415570899e-11
8.321438851668014829e-11
7.919465531895639050e-11
7.543473001981749781e-11
7.191341340354692439e-11
6.861169938355235505e-11
6.551243045994894151e-11
6.259987143715031539e-11
5.985976545150489286e-11
5.727923014279728419e-11
5.484659919593852190e-11
5.255124052507685030e-11
5.038331714076386466e-11
4.833383773584995428e-11
4.639460846633606451e-11
4.455814853212373990e-11
4.281758917643441100e-11
4.116653532869691666e-11
3.959910068548005802e-11
3.810988308119932705e-11
3.669391706702111754e-11
3.534665129283352224e-11
3.406396443648362557e-11
3.284206560146061670e-11
3.167744548774265302e-11
3.056685130041276222e-11
2.950724149906837880e-11
2.849570276522032463e-11
2.752950876934155065e-11
2.660612629481496265e-11
2.572319894272729829e-11
2.487851718027113099e-11
2.406996270034929166e-11
2.329554757878864457e-11
2.255341852506728658e-11
2.184184609670682116e-11
2.115922617747187529e-11
2.050410254427508147e-11
1.987512116392208917e-11
1.927101156065239233e-11
1.869058065730665082e-11
1.813270327749475123e-11
1.759630614743222900e-11
1.708037598771677633e-11
1.658395904233894903e-11
1.610615691480708664e-11
1.564611944225703337e-11
1.520303188462777120e-11
1.477612256937682107e-11
1.436466321217826485e-11
1.396796602313028993e-11
1.358537915435939847e-11
1.321627891554991598e-11
1.286007367247937817e-11
1.251620362636685860e-11
1.218413878804138358e-11
1.186337710060182178e-11
1.155344269827485671e-11
1.125388429030993108e-11
1.096427365976749425e-11
1.068420426797264520e-11
1.041328995623095962e-11
1.015116373714687978e-11
9.897476668556608005e-12
9.651896803693831440e-12
9.414108211755505882e-12
9.183810063531652004e-12
8.960715777213397383e-12
8.744552219902091141e-12
8.535058960713011180e-12
8.331987571704568719e-12
8.135100000602842546e-12
7.944165178497922352e-12
7.758961592943912696e-12
7.579277730292201687e-12
7.404911544199166425e-12
7.235669956627508773e-12
7.071368389097865624e-12
6.911830322119969788e-12
6.756886880890236530e-12
6.606376445487261176e-12
6.460144283929321433e-12
6.318042206579437066e-12
6.179928240495389922e-12
6.045666322424546835e-12
5.915126009237787254e-12
5.788182204683592087e-12
5.664714901423305611e-12
5.544608937382214339e-12
5.427753765519016498e-12
5.314043236178870276e-12
5.203375073717166839e-12
5.095649767621592429e-12
4.990771405194029179e-12
4.888647818162631819e-12
4.789190411365631194e-12
4.692314000432460478e-12
4.597936657928960138e-12
4.505979567468612518e-12
4.416366885324382827e-12
4.329025609105968566e-12
4.243885453095414262e-12
4.160878729860117469e-12
4.079940237786518135e-12
4.001007154200339649e-12
3.924018933760220189e-12
3.848917211831137766e-12
3.775645712562197198e-12
3.704150161410333549e-12
3.634378201867272466e-12
3.566279316161840960e-12
3.499804756870199879e-12
3.434907495627146570e-12
3.371542131813254874e-12
3.309664819908548449e-12
3.249233207205959782e-12
3.190206374386536445e-12
3.132544778808047754e-12
3.076210200367142974e-12
3.021165689803317610e-12
2.967375519320392592e-12
2.914805135408267225e-12
2.863421113754341615e-12
2.813191116140150344e-12
2.764083849224587921e-12
2.716069025120560363e-12
2.669117323677018629e-12
2.623200356383115468e-12
2.578290631815811000e-12
2.534361522556435960e-12
2.491387233505771782e-12
2.449342771530941562e-12
2.408203916380954138e-12
2.367947192811095497e-12
2.328549843859461601e-12
2.289989805221939412e-12
2.252245635493339530e-12
2.215296361129115330e-12
2.179121596279229547e-12
2.143701566797341755e-12
2.109017088912079871e-12
2.075049548749078217e-12
2.041780882665544038e-12
2.009193558361007411e-12
1.977270556729722581e-12
1.945995354421924720e-12
1.915351907082706327e-12
1.885324633238871304e-12
1.855898398805521391e-12
1.827058502185518246e-12
1.798790659936258130e-12
1.771080992979428884e-12
1.743916013330556003e-12
1.717282611326282433e-12
1.691168043328339063e-12
1.665559919884161330e-12
1.640446194325057907e-12
1.615815151783703013e-12
1.591655398613586805e-12
1.567955852193853169e-12
1.544705731103709946e-12
1.521894579183308939e-12
1.499512354342736670e-12
1.477549314645954407e-12
1.455995975896821056e-12
1.434843103725584063e-12
1.414081705953254755e-12
1.393703025222849988e-12
1.373698531887011319e-12
1.354059917141921248e-12
1.334779086397927410e-12
1.315848152877658392e-12
1.297259431432844622e-12
1.279005432571418815e-12
1.261078856686835637e-12
1.243472588481904010e-12
1.226179691579728243e-12
1.209193403314699480e-12
1.192507129696750997e-12
1.176114440542381865e-12
1.160009064766232425e-12
1.144184885827244580e-12
1.128635937323684516e-12
1.113356398731556048e-12
1.098340591281134142e-12
1.083582973966587685e-12
1.069078139683841494e-12
1.054820811492048321e-12
1.040805838994199697e-12
1.027028194832616131e-12
1.013482971295195907e-12
1.000165377028487710e-12
9.870707338538005576e-13
9.741944736827111085e-13
9.615321355284742469e-13
9.490793626099837866e-13
9.368318995450511113e-13
9.247855896299008342e-13
9.129363722019087769e-13
9.012802800827036954e-13
8.898134370988853457e-13
8.785320556777027635e-13
8.674324345151409376e-13
8.565109563139648300e-13
8.457640855893543102e-13
8.351883665398617213e-13
8.247804209814977046e-13
8.145369463428460305e-13
8.044547137191728053e-13
7.945305659835789298e-13
7.847614159533162748e-13
7.751442625456723492e-13
7.656762417191145585e-13
7.563545690385009634e-13
7.471765199181594282e-13
7.381394281346598945e-13
7.292406843818025527e-13
7.204777773109405858e-13
7.118480799439784896e-13
7.033492323089684821e-13
6.949789181206497638e-13
6.867347095453707672e-13
6.786142352426703504e-13
6.706153261507155185e-13
6.627358528895845093e-13
6.549735843175438996e-13
6.473263404824073075e-13
6.397921255812011686e-13
6.323689799031313315e-13
6.250548507865335712e-13
6.178477320177072562e-13
6.107457852453348509e-13
6.037472049875476293e-13
5.968501007554599372e-13
5.900526242623090769e-13
5.833530804303976976e-13
5.767498041538419635e-13
5.702410524918128338e-13
5.638251208978056020e-13
5.575004448315873721e-13
5.512654871155821011e-13
5.451186392213764102e-13
5.390583275948115297e-13
5.330831067752990308e-13
5.271915563121580873e-13
5.213821902738573853e-13
5.156535546268188615e-13
5.100043126675165073e-13
5.044331505778597761e-13
4.989386943799127239e-13
4.935195992226920298e-13
4.881746278469522792e-13
4.829025639579650582e-13
4.777021359307419437e-13
4.725720987678122668e-13
4.675113062410760429e-13
4.625186313478166820e-13
4.575928961441602088e-13
4.527329470562492523e-13
4.479377212767345592e-13
4.432061736471037494e-13
4.385372194868841121e-13
4.339298257523346509e-13
4.293830492543371459e-13
4.248959618820186137e-13
4.204675911039367136e-13
4.160969837838762972e-13
4.117832626160546955e-13
4.075255641807878830e-13
4.033229840614637604e-13
3.991746356626872198e-13
3.950797023017147690e-13
3.910373800964277923e-13
3.870468272923351642e-13
3.831072185264993531e-13
3.792177929539940218e-13
3.753778015410386971e-13
3.715864602360860418e-13
3.678430000790669260e-13
3.641467117047967428e-13
3.604968966562582915e-13
3.568928240693447393e-13
3.533337769878460544e-13
3.498190935528017875e-13
3.463481219884846561e-13
3.429201805020997020e-13
3.395346001300231573e-13
3.361907628926600117e-13
3.328880601392148698e-13
3.296258553920284788e-13
3.264035240183904800e-13
3.232204886040930437e-13
3.200761803730607700e-13
3.169700047314210631e-13
3.139013780312992211e-13
3.108697603926381202e-13
3.078746199405851484e-13
3.049154008271850024e-13
3.019915573285673321e-13
2.991025843233920736e-13
2.962479841149416376e-13
2.934272367287811684e-13
2.906398315623250675e-13
2.878852957092195967e-13
2.851631631546585518e-13
2.824729471657426174e-13
2.798141696922802699e-13
2.771863877092800655e-13
2.745891645933877042e-13
2.720220444392177557e-13
2.694845793921462331e-13
2.669763574972833569e-13
2.644969859258019988e-13
2.620460568098634697e-13
2.596231693114283127e-13
2.572279524666249031e-13
2.548600404252252391e-13
2.525190501857381713e-13
2.502046052796052798e-13
2.479163570628621027e-13
2.456539616574139399e-13
2.434170591946199546e-13
2.412052958816246966e-13
2.390183438595446115e-13
2.368558797143840332e-13
2.347175651136298587e-13
2.326030673795840629e-13
2.305120780231048511e-13
2.284442927034360728e-13
2.263993931521866183e-13
2.243770663677902889e-13
2.223770219245915123e-13
2.203989732712070994e-13
2.184426208451915657e-13
2.165076699930331907e-13
2.145938471459875511e-13
2.127008823559648100e-13
2.108284935122853214e-13
2.089764030828028611e-13
2.071443532402839081e-13
2.053320895433119221e-13
2.035393461738906295e-13
2.017658615872922414e-13
2.000113926658649186e-13
1.982756994601594917e-13
1.965585313728225712e-13
1.948596417975063133e-13
1.931788013706983342e-13
1.915157836952839618e-13
1.898703524022524591e-13
1.882422748524031293e-13
1.866313345510699385e-13
1.850373177827037353e-13
1.834600014874508620e-13
1.818991660933846457e-13
1.803546071537845270e-13
1.788261228271201394e-13
1.773135025106058258e-13
1.758165388652202749e-13
1.743350387304441669e-13
1.728688113893112555e-13
1.714176594194265030e-13
1.699813944491555008e-13
1.685598427551129625e-13
1.671528327310738219e-13
1.657601848830504780e-13
1.643817224103706509e-13
1.630172808262328244e-13
1.616666976338021426e-13
1.603298029303161936e-13
1.590064293393055861e-13
1.576964301342622314e-13
1.563996241174892951e-13
1.551158688402408787e-13
1.538450231132215221e-13
1.525869128523927431e-13
1.513414009657313353e-13
1.501083350143108018e-13
1.488875647857029312e-13
1.476789583135900632e-13
1.464823531679120826e-13
1.452976211627744071e-13
1.441246352380165518e-13
1.429632392400571210e-13
1.418133097321724592e-13
1.406747097030990268e-13
1.395473041082067017e-13
1.384309740584286535e-13
1.373255736871281807e-13
1.362309874532873232e-13
1.351471008238156745e-13
1.340737734819504672e-13
1.330108941057667935e-13
1.319583393421625258e-13
1.309159875788417301e-13
1.298837315367702565e-13
1.288614399989800460e-13
1.278490086576574407e-13
1.268463341089110715e-13
1.258532900534358371e-13
1.248697759389205241e-13
1.238956805288471279e-13
1.229308941307743724e-13
1.219753197934664818e-13
1.210288392839383064e-13
1.200913582929719003e-13
1.191627833232674787e-13
1.182430005080987701e-13
1.173319188873738413e-13
1.164294379949340765e-13
1.155354587369122843e-13
1.146498935590320577e-13
1.137726367139225108e-13
1.129036039373598609e-13
1.120427116755412690e-13
1.111898581994961744e-13
1.103449621782334938e-13
1.095079337883789727e-13
1.086786844098305518e-13
1.078571355282923974e-13
1.070431916971381707e-13
1.062367764670362859e-13
1.054378140291614163e-13
1.046462123463107465e-13
1.038618975953902607e-13
1.030847883702917101e-13
1.023148043386114513e-13
1.015518742006663828e-13
1.007959115217336145e-13
1.000468468490502730e-13
9.930461130813237654e-14
9.856912150927613365e-14
9.784031035504131227e-14
9.711810396525430687e-14
9.640242941953399717e-14
9.569322188485248005e-14
9.499040297665902354e-14
9.429390951664660709e-14
9.360367884930718322e-14
9.291963531440535369e-14
9.224171784940622593e-14
9.156985931468454305e-14
9.090399343005398805e-14
9.024406116822198477e-14
8.958999134821592156e-14
8.894172642770883634e-14
8.829920933762649448e-14
8.766237133849906390e-14
8.703115679154818463e-14
8.640550460427988233e-14
8.578535445505505373e-14
8.517065253717655081e-14
8.456133412651922330e-14
8.395734675113053471e-14
8.335863836799255872e-14
8.276514644459939368e-14
8.217682022418499349e-14
8.159360404798695522e-14
8.101544294975414041e-14
8.044228782436771836e-14
7.987407974462998762e-14
7.931077117307471804e-14
7.875231641415826566e-14
7.819866066411485821e-14
7.764975968583178505e-14
7.710556479562128168e-14
7.656602789962223761e-14
7.603110615203190702e-14
7.550074782492091552e-14
7.497491109166337863e-14
7.445355444791799083e-14
7.393662784596011525e-14
7.342409076507253316e-14
7.291589867626223195e-14
7.241201184838270883e-14
7.191237401063827045e-14
7.141696332092790017e-14
7.092572453770648185e-14
7.043861977225880694e-14
6.995561943167318096e-14
6.947666218658002368e-14
6.900171942230462785e-14
6.853076240526656250e-14
6.806373184683164842e-14
6.760059995736470880e-14
6.714133141280553341e-14
6.668587649814702120e-14
6.623421546077683918e-14
6.578629948333133455e-14
6.534209485252848443e-14
6.490156811136261203e-14
6.446467228094579565e-14
6.403138853379967833e-14
6.360167073259815027e-14
6.317548693156236618e-14
6.275281198312277790e-14
6.233359475382446944e-14
6.191781089705743765e-14
6.150543598195864630e-14
6.109642053359820167e-14
6.069074089469855852e-14
6.028836723783892346e-14
5.988925792628593913e-14
5.949339591431733780e-14
5.910074030183658605e-14
5.871126258729337223e-14
5.832493448351119394e-14
5.794171658882046891e-14
5.756159264450228806e-14
5.718452394072729688e-14
5.681048343641587782e-14
5.643944977984810811e-14
5.607138058176094136e-14
5.570625558479663294e-14
5.534405446491371958e-14
5.498473625520391388e-14
5.462828125408994881e-14
5.427466467293415218e-14
5.392385197455248279e-14
5.357582890237527331e-14
5.323056151280110529e-14
5.288802608590132128e-14
5.254819907496865459e-14
5.221104774397474495e-14
5.187655847333307467e-14
5.154469908551593647e-14
5.121544704005769506e-14
5.088878442697001460e-14
5.056467563278595407e-14
5.024310328050397374e-14
4.992404994619290202e-14
4.960748111185426826e-14
4.929337986927146756e-14
4.898172510112451033e-14
4.867248760890481595e-14
4.836565500872662507e-14
4.806119859445932926e-14
4.775909813782050797e-14
4.745933355678852257e-14
4.716187714033147699e-14
4.686671705057124512e-14
4.657382604048467895e-14
4.628318486641795493e-14
4.599477813696959660e-14
4.570857574362699557e-14
4.542456273831419102e-14
4.514272414046530415e-14
4.486303074654110631e-14
4.458546800526221762e-14
4.431001786590536473e-14
4.403665554707335007e-14
4.376537027410053822e-14
4.349613767591636886e-14
4.322894044469354315e-14
4.296376139652878991e-14
4.270057698440718671e-14
4.243937690263626776e-14
4.218013799146219341e-14
4.192284376855783956e-14
4.166748097098045136e-14
4.141402404515622055e-14
4.116246018344851519e-14
4.091277689360411884e-14
4.066494987423598808e-14
4.041896706410674624e-14
4.017481347263761037e-14
3.993246847171903411e-14
3.969192314686224117e-14
3.945315720067094635e-14
3.921615624049828252e-14
3.898090597286495440e-14
3.874738676746350383e-14
3.851559008253382906e-14
3.828549660039774053e-14
3.805709259317671647e-14
3.783036702928587260e-14
3.760529856247173252e-14
3.738187646054886473e-14
3.716008997143196312e-14
3.693991835848379083e-14
3.672135116001414586e-14
3.650437545718459348e-14
3.628897359463559854e-14
3.607513776019824461e-14
3.586285057672615709e-14
3.565209962971140363e-14
3.544287258940571038e-14
3.523515263639302360e-14
3.502893228122212836e-14
3.482419496782907122e-14
3.462092884415075111e-14
3.441912433061902061e-14
3.421876316024828306e-14
3.401983600592676341e-14
3.382233352719136729e-14
3.362623796782421263e-14
3.343154023238517899e-14
3.323822915579854800e-14
3.304628957723639709e-14
3.285571464096238499e-14
3.266648942112006153e-14
3.247860317963528107e-14
3.229204525109041706e-14
3.210680117789757208e-14
3.192286438422612017e-14
3.174022063519065304e-14
3.155885967031587753e-14
3.137877129823661016e-14
3.119994539656048373e-14
3.102236828017955693e-14
3.084603367029586559e-14
3.067092458937548346e-14
3.049703872217341206e-14
3.032435963987601122e-14
3.015288161055691046e-14
2.998259540627862772e-14
2.981348510140317067e-14
2.964554514170586672e-14
2.947876989337511613e-14
2.931314381407953164e-14
2.914865817656854909e-14
2.898530752124396156e-14
2.882307677719905346e-14
2.866196377661083043e-14
2.850195368993406240e-14
2.834304124845016494e-14
2.818521500667270086e-14
2.802846671956998546e-14
2.787278819534875480e-14
2.771817129536369277e-14
2.756460500125308243e-14
2.741208427162449054e-14
2.726059825105784352e-14
2.711013909722610409e-14
2.696069901845848359e-14
2.681226748384985282e-14
2.666483964780939764e-14
2.651840513426075629e-14
2.637295643325882064e-14
2.622848608316036952e-14
2.608498667053084115e-14
2.594244820147367940e-14
2.580086603889082669e-14
2.566022775807786276e-14
2.552053139194317140e-14
2.538176470999866922e-14
2.524392323370858067e-14
2.510699995312024972e-14
2.497098299656865346e-14
2.483586801846371919e-14
2.470165062099519936e-14
2.456831920821582794e-14
2.443586713367060345e-14
2.430429012979947188e-14
2.417357693780554279e-14
2.404372568870525275e-14
2.391472529774132759e-14
2.378657164201990753e-14
2.365925609965610567e-14
2.353277238071662763e-14
2.340711423522795661e-14
2.328227549534303238e-14
2.315824805892725559e-14
2.303502822834670791e-14
2.291260805756520383e-14
2.279098179870975793e-14
2.267014373919039415e-14
2.255008615971375025e-14
2.243080549878558231e-14
2.231229414531219128e-14
2.219454658350723134e-14
2.207755733130503966e-14
2.196132094030167056e-14
2.184583006705673257e-14
2.173108129528935207e-14
2.161706549166265695e-14
2.150378119728072143e-14
2.139121941516888549e-14
2.127937683989155100e-14
2.116824830559951091e-14
2.105782506768970660e-14
2.094810391392314474e-14
2.083908159498914045e-14
2.073074956034594188e-14
2.062310289977422925e-14
2.051613845537921096e-14
2.040984791439424130e-14
2.030422988496884691e-14
2.019927617712887075e-14
2.009498373458182396e-14
1.999134617903158727e-14
1.988835885134902296e-14
1.978601712055904770e-14
1.968431638378387882e-14
1.958325048148471074e-14
1.948281648060015627e-14
1.938300830597487953e-14
1.928382150879942861e-14
1.918525166715045415e-14
1.908729287250708245e-14
1.898994229759552422e-14
1.889319411442313333e-14
1.879704404817131305e-14
1.870148784975744154e-14
1.860652129577836730e-14
1.851213875580890637e-14
1.841833751623376177e-14
1.832511061630660292e-14
1.823245679882164478e-14
1.814036920366433968e-14
1.804884520282399808e-14
1.795788081683735850e-14
1.786746952453712255e-14
1.777760895209532575e-14
1.768829669869740339e-14
1.759952641190442116e-14
1.751129444906569030e-14
1.742359847358661334e-14
1.733643230226474111e-14
1.724979491398395238e-14
1.716368021285394851e-14
1.707808593353978980e-14
1.699300732848670139e-14
1.690844093245391802e-14
1.682438330004888813e-14
1.674083100569276278e-14
1.665777945759434419e-14
1.657522647665383662e-14
1.649316753107092936e-14
1.641159930466049755e-14
1.633051850023635814e-14
1.624992070498779894e-14
1.616980381415595382e-14
1.609016347229602196e-14
1.601099648688296906e-14
1.593229968361538170e-14
1.585406990638068811e-14
1.577630294102043562e-14
1.569899676268105057e-14
1.562214615432071182e-14
1.554575018376684769e-14
1.546980370613341244e-14
1.539430475712987399e-14
1.531925033234908788e-14
1.524463542007818399e-14
1.517045810672345789e-14
1.509671646017837836e-14
1.502340557184726544e-14
1.495052257394316950e-14
1.487806558413067134e-14
1.480602981987926379e-14
1.473441439215792224e-14
1.466321458395288995e-14
1.459242856879601269e-14
1.452205264686160415e-14
1.445208408647756211e-14
1.438252017140021235e-14
1.431335820078156775e-14
1.424459459213728191e-14
1.417622758761009387e-14
1.410825365034187316e-14
1.404067018413720015e-14
1.397347469165594544e-14
1.390666385081598386e-14
1.384023608651085654e-14
1.377418811787591572e-14
1.370851754387521707e-14
1.364322197645737841e-14
1.357829904053477428e-14
1.351374555722825828e-14
1.344956000781511796e-14
1.338573844971217063e-14
1.332228019233589758e-14
1.325918134532894867e-14
1.319644043303232476e-14
1.313405518917818873e-14
1.307202182013471716e-14
1.301033964992476316e-14
1.294900493491304335e-14
1.288801549582428623e-14
1.282737065389737904e-14
1.276706673924348870e-14
1.270710160761807379e-14
1.264747167423611136e-14
1.258817773404985390e-14
1.252921478502718084e-14
1.247058218059342258e-14
1.241227783354948537e-14
1.235429827524719027e-14
1.229664147581445303e-14
1.223930678603756772e-14
1.218229080491870162e-14
1.212559153499545656e-14
1.206920698946377504e-14
1.201313519215835132e-14
1.195737417753212411e-14
1.190192068693311372e-14
1.184677410105926652e-14
1.179193248579044124e-14
1.173739264560009982e-14
1.168315269858695216e-14
1.162921202400220999e-14
1.157556624704952725e-14
1.152221600797152901e-14
1.146915821342596997e-14
1.141639103114652090e-14
1.136391143752911985e-14
1.131171884054970603e-14
1.125981143704421232e-14
1.120818626142299018e-14
1.115684272113648861e-14
1.110577790244666074e-14
1.105499013747965269e-14
1.100447778060355481e-14
1.095424032016056024e-14
1.090427386694713835e-14
1.085457793513739683e-14
1.080515091247470153e-14
1.075599010515875653e-14
1.070709502487197822e-14
1.065846408400941957e-14
1.061009463936076428e-14
1.056198514535550762e-14
1.051413511113714713e-14
1.046654090444528929e-14
1.041920205837063600e-14
1.037211808047870423e-14
1.032528541162996672e-14
1.027870358303882760e-14
1.023237110331554300e-14
1.018628549875071266e-14
1.014044531685058504e-14
1.009485008674348784e-14
1.004949738060233729e-14
1.000438576782152829e-14
9.959514776467059538e-15
9.914881079890741680e-15
9.870484228102088456e-15
9.826322819239620306e-15
9.782395458596254945e-15
9.738699844001724421e-15
9.695235523977081854e-15
9.652000224694531573e-15
9.608992600893190418e-15
9.566212200286855948e-15
9.523656790900938721e-15
9.481325047756365089e-15
9.439214786893807851e-15
9.397326434732669879e-15
9.355656961603582258e-15
9.314205934633229657e-15
9.272972061918807230e-15
9.231953225679224891e-15
9.191148166602748230e-15
9.150556451247294781e-15
9.110176000458795179e-15
9.070005573795468607e-15
9.030043937026856199e-15
8.990289862122272119e-15
8.950742127238795518e-15
8.911398734363731458e-15
8.872259276992746720e-15
8.833322594473513499e-15
8.794586776055307925e-15
8.756050698695435311e-15
8.717713997434145775e-15
8.679574048712750982e-15
8.641631245318820243e-15
8.603883733018819827e-15
8.566330415631848031e-15
8.528969477939069646e-15
8.491800569802787486e-15
8.454822610829948643e-15
8.418033818010376976e-15
8.381433840215782149e-15
8.345020915586727818e-15
8.308794000599279421e-15
8.272752056712802999e-15
8.236894731783745809e-15
8.201219629210954937e-15
8.165726411987972986e-15
8.130414061432172607e-15
8.095280902778026441e-15
8.060326598231117064e-15
8.025550143787112548e-15
7.990949894179779734e-15
7.956524869827678929e-15
7.922274732289449458e-15
7.888197233518019450e-15
7.854292049178648775e-15
7.820558840508528562e-15
7.786995401934782897e-15
7.753601408634338351e-15
7.720375913429253476e-15
7.687317369908653187e-15
7.654424853610229188e-15
7.621698039268937685e-15
7.589135407402749755e-15
7.556736046696407239e-15
7.524499631814012436e-15
7.492424092470848461e-15
7.460509116332079573e-15
7.428753809359907189e-15
7.397157281816421040e-15
7.365718087879714307e-15
7.334435915060441797e-15
7.303309334254912262e-15
7.272337484979550965e-15
7.241520054787177328e-15
7.210855639285630231e-15
7.180343390232936840e-15
7.149981936318842039e-15
7.119771529960855779e-15
7.089710304084635514e-15
7.059797987548193115e-15
7.030033780928293331e-15
7.000416375773867941e-15
6.970944991430358962e-15
6.941619356090064067e-15
6.912438183512180226e-15
6.883400703777176911e-15
6.854506150502868191e-15
6.825753760839118685e-15
6.797142775462327058e-15
6.768671955007419277e-15
6.740341037787383210e-15
6.712149274936798190e-15
6.684095448003922292e-15
6.656178825426039549e-15
6.628399145211228102e-15
6.600754746561360595e-15
6.573245837039257534e-15
6.545871232176264285e-15
6.518630217053615505e-15
6.491521630424458367e-15
6.464545220070070344e-15
6.437700280863990060e-15
6.410985670990898105e-15
6.384401138178359991e-15
6.357945553382378308e-15
6.331618233827852533e-15
6.305418499843163494e-15
6.279346099240172014e-15
6.253399506727446327e-15
6.227578479364944481e-15
6.201882349843781956e-15
6.176310041570391286e-15
6.150861311637820867e-15
6.125535501880007550e-15
6.100331553596772629e-15
6.075248823363697061e-15
6.050287068530231125e-15
6.025444852927056026e-15
6.000721942561568481e-15
5.976118095057844917e-15
5.951631899847292001e-15
5.927263123113578998e-15
5.903011141693574949e-15
5.878874956782473725e-15
5.854853958989466171e-15
5.830947914838581899e-15
5.807155844751927934e-15
5.783477161547889039e-15
5.759911648779079828e-15
5.736457993997341716e-15
5.713115988509687099e-15
5.689885058266611429e-15
5.666764631788311937e-15
5.643753787491875483e-15
5.620852316640287347e-15
5.598059307638246118e-15
5.575374206488352297e-15
5.552796804511840651e-15
5.530326204890112433e-15
5.507961860967856727e-15
5.485702892761698146e-15
5.463549432292675429e-15
5.441500270963533366e-15
5.419555207470613084e-15
5.397713707165942280e-15
5.375974913583530401e-15
5.354338303628282567e-15
5.332803676220150417e-15
5.311370188665835965e-15
5.290037324767518705e-15
5.268804570601465330e-15
5.247671414514183241e-15
5.226637347118451004e-15
5.205701861289206805e-15
5.184863843041594922e-15
5.164123407283567890e-15
5.143480053553729731e-15
5.122933283636363208e-15
5.102482009053787838e-15
5.082126336718807491e-15
5.061865775030349375e-15
5.041698673867470365e-15
5.021626299143238078e-15
5.001647009004993250e-15
4.981760332401724750e-15
4.961965800310117405e-15
4.942263506500079090e-15
4.922651860625631473e-15
4.903131517491771966e-15
4.883702004833685729e-15
4.864361761338607521e-15
4.845110883301277373e-15
4.825948915885497603e-15
4.806875406254705124e-15
4.787889903568117865e-15
4.768991958976794410e-15
4.750180603539705755e-15
4.731455931468977055e-15
4.712817509625315115e-15
4.694264906770643843e-15
4.675797183871682471e-15
4.657414430063050569e-15
4.639115716879867683e-15
4.620901130187256252e-15
4.602769751972290799e-15
4.584721664921280926e-15
4.566755471949147606e-15
4.548871748644924495e-15
4.531070080328659638e-15
4.513349094972424608e-15
4.495709353703499959e-15
4.478149500888414852e-15
4.460670088193869774e-15
4.443269776176153112e-15
4.425949107221293694e-15
4.408707218521775945e-15
4.391543261412959304e-15
4.374457310172350509e-15
4.357448977015927755e-15
4.340517427368643462e-15
4.323663176749571168e-15
4.306884948409089402e-15
4.290182370108114369e-15
4.273555507806345048e-15
4.257003549882399478e-15
4.240526559654913713e-15
4.224123734496870643e-15
4.207795135159752565e-15
4.191539545537955363e-15
4.175357451850672155e-15
4.159248485912402209e-15
4.143211453070304491e-15
4.127246827458371358e-15
4.111353428464707284e-15
4.095531316398753993e-15
4.079780542266354095e-15
4.064099946194525449e-15
4.048489982824486932e-15
4.032949505896909092e-15
4.017478177018853113e-15
4.002076439513724436e-15
3.986743167173226592e-15
3.971478410917318115e-15
3.956281447851511491e-15
3.941152326668844052e-15
3.926090332362254830e-15
3.911095512660650350e-15
3.896167538994087972e-15
3.881305344969060879e-15
3.866509356138371949e-15
3.851778883851298466e-15
3.837113613409269760e-15
3.822513592087393017e-15
3.807978142420153020e-15
3.793506597644005580e-15
3.779099362611813866e-15
3.764755419411862483e-15
3.750475166234077669e-15
3.736257596910711962e-15
3.722103103091842213e-15
3.708010690211819361e-15
3.693980063136444807e-15
3.680011603883478739e-15
3.666104334980934180e-15
3.652258298562033004e-15
3.638472866350616262e-15
3.624748078588218169e-15
3.611083313729087192e-15
3.597478610175716092e-15
3.583933353042034639e-15
3.570447257964932103e-15
3.557020041742276180e-15
3.543651739206868978e-15
3.530341748538591167e-15
3.517089790049623060e-15
3.503895585204539411e-15
3.490758856618146748e-15
3.477679328053290338e-15
3.464657029334777974e-15
3.451691074738348731e-15
3.438781197289385202e-15
3.425927729320218099e-15
3.413129800104824964e-15
3.400387441246922543e-15
3.387700384440141999e-15
3.375068362507395309e-15
3.362490529910673177e-15
3.349967496465238074e-15
3.337498420650604538e-15
3.325083045175107626e-15
3.312721396260973709e-15
3.300412932649449092e-15
3.288157400200907336e-15
3.275954545809812542e-15
3.263804392809167508e-15
3.251706411277412318e-15
3.239660352186528572e-15
3.227665971322775556e-15
3.215723026410421340e-15
3.203831276156180185e-15
3.191990480247328344e-15
3.180200399349796597e-15
3.168460533252802980e-15
3.156770909709789957e-15
3.145131292276469610e-15
3.133541445479533723e-15
3.122000879458391064e-15
3.110509619223858492e-15
3.099067432169602330e-15
3.087673585450434533e-15
3.076328604875186320e-15
3.065031761026513249e-15
3.053782829728332454e-15
3.042581587694595755e-15
3.031428055420020698e-15
3.020321524099564838e-15
3.009262257403435833e-15
2.998250031122613905e-15
2.987284148161785216e-15
2.976364630454994919e-15
2.965491260931657907e-15
2.954663823397731870e-15
2.943882102533923425e-15
2.933145883893877280e-15
2.922454725649385491e-15
2.911808646165685683e-15
2.901207433575037289e-15
2.890650876875366903e-15
2.880138543254502230e-15
2.869670448851590360e-15
2.859246165280424242e-15
2.848865707599720368e-15
2.838528651804902159e-15
2.828235011904722497e-15
2.817984153645447857e-15
2.807776307234091866e-15
2.797611269234821767e-15
2.787488415726261390e-15
2.777407971451747304e-15
2.767369319262814577e-15
2.757372680323138319e-15
2.747417444180593660e-15
2.737503828482432099e-15
2.727631432457492870e-15
2.717799861117499305e-15
2.708009126357700377e-15
2.698259037398546141e-15
2.688549209481061677e-15
2.678879855126030670e-15
2.669250394939455777e-15
2.659660648960371448e-15
2.650110631304579777e-15
2.640599967651038425e-15
2.631128671173929218e-15
2.621696371314084738e-15
2.612303080330052801e-15
2.602948243782987347e-15
2.593632062913114550e-15
2.584354359895637924e-15
2.575114589177267094e-15
2.565912947273962339e-15
2.556748894458528817e-15
2.547622443236406116e-15
2.538533602385111083e-15
2.529481840795341298e-15
2.520467347343552116e-15
2.511489596585799141e-15
2.502548423352896193e-15
2.493644012074299195e-15
2.484775845665110399e-15
2.475943933266233060e-15
2.467147937769203756e-15
2.458387867515862501e-15
2.449663388740005953e-15
2.440974509006768781e-15
2.432321065167300295e-15
2.423702562109217883e-15
2.415119174576353134e-15
2.406570577006847816e-15
2.398056611756756534e-15
2.389577284170450601e-15
2.381132273509532995e-15
2.372721263520243075e-15
2.364344420866579551e-15
2.356001270992522498e-15
2.347691977954750832e-15
2.339416072191436244e-15
2.331173715196784996e-15
2.322964442348389782e-15
2.314788104806751006e-15
2.306644860286537808e-15
2.298534251455262123e-15
2.290456282380512054e-15
2.282410653514487180e-15
2.274397368275552940e-15
2.266416130047978680e-15
2.258466942368982779e-15
2.250549515264836723e-15
2.242663709449908913e-15
2.234809386160638264e-15
2.226986551364944877e-15
2.219194921435254297e-15
2.211434359185155720e-15
2.203704727946400443e-15
2.196005891567926832e-15
2.188337714414866362e-15
2.180700200574402441e-15
2.173092936212160354e-15
2.165515789681110574e-15
2.157968903369306612e-15
2.150451869837856864e-15
2.142964694093769963e-15
2.135507244071142679e-15
2.128079388211954236e-15
2.120680729802339309e-15
2.113311539112594332e-15
2.105971421188108461e-15
2.098660248768600770e-15
2.091378024831575866e-15
2.084124491788067244e-15
2.076899523808384554e-15
2.069702995533022210e-15
2.062534908848226706e-15
2.055395011085368813e-15
2.048283178304279236e-15
2.041199287031251205e-15
2.034143214258111590e-15
2.027114837441282948e-15
2.020114034500824267e-15
2.013140683819466584e-15
2.006194543217036240e-15
1.999275614420302426e-15
1.992383777180764907e-15
1.985518911708744276e-15
1.978680780415320176e-15
1.971869384044269715e-15
1.965084604163210601e-15
1.958326090340303478e-15
1.951593960178211866e-15
1.944888096580291015e-15
1.938208382901692202e-15
1.931554475788211656e-15
1.924926489260708100e-15
1.918324083435560668e-15
1.911747370575044134e-15
1.905196236228069630e-15
1.898670346330474741e-15
1.892169594446946001e-15
1.885694093396380411e-15
1.879243734417405575e-15
1.872818193438873712e-15
1.866417366224623868e-15
1.860041362180028845e-15
1.853689862101840185e-15
1.847362973730702257e-15
1.841060381073965406e-15
1.834781981777927062e-15
1.828527673854324073e-15
1.822297561773601589e-15
1.816091130918375780e-15
1.809908895185205668e-15
1.803750139293147643e-15
1.797614968017038300e-15
1.791503481883929399e-15
1.785415179705252979e-15
1.779350361922975410e-15
1.773308729537947057e-15
1.767290184223796698e-15
1.761294433300355852e-15
1.755321769680075656e-15
1.749371900290387705e-15
1.743444728233062133e-15
1.737539966611113538e-15
1.731657901016736397e-15
1.725798055966646008e-15
1.719960713469358312e-15
1.714145403011250198e-15
1.708352218010412961e-15
1.702580880003819061e-15
1.696831663962281779e-15
1.691104109126396754e-15
1.685398306095751703e-15
1.679714161801190203e-15
1.674051404608321883e-15
1.668410123058114954e-15
1.662790048187670698e-15
1.657191267187303212e-15
1.651613688679145852e-15
1.646057047665741755e-15
1.640521429361593625e-15
1.635006571373150597e-15
1.629512557618460145e-15
1.624039128281380943e-15
1.618586366004568808e-15
1.613154013523052862e-15
1.607741984940543166e-15
1.602350361557976453e-15
1.596978892580028529e-15
1.591627496257469968e-15
1.586296254717294186e-15
1.580984921362339913e-15
1.575693415304343669e-15
1.570421816820923738e-15
1.565169722921378139e-15
1.559937374447115733e-15
1.554724530759650097e-15
1.549531112384394755e-15
1.544357040124754461e-15
1.539202235061638274e-15
1.534066773306683331e-15
1.528950266132009164e-15
1.523852791061820378e-15
1.518774422486576366e-15
1.513714777618542154e-15
1.508673932242146615e-15
1.503651809366589222e-15
1.498648332274443477e-15
1.493663424521116734e-15
1.488697009934295043e-15
1.483749012613388777e-15
1.478819211300265212e-15
1.473907677864558407e-15
1.469014337203035669e-15
1.464138971238628719e-15
1.459281792679026650e-15
1.454442441517292480e-15
1.449620846053523070e-15
1.444817215085585477e-15
1.440031194065747330e-15
1.435262712038654697e-15
1.430511836129291770e-15
1.425778493598512814e-15
1.421062475631503872e-15
1.416363712250353850e-15
1.411682268569719725e-15
1.407018072878159492e-15
1.402370920336958563e-15
1.397740741938541832e-15
1.393127600850590905e-15
1.388531295158500957e-15
1.383951756571192029e-15
1.379389046830018156e-15
1.374842966901352520e-15
1.370313449206566803e-15
1.365800426399432293e-15
1.361303958367823052e-15
1.356823850266015063e-15
1.352360037533581358e-15
1.347912456244407565e-15
1.343481042688426035e-15
1.339065856969672914e-15
1.334666587943524693e-15
1.330283419081888741e-15
1.325916042344532851e-15
1.321564518025801527e-15
1.317228903998124669e-15
1.312908896816203801e-15
1.308604674431306969e-15
1.304315936420798645e-15
1.300042740859180182e-15
1.295785026388071176e-15
1.291542731860517973e-15
1.287315796340578339e-15
1.283104043897413398e-15
1.278907530460094406e-15
1.274726195712291110e-15
1.270559979547078948e-15
1.266408709316881598e-15
1.262272439291905882e-15
1.258151109980190658e-15
1.254044551152343487e-15
1.249952815865507433e-15
1.245875845239132535e-15
1.241813471427005324e-15
1.237765637713425126e-15
1.233732395575031277e-15
1.229713686934013151e-15
1.225709347061441133e-15
1.221719320000518661e-15
1.217743655696212225e-15
1.213782296867105528e-15
1.209834977248691270e-15
1.205901851381234697e-15
1.201982862571444900e-15
1.198077748467421293e-15
1.194186660830601305e-15
1.190309441714693022e-15
1.186446036835995172e-15
1.182596492849399283e-15
1.178760654004825668e-15
1.174938466570084057e-15
1.171129876993024126e-15
1.167334831901214041e-15
1.163553278101615644e-15
1.159785162580255495e-15
1.156030529576409575e-15
1.152289132064798645e-15
1.148561016628433818e-15
1.144846228263344553e-15
1.141144525004665338e-15
1.137455952691699005e-15
1.133780461281538039e-15
1.130118000898064968e-15
1.126468521831639778e-15
1.122831881986139952e-15
1.119208217577359075e-15
1.115597294770446129e-15
1.111999157062823619e-15
1.108413755564218872e-15
1.104840951409195926e-15
1.101280787124829070e-15
1.097733214305584090e-15
1.094198095984698444e-15
1.090675473741079789e-15
1.087165299651250245e-15
1.083667438620326042e-15
1.080181931300695337e-15
1.076708643828072326e-15
1.073247616246333247e-15
1.069798715910228914e-15
1.066361982264425697e-15
1.062937283871252820e-15
1.059524575405199264e-15
1.056123895425445289e-15
1.052735114280695047e-15
1.049358269953572254e-15
1.045993233972232641e-15
1.042639961748530238e-15
1.039298490413014854e-15
1.035968612089289236e-15
1.032650445348847551e-15
1.029343864609390763e-15
1.026048905893136857e-15
1.022765365288284582e-15
1.019493358577268958e-15
1.016232683796908685e-15
1.012983455358393821e-15
1.009745551057156544e-15
1.006518927886828624e-15
1.003303465958983020e-15
1.000099276994874566e-15
9.969062409850065825e-16
9.937243154852738162e-16
9.905533827548135853e-16
9.873935518933918073e-16
9.842446303891259051e-16
9.811066519902647985e-16
9.779796498478198881e-16
9.748633619071777494e-16
9.717579695593073992e-16
9.686632860392012262e-16
9.655793448407450791e-16
9.625061060856383119e-16
9.594435300264298202e-16
9.563915057924625201e-16
9.533500658862138235e-16
9.503191004244314170e-16
9.472986414219701770e-16
9.442886497695173785e-16
9.412890170510091038e-16
9.382997054880013229e-16
9.353207461420393016e-16
9.323521004077064596e-16
9.293936617898546262e-16
9.264453929882415331e-16
9.235073241395901806e-16
9.205793501634659628e-16
9.176615007445858227e-16
9.147536717367932985e-16
9.118558264301239162e-16
9.089679282297870910e-16
9.060900059311085959e-16
9.032219572252446323e-16
9.003637458673939973e-16
8.975153357271553077e-16
8.946767547370519209e-16
8.918478387704578072e-16
8.890286796130453979e-16
8.862191776467857961e-16
8.834192973157573881e-16
8.806290031772361561e-16
8.778482599014938281e-16
8.750770322715965209e-16
8.723152851832001299e-16
8.695629836443435484e-16
8.668200927752412960e-16
8.640865778080727943e-16
8.613623439454802552e-16
8.586474772315597257e-16
8.559418232532087588e-16
8.532454078246068445e-16
8.505581967295708193e-16
8.478801558626259629e-16
8.452111928987332592e-16
8.425513328754221696e-16
8.399005420131325043e-16
8.372587867806696326e-16
8.346259771537660399e-16
8.320021382421414268e-16
8.293871809434286033e-16
8.267811299881458759e-16
8.241839530560362924e-16
8.215955622084713142e-16
8.190159261791888754e-16
8.164450689571515058e-16
8.138829586289753103e-16
8.113295087802995571e-16
8.087846885318329669e-16
8.062485211528724931e-16
8.037209213521189357e-16
8.012019120470363972e-16
7.986914086881490750e-16
7.961893808739414663e-16
7.936957982962062125e-16
7.912106831799654292e-16
7.887339002590613171e-16
7.862655760368877104e-16
7.838055240529789197e-16
7.813537666437567438e-16
7.789103251963331912e-16
7.764750675299111877e-16
7.740480660961684538e-16
7.716292402937295145e-16
7.692185607473347413e-16
7.668159483095453748e-16
7.644214737655137737e-16
7.620350578990270030e-16
7.596566717000382538e-16
7.572862373777037934e-16
7.549238240916184337e-16
7.525693056025565584e-16
7.502227502723571745e-16
7.478840330158344695e-16
7.455531737454742816e-16
7.432300966567112735e-16
7.409148685413939716e-16
7.386073665852411996e-16
7.363076100950307836e-16
7.340155710434621658e-16
7.317311752406707588e-16
7.294544415499435920e-16
7.271852964151090293e-16
7.249237584080351751e-16
7.226697999373468952e-16
7.204233483888304556e-16
7.181844219071402240e-16
7.159529485932785714e-16
7.137289467870137636e-16
7.115123456770036540e-16
7.093031634163515077e-16
7.071013297970691306e-16
7.049068191294165865e-16
7.027196491491278946e-16
7.005397505415997373e-16
6.983670978509990018e-16
6.962017084048899600e-16
6.940435137703577305e-16
6.918924887242705454e-16
6.897486501950151551e-16
6.876118887527229508e-16
6.854822633470547155e-16
6.833597069867733846e-16
6.812441948316315790e-16
6.791357021168980949e-16
6.770342041532262627e-16
6.749397169671034845e-16
6.728521345377654616e-16
6.707714732435116412e-16
6.686977487370717633e-16
6.666308564228504594e-16
6.645708123013884120e-16
6.625175922072968146e-16
6.604711720494946989e-16
6.584315278110690095e-16
6.563986355491337931e-16
6.543724713946904711e-16
6.523529345702111293e-16
6.503401556970932136e-16
6.483339575371181767e-16
6.463344693444119940e-16
6.443415155333612405e-16
6.423551488966181169e-16
6.403753460725080855e-16
6.384020093978839804e-16
6.364352647696936446e-16
6.344749406565585099e-16
6.325210883554789984e-16
6.305736848614229113e-16
6.286326346718978006e-16
6.266980604201225296e-16
6.247697945292759801e-16
6.228478153362767634e-16
6.209322435575642892e-16
6.190229139400946884e-16
6.171198754783278611e-16
6.152230356070611175e-16
6.133325126046549126e-16
6.114480751558019590e-16
6.095699107539881053e-16
6.076978590828464337e-16
6.058319678688707342e-16
6.039721473749386647e-16
6.021184447827709723e-16
6.002707711480535813e-16
5.984291731142979130e-16
5.965936292992179139e-16
5.947640519364592510e-16
5.929404868768970508e-16
5.911228471286309188e-16
5.893111780203482234e-16
5.875053933274022792e-16
5.857055378625676907e-16
5.839115261613190944e-16
5.821234025267118749e-16
5.803410822472786288e-16
5.785646091224694885e-16
5.767938991868770256e-16
5.750289327553884847e-16
5.732697528809417101e-16
5.715162767018788002e-16
5.697685467825011802e-16
5.680264809900518181e-16
5.662900599294520379e-16
5.645593254406491923e-16
5.628341964692666995e-16
5.611146537921115751e-16
5.594007385377482401e-16
5.576923707152710921e-16
5.559895312724701838e-16
5.542922012124287029e-16
5.526004207334510879e-16
5.509141112382924775e-16
5.492332538998173654e-16
5.475578882342761214e-16
5.458879366739619126e-16
5.442233805605723285e-16
5.425642012904284486e-16
5.409103803143857997e-16
5.392619560359849485e-16
5.376187959446218532e-16
5.359809951797429459e-16
5.343484785153848518e-16
5.327212276778700716e-16
5.310992244474718955e-16
5.294825059349317348e-16
5.278709432094786849e-16
5.262645738189862422e-16
5.246634345569012694e-16
5.230673986168928494e-16
5.214765571844709950e-16
5.198908383061928698e-16
5.183101711174856698e-16
5.167346454018829882e-16
5.151641901399717400e-16
5.135987353850802169e-16
5.120383695417109923e-16
5.104829703320662864e-16
5.089326252538384682e-16
5.073872131342995420e-16
5.058468205742346376e-16
5.043113274953726031e-16
5.027807686669387811e-16
5.012551272267696180e-16
4.997343863629887803e-16
4.982185293139089417e-16
4.967075393679314991e-16
4.952013998634480636e-16
4.937000446854878697e-16
4.922035072472440853e-16
4.907117710328719690e-16
4.892248195761390301e-16
4.877426364603242526e-16
4.862651569826224152e-16
4.847924136205231691e-16
4.833243901017137835e-16
4.818610225540409338e-16
4.804023903277832827e-16
4.789483822239827145e-16
4.774990298117289237e-16
4.760542703101373468e-16
4.746141349303557897e-16
4.731786077350026337e-16
4.717476267479398081e-16
4.703212685215454743e-16
4.688993796543783439e-16
4.674820820045807332e-16
4.660692687846932465e-16
4.646609249857785854e-16
4.632570804321656052e-16
4.618577195612786474e-16
4.604627824893288653e-16
4.590722985376503423e-16
4.576862083330592441e-16
4.563045408654118791e-16
4.549272808029560503e-16
4.535543695314226828e-16
4.521857924523477977e-16
4.508215780290148650e-16
4.494616685419344908e-16
4.481060921581254446e-16
4.467547916493222157e-16
4.454077948649817983e-16
4.440650450636703840e-16
4.427265697809935502e-16
4.413923127579973410e-16
4.400622598919360479e-16
4.387364382530185725e-16
4.374147922964816439e-16
4.360973080406960797e-16
4.347840120986108614e-16
4.334748496301470863e-16
4.321698067741483388e-16
4.308689096942886286e-16
4.295721042457965276e-16
4.282793766873323999e-16
4.269907527411329124e-16
4.257061789484832876e-16
4.244256416871947225e-16
4.231491273737260412e-16
4.218766224631201421e-16
4.206081519570787413e-16
4.193436635183054949e-16
4.180831437198987022e-16
4.168265791732602969e-16
4.155739943192089334e-16
4.143253000861741080e-16
4.130805586071713068e-16
4.118397188575920032e-16
4.106027676419562110e-16
4.093696918026645515e-16
4.081404782199300662e-16
4.069151138117085513e-16
4.056936219330486058e-16
4.044759166082339772e-16
4.032620574984502764e-16
4.020519593834001731e-16
4.008456813220371844e-16
3.996431388424766833e-16
3.984443550165204993e-16
3.972493522877258770e-16
3.960580472938488306e-16
3.948704976161107644e-16
3.936866206234611400e-16
3.925064733169821065e-16
3.913299737900454347e-16
3.901571442172637957e-16
3.889879722131093895e-16
3.878224459831049978e-16
3.866605539048280088e-16
3.855022843886194720e-16
3.843475924147048714e-16
3.831965335400170378e-16
3.820490295012646258e-16
3.809051022997764577e-16
3.797647405065397816e-16
3.786279327249585560e-16
3.774946350502031083e-16
3.763648689930572913e-16
3.752386232515771803e-16
3.741158865560043261e-16
3.729966476687024984e-16
3.718808635914772498e-16
3.707685552381593966e-16
3.696597114649293230e-16
3.685542898072660065e-16
3.674523108281195674e-16
3.663537634769924377e-16
3.652586058161021436e-16
3.641668580635230666e-16
3.630785092615777243e-16
3.619935179923776402e-16
3.609119041350196218e-16
3.598336568241357811e-16
3.587587351549777073e-16
3.576871586734560070e-16
3.566188868125272630e-16
3.555539388984671327e-16
3.544922746990201324e-16
3.534339133233382602e-16
3.523788148710616072e-16
3.513269982366998244e-16
3.502784528267163352e-16
3.492331392342076394e-16
3.481910473261058218e-16
3.471521955749626314e-16
3.461165450589946891e-16
3.450841140433786796e-16
3.440548639269079759e-16
3.430287847138275391e-16
3.420058943617264879e-16
3.409861825424013645e-16
3.399695836171560270e-16
3.389561707111228922e-16
3.379458509536165827e-16
3.369386694721975256e-16
3.359345889187047380e-16
3.349335992360079781e-16
3.339357161982193586e-16
3.329409012547686917e-16
3.319491697227294944e-16
3.309604568219722024e-16
3.299748044841101506e-16
3.289921747888249434e-16
3.280125565181704174e-16
3.270359645503302251e-16
3.260623614310677721e-16
3.250917360428312779e-16
3.241240773008065912e-16
3.231593741528474739e-16
3.221976410509077976e-16
3.212388413032068746e-16
3.202829639568643350e-16
3.193299980913748577e-16
3.183799328185379126e-16
3.174327572823865656e-16
3.164884606591170237e-16
3.155470568238118091e-16
3.146084855704289444e-16
3.136727853931388589e-16
3.127398966007612315e-16
3.118098573022559985e-16
3.108826083167058304e-16
3.099581873718633931e-16
3.090365596812478501e-16
3.081176909291771102e-16
3.072016182790024582e-16
3.062883073688101658e-16
3.053777243010014548e-16
3.044699056832769145e-16
3.035647943306478447e-16
3.026624033488412370e-16
3.017627454497686955e-16
3.008657641787010547e-16
2.999714724147993760e-16
2.990798599316916428e-16
2.981909165337254134e-16
2.973046095447777344e-16
2.964209739551237194e-16
2.955399547401021074e-16
2.946615643358706788e-16
2.937857926978338466e-16
2.929126298116851270e-16
2.920420656933343179e-16
2.911740685849384121e-16
2.903086505647682752e-16
2.894458017375322273e-16
2.885854919138215656e-16
2.877277388708366843e-16
2.868725398673306563e-16
2.860198921620648377e-16
2.851697718941152326e-16
2.843221976339227485e-16
2.834771666391743126e-16
2.826346553343421971e-16
2.817946820000245284e-16
2.809572438932632907e-16
2.801223177202996934e-16
2.792899214763965843e-16
2.784600320532028767e-16
2.776326672577887393e-16
2.768078243466032781e-16
2.759854804871139662e-16
2.751656532084351419e-16
2.743483198595180404e-16
2.735334977861574601e-16
2.727211645172424281e-16
2.719113372171674026e-16
2.711039935932234385e-16
2.702991506303070906e-16
2.694967862125866227e-16
2.686969171473451268e-16
2.678995214941141530e-16
2.671045967724274755e-16
2.663121595260183368e-16
2.655221880740288116e-16
2.647346987872190063e-16
2.639496701563646459e-16
2.631671183810778290e-16
2.623870035221279694e-16
2.616093788939874170e-16
2.608341862090245193e-16
2.600614599289141788e-16
2.592911790493149823e-16
2.585233592659745366e-16
2.577579616374351238e-16
2.569950199613163757e-16
2.562345315026224961e-16
2.554764578085893293e-16
2.547208321878866144e-16
2.539676342084862985e-16
2.532168613780366844e-16
2.524685287443256811e-16
2.517225986534807004e-16
2.509791036149375482e-16
2.502380235944535017e-16
2.494993560980953457e-16
2.487631117622993425e-16
2.480292336468402148e-16
2.472977294855075403e-16
2.465685388136721171e-16
2.458416692548704986e-16
2.451170776141863449e-16
2.443947377911589442e-16
2.436746237820180194e-16
2.429567096793529487e-16
2.422409696717821839e-16
2.415273780436231609e-16
2.408159091745644298e-16
2.401065375393368477e-16
2.393992538870053598e-16
2.386940004498867915e-16
2.379907682381102367e-16
2.372895321033089596e-16
2.365902669905305689e-16
2.358929479379132398e-16
2.351975500763634151e-16
2.345040486292340976e-16
2.338124033015045787e-16
2.331226207911642816e-16
2.324346454450755338e-16
2.317484838650543728e-16
2.310640808575923903e-16
2.303814276645013103e-16
2.297005001464279904e-16
2.290212742539313863e-16
2.283437109658326309e-16
2.276678016075295226e-16
2.269935373235667429e-16
2.263208496391640196e-16
2.256497597298891669e-16
2.249802144237359946e-16
2.243122051504841296e-16
2.236457085670910413e-16
2.229807014176443793e-16
2.223171460673824501e-16
2.216550340290279843e-16
2.209943423054191745e-16
2.203350337132860966e-16
2.196770998270645137e-16
2.190205179056493738e-16
2.183652512122307731e-16
2.177112913826634591e-16
2.170586019747726632e-16
2.164071746649245177e-16
2.157569871325966660e-16
2.151080033738849977e-16
