# te
2.912404060363769531e+00
3.693888664245605469e+00
3.859749078750610352e+00
3.646408319473266602e+00
3.244578361511230469e+00
2.777253150939941406e+00
2.322364568710327148e+00
1.919125318527221680e+00
1.589013695716857910e+00
1.342530131340026855e+00
1.185762763023376465e+00
1.106034040451049805e+00
1.084892630577087402e+00
1.107388138771057129e+00
1.160213708877563477e+00
1.229939818382263184e+00
1.305597782135009766e+00
1.379422664642333984e+00
1.443092346191406250e+00
1.497194290161132812e+00
1.543521046638488770e+00
1.584676265716552734e+00
1.623214602470397949e+00
1.660609126091003418e+00
1.699274778366088867e+00
1.739268898963928223e+00
1.781022310256958008e+00
1.823692440986633301e+00
1.864737629890441895e+00
1.902414679527282715e+00
1.934593677520751953e+00
1.956949710845947266e+00
1.966625690460205078e+00
1.965783834457397461e+00
1.955716371536254883e+00
1.933080554008483887e+00
1.896497249603271484e+00
1.848235011100769043e+00
1.791270375251770020e+00
1.727568507194519043e+00
1.655872225761413574e+00
1.574136257171630859e+00
1.481207609176635742e+00
1.376007318496704102e+00
1.255951285362243652e+00
1.122317910194396973e+00
9.800077676773071289e-01
8.333268761634826660e-01
6.797968149185180664e-01
5.152771472930908203e-01
3.346118330955505371e-01
1.342419534921646118e-01
-8.142062276601791382e-02
-3.078481853008270264e-01
-5.466001033782958984e-01
-7.972697615623474121e-01
-1.060191750526428223e+00
-1.335722804069519043e+00
-1.622785449028015137e+00
-1.920290946960449219e+00
-2.229483366012573242e+00
-2.551817417144775391e+00
-2.888971567153930664e+00
-3.242029905319213867e+00
-3.609472751617431641e+00
-3.988435745239257812e+00
-4.377018451690673828e+00
-4.773245334625244141e+00
-5.178560733795166016e+00
-5.595121383666992188e+00
-6.024000167846679688e+00
-6.465498924255371094e+00
-6.918431758880615234e+00
-7.381018638610839844e+00
-7.852447032928466797e+00
-8.332875251770019531e+00
-8.824168205261230469e+00
-9.322993278503417969e+00
-9.831216812133789062e+00
-1.034968471527099609e+01
-1.087738132476806641e+01
-1.141375446319580078e+01
-1.195676612854003906e+01
-1.250735187530517578e+01
-1.306429672241210938e+01
-1.362670516967773438e+01
-1.419450664520263672e+01
-1.476911926269531250e+01
-1.534749507904052734e+01
-1.593033123016357422e+01
-1.651691246032714844e+01
-1.710729217529296875e+01
-1.770003318786621094e+01
-1.829593276977539062e+01
-1.889429664611816406e+01
-1.949443435668945312e+01
-2.009416961669921875e+01
-2.069652175903320312e+01
-2.129708862304687500e+01
-2.189889144897460938e+01
-2.249975585937500000e+01
-2.310047149658203125e+01
-2.369812202453613281e+01
-2.429424285888671875e+01
-2.488814544677734375e+01
-2.547839355468750000e+01
-2.606578254699707031e+01
-2.664888000488281250e+01
-2.722624778747558594e+01
-2.779941558837890625e+01
-2.836764144897460938e+01
-2.892941284179687500e+01
-2.948398017883300781e+01
-3.003132438659667969e+01
-3.057069015502929688e+01
-3.110131835937500000e+01
-3.162393569946289062e+01
-3.213629531860351562e+01
-3.263838577270507812e+01
-3.313019943237304688e+01
-3.361096572875976562e+01
-3.408067703247070312e+01
-3.453634262084960938e+01
-3.498018646240234375e+01
-3.541144180297851562e+01
-3.582935333251953125e+01
-3.623316574096679688e+01
-3.662212371826171875e+01
-3.699546813964843750e+01
-3.735467910766601562e+01
-3.769683837890625000e+01
-3.802423095703125000e+01
-3.833245849609375000e+01
-3.862454605102539062e+01
-3.889684295654296875e+01
-3.915163803100585938e+01
-3.938750457763671875e+01
-3.960375595092773438e+01
-3.980119705200195312e+01
-3.997765350341796875e+01
-4.013393402099609375e+01
-4.027009201049804688e+01
-4.038545227050781250e+01
-4.047932815551757812e+01
-4.055177307128906250e+01
-4.060136795043945312e+01
-4.062966156005859375e+01
-4.063521957397460938e+01
-4.061587905883789062e+01
-4.057466506958007812e+01
-4.051013565063476562e+01
-4.042010498046875000e+01
-4.030683898925781250e+01
-4.016963195800781250e+01
-4.000852584838867188e+01
-3.982207489013671875e+01
-3.961106109619140625e+01
-3.937552642822265625e+01
-3.911402130126953125e+01
-3.882807159423828125e+01
-3.851772308349609375e+01
-3.818152618408203125e+01
-3.782100296020507812e+01
-3.743396759033203125e+01
-3.702195358276367188e+01
-3.658573150634765625e+01
-3.612311935424804688e+01
-3.563415527343750000e+01
-3.512036895751953125e+01
-3.457956695556640625e+01
-3.401327896118164062e+01
-3.342154312133789062e+01
-3.280440139770507812e+01
-3.216114807128906250e+01
-3.149182510375976562e+01
-3.079797935485839844e+01
-3.007818412780761719e+01
-2.933249282836914062e+01
-2.856245231628417969e+01
-2.776812362670898438e+01
-2.694807815551757812e+01
-2.610386085510253906e+01
-2.523478507995605469e+01
-2.434314346313476562e+01
-2.342601585388183594e+01
-2.248495483398437500e+01
-2.152149772644042969e+01
-2.053422164916992188e+01
-1.952541160583496094e+01
-1.849215507507324219e+01
-1.743673896789550781e+01
-1.636070823669433594e+01
-1.526189041137695312e+01
-1.414257240295410156e+01
-1.300207233428955078e+01
-1.184193134307861328e+01
-1.066146564483642578e+01
-9.461475372314453125e+00
-8.242760658264160156e+00
-7.004631519317626953e+00
-5.748600482940673828e+00
-4.473946571350097656e+00
-3.183664798736572266e+00
-1.875546216964721680e+00
-5.508762001991271973e-01
7.898783087730407715e-01
2.146175861358642578e+00
3.517623662948608398e+00
4.903309345245361328e+00
6.303152561187744141e+00
7.716196537017822266e+00
9.142465591430664062e+00
1.058073425292968750e+01
1.203024005889892578e+01
1.349148368835449219e+01
1.496243953704833984e+01
1.644330787658691406e+01
1.793503761291503906e+01
1.943315124511718750e+01
2.093985557556152344e+01
2.245364952087402344e+01
2.397525405883789062e+01
2.550093841552734375e+01
2.703365135192871094e+01
2.856966400146484375e+01
3.011044311523437500e+01
3.165448379516601562e+01
3.320028305053710938e+01
3.474856567382812500e+01
3.629856872558593750e+01
3.784879302978515625e+01
3.939773178100585938e+01
4.094611740112304688e+01
4.249244308471679688e+01
4.403668975830078125e+01
4.557735824584960938e+01
4.711443328857421875e+01
4.864715576171875000e+01
5.017327880859375000e+01
5.169353103637695312e+01
5.320715332031250000e+01
5.471264648437500000e+01
5.621073913574218750e+01
5.769844055175781250e+01
5.917722702026367188e+01
6.064484786987304688e+01
6.210129928588867188e+01
6.354581832885742188e+01
6.497690582275390625e+01
6.639530944824218750e+01
6.779958343505859375e+01
6.918833160400390625e+01
7.056161499023437500e+01
7.191950225830078125e+01
7.326206207275390625e+01
7.458120727539062500e+01
7.588961791992187500e+01
7.717251586914062500e+01
7.844482421875000000e+01
7.968434143066406250e+01
8.091341400146484375e+01
8.212468719482421875e+01
8.331080627441406250e+01
8.446440887451171875e+01
8.560785675048828125e+01
8.671893310546875000e+01
8.781256866455078125e+01
8.888140869140625000e+01
8.992551422119140625e+01
9.094498443603515625e+01
9.193243408203125000e+01
9.290280151367187500e+01
9.383387756347656250e+01
9.474801635742187500e+01
9.562300872802734375e+01
9.648121643066406250e+01
9.730042266845703125e+01
9.808812713623046875e+01
9.885926818847656250e+01
9.959162139892578125e+01
1.002926940917968750e+02
1.009625625610351562e+02
1.016012878417968750e+02
1.022089691162109375e+02
1.027782211303710938e+02
1.033239898681640625e+02
1.038315048217773438e+02
1.043082351684570312e+02
1.047542877197265625e+02
1.051548538208007812e+02
1.055323104858398438e+02
1.058644332885742188e+02
1.061735916137695312e+02
1.064375610351562500e+02
1.066712875366210938e+02
1.068748397827148438e+02
1.070334243774414062e+02
1.071545486450195312e+02
1.072382888793945312e+02
1.072921600341796875e+02
1.073162536621093750e+02
1.072958297729492188e+02
1.072309799194335938e+02
1.071366958618164062e+02
1.070056457519531250e+02
1.068305130004882812e+02
1.066336898803710938e+02
1.063855743408203125e+02
1.061085586547851562e+02
1.057878875732421875e+02
1.054385452270507812e+02
1.050457687377929688e+02
1.046245269775390625e+02
1.041600646972656250e+02
1.036599273681640625e+02
1.031242218017578125e+02
1.025530548095703125e+02
1.019465332031250000e+02
1.013121948242187500e+02
1.006352844238281250e+02
9.992333984375000000e+01
9.917647552490234375e+01
9.838735198974609375e+01
9.757838439941406250e+01
9.671994018554687500e+01
9.583441925048828125e+01
9.492194366455078125e+01
9.396774291992187500e+01
9.297935485839843750e+01
9.196432495117187500e+01
9.092273712158203125e+01
8.984728240966796875e+01
8.873805236816406250e+01
8.759515380859375000e+01
8.642613983154296875e+01
8.521622467041015625e+01
8.398780822753906250e+01
8.272615051269531250e+01
8.144619750976562500e+01
8.012576293945312500e+01
7.877980804443359375e+01
7.740843963623046875e+01
7.601174926757812500e+01
7.458984375000000000e+01
7.315025329589843750e+01
7.167821502685546875e+01
7.018126678466796875e+01
6.865950012207031250e+01
6.712043762207031250e+01
6.555674743652343750e+01
6.396846008300781250e+01
6.237047576904296875e+01
6.074051666259765625e+01
5.909347915649414062e+01
5.743681716918945312e+01
5.575569534301757812e+01
5.406501007080078125e+01
5.234991455078125000e+01
5.062157821655273438e+01
4.887557601928710938e+01
4.711489868164062500e+01
4.534180068969726562e+01
4.355259704589843750e+01
4.175324630737304688e+01
3.994080352783203125e+01
3.811751937866210938e+01
3.628490447998046875e+01
3.444075012207031250e+01
3.259027862548828125e+01
3.072979927062988281e+01
2.886378860473632812e+01
2.698929595947265625e+01
2.511005592346191406e+01
2.322608947753906250e+01
2.133741760253906250e+01
1.944702911376953125e+01
1.755197525024414062e+01
1.565672874450683594e+01
1.375907993316650391e+01
1.186202049255371094e+01
9.966311454772949219e+00
8.070482254028320312e+00
6.178267002105712891e+00
4.288196563720703125e+00
2.402516603469848633e+00
5.212433338165283203e-01
-1.354120850563049316e+00
-3.223560333251953125e+00
-5.084830284118652344e+00
-6.939401149749755859e+00
-8.784285545349121094e+00
-1.062021255493164062e+01
-1.244493865966796875e+01
-1.425993347167968750e+01
-1.606161880493164062e+01
-1.785131835937500000e+01
-1.962767791748046875e+01
-2.138981819152832031e+01
-2.313683891296386719e+01
-2.486814880371093750e+01
-2.658291625976562500e+01
-2.828066062927246094e+01
-2.995991897583007812e+01
-3.162162399291992188e+01
-3.326364898681640625e+01
-3.488759231567382812e+01
-3.648910140991210938e+01
-3.807051086425781250e+01
-3.963118743896484375e+01
-4.116901397705078125e+01
-4.268483734130859375e+01
-4.417728042602539062e+01
-4.564645004272460938e+01
-4.709022903442382812e+01
-4.851020812988281250e+01
-4.990575790405273438e+01
-5.127401733398437500e+01
-5.261582565307617188e+01
-5.393130111694335938e+01
-5.521905899047851562e+01
-5.647996520996093750e+01
-5.771188354492187500e+01
-5.891567611694335938e+01
-6.008921051025390625e+01
-6.123335647583007812e+01
-6.234894943237304688e+01
-6.343238449096679688e+01
-6.448526763916015625e+01
-6.550769042968750000e+01
-6.649828338623046875e+01
-6.745790100097656250e+01
-6.838367462158203125e+01
-6.927868652343750000e+01
-7.014080047607421875e+01
-7.097014617919921875e+01
-7.176532745361328125e+01
-7.252646636962890625e+01
-7.325513458251953125e+01
-7.394848632812500000e+01
-7.460884094238281250e+01
-7.523409271240234375e+01
-7.582507324218750000e+01
-7.638040924072265625e+01
-7.690094757080078125e+01
-7.738530731201171875e+01
-7.783581542968750000e+01
-7.825109863281250000e+01
-7.862977600097656250e+01
-7.897418212890625000e+01
-7.928217315673828125e+01
-7.955615234375000000e+01
-7.979400634765625000e+01
-7.999739074707031250e+01
-8.016642761230468750e+01
-8.029458618164062500e+01
-8.039612579345703125e+01
-8.045262145996093750e+01
-8.047981262207031250e+01
-8.047189331054687500e+01
-8.042976379394531250e+01
-8.034760284423828125e+01
-8.024413299560546875e+01
-8.008978271484375000e+01
-7.991440582275390625e+01
-7.969586181640625000e+01
-7.944913482666015625e+01
-7.916694641113281250e+01
-7.885684967041015625e+01
-7.851157379150390625e+01
-7.813124084472656250e+01
-7.772342681884765625e+01
-7.728083038330078125e+01
-7.681101989746093750e+01
-7.630670928955078125e+01
-7.577024841308593750e+01
-7.521144104003906250e+01
-7.461183929443359375e+01
-7.399610137939453125e+01
-7.334503936767578125e+01
-7.266249847412109375e+01
-7.195455169677734375e+01
-7.122357177734375000e+01
-7.046372985839843750e+01
-6.967665100097656250e+01
-6.886470031738281250e+01
-6.802799224853515625e+01
-6.716591644287109375e+01
-6.628009796142578125e+01
-6.536990356445312500e+01
-6.443844604492187500e+01
-6.348509979248046875e+01
-6.250851058959960938e+01
-6.151250839233398438e+01
-6.049574661254882812e+01
-5.945982742309570312e+01
-5.840412521362304688e+01
-5.733173751831054688e+01
-5.623982620239257812e+01
-5.513295745849609375e+01
-5.400975036621093750e+01
-5.287024307250976562e+01
-5.171667480468750000e+01
-5.054756164550781250e+01
-4.936664199829101562e+01
-4.817169570922851562e+01
-4.696495437622070312e+01
-4.574569320678710938e+01
-4.451689147949218750e+01
-4.327780914306640625e+01
-4.202846145629882812e+01
-4.077034378051757812e+01
-3.950494384765625000e+01
-3.823226928710937500e+01
-3.695232391357421875e+01
-3.566661071777343750e+01
-3.437586212158203125e+01
-3.308083724975585938e+01
-3.178079223632812500e+01
-3.047870445251464844e+01
-2.917457580566406250e+01
-2.786841583251953125e+01
-2.656170272827148438e+01
-2.525518989562988281e+01
-2.394813346862792969e+01
-2.264276313781738281e+01
-2.133982276916503906e+01
-2.004080009460449219e+01
-1.874420928955078125e+01
-1.745376396179199219e+01
-1.616649246215820312e+01
-1.488611030578613281e+01
-1.361261367797851562e+01
-1.234674644470214844e+01
-1.108925056457519531e+01
-9.840122222900390625e+00
-8.600845336914062500e+00
-7.372160911560058594e+00
-6.154810428619384766e+00
-4.949532985687255859e+00
-3.756325483322143555e+00
-2.577414274215698242e+00
-1.412349939346313477e+00
-2.620947062969207764e-01
8.727606534957885742e-01
1.991179704666137695e+00
3.092868804931640625e+00
4.176792621612548828e+00
5.242255687713623047e+00
6.288683891296386719e+00
7.315493106842041016e+00
8.321718215942382812e+00
9.307273864746093750e+00
1.027148437500000000e+01
1.121367168426513672e+01
1.213382816314697266e+01
1.303030967712402344e+01
1.390385150909423828e+01
1.475384807586669922e+01
1.557895660400390625e+01
1.637931442260742188e+01
1.715431785583496094e+01
1.790559387207031250e+01
1.862807846069335938e+01
1.932562828063964844e+01
1.999540710449218750e+01
2.063829994201660156e+01
2.125295448303222656e+01
2.184174156188964844e+01
2.239959907531738281e+01
2.292889022827148438e+01
2.342975425720214844e+01
2.390009880065917969e+01
2.434154701232910156e+01
2.475200462341308594e+01
2.513309669494628906e+01
2.548346900939941406e+01
2.580251693725585938e+01
2.609111976623535156e+01
2.634717750549316406e+01
2.657305908203125000e+01
2.676666450500488281e+01
2.692738723754882812e+01
2.705684661865234375e+01
2.715368270874023438e+01
2.721803283691406250e+01
2.725002861022949219e+01
2.724831390380859375e+01
2.721450424194335938e+01
2.714798736572265625e+01
2.704814720153808594e+01
2.691437149047851562e+01
2.674901390075683594e+01
2.654923439025878906e+01
2.631738471984863281e+01
2.605136489868164062e+01
2.575278663635253906e+01
2.542102813720703125e+01
2.505696105957031250e+01
2.465921783447265625e+01
2.422867393493652344e+01
2.376472473144531250e+01
2.326975059509277344e+01
2.274166297912597656e+01
2.218135070800781250e+01
2.158896255493164062e+01
2.096463775634765625e+01
2.030851936340332031e+01
1.962075042724609375e+01
1.890147399902343750e+01
1.815156936645507812e+01
1.737192344665527344e+01
1.656044197082519531e+01
1.571875190734863281e+01
1.484773254394531250e+01
1.394751930236816406e+01
1.301825046539306641e+01
1.205931568145751953e+01
1.107382202148437500e+01
1.005967235565185547e+01
9.017743110656738281e+00
7.948164939880371094e+00
6.853298664093017578e+00
5.731787204742431641e+00
4.583759307861328125e+00
3.410829782485961914e+00
2.213125228881835938e+00
9.907723665237426758e-01
-2.553603649139404297e-01
-1.525891304016113281e+00
-2.817724227905273438e+00
-4.132965564727783203e+00
-5.469264030456542969e+00
-6.826498031616210938e+00
-8.204174995422363281e+00
-9.601508140563964844e+00
-1.101897144317626953e+01
-1.245429325103759766e+01
-1.390832138061523438e+01
-1.537934589385986328e+01
-1.686727714538574219e+01
-1.837123298645019531e+01
-1.989060974121093750e+01
-2.142462730407714844e+01
-2.297287750244140625e+01
-2.453457641601562500e+01
-2.610946655273437500e+01
-2.769550704956054688e+01
-2.929332351684570312e+01
-3.090133476257324219e+01
-3.251944351196289062e+01
-3.414690780639648438e+01
-3.578226470947265625e+01
-3.742478179931640625e+01
-3.907523727416992188e+01
-4.073215866088867188e+01
-4.239408874511718750e+01
-4.406178665161132812e+01
-4.573379516601562500e+01
-4.740939331054687500e+01
-4.908712387084960938e+01
-5.076849746704101562e+01
-5.245204925537109375e+01
-5.413558197021484375e+01
-5.581986236572265625e+01
-5.750343704223632812e+01
-5.918633270263671875e+01
-6.086783599853515625e+01
-6.254648971557617188e+01
-6.422083282470703125e+01
-6.589238739013671875e+01
-6.755970001220703125e+01
-6.922056579589843750e+01
-7.087576293945312500e+01
-7.252457427978515625e+01
-7.416481781005859375e+01
-7.579725646972656250e+01
-7.742118072509765625e+01
-7.903514099121093750e+01
-8.063916778564453125e+01
-8.223107147216796875e+01
-8.381237030029296875e+01
-8.538234710693359375e+01
-8.693881988525390625e+01
-8.848180389404296875e+01
-9.000244140625000000e+01
-9.151189422607421875e+01
-9.300798034667968750e+01
-9.448329162597656250e+01
-9.594532012939453125e+01
-9.738663482666015625e+01
-9.880728912353515625e+01
-1.002147521972656250e+02
-1.015941925048828125e+02
-1.029530792236328125e+02
-1.043063049316406250e+02
-1.056241836547851562e+02
-1.069216079711914062e+02
-1.081912002563476562e+02
-1.094404067993164062e+02
-1.106692810058593750e+02
-1.118631362915039062e+02
-1.130518569946289062e+02
-1.141984634399414062e+02
-1.153180007934570312e+02
-1.164180679321289062e+02
-1.174914016723632812e+02
-1.185233306884765625e+02
-1.195437393188476562e+02
-1.205305252075195312e+02
-1.214838485717773438e+02
-1.224187316894531250e+02
-1.233130798339843750e+02
-1.241819152832031250e+02
-1.250254058837890625e+02
-1.258362884521484375e+02
-1.266073226928710938e+02
-1.273609542846679688e+02
-1.280676269531250000e+02
-1.287572479248046875e+02
-1.294002532958984375e+02
-1.300116882324218750e+02
-1.305991058349609375e+02
-1.311553039550781250e+02
-1.316729736328125000e+02
-1.321522979736328125e+02
-1.326082916259765625e+02
-1.330262908935546875e+02
-1.334138336181640625e+02
-1.337637023925781250e+02
-1.340760345458984375e+02
-1.343509979248046875e+02
-1.346036071777343750e+02
-1.348043060302734375e+02
-1.349904022216796875e+02
-1.351249237060546875e+02
-1.352377166748046875e+02
-1.352992401123046875e+02
-1.353319091796875000e+02
-1.353359069824218750e+02
-1.353039703369140625e+02
-1.352287750244140625e+02
-1.351253814697265625e+02
-1.349790344238281250e+02
-1.348122100830078125e+02
-1.345878906250000000e+02
-1.343433837890625000e+02
-1.340639801025390625e+02
-1.337572326660156250e+02
-1.334084472656250000e+02
-1.330251922607421875e+02
-1.326001739501953125e+02
-1.321484069824218750e+02
-1.316551361083984375e+02
-1.311353759765625000e+02
-1.305818481445312500e+02
-1.299872436523437500e+02
-1.293591003417968750e+02
-1.287050170898437500e+02
-1.280176849365234375e+02
-1.272972183227539062e+02
-1.265437698364257812e+02
-1.257574386596679688e+02
-1.249458160400390625e+02
-1.240941390991210938e+02
-1.232173995971679688e+02
-1.223082962036132812e+02
-1.213595123291015625e+02
-1.203934783935546875e+02
-1.193954315185546875e+02
-1.183655090332031250e+02
-1.172963943481445312e+02
-1.162104873657226562e+02
-1.151004791259765625e+02
-1.139590530395507812e+02
-1.127937545776367188e+02
-1.115972747802734375e+02
-1.103697128295898438e+02
-1.091260299682617188e+02
-1.078515014648437500e+02
-1.065610885620117188e+02
-1.052548904418945312e+02
-1.039107208251953125e+02
-1.025435562133789062e+02
-1.011609344482421875e+02
-9.973321533203125000e+01
-9.829767608642578125e+01
-9.684696960449218750e+01
-9.538121032714843750e+01
-9.388563537597656250e+01
-9.236775970458984375e+01
-9.084255981445312500e+01
-8.928782653808593750e+01
-8.772595977783203125e+01
-8.614218139648437500e+01
-8.455143737792968750e+01
-8.293898010253906250e+01
-8.131975555419921875e+01
-7.968641662597656250e+01
-7.803905487060546875e+01
-7.638516998291015625e+01
-7.470244598388671875e+01
-7.302803039550781250e+01
-7.133213806152343750e+01
-6.962960052490234375e+01
-6.792038726806640625e+01
-6.620444488525390625e+01
-6.447431945800781250e+01
-6.274481964111328125e+01
-6.100105667114257812e+01
-5.925114822387695312e+01
-5.749952697753906250e+01
-5.574539566040039062e+01
-5.398648071289062500e+01
-5.222497558593750000e+01
-5.046082687377929688e+01
-4.869473648071289062e+01
-4.692739868164062500e+01
-4.515951919555664062e+01
-4.339103698730468750e+01
-4.162488937377929688e+01
-3.985953140258789062e+01
-3.809566879272460938e+01
-3.633398437500000000e+01
-3.457666397094726562e+01
-3.282291793823242188e+01
-3.107492065429687500e+01
-2.933188056945800781e+01
-2.759523200988769531e+01
-2.586715507507324219e+01
-2.414611244201660156e+01
-2.243353843688964844e+01
-2.073012733459472656e+01
-1.903582572937011719e+01
-1.735206985473632812e+01
-1.567880630493164062e+01
-1.401747131347656250e+01
-1.236801338195800781e+01
-1.073038196563720703e+01
-9.106754302978515625e+00
-7.498566627502441406e+00
-5.902794361114501953e+00
-4.325333118438720703e+00
-2.762416362762451172e+00
-1.216966390609741211e+00
3.105462789535522461e-01
1.820468425750732422e+00
3.310916900634765625e+00
4.782557964324951172e+00
6.234331130981445312e+00
7.665710926055908203e+00
9.076486587524414062e+00
1.046612548828125000e+01
1.183342361450195312e+01
1.317955780029296875e+01
1.450287818908691406e+01
1.580285072326660156e+01
1.707967948913574219e+01
1.833432006835937500e+01
1.956399917602539062e+01
2.076892471313476562e+01
2.195004653930664062e+01
2.310533523559570312e+01
2.423574256896972656e+01
2.533923530578613281e+01
2.641676330566406250e+01
2.746778106689453125e+01
2.849249267578125000e+01
2.949035263061523438e+01
3.046081161499023438e+01
3.140332603454589844e+01
3.231884002685546875e+01
3.320606231689453125e+01
3.406443786621093750e+01
3.489565658569335938e+01
3.569841766357421875e+01
3.647143173217773438e+01
3.721562957763671875e+01
3.793120574951171875e+01
3.861759948730468750e+01
3.927352142333984375e+01
3.989990234375000000e+01
4.049542999267578125e+01
4.106253433227539062e+01
4.159841918945312500e+01
4.210401535034179688e+01
4.257949829101562500e+01
4.302431106567382812e+01
4.343863677978515625e+01
4.382116317749023438e+01
4.417429733276367188e+01
4.449748229980468750e+01
4.478939437866210938e+01
4.505022048950195312e+01
4.528235626220703125e+01
4.548300552368164062e+01
4.565382766723632812e+01
4.579424285888671875e+01
4.590368652343750000e+01
4.598380661010742188e+01
4.603328704833984375e+01
4.605300903320312500e+01
4.604237747192382812e+01
4.600153350830078125e+01
4.593061447143554688e+01
4.582976150512695312e+01
4.569910812377929688e+01
4.553953933715820312e+01
4.534970092773437500e+01
4.513195419311523438e+01
4.488420486450195312e+01
4.460807037353515625e+01
4.430294036865234375e+01
4.397042465209960938e+01
4.360991287231445312e+01
4.322078323364257812e+01
4.280539321899414062e+01
4.236163711547851562e+01
4.189112854003906250e+01
4.139323425292968750e+01
4.086883163452148438e+01
4.031877136230468750e+01
3.974317932128906250e+01
3.914142227172851562e+01
3.851436614990234375e+01
3.786360549926757812e+01
3.718776702880859375e+01
3.648770904541015625e+01
3.576502609252929688e+01
3.501834106445312500e+01
3.424925231933593750e+01
3.345785903930664062e+01
3.264501571655273438e+01
3.181157112121582031e+01
3.095539665222167969e+01
3.007956504821777344e+01
2.918344116210937500e+01
2.826786231994628906e+01
2.733292961120605469e+01
2.637948417663574219e+01
2.540762138366699219e+01
2.441818618774414062e+01
2.341200828552246094e+01
2.238844490051269531e+01
2.134907341003417969e+01
2.029398536682128906e+01
1.922475624084472656e+01
1.814073753356933594e+01
1.704350090026855469e+01
1.593239593505859375e+01
1.480896663665771484e+01
1.367392063140869141e+01
1.252645206451416016e+01
1.136797809600830078e+01
1.019843673706054688e+01
9.017760276794433594e+00
7.828111171722412109e+00
6.627935409545898438e+00
5.418650627136230469e+00
4.202417373657226562e+00
2.976937055587768555e+00
1.744368791580200195e+00
5.046415925025939941e-01
-7.408292889595031738e-01
-1.992858767509460449e+00
-3.250032663345336914e+00
-4.512423992156982422e+00
-5.779362678527832031e+00
-7.049435615539550781e+00
-8.324202537536621094e+00
-9.601509094238281250e+00
-1.088068675994873047e+01
-1.216255283355712891e+01
-1.344643974304199219e+01
-1.473019313812255859e+01
-1.601463317871093750e+01
-1.729834938049316406e+01
-1.858156585693359375e+01
-1.986301994323730469e+01
-2.114293670654296875e+01
-2.242065238952636719e+01
-2.369520187377929688e+01
-2.496656036376953125e+01
-2.623406791687011719e+01
-2.749734687805175781e+01
-2.875546646118164062e+01
-3.000857543945312500e+01
-3.125556182861328125e+01
-3.249515914916992188e+01
-3.372886657714843750e+01
-3.495474624633789062e+01
-3.617287826538085938e+01
-3.738259887695312500e+01
-3.858248901367187500e+01
-3.977337646484375000e+01
-4.095385360717773438e+01
-4.212472534179687500e+01
-4.328310775756835938e+01
-4.443056106567382812e+01
-4.556641006469726562e+01
-4.668852615356445312e+01
-4.779781341552734375e+01
-4.889446258544921875e+01
-4.997717285156250000e+01
-5.104463958740234375e+01
-5.209852981567382812e+01
-5.313755035400390625e+01
-5.416113662719726562e+01
-5.516946792602539062e+01
-5.616199111938476562e+01
-5.713814163208007812e+01
-5.809958267211914062e+01
-5.904278564453125000e+01
-5.997015762329101562e+01
-6.087965011596679688e+01
-6.177217864990234375e+01
-6.264717864990234375e+01
-6.350409698486328125e+01
-6.434309387207031250e+01
-6.516361236572265625e+01
-6.596582794189453125e+01
-6.674915313720703125e+01
-6.751081085205078125e+01
-6.825469207763671875e+01
-6.897573852539062500e+01
-6.967859649658203125e+01
-7.036122131347656250e+01
-7.102226257324218750e+01
-7.166413879394531250e+01
-7.228478240966796875e+01
-7.288286590576171875e+01
-7.346376037597656250e+01
-7.402243804931640625e+01
-7.455904388427734375e+01
-7.507522583007812500e+01
-7.557041168212890625e+01
-7.604400634765625000e+01
-7.649617004394531250e+01
-7.692335510253906250e+01
-7.733089447021484375e+01
-7.771375274658203125e+01
-7.807653808593750000e+01
-7.841495513916015625e+01
-7.873284912109375000e+01
-7.903038024902343750e+01
-7.930025482177734375e+01
-7.955749511718750000e+01
-7.978736114501953125e+01
-7.999002075195312500e+01
-8.017302703857421875e+01
-8.033652496337890625e+01
-8.047323608398437500e+01
-8.059070587158203125e+01
-8.068907928466796875e+01
-8.076106262207031250e+01
-8.081421661376953125e+01
-8.084125518798828125e+01
-8.084970855712890625e+01
-8.083230590820312500e+01
-8.079658508300781250e+01
-8.073524475097656250e+01
-8.065584564208984375e+01
-8.055107879638671875e+01
-8.043592834472656250e+01
-8.029565429687500000e+01
-8.013035583496093750e+01
-7.994017791748046875e+01
-7.973265075683593750e+01
-7.951533508300781250e+01
-7.927346801757812500e+01
-7.900715637207031250e+01
-7.871653747558593750e+01
-7.840911865234375000e+01
-7.808503723144531250e+01
-7.774437713623046875e+01
-7.737982940673828125e+01
-7.700635528564453125e+01
-7.659432983398437500e+01
-7.618102264404296875e+01
-7.575165557861328125e+01
-7.529890441894531250e+01
-7.483029937744140625e+01
-7.434593963623046875e+01
-7.384591674804687500e+01
-7.332290649414062500e+01
-7.279927825927734375e+01
-7.223797607421875000e+01
-7.167625427246093750e+01
-7.109190368652343750e+01
-7.050731658935546875e+01
-6.989284515380859375e+01
-6.927087402343750000e+01
-6.863406372070312500e+01
-6.798992156982421875e+01
-6.733854675292968750e+01
-6.666515350341796875e+01
-6.597724914550781250e+01
-6.528235626220703125e+01
-6.458055877685546875e+01
-6.386449813842773438e+01
-6.313943862915039062e+01
-6.240312194824218750e+01
-6.165845870971679688e+01
-6.090392303466796875e+01
-6.014167785644531250e+01
-5.937018966674804688e+01
-5.859088897705078125e+01
-5.780445480346679688e+01
-5.701008987426757812e+01
-5.620922470092773438e+01
-5.540105438232421875e+01
-5.458776092529296875e+01
-5.376704025268554688e+01
-5.294181060791015625e+01
-5.211201477050781250e+01
-5.127684402465820312e+01
-5.043772506713867188e+01
-4.959311294555664062e+01
-4.874591064453125000e+01
-4.789532089233398438e+01
-4.704052734375000000e+01
-4.618444824218750000e+01
-4.532626724243164062e+01
-4.446593475341796875e+01
-4.360337066650390625e+01
-4.274074935913085938e+01
-4.187725830078125000e+01
-4.101432418823242188e+01
-4.015038681030273438e+01
-3.928762054443359375e+01
-3.842669296264648438e+01
-3.756606292724609375e+01
-3.670788192749023438e+01
-3.585134887695312500e+01
-3.499713897705078125e+01
-3.414741897583007812e+01
-3.329914855957031250e+01
-3.245597839355468750e+01
-3.161561012268066406e+01
-3.078095626831054688e+01
-2.995046424865722656e+01
-2.912555122375488281e+01
-2.830690193176269531e+01
-2.749444770812988281e+01
-2.668812561035156250e+01
-2.588861465454101562e+01
-2.509659385681152344e+01
-2.431200218200683594e+01
-2.353626060485839844e+01
-2.276856803894042969e+01
-2.200958061218261719e+01
-2.125988769531250000e+01
-2.052005195617675781e+01
-1.978841400146484375e+01
-1.906702423095703125e+01
-1.835645103454589844e+01
-1.765503120422363281e+01
-1.696482276916503906e+01
-1.628491020202636719e+01
-1.561734580993652344e+01
-1.495973014831542969e+01
-1.431412220001220703e+01
-1.368035030364990234e+01
-1.305824375152587891e+01
-1.244763660430908203e+01
-1.184984397888183594e+01
-1.126470088958740234e+01
-1.069129753112792969e+01
-1.013244056701660156e+01
-9.584994316101074219e+00
-9.051765441894531250e+00
-8.531851768493652344e+00
-8.025089263916015625e+00
-7.532433509826660156e+00
-7.053649902343750000e+00
-6.589323997497558594e+00
-6.138852596282958984e+00
-5.702747821807861328e+00
-5.281078338623046875e+00
-4.873986244201660156e+00
-4.481617450714111328e+00
-4.104115962982177734e+00
-3.741480350494384766e+00
-3.393954753875732422e+00
-3.061472892761230469e+00
-2.744325399398803711e+00
-2.442492723464965820e+00
-2.156201839447021484e+00
-1.885233998298645020e+00
-1.629892826080322266e+00
-1.389962553977966309e+00
-1.165748715400695801e+00
-9.571124911308288574e-01
-7.639901041984558105e-01
-5.865421295166015625e-01
-4.250790476799011230e-01
-2.791692316532135010e-01
-1.500915586948394775e-01
-3.548479825258255005e-02
6.322117894887924194e-02
1.454106420278549194e-01
2.126876413822174072e-01
2.636804580688476562e-01
2.992455363273620605e-01
3.187518417835235596e-01
3.230533897876739502e-01
3.107735812664031982e-01
2.842502295970916748e-01
2.421043068170547485e-01
1.836986988782882690e-01
1.098813042044639587e-01
2.149880491197109222e-02
-8.134647458791732788e-02
-2.000396251678466797e-01
-3.337376415729522705e-01
-4.823418855667114258e-01
-6.450117230415344238e-01
-8.231372237205505371e-01
-1.014394044876098633e+00
-1.220917582511901855e+00
-1.441129207611083984e+00
-1.676423549652099609e+00
-1.923738121986389160e+00
-2.186699390411376953e+00
-2.462990522384643555e+00
-2.751781702041625977e+00
-3.054473638534545898e+00
-3.369496107101440430e+00
-3.698251962661743164e+00
-4.038430213928222656e+00
-4.391437053680419922e+00
-4.755705356597900391e+00
-5.133387088775634766e+00
-5.521431922912597656e+00
-5.921250343322753906e+00
-6.332024097442626953e+00
-6.754422187805175781e+00
-7.187629222869873047e+00
-7.631571769714355469e+00
-8.084694862365722656e+00
-8.548414230346679688e+00
-9.020431518554687500e+00
-9.503873825073242188e+00
-9.994887351989746094e+00
-1.049503707885742188e+01
-1.100255107879638672e+01
-1.151892662048339844e+01
-1.204343128204345703e+01
-1.257510948181152344e+01
-1.311405181884765625e+01
-1.366006660461425781e+01
-1.421296405792236328e+01
-1.477213096618652344e+01
-1.533754634857177734e+01
-1.590912151336669922e+01
-1.648629379272460938e+01
-1.706907463073730469e+01
-1.765710830688476562e+01
-1.825018310546875000e+01
-1.884798049926757812e+01
-1.945034980773925781e+01
-2.005683517456054688e+01
-2.066749382019042969e+01
-2.128208923339843750e+01
-2.190016365051269531e+01
-2.252133369445800781e+01
-2.314566040039062500e+01
-2.377283477783203125e+01
-2.440210342407226562e+01
-2.503441810607910156e+01
-2.566821098327636719e+01
-2.630354309082031250e+01
-2.694048118591308594e+01
-2.757834053039550781e+01
-2.821644973754882812e+01
-2.885560989379882812e+01
-2.949440193176269531e+01
-3.013363265991210938e+01
-3.077188110351562500e+01
-3.141069602966308594e+01
-3.204717254638671875e+01
-3.268285751342773438e+01
-3.331707382202148438e+01
-3.394989013671875000e+01
-3.457987213134765625e+01
-3.520784378051757812e+01
-3.583237075805664062e+01
-3.645500564575195312e+01
-3.707284545898437500e+01
-3.768817520141601562e+01
-3.829957580566406250e+01
-3.890711212158203125e+01
-3.951084136962890625e+01
-4.010711288452148438e+01
-4.070045089721679688e+01
-4.128645706176757812e+01
-4.186816406250000000e+01
-4.244340133666992188e+01
-4.301298141479492188e+01
-4.357546997070312500e+01
-4.413095092773437500e+01
-4.467881011962890625e+01
-4.522069931030273438e+01
-4.575453948974609375e+01
-4.628197097778320312e+01
-4.680017852783203125e+01
-4.731005477905273438e+01
-4.781398010253906250e+01
-4.830765914916992188e+01
-4.879419708251953125e+01
-4.927153778076171875e+01
-4.973981094360351562e+01
-5.019992446899414062e+01
-5.064978790283203125e+01
-5.109104919433593750e+01
-5.152235412597656250e+01
-5.194460296630859375e+01
-5.235645675659179688e+01
-5.275954055786132812e+01
-5.315177154541015625e+01
-5.353478240966796875e+01
-5.390649032592773438e+01
-5.426776885986328125e+01
-5.461951828002929688e+01
-5.495963668823242188e+01
-5.528976058959960938e+01
-5.560927581787109375e+01
-5.591609573364257812e+01
-5.621332931518554688e+01
-5.649888229370117188e+01
-5.677288436889648438e+01
-5.703622055053710938e+01
-5.728679275512695312e+01
-5.752695846557617188e+01
-5.775536346435546875e+01
-5.797064971923828125e+01
-5.817517852783203125e+01
-5.836758041381835938e+01
-5.854873657226562500e+01
-5.871876144409179688e+01
-5.887555694580078125e+01
-5.902072906494140625e+01
-5.915364837646484375e+01
-5.927444839477539062e+01
-5.938249206542968750e+01
-5.948013687133789062e+01
-5.956451416015625000e+01
-5.963648986816406250e+01
-5.969617462158203125e+01
-5.974367904663085938e+01
-5.977912139892578125e+01
-5.980184936523437500e+01
-5.981270980834960938e+01
-5.981180572509765625e+01
-5.979848861694335938e+01
-5.977433776855468750e+01
-5.973647689819335938e+01
-5.968500518798828125e+01
-5.962372207641601562e+01
-5.954900360107421875e+01
-5.946317291259765625e+01
-5.936408996582031250e+01
-5.925555801391601562e+01
-5.913319778442382812e+01
-5.899858856201171875e+01
-5.885403823852539062e+01
-5.869740676879882812e+01
-5.852876663208007812e+01
-5.834821319580078125e+01
-5.815729522705078125e+01
-5.795461273193359375e+01
-5.774099349975585938e+01
-5.751649856567382812e+01
-5.728046417236328125e+01
-5.703446197509765625e+01
-5.677706909179687500e+01
-5.650984573364257812e+01
-5.623212432861328125e+01
-5.594397354125976562e+01
-5.564620208740234375e+01
-5.533738708496093750e+01
-5.501835632324218750e+01
-5.469064331054687500e+01
-5.435284423828125000e+01
-5.400575637817382812e+01
-5.364944839477539062e+01
-5.328397750854492188e+01
-5.291015625000000000e+01
-5.252655792236328125e+01
-5.213621520996093750e+01
-5.173695373535156250e+01
-5.132957839965820312e+01
-5.091415023803710938e+01
-5.049220657348632812e+01
-5.006158447265625000e+01
-4.962530136108398438e+01
-4.918118667602539062e+01
-4.873003768920898438e+01
-4.827265167236328125e+01
-4.780908203125000000e+01
-4.733936309814453125e+01
-4.686420822143554688e+01
-4.638282775878906250e+01
-4.589591598510742188e+01
-4.540343475341796875e+01
-4.490681457519531250e+01
-4.440452194213867188e+01
-4.389724731445312500e+01
-4.338494873046875000e+01
-4.286905670166015625e+01
-4.234803390502929688e+01
-4.182257461547851562e+01
-4.129336166381835938e+01
-4.075960922241210938e+01
-4.022274017333984375e+01
-3.968271255493164062e+01
-3.914020156860351562e+01
-3.859293365478515625e+01
-3.804381942749023438e+01
-3.749206542968750000e+01
-3.693760681152343750e+01
-3.638113784790039062e+01
-3.582260131835937500e+01
-3.526193618774414062e+01
-3.469983291625976562e+01
-3.413623046875000000e+01
-3.357106781005859375e+01
-3.300577926635742188e+01
-3.243807220458984375e+01
-3.187160682678222656e+01
-3.130335044860839844e+01
-3.073547744750976562e+01
-3.016717910766601562e+01
-2.959914779663085938e+01
-2.903206062316894531e+01
-2.846660804748535156e+01
-2.790050125122070312e+01
-2.733739280700683594e+01
-2.677351570129394531e+01
-2.621252250671386719e+01
-2.565435791015625000e+01
-2.509747695922851562e+01
-2.454182434082031250e+01
-2.398957061767578125e+01
-2.344066238403320312e+01
-2.289355278015136719e+01
-2.234819030761718750e+01
-2.180897521972656250e+01
-2.127213859558105469e+01
-2.073911094665527344e+01
-2.021131134033203125e+01
-1.968862152099609375e+01
-1.916867065429687500e+01
-1.865281677246093750e+01
-1.814240646362304688e+01
-1.763805198669433594e+01
-1.713739204406738281e+01
-1.664177894592285156e+01
-1.615033912658691406e+01
-1.566516876220703125e+01
-1.518614101409912109e+01
-1.471238136291503906e+01
-1.424376201629638672e+01
-1.378089427947998047e+01
-1.332439708709716797e+01
-1.287339973449707031e+01
-1.242926120758056641e+01
-1.199111461639404297e+01
-1.155957698822021484e+01
-1.113378047943115234e+01
-1.071583366394042969e+01
-1.030412483215332031e+01
-9.900019645690917969e+00
-9.501911163330078125e+00
-9.111165046691894531e+00
-8.728403091430664062e+00
-8.352023124694824219e+00
-7.983390331268310547e+00
-7.622611999511718750e+00
-7.269124031066894531e+00
-6.923257827758789062e+00
-6.585121154785156250e+00
-6.254896163940429688e+00
-5.932543754577636719e+00
-5.618248939514160156e+00
-5.311824798583984375e+00
-5.013606071472167969e+00
-4.723483085632324219e+00
-4.441717624664306641e+00
-4.168170452117919922e+00
-3.903069019317626953e+00
-3.646321296691894531e+00
-3.398073196411132812e+00
-3.158339023590087891e+00
-2.927140474319458008e+00
-2.704448461532592773e+00
-2.490383625030517578e+00
-2.284992933273315430e+00
-2.088176012039184570e+00
-1.900055885314941406e+00
-1.720460891723632812e+00
-1.549818396568298340e+00
-1.387889981269836426e+00
-1.234511852264404297e+00
-1.089967131614685059e+00
-9.540942907333374023e-01
-8.268817067146301270e-01
-7.086155414581298828e-01
-5.990632772445678711e-01
-4.984392523765563965e-01
-4.059185385704040527e-01
-3.236496746540069580e-01
-2.485806494951248169e-01
-1.828623563051223755e-01
-1.249312087893486023e-01
-7.694031298160552979e-02
-3.658525273203849792e-02
-3.792085219174623489e-03
1.853956840932369232e-02
3.345383703708648682e-02
4.027817398309707642e-02
3.833890706300735474e-02
2.844746410846710205e-02
9.927963837981224060e-03
-1.641036570072174072e-02
-5.050248652696609497e-02
-9.377065300941467285e-02
-1.439226269721984863e-01
-2.016396522521972656e-01
-2.676039934158325195e-01
-3.417558372020721436e-01
-4.225501120090484619e-01
-5.099289417266845703e-01
-6.068078279495239258e-01
-7.094152569770812988e-01
-8.199253678321838379e-01
-9.375408887863159180e-01
-1.061465382575988770e+00
-1.192389249801635742e+00
-1.329517722129821777e+00
-1.474286079406738281e+00
-1.624414682388305664e+00
-1.782083392143249512e+00
-1.945014119148254395e+00
-2.113901853561401367e+00
-2.289442062377929688e+00
-2.470101833343505859e+00
-2.656577825546264648e+00
-2.848081350326538086e+00
-3.045310258865356445e+00
-3.248232841491699219e+00
-3.455382823944091797e+00
-3.666793584823608398e+00
-3.883985280990600586e+00
-4.105505943298339844e+00
-4.332133293151855469e+00
-4.563159465789794922e+00
-4.797876358032226562e+00
-5.037806510925292969e+00
-5.282242774963378906e+00
-5.530478477478027344e+00
-5.783294200897216797e+00
-6.039239883422851562e+00
-6.299097061157226562e+00
-6.562902927398681641e+00
-6.829209804534912109e+00
-7.100284576416015625e+00
-7.374085903167724609e+00
-7.651098251342773438e+00
-7.930988788604736328e+00
-8.213203430175781250e+00
-8.498970031738281250e+00
-8.787138938903808594e+00
-9.077826499938964844e+00
-9.370773315429687500e+00
-9.665946960449218750e+00
-9.963166236877441406e+00
-1.026217365264892578e+01
-1.056293582916259766e+01
-1.086527156829833984e+01
-1.116900062561035156e+01
-1.147401523590087891e+01
-1.178013420104980469e+01
-1.208732604980468750e+01
-1.239526176452636719e+01
-1.270379734039306641e+01
-1.301302814483642578e+01
-1.332261753082275391e+01
-1.363236999511718750e+01
-1.394215965270996094e+01
-1.425181198120117188e+01
-1.456109714508056641e+01
-1.487013053894042969e+01
-1.517850971221923828e+01
-1.548590850830078125e+01
-1.579244232177734375e+01
-1.609785842895507812e+01
-1.640182685852050781e+01
-1.670446586608886719e+01
-1.700552368164062500e+01
-1.730475234985351562e+01
-1.760202980041503906e+01
-1.789761734008789062e+01
-1.819147300720214844e+01
-1.848244667053222656e+01
-1.877198219299316406e+01
-1.905945014953613281e+01
-1.934346961975097656e+01
-1.962563514709472656e+01
-1.990531349182128906e+01
-2.018186569213867188e+01
-2.045614624023437500e+01
-2.072751617431640625e+01
-2.099608230590820312e+01
-2.126120758056640625e+01
-2.152299308776855469e+01
-2.178154754638671875e+01
-2.203697395324707031e+01
-2.228937149047851562e+01
-2.253809928894042969e+01
-2.278326225280761719e+01
-2.302495765686035156e+01
-2.326328849792480469e+01
-2.349686241149902344e+01
-2.372726821899414062e+01
-2.395385932922363281e+01
-2.417598915100097656e+01
-2.439449310302734375e+01
-2.460798263549804688e+01
-2.481803512573242188e+01
-2.502325820922851562e+01
-2.522449111938476562e+01
-2.542107772827148438e+01
-2.561310577392578125e+01
-2.580067062377929688e+01
-2.598311424255371094e+01
-2.616201019287109375e+01
-2.633521842956542969e+01
-2.650356292724609375e+01
-2.666787719726562500e+01
-2.682675361633300781e+01
-2.697953987121582031e+01
-2.712853813171386719e+01
-2.727383804321289062e+01
-2.741254806518554688e+01
-2.754622650146484375e+01
-2.767347145080566406e+01
-2.779733848571777344e+01
-2.791566658020019531e+01
-2.802779769897460938e+01
-2.813603401184082031e+01
-2.823747825622558594e+01
-2.833294868469238281e+01
-2.842549133300781250e+01
-2.850998306274414062e+01
-2.859020614624023438e+01
-2.866475105285644531e+01
-2.873442840576171875e+01
-2.879782676696777344e+01
-2.885575866699218750e+01
-2.890903663635253906e+01
-2.895698356628417969e+01
-2.899818992614746094e+01
-2.903420066833496094e+01
-2.906508636474609375e+01
-2.909165954589843750e+01
-2.911100769042968750e+01
-2.912617492675781250e+01
-2.913499450683593750e+01
-2.913826942443847656e+01
-2.913755416870117188e+01
-2.913068008422851562e+01
-2.911844825744628906e+01
-2.910092735290527344e+01
-2.907817459106445312e+01
-2.905024909973144531e+01
-2.901720809936523438e+01
-2.897911071777343750e+01
-2.893601799011230469e+01
-2.888723754882812500e+01
-2.883357238769531250e+01
-2.877656364440917969e+01
-2.871328735351562500e+01
-2.864603233337402344e+01
-2.857410812377929688e+01
-2.849607658386230469e+01
-2.841421890258789062e+01
-2.832858467102050781e+01
-2.823699188232421875e+01
-2.814172172546386719e+01
-2.804281997680664062e+01
-2.793884086608886719e+01
-2.783058357238769531e+01
-2.771957015991210938e+01
-2.760287475585937500e+01
-2.748351287841796875e+01
-2.736004066467285156e+01
-2.723323822021484375e+01
-2.710166358947753906e+01
-2.696758842468261719e+01
-2.682954788208007812e+01
-2.668827819824218750e+01
-2.654450035095214844e+01
-2.639670181274414062e+01
-2.624560737609863281e+01
-2.609119224548339844e+01
-2.593491744995117188e+01
-2.577452659606933594e+01
-2.561148071289062500e+01
-2.544501304626464844e+01
-2.527509498596191406e+01
-2.510318565368652344e+01
-2.492851638793945312e+01
-2.475031280517578125e+01
-2.457077789306640625e+01
-2.438765525817871094e+01
-2.420239830017089844e+01
-2.401498222351074219e+01
-2.382463455200195312e+01
-2.363280868530273438e+01
-2.343799400329589844e+01
-2.324164199829101562e+01
-2.304298400878906250e+01
-2.284273147583007812e+01
-2.264011383056640625e+01
-2.243658447265625000e+01
-2.223063278198242188e+01
-2.202371406555175781e+01
-2.181505393981933594e+01
-2.160387992858886719e+01
-2.139314079284667969e+01
-2.117983055114746094e+01
-2.096615028381347656e+01
-2.075133323669433594e+01
-2.053460311889648438e+01
-2.031890678405761719e+01
-2.010124397277832031e+01
-1.988307571411132812e+01
-1.966511535644531250e+01
-1.944659233093261719e+01
-1.922673797607421875e+01
-1.900849533081054688e+01
-1.878887176513671875e+01
-1.857006454467773438e+01
-1.835130691528320312e+01
-1.813257408142089844e+01
-1.791458320617675781e+01
-1.769730567932128906e+01
-1.747923088073730469e+01
-1.726330757141113281e+01
-1.704875755310058594e+01
-1.683328056335449219e+01
-1.662050819396972656e+01
-1.640813446044921875e+01
-1.619682121276855469e+01
-1.598648738861083984e+01
-1.577779674530029297e+01
-1.557066917419433594e+01
-1.536502170562744141e+01
-1.516003417968750000e+01
-1.495711040496826172e+01
-1.475542926788330078e+01
-1.455490970611572266e+01
-1.435695648193359375e+01
-1.416000461578369141e+01
-1.396545982360839844e+01
-1.377175807952880859e+01
-1.358030223846435547e+01
-1.339175796508789062e+01
-1.320381450653076172e+01
-1.301862430572509766e+01
-1.283610725402832031e+01
-1.265395355224609375e+01
-1.247580242156982422e+01
-1.229934501647949219e+01
-1.212450313568115234e+01
-1.195342922210693359e+01
-1.178381538391113281e+01
-1.161707210540771484e+01
-1.145237922668457031e+01
-1.129040431976318359e+01
-1.113107204437255859e+01
-1.097430801391601562e+01
-1.081929397583007812e+01
-1.066818809509277344e+01
-1.051943016052246094e+01
-1.037294769287109375e+01
-1.023090076446533203e+01
-1.009024524688720703e+01
-9.953141212463378906e+00
-9.819521903991699219e+00
-9.687829971313476562e+00
-9.559488296508789062e+00
-9.434430122375488281e+00
-9.312590599060058594e+00
-9.193162918090820312e+00
-9.077569961547851562e+00
-8.964264869689941406e+00
-8.854672431945800781e+00
-8.748732566833496094e+00
-8.645346641540527344e+00
-8.545643806457519531e+00
-8.449714660644531250e+00
-8.356089591979980469e+00
-8.266271591186523438e+00
-8.179760932922363281e+00
-8.096723556518554688e+00
-8.016883850097656250e+00
-7.940561294555664062e+00
-7.867701530456542969e+00
-7.798179626464843750e+00
-7.732242584228515625e+00
-7.669690132141113281e+00
-7.610623359680175781e+00
-7.554992675781250000e+00
-7.502973079681396484e+00
-7.454218864440917969e+00
-7.408980369567871094e+00
-7.367286682128906250e+00
-7.329015254974365234e+00
-7.294196128845214844e+00
-7.262857437133789062e+00
-7.234954357147216797e+00
-7.210366249084472656e+00
-7.189348697662353516e+00
-7.171631813049316406e+00
-7.157247066497802734e+00
-7.146298408508300781e+00
-7.138594627380371094e+00
-7.134165763854980469e+00
-7.133042812347412109e+00
-7.135182380676269531e+00
-7.140394687652587891e+00
-7.149005889892578125e+00
-7.160454273223876953e+00
-7.175217628479003906e+00
-7.192957401275634766e+00
-7.213778495788574219e+00
-7.237492084503173828e+00
-7.264204502105712891e+00
-7.293726921081542969e+00
-7.326092243194580078e+00
-7.361259937286376953e+00
-7.399042606353759766e+00
-7.439548969268798828e+00
-7.482515811920166016e+00
-7.528204441070556641e+00
-7.576204776763916016e+00
-7.626627445220947266e+00
-7.679361820220947266e+00
-7.734379768371582031e+00
-7.791679382324218750e+00
-7.851116657257080078e+00
-7.912847518920898438e+00
-7.976655483245849609e+00
-8.042474746704101562e+00
-8.110463142395019531e+00
-8.180482864379882812e+00
-8.252617835998535156e+00
-8.326582908630371094e+00
-8.402614593505859375e+00
-8.480429649353027344e+00
-8.560042381286621094e+00
-8.641544342041015625e+00
-8.724802970886230469e+00
-8.809835433959960938e+00
-8.896364212036132812e+00
-8.984706878662109375e+00
-9.074510574340820312e+00
-9.166020393371582031e+00
-9.258887290954589844e+00
-9.353355407714843750e+00
-9.449153900146484375e+00
-9.546378135681152344e+00
-9.644904136657714844e+00
-9.744607925415039062e+00
-9.845590591430664062e+00
-9.947728157043457031e+00
-1.005082225799560547e+01
-1.015512180328369141e+01
-1.026027965545654297e+01
-1.036632347106933594e+01
-1.047327804565429688e+01
-1.058101749420166016e+01
-1.068956851959228516e+01
-1.079865646362304688e+01
-1.090852832794189453e+01
-1.101883506774902344e+01
-1.112967300415039062e+01
-1.124098968505859375e+01
-1.135250854492187500e+01
-1.146447086334228516e+01
-1.157645034790039062e+01
-1.168846321105957031e+01
-1.180060195922851562e+01
-1.191273307800292969e+01
-1.202472114562988281e+01
-1.213665294647216797e+01
-1.224817276000976562e+01
-1.235943603515625000e+01
0.000000000000000000e+00
0.000000000000000000e+00
0.000000000000000000e+00
0.000000000000000000e+00
0.000000000000000000e+00
0.000000000000000000e+00
0.000000000000000000e+00
0.000000000000000000e+00
0.000000000000000000e+00
0.000000000000000000e+00
0.000000000000000000e+00
0.000000000000000000e+00
0.000000000000000000e+00
0.000000000000000000e+00
0.000000000000000000e+00
0.000000000000000000e+00
0.000000000000000000e+00
0.000000000000000000e+00
0.000000000000000000e+00
0.000000000000000000e+00
0.000000000000000000e+00
0.000000000000000000e+00
0.000000000000000000e+00
0.000000000000000000e+00
0.000000000000000000e+00
0.000000000000000000e+00
0.000000000000000000e+00
0.000000000000000000e+00
0.000000000000000000e+00
0.000000000000000000e+00
0.000000000000000000e+00
0.000000000000000000e+00
0.000000000000000000e+00
0.000000000000000000e+00
0.000000000000000000e+00
0.000000000000000000e+00
0.000000000000000000e+00
0.000000000000000000e+00
0.000000000000000000e+00
0.000000000000000000e+00
0.000000000000000000e+00
0.000000000000000000e+00
0.000000000000000000e+00
0.000000000000000000e+00
0.000000000000000000e+00
0.000000000000000000e+00
0.000000000000000000e+00
0.000000000000000000e+00
0.000000000000000000e+00
0.000000000000000000e+00
0.000000000000000000e+00
0.000000000000000000e+00
0.000000000000000000e+00
0.000000000000000000e+00
0.000000000000000000e+00
0.000000000000000000e+00
0.000000000000000000e+00
0.000000000000000000e+00
0.000000000000000000e+00
0.000000000000000000e+00
0.000000000000000000e+00
0.000000000000000000e+00
0.000000000000000000e+00
0.000000000000000000e+00
0.000000000000000000e+00
0.000000000000000000e+00
0.000000000000000000e+00
0.000000000000000000e+00
0.000000000000000000e+00
0.000000000000000000e+00
0.000000000000000000e+00
0.000000000000000000e+00
0.000000000000000000e+00
0.000000000000000000e+00
0.000000000000000000e+00
0.000000000000000000e+00
0.000000000000000000e+00
0.000000000000000000e+00
0.000000000000000000e+00
0.000000000000000000e+00
0.000000000000000000e+00
0.000000000000000000e+00
0.000000000000000000e+00
0.000000000000000000e+00
0.000000000000000000e+00
0.000000000000000000e+00
0.000000000000000000e+00
0.000000000000000000e+00
0.000000000000000000e+00
0.000000000000000000e+00
0.000000000000000000e+00
0.000000000000000000e+00
0.000000000000000000e+00
0.000000000000000000e+00
0.000000000000000000e+00
0.000000000000000000e+00
0.000000000000000000e+00
0.000000000000000000e+00
0.000000000000000000e+00
0.000000000000000000e+00
