# tt
1.056553222656250000e+03
9.990443725585937500e+02
9.416493530273437500e+02
8.965410766601562500e+02
8.634016723632812500e+02
8.402011718750000000e+02
8.245435791015625000e+02
8.147894897460937500e+02
8.096634521484375000e+02
8.079570312500000000e+02
8.098556518554687500e+02
8.135992431640625000e+02
8.182950439453125000e+02
8.243124389648437500e+02
8.321130371093750000e+02
8.415635986328125000e+02
8.516580810546875000e+02
8.632517089843750000e+02
8.747066650390625000e+02
8.863748168945312500e+02
8.985262451171875000e+02
9.109730224609375000e+02
9.237762451171875000e+02
9.368908691406250000e+02
9.501413574218750000e+02
9.637534179687500000e+02
9.775661621093750000e+02
9.916268310546875000e+02
1.005843688964843750e+03
1.020105102539062500e+03
1.034675781250000000e+03
1.049560668945312500e+03
1.064587036132812500e+03
1.079724609375000000e+03
1.094906127929687500e+03
1.110146850585937500e+03
1.125753906250000000e+03
1.141706420898437500e+03
1.157734252929687500e+03
1.173946411132812500e+03
1.190109008789062500e+03
1.206367431640625000e+03
1.222569824218750000e+03
1.239084350585937500e+03
1.255835815429687500e+03
1.272685668945312500e+03
1.289571899414062500e+03
1.306581176757812500e+03
1.323949218750000000e+03
1.341461059570312500e+03
1.359332275390625000e+03
1.377179077148437500e+03
1.394915771484375000e+03
1.412753173828125000e+03
1.430907226562500000e+03
1.449314819335937500e+03
1.467992065429687500e+03
1.486805908203125000e+03
1.505772827148437500e+03
1.525201538085937500e+03
1.544494018554687500e+03
1.563865356445312500e+03
1.583604980468750000e+03
1.603333496093750000e+03
1.623339233398437500e+03
1.643459350585937500e+03
1.663975830078125000e+03
1.684650268554687500e+03
1.705616088867187500e+03
1.726719482421875000e+03
1.747995971679687500e+03
1.769417114257812500e+03
1.791028930664062500e+03
1.812951293945312500e+03
1.835140136718750000e+03
1.857638793945312500e+03
1.880474609375000000e+03
1.903452392578125000e+03
1.926673828125000000e+03
1.950029052734375000e+03
1.973601562500000000e+03
1.997337402343750000e+03
2.021331176757812500e+03
2.045454467773437500e+03
2.069797363281250000e+03
2.094580322265625000e+03
2.119350341796875000e+03
2.144471923828125000e+03
2.169789306640625000e+03
2.195222656250000000e+03
2.220920654296875000e+03
2.246885253906250000e+03
2.272895263671875000e+03
2.299175048828125000e+03
2.325429687500000000e+03
2.352105957031250000e+03
2.378983398437500000e+03
2.405914550781250000e+03
2.433124755859375000e+03
2.460466552734375000e+03
2.488313476562500000e+03
2.516072753906250000e+03
2.544043457031250000e+03
2.572152832031250000e+03
2.600477050781250000e+03
2.628720703125000000e+03
2.657331054687500000e+03
2.686087402343750000e+03
2.714916992187500000e+03
2.743895263671875000e+03
2.773022216796875000e+03
2.802371093750000000e+03
2.831792968750000000e+03
2.861435058593750000e+03
2.891073730468750000e+03
2.921006103515625000e+03
2.951081787109375000e+03
2.981152343750000000e+03
3.011365234375000000e+03
3.041570556640625000e+03
3.071842773437500000e+03
3.102180664062500000e+03
3.132583007812500000e+03
3.162975585937500000e+03
3.193431396484375000e+03
3.223875244140625000e+03
3.254306884765625000e+03
3.284799316406250000e+03
3.315278076171875000e+03
3.345741943359375000e+03
3.376266845703125000e+03
3.406705078125000000e+03
3.437132324218750000e+03
3.467550292968750000e+03
3.497811035156250000e+03
3.528064941406250000e+03
3.558239013671875000e+03
3.588185546875000000e+03
3.618203857421875000e+03
3.647996826171875000e+03
3.677790039062500000e+03
3.707509521484375000e+03
3.737008544921875000e+03
3.766362548828125000e+03
3.795795654296875000e+03
3.824863525390625000e+03
3.853789794921875000e+03
3.882650878906250000e+03
3.911224609375000000e+03
3.939661376953125000e+03
3.967812255859375000e+03
3.995826171875000000e+03
4.023629150390625000e+03
4.051220703125000000e+03
4.078453369140625000e+03
4.105623046875000000e+03
4.132507812500000000e+03
4.159108398437500000e+03
4.185498046875000000e+03
4.211677734375000000e+03
4.237572265625000000e+03
4.263332031250000000e+03
4.288658203125000000e+03
4.313849121093750000e+03
4.338755859375000000e+03
4.363453613281250000e+03
4.387718750000000000e+03
4.411700195312500000e+03
4.435398925781250000e+03
4.458665039062500000e+03
4.481574218750000000e+03
4.504052246093750000e+03
4.526247558593750000e+03
4.548084960937500000e+03
4.569418457031250000e+03
4.590395996093750000e+03
4.610944335937500000e+03
4.631065429687500000e+03
4.650908691406250000e+03
4.670252441406250000e+03
4.689171875000000000e+03
4.707594238281250000e+03
4.725667968750000000e+03
4.743321777343750000e+03
4.760184570312500000e+03
4.776925781250000000e+03
4.793175292968750000e+03
4.808859863281250000e+03
4.824427246093750000e+03
4.839134765625000000e+03
4.853502929687500000e+03
4.867312011718750000e+03
4.880784179687500000e+03
4.893698730468750000e+03
4.906056640625000000e+03
4.918007324218750000e+03
4.929478027343750000e+03
4.940469726562500000e+03
4.950983398437500000e+03
4.960946289062500000e+03
4.970432617187500000e+03
4.979369140625000000e+03
4.987681640625000000e+03
4.995519042968750000e+03
5.002733398437500000e+03
5.009474121093750000e+03
5.015518066406250000e+03
5.021014648437500000e+03
5.025964843750000000e+03
5.030367675781250000e+03
5.034076660156250000e+03
5.037313964843750000e+03
5.039932128906250000e+03
5.042005371093750000e+03
5.043459960937500000e+03
5.044445800781250000e+03
5.044813476562500000e+03
5.044638183593750000e+03
5.043920898437500000e+03
5.042661621093750000e+03
5.040860351562500000e+03
5.038369628906250000e+03
5.035487304687500000e+03
5.031989746093750000e+03
5.027953125000000000e+03
5.023302246093750000e+03
5.018187500000000000e+03
5.012534179687500000e+03
5.006268554687500000e+03
4.999391601562500000e+03
4.992051757812500000e+03
4.984175292968750000e+03
4.975613769531250000e+03
4.966591308593750000e+03
4.956958984375000000e+03
4.946792480468750000e+03
4.936090820312500000e+03
4.924930175781250000e+03
4.913087402343750000e+03
4.900860351562500000e+03
4.888101074218750000e+03
4.874809082031250000e+03
4.860985839843750000e+03
4.846631835937500000e+03
4.831821289062500000e+03
4.816554199218750000e+03
4.800757812500000000e+03
4.784580078125000000e+03
4.767874023437500000e+03
4.750788085937500000e+03
4.733098632812500000e+03
4.715178710937500000e+03
4.696729980468750000e+03
4.677827636718750000e+03
4.658544921875000000e+03
4.638882324218750000e+03
4.618766113281250000e+03
4.598270019531250000e+03
4.577468750000000000e+03
4.556212890625000000e+03
4.534503417968750000e+03
4.512711425781250000e+03
4.490390625000000000e+03
4.467615722656250000e+03
4.444610351562500000e+03
4.421150390625000000e+03
4.397384765625000000e+03
4.373165527343750000e+03
4.348788574218750000e+03
4.324032226562500000e+03
4.299118652343750000e+03
4.273824707031250000e+03
4.248300292968750000e+03
4.222469238281250000e+03
4.196480957031250000e+03
4.170112792968750000e+03
4.143586914062500000e+03
4.116829589843750000e+03
4.089839843750000000e+03
4.062767089843750000e+03
4.035314208984375000e+03
4.007777343750000000e+03
3.980083007812500000e+03
3.952230468750000000e+03
3.924145996093750000e+03
3.895903320312500000e+03
3.867576660156250000e+03
3.839091552734375000e+03
3.810522949218750000e+03
3.781869628906250000e+03
3.752835205078125000e+03
3.724013183593750000e+03
3.694958496093750000e+03
3.666042236328125000e+03
3.636892578125000000e+03
3.607732421875000000e+03
3.578413330078125000e+03
3.549157714843750000e+03
3.519816894531250000e+03
3.490465087890625000e+03
3.461175292968750000e+03
3.431872802734375000e+03
3.402555664062500000e+03
3.373296875000000000e+03
3.344021484375000000e+03
3.314802734375000000e+03
3.285638916015625000e+03
3.256603515625000000e+03
3.227546386718750000e+03
3.198615234375000000e+03
3.169809082031250000e+03
3.141051757812500000e+03
3.112416992187500000e+03
3.083903320312500000e+03
3.055509521484375000e+03
3.027234619140625000e+03
2.999077392578125000e+03
2.971110595703125000e+03
2.943333251953125000e+03
2.915670166015625000e+03
2.888193847656250000e+03
2.860903564453125000e+03
2.833798095703125000e+03
2.806949951171875000e+03
2.780209960937500000e+03
2.753725341796875000e+03
2.727494628906250000e+03
2.701442626953125000e+03
2.675642578125000000e+03
2.650166748046875000e+03
2.624866210937500000e+03
2.599813476562500000e+03
2.575081787109375000e+03
2.550521240234375000e+03
2.526279296875000000e+03
2.502354736328125000e+03
2.478671875000000000e+03
2.455378417968750000e+03
2.432324218750000000e+03
2.409507812500000000e+03
2.387077148437500000e+03
2.364956054687500000e+03
2.343218017578125000e+03
2.321713134765625000e+03
2.300588623046875000e+03
2.279768798828125000e+03
2.259327148437500000e+03
2.239187744140625000e+03
2.219423583984375000e+03
2.200182128906250000e+03
2.181090820312500000e+03
2.162445312500000000e+03
2.144095458984375000e+03
2.126188964843750000e+03
2.108649902343750000e+03
2.091477294921875000e+03
2.074743652343750000e+03
2.058299316406250000e+03
2.042291625976562500e+03
2.026644897460937500e+03
2.011432128906250000e+03
1.996577758789062500e+03
1.982154785156250000e+03
1.968087646484375000e+03
1.954448974609375000e+03
1.941238281250000000e+03
1.928304687500000000e+03
1.915944824218750000e+03
1.903934204101562500e+03
1.892271728515625000e+03
1.881030273437500000e+03
1.870208496093750000e+03
1.859805419921875000e+03
1.849745239257812500e+03
1.840175415039062500e+03
1.831020141601562500e+03
1.822204223632812500e+03
1.813800659179687500e+03
1.805882080078125000e+03
1.798299194335937500e+03
1.791050292968750000e+03
1.784283081054687500e+03
1.777996337890625000e+03
1.771965576171875000e+03
1.766412841796875000e+03
1.761187988281250000e+03
1.756364501953125000e+03
1.751940795898437500e+03
1.747915771484375000e+03
1.744288085937500000e+03
1.740982666015625000e+03
1.738146484375000000e+03
1.735629760742187500e+03
1.733431274414062500e+03
1.731698730468750000e+03
1.730208007812500000e+03
1.729180297851562500e+03
1.728466186523437500e+03
1.728064453125000000e+03
1.728048339843750000e+03
1.728417358398437500e+03
1.729096557617187500e+03
1.730085693359375000e+03
1.731458496093750000e+03
1.733065795898437500e+03
1.735056152343750000e+03
1.737354614257812500e+03
1.740035400390625000e+03
1.742948730468750000e+03
1.746243408203125000e+03
1.749770385742187500e+03
1.753603393554687500e+03
1.757667602539062500e+03
1.762111450195312500e+03
1.766785766601562500e+03
1.771690307617187500e+03
1.776898803710937500e+03
1.782411132812500000e+03
1.788152221679687500e+03
1.794196289062500000e+03
1.800468505859375000e+03
1.806894165039062500e+03
1.813547363281250000e+03
1.820502075195312500e+03
1.827683227539062500e+03
1.835016601562500000e+03
1.842575805664062500e+03
1.850286376953125000e+03
1.858296752929687500e+03
1.866457641601562500e+03
1.874694335937500000e+03
1.883229736328125000e+03
1.891840454101562500e+03
1.900600708007812500e+03
1.909584106445312500e+03
1.918716064453125000e+03
1.927922241210937500e+03
1.937350708007812500e+03
1.946852661132812500e+03
1.956502319335937500e+03
1.966150268554687500e+03
1.976019531250000000e+03
1.985961059570312500e+03
1.995974487304687500e+03
2.005985473632812500e+03
2.016142211914062500e+03
2.026295898437500000e+03
2.036594848632812500e+03
2.046964233398437500e+03
2.057330078125000000e+03
2.067693115234375000e+03
2.078202880859375000e+03
2.088637451171875000e+03
2.099072265625000000e+03
2.109656738281250000e+03
2.120094970703125000e+03
2.130610839843750000e+03
2.141130859375000000e+03
2.151656250000000000e+03
2.162113525390625000e+03
2.172578125000000000e+03
2.182976806640625000e+03
2.193310791015625000e+03
2.203580810546875000e+03
2.213862548828125000e+03
2.224156494140625000e+03
2.234315429687500000e+03
2.244414794921875000e+03
2.254529541015625000e+03
2.264363769531250000e+03
2.274289794921875000e+03
2.284086181640625000e+03
2.293827636718750000e+03
2.303515625000000000e+03
2.313002685546875000e+03
2.322363769531250000e+03
2.331674316406250000e+03
2.340860839843750000e+03
2.349924560546875000e+03
2.358866455078125000e+03
2.367762207031250000e+03
2.376389404296875000e+03
2.384823486328125000e+03
2.393288574218750000e+03
2.401562500000000000e+03
2.409646484375000000e+03
2.417541259765625000e+03
2.425322265625000000e+03
2.432990966796875000e+03
2.440324707031250000e+03
2.447622314453125000e+03
2.454735595703125000e+03
2.461666015625000000e+03
2.468340087890625000e+03
2.474833251953125000e+03
2.481146240234375000e+03
2.487280273437500000e+03
2.493310546875000000e+03
2.499089599609375000e+03
2.504543945312500000e+03
2.509972167968750000e+03
2.515078369140625000e+03
2.519937988281250000e+03
2.524775878906250000e+03
2.529220947265625000e+03
2.533572265625000000e+03
2.537608154296875000e+03
2.541478271484375000e+03
2.545035644531250000e+03
2.548504394531250000e+03
2.551662597656250000e+03
2.554660644531250000e+03
2.557425048828125000e+03
2.559957763671875000e+03
2.562259277343750000e+03
2.564256835937500000e+03
2.566100830078125000e+03
2.567791748046875000e+03
2.569183105468750000e+03
2.570275390625000000e+03
2.571144775390625000e+03
2.571866455078125000e+03
2.572367431640625000e+03
2.572500488281250000e+03
2.572489990234375000e+03
2.572410888671875000e+03
2.571967773437500000e+03
2.571310302734375000e+03
2.570365478515625000e+03
2.569431640625000000e+03
2.568064208984375000e+03
2.566487548828125000e+03
2.564702636718750000e+03
2.562710449218750000e+03
2.560512695312500000e+03
2.558184570312500000e+03
2.555504638671875000e+03
2.552696777343750000e+03
2.549687744140625000e+03
2.546404785156250000e+03
2.542997314453125000e+03
2.539318115234375000e+03
2.535516845703125000e+03
2.531446289062500000e+03
2.527256103515625000e+03
2.522798339843750000e+03
2.518223388671875000e+03
2.513458007812500000e+03
2.508503173828125000e+03
2.503434082031250000e+03
2.498102539062500000e+03
2.492657958984375000e+03
2.487025634765625000e+03
2.481206298828125000e+03
2.475200195312500000e+03
2.469082031250000000e+03
2.462777343750000000e+03
2.456286865234375000e+03
2.449759521484375000e+03
2.442897949218750000e+03
2.436074218750000000e+03
2.429065673828125000e+03
2.421946777343750000e+03
2.414643798828125000e+03
2.407230712890625000e+03
2.399708496093750000e+03
2.392076660156250000e+03
2.384261718750000000e+03
2.376412109375000000e+03
2.368379882812500000e+03
2.360239501953125000e+03
2.352065185546875000e+03
2.343782958984375000e+03
2.335393066406250000e+03
2.326970458984375000e+03
2.318366210937500000e+03
2.309729248046875000e+03
2.301060302734375000e+03
2.292358886718750000e+03
2.283402587890625000e+03
2.274489013671875000e+03
2.265543945312500000e+03
2.256567382812500000e+03
2.247559814453125000e+03
2.238447265625000000e+03
2.229377929687500000e+03
2.220204101562500000e+03
2.210999755859375000e+03
2.201765625000000000e+03
2.192575683593750000e+03
2.183356201171875000e+03
2.174107177734375000e+03
2.164754394531250000e+03
2.155446777343750000e+03
2.146259033203125000e+03
2.137042480468750000e+03
2.128020019531250000e+03
2.118894775390625000e+03
2.109741455078125000e+03
2.100634277343750000e+03
2.091572265625000000e+03
2.082480712890625000e+03
2.073581298828125000e+03
2.064650878906250000e+03
2.055836181640625000e+03
2.046840332031250000e+03
2.038107543945312500e+03
2.029488525390625000e+03
2.020833862304687500e+03
2.012291503906250000e+03
2.003860351562500000e+03
1.995391113281250000e+03
1.987105712890625000e+03
1.978854736328125000e+03
1.970711547851562500e+03
1.962749755859375000e+03
1.954819824218750000e+03
1.946920898437500000e+03
1.939275146484375000e+03
1.931584106445312500e+03
1.924070190429687500e+03
1.916732543945312500e+03
1.909421630859375000e+03
1.902210815429687500e+03
1.895173583984375000e+03
1.888309204101562500e+03
1.881542358398437500e+03
1.874946655273437500e+03
1.868372436523437500e+03
1.861967651367187500e+03
1.855805786132812500e+03
1.849662963867187500e+03
1.843761108398437500e+03
1.838025146484375000e+03
1.832306030273437500e+03
1.826825439453125000e+03
1.821508300781250000e+03
1.816353881835937500e+03
1.811361450195312500e+03
1.806529907226562500e+03
1.801784179687500000e+03
1.797272460937500000e+03
1.792993408203125000e+03
1.788798095703125000e+03
1.784759765625000000e+03
1.781026123046875000e+03
1.777299560546875000e+03
1.773876098632812500e+03
1.770606567382812500e+03
1.767490112304687500e+03
1.764525634765625000e+03
1.761860961914062500e+03
1.759272094726562500e+03
1.756832275390625000e+03
1.754689086914062500e+03
1.752692993164062500e+03
1.750768798828125000e+03
1.749212402343750000e+03
1.747800415039062500e+03
1.746531372070312500e+03
1.745478881835937500e+03
1.744567626953125000e+03
1.743870849609375000e+03
1.743313354492187500e+03
1.742968505859375000e+03
1.742835449218750000e+03
1.742764526367187500e+03
1.743052001953125000e+03
1.743399536132812500e+03
1.744029541015625000e+03
1.744718017578125000e+03
1.745686767578125000e+03
1.746786254882812500e+03
1.748089965820312500e+03
1.749522827148437500e+03
1.751158203125000000e+03
1.752994995117187500e+03
1.754958129882812500e+03
1.757195312500000000e+03
1.759556884765625000e+03
1.762042358398437500e+03
1.764799072265625000e+03
1.767603393554687500e+03
1.770528686523437500e+03
1.773648437500000000e+03
1.777036010742187500e+03
1.780467895507812500e+03
1.784091308593750000e+03
1.787831787109375000e+03
1.791762084960937500e+03
1.795807617187500000e+03
1.800041625976562500e+03
1.804314575195312500e+03
1.808848632812500000e+03
1.813494506835937500e+03
1.818251220703125000e+03
1.823117919921875000e+03
1.828093994140625000e+03
1.833252929687500000e+03
1.838519409179687500e+03
1.843893554687500000e+03
1.849375122070312500e+03
1.854964111328125000e+03
1.860585937500000000e+03
1.866389282226562500e+03
1.872225341796875000e+03
1.878317016601562500e+03
1.884367065429687500e+03
1.890598266601562500e+03
1.896861816406250000e+03
1.903232177734375000e+03
1.909783447265625000e+03
1.916218383789062500e+03
1.922834106445312500e+03
1.929556640625000000e+03
1.936311279296875000e+03
1.943098022460937500e+03
1.949991210937500000e+03
1.956842407226562500e+03
1.963948730468750000e+03
1.970938232421875000e+03
1.978034423828125000e+03
1.985162841796875000e+03
1.992323120117187500e+03
1.999590087890625000e+03
2.006814819335937500e+03
2.014071777343750000e+03
2.021360839843750000e+03
2.028608032226562500e+03
2.036036132812500000e+03
2.043347534179687500e+03
2.050765869140625000e+03
2.058142333984375000e+03
2.065551269531250000e+03
2.072843994140625000e+03
2.080243652343750000e+03
2.087527099609375000e+03
2.094843261718750000e+03
2.102117919921875000e+03
2.109425048828125000e+03
2.116690917968750000e+03
2.123915039062500000e+03
2.131172363281250000e+03
2.138313964843750000e+03
2.145340087890625000e+03
2.152324707031250000e+03
2.159342529296875000e+03
2.166319335937500000e+03
2.173180908203125000e+03
2.180001464843750000e+03
2.186781982421875000e+03
2.193449462890625000e+03
2.200004394531250000e+03
2.206596435546875000e+03
2.212929687500000000e+03
2.219375976562500000e+03
2.225565429687500000e+03
2.231795654296875000e+03
2.237845214843750000e+03
2.243788818359375000e+03
2.249776611328125000e+03
2.255511962890625000e+03
2.261218750000000000e+03
2.266749511718750000e+03
2.272253417968750000e+03
2.277583496093750000e+03
2.282814697265625000e+03
2.287947509765625000e+03
2.292909179687500000e+03
2.297774658203125000e+03
2.302470703125000000e+03
2.307072265625000000e+03
2.311506591796875000e+03
2.315922851562500000e+03
2.320024658203125000e+03
2.324036132812500000e+03
2.328106689453125000e+03
2.331791259765625000e+03
2.335388427734375000e+03
2.338898925781250000e+03
2.342174804687500000e+03
2.345365966796875000e+03
2.348398681640625000e+03
2.351200195312500000e+03
2.353919433593750000e+03
2.356408691406250000e+03
2.358743408203125000e+03
2.360924804687500000e+03
2.363027587890625000e+03
2.364904052734375000e+03
2.366629882812500000e+03
2.368131103515625000e+03
2.369408935546875000e+03
2.370538574218750000e+03
2.371669433593750000e+03
2.372430908203125000e+03
2.373046630859375000e+03
2.373517822265625000e+03
2.373844970703125000e+03
2.373954833984375000e+03
2.373774414062500000e+03
2.373601318359375000e+03
2.373139892578125000e+03
2.372614013671875000e+03
2.371801513671875000e+03
2.370778076171875000e+03
2.369544677734375000e+03
2.368250488281250000e+03
2.366674072265625000e+03
2.364890380859375000e+03
2.362975097656250000e+03
2.360854736328125000e+03
2.358678466796875000e+03
2.356225097656250000e+03
2.353495117187500000e+03
2.350637939453125000e+03
2.347729492187500000e+03
2.344547119140625000e+03
2.341240722656250000e+03
2.337662597656250000e+03
2.333962158203125000e+03
2.330065917968750000e+03
2.325900878906250000e+03
2.321690673828125000e+03
2.317213134765625000e+03
2.312543457031250000e+03
2.307831542968750000e+03
2.302854980468750000e+03
2.297763183593750000e+03
2.292482910156250000e+03
2.287015136718750000e+03
2.281434814453125000e+03
2.275594238281250000e+03
2.269717285156250000e+03
2.263507324218750000e+03
2.257262451171875000e+03
2.250834960937500000e+03
2.244151611328125000e+03
2.237435791015625000e+03
2.230539794921875000e+03
2.223464355468750000e+03
2.216284667968750000e+03
2.208853027343750000e+03
2.201392822265625000e+03
2.193830566406250000e+03
2.186167480468750000e+03
2.178329589843750000e+03
2.170243408203125000e+03
2.162207031250000000e+03
2.153923828125000000e+03
2.145542724609375000e+03
2.137063476562500000e+03
2.128412109375000000e+03
2.119588623046875000e+03
2.110815673828125000e+03
2.101796630859375000e+03
2.092679931640625000e+03
2.083465332031250000e+03
2.074227539062500000e+03
2.064817871093750000e+03
2.055310546875000000e+03
2.045705688476562500e+03
2.036003295898437500e+03
2.026054565429687500e+03
2.016380004882812500e+03
2.006384887695312500e+03
1.996366699218750000e+03
1.986250732421875000e+03
1.976037475585937500e+03
1.965800903320312500e+03
1.955466430664062500e+03
1.945034790039062500e+03
1.934579467773437500e+03
1.924026733398437500e+03
1.913376098632812500e+03
1.902850585937500000e+03
1.892078735351562500e+03
1.881357788085937500e+03
1.870613159179687500e+03
1.859770629882812500e+03
1.848904296875000000e+03
1.838088745117187500e+03
1.827100463867187500e+03
1.816088623046875000e+03
1.805126831054687500e+03
1.794066772460937500e+03
1.783131347656250000e+03
1.771948852539062500e+03
1.760890747070312500e+03
1.749882568359375000e+03
1.738849975585937500e+03
1.727718627929687500e+03
1.716711303710937500e+03
1.705604980468750000e+03
1.694548217773437500e+03
1.683466674804687500e+03
1.672508789062500000e+03
1.661525878906250000e+03
1.650517700195312500e+03
1.639632934570312500e+03
1.628722045898437500e+03
1.617709472656250000e+03
1.606965942382812500e+03
1.596118896484375000e+03
1.585316040039062500e+03
1.574630493164062500e+03
1.564061401367187500e+03
1.553459106445312500e+03
1.542822631835937500e+03
1.532299438476562500e+03
1.521814453125000000e+03
1.511143676757812500e+03
1.500880493164062500e+03
1.490504028320312500e+03
1.480310058593750000e+03
1.470075073242187500e+03
1.460020874023437500e+03
1.449997924804687500e+03
1.440005126953125000e+03
1.430190307617187500e+03
1.420329467773437500e+03
1.410570068359375000e+03
1.400911376953125000e+03
1.391426635742187500e+03
1.381892089843750000e+03
1.372529541015625000e+03
1.363263916015625000e+03
1.354019653320312500e+03
1.344944702148437500e+03
1.335889404296875000e+03
1.327001342773437500e+03
1.318205444335937500e+03
1.309500610351562500e+03
1.300885986328125000e+03
1.292435058593750000e+03
1.283998046875000000e+03
1.275723022460937500e+03
1.267608642578125000e+03
1.259505493164062500e+03
1.251561523437500000e+03
1.243701293945312500e+03
1.236072509765625000e+03
1.228525878906250000e+03
1.221060302734375000e+03
1.213749145507812500e+03
1.206517456054687500e+03
1.199289916992187500e+03
1.192362915039062500e+03
1.185512695312500000e+03
1.178812500000000000e+03
1.172261352539062500e+03
1.165784301757812500e+03
1.159454345703125000e+03
1.153196289062500000e+03
1.147083374023437500e+03
1.141189086914062500e+03
1.135289428710937500e+03
1.129680541992187500e+03
1.124138793945312500e+03
1.118662963867187500e+03
1.113401000976562500e+03
1.108277465820312500e+03
1.103291503906250000e+03
1.098367797851562500e+03
1.093654052734375000e+03
1.089000732421875000e+03
1.084481201171875000e+03
1.080168945312500000e+03
1.075988525390625000e+03
1.071865112304687500e+03
1.067871704101562500e+03
1.064007690429687500e+03
1.060346435546875000e+03
1.056812622070312500e+03
1.053405517578125000e+03
1.050124267578125000e+03
1.046893676757812500e+03
1.043935668945312500e+03
1.041026733398437500e+03
1.038240112304687500e+03
1.035575195312500000e+03
1.033105102539062500e+03
1.030680664062500000e+03
1.028449829101562500e+03
1.026262817382812500e+03
1.024193359375000000e+03
1.022314941406250000e+03
1.020552368164062500e+03
1.018904907226562500e+03
1.017371826171875000e+03
1.015952270507812500e+03
1.014571228027343750e+03
1.013376464843750000e+03
1.012367492675781250e+03
1.011394592285156250e+03
1.010531494140625000e+03
1.009777526855468750e+03
1.009131896972656250e+03
1.008593872070312500e+03
1.008162780761718750e+03
1.007764221191406250e+03
1.007546691894531250e+03
1.007435852050781250e+03
1.007505859375000000e+03
1.007608093261718750e+03
1.007742309570312500e+03
1.007760192871093750e+03
1.008107299804687500e+03
1.008560668945312500e+03
1.009046081542968750e+03
1.009637634277343750e+03
1.010335388183593750e+03
1.011139221191406250e+03
1.011900756835937500e+03
1.012842590332031250e+03
1.013890563964843750e+03
1.014970336914062500e+03
1.016081848144531250e+03
1.017373718261718750e+03
1.018697326660156250e+03
1.020052734375000000e+03
1.021514160156250000e+03
1.023007324218750000e+03
1.024532348632812500e+03
1.026386352539062500e+03
1.028049194335937500e+03
1.029743896484375000e+03
1.031544799804687500e+03
1.033377441406250000e+03
1.035093505859375000e+03
1.037064331054687500e+03
1.038992797851562500e+03
1.041101806640625000e+03
1.043168579101562500e+03
1.045267456054687500e+03
1.047398315429687500e+03
1.049635742187500000e+03
1.051905151367187500e+03
1.054058349609375000e+03
1.056392333984375000e+03
1.058684326171875000e+03
1.061008666992187500e+03
1.063439819335937500e+03
1.065754760742187500e+03
1.068176513671875000e+03
1.070630859375000000e+03
1.072969238281250000e+03
1.075414672851562500e+03
1.077818481445312500e+03
1.080255249023437500e+03
1.082725585937500000e+03
1.085081665039062500e+03
1.087472778320312500e+03
1.089825561523437500e+03
1.092214843750000000e+03
1.094641601562500000e+03
1.097180786132812500e+03
1.099610351562500000e+03
1.102005126953125000e+03
1.104366210937500000e+03
1.106768432617187500e+03
1.108989624023437500e+03
1.111328002929687500e+03
1.113635498046875000e+03
1.115838623046875000e+03
1.118161010742187500e+03
1.120380737304687500e+03
1.122572387695312500e+03
1.124811523437500000e+03
1.126875732421875000e+03
1.128988769531250000e+03
1.131151245117187500e+03
1.133141113281250000e+03
1.135182006835937500e+03
1.137125976562500000e+03
1.139122558593750000e+03
1.140949340820312500e+03
1.142755737304687500e+03
1.144616943359375000e+03
1.146310546875000000e+03
1.147986083984375000e+03
1.149644042968750000e+03
1.151285278320312500e+03
1.152836303710937500e+03
1.154371948242187500e+03
1.155818603515625000e+03
1.157177124023437500e+03
1.158522338867187500e+03
1.159780761718750000e+03
1.161027221679687500e+03
1.162262573242187500e+03
1.163338867187500000e+03
1.164256713867187500e+03
1.165313964843750000e+03
1.166213989257812500e+03
1.167031982421875000e+03
1.167842773437500000e+03
1.168572753906250000e+03
1.169222412109375000e+03
1.169792602539062500e+03
1.170432739257812500e+03
1.170846191406250000e+03
1.171256958007812500e+03
1.171517089843750000e+03
1.171776123046875000e+03
1.171960449218750000e+03
1.172070922851562500e+03
1.172034057617187500e+03
1.171999389648437500e+03
1.171818725585937500e+03
1.171716064453125000e+03
1.171394897460937500e+03
1.171004638671875000e+03
1.170620239257812500e+03
1.170168334960937500e+03
1.169575195312500000e+03
1.168916015625000000e+03
1.168265625000000000e+03
1.167476440429687500e+03
1.166623291015625000e+03
1.165707153320312500e+03
1.164654174804687500e+03
1.163613769531250000e+03
1.162438110351562500e+03
1.161202148437500000e+03
1.159906616210937500e+03
1.158552246093750000e+03
1.157139648437500000e+03
1.155520996093750000e+03
1.153994018554687500e+03
1.152336669921875000e+03
1.150549560546875000e+03
1.148781982421875000e+03
1.146885864257812500e+03
1.144936401367187500e+03
1.142933959960937500e+03
1.140879516601562500e+03
1.138773437500000000e+03
1.136542114257812500e+03
1.134260620117187500e+03
1.131929321289062500e+03
1.129549072265625000e+03
1.126971801757812500e+03
1.124495483398437500e+03
1.121897460937500000e+03
1.119252929687500000e+03
1.116488159179687500e+03
1.113752197265625000e+03
1.110897094726562500e+03
1.108072021484375000e+03
1.105054077148437500e+03
1.102140747070312500e+03
1.099109130859375000e+03
1.096033447265625000e+03
1.092839721679687500e+03
1.089602050781250000e+03
1.086395019531250000e+03
1.083144165039062500e+03
1.079701049804687500e+03
1.076362792968750000e+03
1.072906738281250000e+03
1.069407104492187500e+03
1.065938110351562500e+03
1.062351440429687500e+03
1.058646728515625000e+03
1.055047363281250000e+03
1.051329956054687500e+03
1.047643554687500000e+03
1.043913696289062500e+03
1.040066040039062500e+03
1.036249145507812500e+03
1.032388916015625000e+03
1.028484985351562500e+03
1.024537719726562500e+03
1.020472656250000000e+03
1.016512695312500000e+03
1.012434814453125000e+03
1.008461975097656250e+03
1.004371337890625000e+03
1.000311279296875000e+03
9.961334228515625000e+02
9.919861450195312500e+02
9.877952880859375000e+02
9.836348876953125000e+02
9.794308471679687500e+02
9.752572631835937500e+02
9.710398559570312500e+02
9.667785644531250000e+02
9.625477294921875000e+02
9.582730102539062500e+02
9.540286254882812500e+02
9.497401733398437500e+02
9.454820556640625000e+02
9.412541503906250000e+02
9.369077758789062500e+02
9.326658325195312500e+02
9.283797607421875000e+02
9.241237182617187500e+02
9.198233032226562500e+02
9.156270141601562500e+02
9.113115844726562500e+02
9.070991210937500000e+02
9.028405151367187500e+02
8.986093139648437500e+02
8.944049072265625000e+02
8.903010253906250000e+02
8.861485595703125000e+02
8.819465942382812500e+02
8.778432617187500000e+02
8.736894531250000000e+02
8.696329956054687500e+02
8.655247192382812500e+02
8.615125732421875000e+02
8.575216674804687500e+02
8.535513305664062500e+02
8.494523925781250000e+02
8.455214843750000000e+02
8.415349731445312500e+02
8.376409301757812500e+02
8.337644042968750000e+02
8.299047851562500000e+02
8.260615234375000000e+02
8.222339477539062500e+02
8.184957275390625000e+02
8.147720336914062500e+02
8.111365356445312500e+02
8.074400024414062500e+02
8.038304443359375000e+02
8.000843505859375000e+02
7.964984130859375000e+02
7.929234008789062500e+02
7.895072631835937500e+02
7.860266113281250000e+02
7.828523559570312500e+02
7.795381469726562500e+02
7.762318115234375000e+02
7.730072631835937500e+02
7.697896728515625000e+02
7.665783081054687500e+02
7.635213623046875000e+02
7.603952636718750000e+02
7.573481445312500000e+02
7.543793945312500000e+02
7.514885864257812500e+02
7.486007690429687500e+02
7.457155151367187500e+02
7.429064331054687500e+02
7.401731567382812500e+02
7.375150756835937500e+02
7.348573608398437500e+02
7.323480834960937500e+02
7.297636108398437500e+02
7.272518920898437500e+02
7.248124389648437500e+02
7.225187377929687500e+02
7.202216796875000000e+02
7.179206542968750000e+02
7.156892700195312500e+02
7.135270385742187500e+02
7.114332275390625000e+02
7.094073486328125000e+02
7.074487915039062500e+02
7.054826049804687500e+02
7.036569824218750000e+02
7.018225097656250000e+02
7.000531005859375000e+02
6.983555297851562500e+02
6.967293701171875000e+02
6.951367187500000000e+02
6.936142578125000000e+02
6.921317749023437500e+02
6.906887207031250000e+02
6.893142089843750000e+02
6.879929199218750000e+02
6.867168579101562500e+02
6.855004272460937500e+02
6.843356323242187500e+02
6.832293090820312500e+02
6.821810913085937500e+02
6.811829833984375000e+02
6.802418823242187500e+02
6.793499145507812500e+02
6.785139770507812500e+02
6.777187500000000000e+02
6.769786376953125000e+02
6.762930908203125000e+02
6.756616821289062500e+02
6.750764770507812500e+02
6.745370483398437500e+02
6.740502929687500000e+02
6.736083984375000000e+02
6.732108154296875000e+02
6.728720703125000000e+02
6.725693359375000000e+02
6.723095703125000000e+02
6.720998535156250000e+02
6.719323120117187500e+02
6.717989501953125000e+02
6.717217407226562500e+02
6.716854858398437500e+02
6.716825561523437500e+02
6.717203979492187500e+02
6.717990112304687500e+02
6.719182739257812500e+02
6.720632934570312500e+02
6.722638549804687500e+02
6.724975585937500000e+02
6.727570190429687500e+02
6.730644531250000000e+02
6.733976440429687500e+02
6.737936401367187500e+02
6.742005004882812500e+02
6.746478881835937500e+02
6.751209716796875000e+02
6.756346435546875000e+02
6.761815795898437500e+02
6.767467041015625000e+02
6.773450927734375000e+02
6.779692382812500000e+02
6.786192016601562500e+02
6.793024902343750000e+02
6.800116577148437500e+02
6.807467651367187500e+02
6.815003662109375000e+02
6.822875366210937500e+02
6.830783691406250000e+02
6.839102172851562500e+02
6.847533569335937500e+02
6.856153564453125000e+02
6.865036621093750000e+02
6.873959960937500000e+02
6.883148193359375000e+02
6.892452392578125000e+02
6.901874389648437500e+02
6.911487426757812500e+02
6.921220092773437500e+02
6.930996704101562500e+02
6.940968017578125000e+02
6.950986328125000000e+02
6.961051635742187500e+02
6.971165161132812500e+02
6.981401977539062500e+02
6.991689453125000000e+02
7.001877441406250000e+02
7.012192382812500000e+02
7.022558593750000000e+02
7.032830200195312500e+02
7.043229370117187500e+02
7.053460083007812500e+02
7.063747558593750000e+02
7.073872680664062500e+02
7.084064331054687500e+02
7.094104614257812500e+02
7.104222412109375000e+02
7.114273681640625000e+02
7.124189453125000000e+02
7.133901367187500000e+02
7.143563842773437500e+02
7.152957763671875000e+02
7.162460937500000000e+02
7.171632080078125000e+02
7.180775146484375000e+02
7.189522094726562500e+02
7.198993530273437500e+02
7.207560424804687500e+02
7.215969848632812500e+02
7.224970703125000000e+02
7.233081665039062500e+02
7.241051635742187500e+02
7.248884277343750000e+02
7.256585693359375000e+02
7.264161376953125000e+02
7.271614379882812500e+02
7.278952026367187500e+02
7.286177978515625000e+02
7.293297729492187500e+02
7.300315551757812500e+02
7.306493530273437500e+02
7.312579345703125000e+02
7.318578491210937500e+02
7.323010253906250000e+02
7.328849487304687500e+02
7.333131713867187500e+02
7.337344970703125000e+02
7.341495971679687500e+02
7.344845581054687500e+02
7.349627685546875000e+02
7.352875366210937500e+02
7.355335693359375000e+02
7.358499755859375000e+02
7.360886230468750000e+02
7.363242797851562500e+02
7.364830932617187500e+02
7.366397705078125000e+02
7.367948608398437500e+02
7.368744506835937500e+02
7.368790283203125000e+02
7.368833007812500000e+02
7.368877563476562500e+02
7.368185424804687500e+02
7.367505493164062500e+02
7.366099853515625000e+02
7.363973999023437500e+02
7.362619018554687500e+02
7.359812622070312500e+02
7.356302490234375000e+02
7.354323730468750000e+02
7.350165405273437500e+02
7.346806640625000000e+02
7.342765502929687500e+02
7.338046875000000000e+02
7.331914062500000000e+02
7.326600952148437500e+02
7.320626220703125000e+02
7.314738769531250000e+02
7.307456665039062500e+02
7.300271606445312500e+02
7.292445068359375000e+02
7.284725341796875000e+02
7.276373291015625000e+02
7.268138427734375000e+02
7.258537597656250000e+02
7.249805908203125000e+02
7.239718017578125000e+02
7.229021606445312500e+02
7.219207763671875000e+02
7.208051147460937500e+02
7.196299438476562500e+02
7.184699707031250000e+02
7.172513427734375000e+02
7.159745483398437500e+02
7.147884521484375000e+02
7.134707031250000000e+02
7.120959472656250000e+02
7.107388305664062500e+02
7.092512207031250000e+02
7.077821044921875000e+02
7.062574462890625000e+02
7.047521362304687500e+02
7.031921386718750000e+02
7.015776977539062500e+02
6.999093627929687500e+02
6.982617797851562500e+02
6.964865722656250000e+02
6.948071289062500000e+02
6.929264526367187500e+02
6.911422729492187500e+02
6.893062744140625000e+02
6.874186401367187500e+02
6.855541992187500000e+02
6.835642700195312500e+02
6.815975341796875000e+02
6.796539916992187500e+02
6.776594238281250000e+02
6.756137084960937500e+02
6.734427490234375000e+02
6.713693847656250000e+02
6.692449951171875000e+02
6.670696411132812500e+02
6.649176635742187500e+02
6.627146606445312500e+02
6.603864746093750000e+02
6.581558837890625000e+02
6.558001708984375000e+02
6.535420532226562500e+02
6.511587524414062500e+02
6.487988281250000000e+02
6.464623413085937500e+02
6.439262695312500000e+02
6.415623168945312500e+02
6.391474609375000000e+02
6.366816406250000000e+02
6.340906372070312500e+02
6.315973510742187500e+02
6.290531616210937500e+02
6.265323486328125000e+02
6.239606323242187500e+02
6.214122924804687500e+02
6.188129882812500000e+02
6.161702270507812500e+02
6.135582275390625000e+02
6.109100341796875000e+02
6.082778320312500000e+02
6.056094360351562500e+02
6.029271240234375000e+02
6.002309570312500000e+02
5.975430908203125000e+02
5.948189697265625000e+02
5.920957031250000000e+02
5.893658447265625000e+02
5.866367797851562500e+02
5.838936767578125000e+02
5.811437988281250000e+02
5.783945922851562500e+02
5.756385498046875000e+02
5.728757324218750000e+02
5.701207885742187500e+02
5.673588867187500000e+02
5.645974121093750000e+02
5.618361816406250000e+02
5.590749511718750000e+02
5.563206176757812500e+02
5.535652465820312500e+02
5.508084716796875000e+02
5.480573120117187500e+02
5.453112792968750000e+02
5.425699462890625000e+02
5.398253173828125000e+02
5.370993652343750000e+02
5.343619384765625000e+02
5.316347656250000000e+02
5.289100341796875000e+02
5.262021484375000000e+02
5.235180664062500000e+02
5.208203125000000000e+02
5.181379394531250000e+02
5.154633178710937500e+02
5.127957763671875000e+02
5.101499023437500000e+02
5.075028991699218750e+02
5.048618164062500000e+02
5.022409973144531250e+02
4.996252136230468750e+02
4.970214538574218750e+02
4.944367370605468750e+02
4.918631896972656250e+02
4.893003845214843750e+02
4.867554016113281250e+02
4.842278137207031250e+02
4.817097473144531250e+02
4.792157287597656250e+02
4.767304687500000000e+02
4.742684020996093750e+02
4.718217468261718750e+02
4.693901672363281250e+02
4.669880676269531250e+02
4.646077575683593750e+02
4.622115783691406250e+02
4.598587341308593750e+02
4.575264587402343750e+02
4.552145080566406250e+02
4.529150390625000000e+02
4.506425781250000000e+02
4.483967590332031250e+02
4.461624755859375000e+02
4.439541625976562500e+02
4.417789001464843750e+02
4.396215820312500000e+02
4.374966735839843750e+02
4.353815917968750000e+02
4.333056030273437500e+02
4.312460327148437500e+02
4.292172851562500000e+02
4.272041320800781250e+02
4.252283935546875000e+02
4.232747802734375000e+02
4.213503417968750000e+02
4.194620666503906250e+02
4.175947265625000000e+02
4.157330017089843750e+02
4.138987731933593750e+02
4.120990905761718750e+02
4.103335266113281250e+02
4.086016845703125000e+02
4.068882751464843750e+02
4.051928710937500000e+02
4.035299987792968750e+02
4.019065856933593750e+02
4.003074645996093750e+02
3.987395629882812500e+02
3.971876831054687500e+02
3.956662597656250000e+02
3.941897583007812500e+02
3.927280273437500000e+02
3.912955627441406250e+02
3.898919372558593750e+02
3.885167541503906250e+02
3.871770935058593750e+02
3.858502197265625000e+02
3.845506591796875000e+02
3.832928161621093750e+02
3.820466308593750000e+02
3.808414306640625000e+02
3.796470947265625000e+02
3.784930114746093750e+02
3.773639221191406250e+02
3.762668762207031250e+02
3.751867065429687500e+02
3.741304321289062500e+02
3.731126098632812500e+02
3.721105346679687500e+02
3.711387634277343750e+02
3.701821289062500000e+02
3.692625427246093750e+02
3.683723144531250000e+02
3.674961547851562500e+02
3.666487426757812500e+02
3.658222656250000000e+02
3.650238037109375000e+02
3.642457885742187500e+02
3.634806213378906250e+02
3.627579650878906250e+02
3.620480041503906250e+02
3.613656005859375000e+02
3.607031860351562500e+02
3.600607910156250000e+02
3.594383544921875000e+02
3.588507080078125000e+02
3.582829284667968750e+02
3.577276306152343750e+02
3.572070007324218750e+02
3.566914062500000000e+02
3.562104492187500000e+02
3.557493591308593750e+02
3.553006591796875000e+02
3.548791809082031250e+02
3.544775390625000000e+02
3.540808715820312500e+02
3.537263488769531250e+02
3.533842468261718750e+02
3.530619812011718750e+02
3.527521972656250000e+02
3.524696960449218750e+02
3.522071228027343750e+02
3.519570007324218750e+02
3.517193908691406250e+02
3.515017395019531250e+02
3.513039855957031250e+02
3.511261901855468750e+02
3.509460754394531250e+02
3.508007812500000000e+02
3.506679992675781250e+02
3.505626220703125000e+02
3.504548950195312500e+02
3.503671569824218750e+02
3.502919006347656250e+02
3.502217407226562500e+02
3.501789245605468750e+02
3.501411132812500000e+02
3.501083374023437500e+02
3.500954284667968750e+02
3.500874938964843750e+02
3.500844726562500000e+02
3.500938110351562500e+02
3.501079711914062500e+02
3.501418762207031250e+02
3.501805725097656250e+02
3.502240295410156250e+02
3.502722167968750000e+02
3.503251037597656250e+02
3.503903808593750000e+02
3.504533996582031250e+02
3.505218200683593750e+02
3.506033935546875000e+02
3.506835021972656250e+02
3.507549133300781250e+02
3.508476562500000000e+02
3.509396667480468750e+02
3.510238037109375000e+02
3.511225891113281250e+02
3.512140502929687500e+02
3.513132629394531250e+02
3.514056396484375000e+02
3.515063476562500000e+02
3.516081848144531250e+02
3.517040710449218750e+02
3.518090820312500000e+02
3.519086608886718750e+02
3.520031433105468750e+02
3.521076354980468750e+02
3.522076416015625000e+02
3.522959594726562500e+02
3.523952331542968750e+02
3.524760437011718750e+02
3.525684204101562500e+02
3.526578369140625000e+02
3.527297363281250000e+02
3.528067626953125000e+02
3.528817443847656250e+02
3.529550781250000000e+02
3.530122375488281250e+02
3.530757751464843750e+02
3.531312255859375000e+02
3.531863403320312500e+02
3.532339782714843750e+02
3.532670898437500000e+02
3.533082885742187500e+02
3.533281250000000000e+02
3.533418884277343750e+02
3.533572387695312500e+02
3.533671264648437500e+02
3.533643798828125000e+02
3.533493652343750000e+02
3.533372192382812500e+02
3.533133850097656250e+02
3.532707214355468750e+02
3.532318420410156250e+02
3.531820983886718750e+02
3.531218566894531250e+02
3.530439147949218750e+02
3.529708862304687500e+02
3.528809204101562500e+02
3.527817077636718750e+02
3.526736755371093750e+02
3.525495910644531250e+02
3.524247741699218750e+02
3.522846069335937500e+02
3.521368408203125000e+02
3.519743347167968750e+02
3.517973937988281250e+02
3.516211547851562500e+02
3.514235839843750000e+02
3.512124023437500000e+02
3.509878540039062500e+02
3.507650756835937500e+02
3.505220031738281250e+02
3.502588500976562500e+02
3.499907836914062500e+02
3.497179870605468750e+02
3.494258422851562500e+02
3.491294555664062500e+02
3.488141479492187500e+02
3.484801330566406250e+02
3.481351013183593750e+02
3.477792663574218750e+02
3.474128112792968750e+02
3.470285339355468750e+02
3.466414794921875000e+02
3.462222290039062500e+02
3.458006286621093750e+02
3.453620910644531250e+02
3.449142456054687500e+02
3.444499206542968750e+02
3.439692993164062500e+02
3.434800109863281250e+02
3.429749755859375000e+02
3.424543762207031250e+02
3.419332885742187500e+02
3.413822937011718750e+02
3.408387451171875000e+02
3.402657775878906250e+02
3.396859130859375000e+02
3.390920410156250000e+02
3.384844055175781250e+02
3.378632812500000000e+02
3.372363586425781250e+02
3.365890808105468750e+02
3.359291687011718750e+02
3.352569274902343750e+02
3.345725708007812500e+02
3.338837280273437500e+02
3.331831054687500000e+02
3.324708862304687500e+02
3.317471618652343750e+02
3.310195617675781250e+02
3.302733459472656250e+02
3.295086364746093750e+02
3.287479248046875000e+02
3.279689636230468750e+02
3.271794128417968750e+02
3.263793640136718750e+02
3.255763854980468750e+02
3.247705688476562500e+02
3.239397277832031250e+02
3.231063232421875000e+02
3.222629089355468750e+02
3.214096984863281250e+02
3.205541076660156250e+02
3.196814270019531250e+02
3.188065185546875000e+02
3.179294433593750000e+02
3.170279846191406250e+02
3.161318969726562500e+02
3.152263183593750000e+02
3.143186950683593750e+02
3.133867492675781250e+02
3.124601745605468750e+02
3.115241394042968750e+02
3.105860290527343750e+02
3.096458129882812500e+02
3.086811218261718750e+02
3.077217102050781250e+02
3.067674560546875000e+02
3.057959899902343750e+02
3.048221740722656250e+02
3.038458557128906250e+02
3.028670349121093750e+02
3.018781433105468750e+02
3.008790588378906250e+02
2.998846740722656250e+02
2.988873596191406250e+02
2.978721923828125000e+02
2.968688049316406250e+02
2.958622741699218750e+02
2.948227539062500000e+02
2.938170471191406250e+02
2.927930297851562500e+02
2.917655639648437500e+02
2.907419433593750000e+02
2.897221069335937500e+02
2.887057800292968750e+02
2.876778564453125000e+02
2.866380615234375000e+02
2.856010437011718750e+02
2.845739746093750000e+02
2.835343322753906250e+02
2.824967651367187500e+02
2.814610290527343750e+02
2.804269714355468750e+02
2.793794860839843750e+02
2.783407287597656250e+02
2.773031311035156250e+02
2.762590026855468750e+02
2.752231445312500000e+02
2.741879272460937500e+02
2.731458129882812500e+02
2.721041259765625000e+02
2.710478515625000000e+02
2.700140380859375000e+02
2.689877624511718750e+02
2.679540100097656250e+02
2.669498596191406250e+02
2.659232177734375000e+02
2.649037170410156250e+02
2.638838806152343750e+02
2.628784179687500000e+02
2.618649902343750000e+02
2.608583984375000000e+02
2.598584899902343750e+02
2.588652038574218750e+02
2.578710937500000000e+02
2.568908081054687500e+02
2.559169158935546875e+02
2.549418182373046875e+02
2.539728698730468750e+02
2.530173339843750000e+02
2.520676574707031250e+02
2.511163482666015625e+02
2.501854400634765625e+02
2.492599792480468750e+02
2.483397674560546875e+02
2.474246673583984375e+02
2.465218963623046875e+02
2.456461181640625000e+02
2.447525177001953125e+02
2.438780670166015625e+02
2.430076599121093750e+02
2.421484985351562500e+02
2.413003082275390625e+02
2.404405670166015625e+02
2.396209106445312500e+02
2.387890319824218750e+02
2.379742736816406250e+02
2.371688537597656250e+02
2.363798217773437500e+02
2.355919494628906250e+02
2.348123474121093750e+02
2.340480346679687500e+02
2.332837677001953125e+02
2.325415039062500000e+02
2.318059692382812500e+02
2.310619964599609375e+02
2.303463134765625000e+02
2.296289062500000000e+02
2.289316711425781250e+02
2.282245483398437500e+02
2.275369415283203125e+02
2.268611297607421875e+02
2.261893310546875000e+02
2.255212402343750000e+02
2.248714752197265625e+02
2.242248382568359375e+02
2.235885620117187500e+02
2.229623718261718750e+02
2.223386383056640625e+02
2.217245483398437500e+02
2.211124877929687500e+02
2.205171203613281250e+02
2.199308776855468750e+02
2.193535919189453125e+02
2.187776794433593750e+02
2.182179107666015625e+02
2.176667480468750000e+02
2.171240844726562500e+02
2.165824432373046875e+02
2.160491485595703125e+02
2.155390472412109375e+02
2.150223541259765625e+02
2.145213317871093750e+02
2.140359497070312500e+02
2.135513610839843750e+02
2.130749511718750000e+02
2.126141815185546875e+02
2.121541595458984375e+02
2.117097473144531250e+02
2.112809906005859375e+02
2.108529815673828125e+02
2.104406127929687500e+02
2.100290069580078125e+02
0.000000000000000000e+00
0.000000000000000000e+00
0.000000000000000000e+00
0.000000000000000000e+00
0.000000000000000000e+00
0.000000000000000000e+00
0.000000000000000000e+00
0.000000000000000000e+00
0.000000000000000000e+00
0.000000000000000000e+00
0.000000000000000000e+00
0.000000000000000000e+00
0.000000000000000000e+00
0.000000000000000000e+00
0.000000000000000000e+00
0.000000000000000000e+00
0.000000000000000000e+00
0.000000000000000000e+00
0.000000000000000000e+00
0.000000000000000000e+00
0.000000000000000000e+00
0.000000000000000000e+00
0.000000000000000000e+00
0.000000000000000000e+00
0.000000000000000000e+00
0.000000000000000000e+00
0.000000000000000000e+00
0.000000000000000000e+00
0.000000000000000000e+00
0.000000000000000000e+00
0.000000000000000000e+00
0.000000000000000000e+00
0.000000000000000000e+00
0.000000000000000000e+00
0.000000000000000000e+00
0.000000000000000000e+00
0.000000000000000000e+00
0.000000000000000000e+00
0.000000000000000000e+00
0.000000000000000000e+00
0.000000000000000000e+00
0.000000000000000000e+00
0.000000000000000000e+00
0.000000000000000000e+00
0.000000000000000000e+00
0.000000000000000000e+00
0.000000000000000000e+00
0.000000000000000000e+00
0.000000000000000000e+00
0.000000000000000000e+00
0.000000000000000000e+00
0.000000000000000000e+00
0.000000000000000000e+00
0.000000000000000000e+00
0.000000000000000000e+00
0.000000000000000000e+00
0.000000000000000000e+00
0.000000000000000000e+00
0.000000000000000000e+00
0.000000000000000000e+00
0.000000000000000000e+00
0.000000000000000000e+00
0.000000000000000000e+00
0.000000000000000000e+00
0.000000000000000000e+00
0.000000000000000000e+00
0.000000000000000000e+00
0.000000000000000000e+00
0.000000000000000000e+00
0.000000000000000000e+00
0.000000000000000000e+00
0.000000000000000000e+00
0.000000000000000000e+00
0.000000000000000000e+00
0.000000000000000000e+00
0.000000000000000000e+00
0.000000000000000000e+00
0.000000000000000000e+00
0.000000000000000000e+00
0.000000000000000000e+00
0.000000000000000000e+00
0.000000000000000000e+00
0.000000000000000000e+00
0.000000000000000000e+00
0.000000000000000000e+00
0.000000000000000000e+00
0.000000000000000000e+00
0.000000000000000000e+00
0.000000000000000000e+00
0.000000000000000000e+00
0.000000000000000000e+00
0.000000000000000000e+00
0.000000000000000000e+00
0.000000000000000000e+00
0.000000000000000000e+00
0.000000000000000000e+00
0.000000000000000000e+00
0.000000000000000000e+00
0.000000000000000000e+00
0.000000000000000000e+00
