# bb
9.840057373367017135e-07
1.968437345567508601e-06
3.281656972831115127e-06
4.924227141600567847e-06
6.896827017044415697e-06
9.200263775710482150e-06
1.183545555250020698e-05
1.480343598814215511e-05
1.810533467505592853e-05
2.174237488361541182e-05
2.571585355326533318e-05
3.002714583999477327e-05
3.467767601250670850e-05
3.966892109019681811e-05
4.500238355831243098e-05
5.067959136795252562e-05
5.670206883223727345e-05
6.307135481620207429e-05
6.978895544307306409e-05
7.685633318033069372e-05
8.427492866758257151e-05
9.204611706081777811e-05
1.001712007564492524e-04
1.086513948393985629e-04
1.174878707388415933e-04
1.266816252609714866e-04
1.362335897283628583e-04
1.461445790482684970e-04
1.564152917126193643e-04
1.670462515903636813e-04
1.780379097908735275e-04
1.893905282486230135e-04
2.011042379308491945e-04
2.131790679413825274e-04
2.256148000014945865e-04
2.384111867286264896e-04
2.515677770134061575e-04
2.650840324349701405e-04
2.789591962937265635e-04
2.931924245785921812e-04
3.077827859669923782e-04
3.227291745133697987e-04
3.380303969606757164e-04
3.536852018442004919e-04
3.696921921800822020e-04
3.860499418806284666e-04
4.027568502351641655e-04
4.198114329483360052e-04
4.372119728941470385e-04
4.549568693619221449e-04
4.730444343294948339e-04
4.914729506708681583e-04
5.102407885715365410e-04
5.293463473208248615e-04
5.487878224812448025e-04
5.685637588612735271e-04
5.886725848540663719e-04
6.091128452681005001e-04
6.298830849118530750e-04
6.509820814244449139e-04
6.724086124449968338e-04
6.941615720279514790e-04
7.162399124354124069e-04
7.386428187601268291e-04
7.613695343025028706e-04
7.844195351935923100e-04
8.077922975644469261e-04
8.314874721691012383e-04
8.555048843845725060e-04
8.798444760031998158e-04
9.045064798556268215e-04
9.294910705648362637e-04
9.547985973767936230e-04
9.804297005757689476e-04
1.006385195069015026e-03
1.032665837556123734e-03
1.059272559359669685e-03
1.086206524632871151e-03
1.113469013944268227e-03
1.141061424277722836e-03
1.168985152617096901e-03
1.197241945192217827e-03
1.225833431817591190e-03
1.254761475138366222e-03
1.284028170630335808e-03
1.313635264523327351e-03
1.343584968708455563e-03
1.373879495076835155e-03
1.404521288350224495e-03
1.435512444004416466e-03
1.466855406761169434e-03
1.498552621342241764e-03
1.530606765300035477e-03
1.563020399771630764e-03
1.595795969478785992e-03
1.628936384804546833e-03
1.662444439716637135e-03
1.696322811767458916e-03
1.730574294924736023e-03
1.765201799571514130e-03
1.800208468921482563e-03
1.835597096942365170e-03
1.871370826847851276e-03
1.907532918266952038e-03
1.944086281582713127e-03
1.981034642085433006e-03
2.018380910158157349e-03
2.056128811091184616e-03
2.094281837344169617e-03
2.132843248546123505e-03
2.171817002817988396e-03
2.211207058280706406e-03
2.251017140224575996e-03
2.291251206770539284e-03
2.331913681700825691e-03
2.373008523136377335e-03
2.414539922028779984e-03
2.456513000652194023e-03
2.498932182788848877e-03
2.541802125051617622e-03
2.585127716884016991e-03
2.628914080560207367e-03
2.673166571184992790e-03
2.717890311032533646e-03
2.763090888038277626e-03
2.808773890137672424e-03
2.854945138096809387e-03
2.901610452681779861e-03
2.948775654658675194e-03
2.996447030454874039e-03
3.044630400836467743e-03
3.093332750722765923e-03
3.142559668049216270e-03
3.192318137735128403e-03
3.242614213377237320e-03
3.293454879894852638e-03
3.344846423715353012e-03
3.396795131266117096e-03
3.449307987466454506e-03
3.502391278743743896e-03
3.556051757186651230e-03
3.610295476391911507e-03
3.665129421278834343e-03
3.720558946952223778e-03
3.776591271162033081e-03
3.833231283351778984e-03
3.890485502779483795e-03
3.948359750211238861e-03
4.006858915090560913e-03
4.065988585352897644e-03
4.125753883272409439e-03
4.186159465461969376e-03
4.247209988534450531e-03
4.308909643441438675e-03
4.371262621134519577e-03
4.434272181242704391e-03
4.497941583395004272e-03
4.562274552881717682e-03
4.627273418009281158e-03
4.692940041422843933e-03
4.759277217090129852e-03
4.826285876333713531e-03
4.893967881798744202e-03
4.962323233485221863e-03
5.031353794038295746e-03
5.101058166474103928e-03
5.171436816453933716e-03
5.242489278316497803e-03
5.314214155077934265e-03
5.386610515415668488e-03
5.459676962345838547e-03
5.533410701900720596e-03
5.607809405773878098e-03
5.682870745658874512e-03
5.758591461926698685e-03
5.834968760609626770e-03
5.911997985094785690e-03
5.989676341414451599e-03
6.067998707294464111e-03
6.146960891783237457e-03
6.226558238267898560e-03
6.306786090135574341e-03
6.387638393789529800e-03
6.469110492616891861e-03
6.551196798682212830e-03
6.633891258388757706e-03
6.717188283801078796e-03
6.801081355661153793e-03
6.885563954710960388e-03
6.970630027353763580e-03
7.056273054331541061e-03
7.142485585063695908e-03
7.229261565953493118e-03
7.316594477742910385e-03
7.404475938528776169e-03
7.492899894714355469e-03
7.581857498735189438e-03
7.671343162655830383e-03
7.761347573250532150e-03
7.851864211261272430e-03
7.942884229123592377e-03
8.034400641918182373e-03
8.126405067741870880e-03
8.218889124691486359e-03
8.311844430863857269e-03
8.405262604355812073e-03
8.499133400619029999e-03
8.593451231718063354e-03
8.688203990459442139e-03
8.783383294939994812e-03
8.878979831933975220e-03
8.974983356893062592e-03
9.071385487914085388e-03
9.168174117803573608e-03
9.265339933335781097e-03
9.362871758639812469e-03
9.460759349167346954e-03
9.558990597724914551e-03
9.657554328441619873e-03
9.756438434123992920e-03
9.855631738901138306e-03
9.955120272934436798e-03
1.005489379167556763e-02
1.015493739396333694e-02
1.025523804128170013e-02
1.035578269511461258e-02
1.045655738562345505e-02
1.055754721164703369e-02
1.065873913466930389e-02
1.076011732220649719e-02
1.086166780441999435e-02
1.096337381750345230e-02
1.106522139161825180e-02
1.116719376295804977e-02
1.126927696168422699e-02
1.137145236134529114e-02
1.147370599210262299e-02
1.157601922750473022e-02
1.167837809771299362e-02
1.178076304495334625e-02
1.188316009938716888e-02
1.198555156588554382e-02
1.208792161196470261e-02
1.219025161117315292e-02
1.229252479970455170e-02
1.239472720772027969e-02
1.249683927744626999e-02
1.259884610772132874e-02
1.270073093473911285e-02
1.280247792601585388e-02
1.290407031774520874e-02
1.300549320876598358e-02
1.310673076659440994e-02
1.320776622742414474e-02
1.330858655273914337e-02
1.340917684137821198e-02
1.350952032953500748e-02
1.360960584133863449e-02
1.370941754430532455e-02
1.380894239991903305e-02
1.390816923230886459e-02
1.400708407163619995e-02
1.410567294806241989e-02
1.420392654836177826e-02
1.430183276534080505e-02
1.439937949180603027e-02
1.449655741453170776e-02
1.459335349500179291e-02
1.468976307660341263e-02
1.478577312082052231e-02
1.488137431442737579e-02
1.497655920684337616e-02
1.507132127881050110e-02
1.516564842313528061e-02
1.525953784584999084e-02
1.535297743976116180e-02
1.544596441090106964e-02
1.553849037736654282e-02
1.563055068254470825e-02
1.572213694453239441e-02
1.581324636936187744e-02
1.590387150645256042e-02
1.599400863051414490e-02
1.608365215361118317e-02
1.617279835045337677e-02
1.626144163310527802e-02
1.634957827627658844e-02
1.643720641732215881e-02
1.652431860566139221e-02
1.661091297864913940e-02
1.669698767364025116e-02
1.678253896534442902e-02
1.686756126582622528e-02
1.695205457508563995e-02
1.703601330518722534e-02
1.711943559348583221e-02
1.720232143998146057e-02
1.728466711938381195e-02
1.736646890640258789e-02
1.744772680103778839e-02
1.752843894064426422e-02
1.760860159993171692e-02
1.768821477890014648e-02
1.776727847754955292e-02
1.784579083323478699e-02
1.792375184595584869e-02
1.800115779042243958e-02
1.807801239192485809e-02
1.815431378781795502e-02
1.823006384074687958e-02
1.830526068806648254e-02
1.837990619242191315e-02
1.845400407910346985e-02
1.852755621075630188e-02
1.860056072473526001e-02
1.867302507162094116e-02
1.874494925141334534e-02
1.881633885204792023e-02
1.888719759881496429e-02
1.895752735435962677e-02
1.902733743190765381e-02
1.909662783145904541e-02
1.916541159152984619e-02
1.923369057476520538e-02
1.930147223174571991e-02
1.936876587569713593e-02
1.943557709455490112e-02
1.950192078948020935e-02
1.956779882311820984e-02
1.963322609663009644e-02
1.969821192324161530e-02
1.976276561617851257e-02
1.982690021395683289e-02
1.989062502980232239e-02
1.995395869016647339e-02
2.001690864562988281e-02
2.007948979735374451e-02
2.014171704649925232e-02
2.020360343158245087e-02
2.026516385376453400e-02
2.032641507685184479e-02
2.038737013936042786e-02
2.044804580509662628e-02
2.050845697522163391e-02
2.056862041354179382e-02
2.062855474650859833e-02
2.068827487528324127e-02
2.074779570102691650e-02
2.080713585019111633e-02
2.086631394922733307e-02
2.092534489929676056e-02
2.098424546420574188e-02
2.104303613305091858e-02
2.110172808170318604e-02
2.116034366190433502e-02
2.121889963746070862e-02
2.127740904688835144e-02
2.133589051663875580e-02
2.139436267316341400e-02
2.145283855497837067e-02
2.151133678853511810e-02
2.156987227499485016e-02
2.162846177816390991e-02
2.168712019920349121e-02
2.174586057662963867e-02
2.180470153689384460e-02
2.186365611851215363e-02
2.192274108529090881e-02
2.198196575045585632e-02
2.204134874045848846e-02
2.210090309381484985e-02
2.216064184904098511e-02
2.222057618200778961e-02
2.228072285652160645e-02
2.234109118580818176e-02
2.240169793367385864e-02
2.246255241334438324e-02
2.252366580069065094e-02
2.258505299687385559e-02
2.264672517776489258e-02
2.270869538187980652e-02
2.277097105979919434e-02
2.283356711268424988e-02
2.289649471640586853e-02
2.295976504683494568e-02
2.302338927984237671e-02
2.308737859129905701e-02
2.315174229443073273e-02
2.321649529039859772e-02
2.328164689242839813e-02
2.334720641374588013e-02
2.341318689286708832e-02
2.347959950566291809e-02
2.354645542800426483e-02
2.361376583576202393e-02
2.368154190480709076e-02
2.374979294836521149e-02
2.381853200495243073e-02
2.388776838779449463e-02
2.395751699805259705e-02
2.402778528630733490e-02
2.409858442842960358e-02
2.416992746293544769e-02
2.424182370305061340e-02
2.431428432464599609e-02
2.438732050359249115e-02
2.446093969047069550e-02
2.453515678644180298e-02
2.460998110473155975e-02
2.468541823327541351e-02
2.476148307323455811e-02
2.483818121254444122e-02
2.491552382707595825e-02
2.499352023005485535e-02
2.507217600941658020e-02
2.515150047838687897e-02
2.523150295019149780e-02
2.531218715012073517e-02
2.539356052875518799e-02
2.547563239932060242e-02
2.555840276181697845e-02
2.564188092947006226e-02
2.572606876492500305e-02
2.581097371876239777e-02
2.589659392833709717e-02
2.598293498158454895e-02
2.606999501585960388e-02
2.615777961909770966e-02
2.624628692865371704e-02
2.633551694452762604e-02
2.642546780407428741e-02
2.651614136993885040e-02
2.660752832889556885e-02
2.669963240623474121e-02
2.679244615137577057e-02
2.688596397638320923e-02
2.698018215596675873e-02
2.707509882748126984e-02
2.717070095241069794e-02
2.726698294281959534e-02
2.736394107341766357e-02
2.746156044304370880e-02
2.755983918905258179e-02
2.765876054763793945e-02
2.775832265615463257e-02
2.785850688815116882e-02
2.795930765569210052e-02
2.806071192026138306e-02
2.816270850598812103e-02
2.826528251171112061e-02
2.836842462420463562e-02
2.847212180495262146e-02
2.857635915279388428e-02
2.868112735450267792e-02
2.878640592098236084e-02
2.889218926429748535e-02
2.899845875799655914e-02
2.910520136356353760e-02
2.921240404248237610e-02
2.932005189359188080e-02
2.942812815308570862e-02
2.953662164509296417e-02
2.964552119374275208e-02
2.975480817258358002e-02
2.986446768045425415e-02
2.997449040412902832e-02
3.008485585451126099e-02
3.019555658102035522e-02
3.030657395720481873e-02
3.041789308190345764e-02
3.052950464189052582e-02
3.064139001071453094e-02
3.075354173779487610e-02
3.086593560874462128e-02
3.097856603562831879e-02
3.109141811728477478e-02
3.120447322726249695e-02
3.131772205233573914e-02
3.143114969134330750e-02
3.154474124312400818e-02
3.165848180651664734e-02
3.177235648036003113e-02
3.188635408878326416e-02
3.200045600533485413e-02
3.211465105414390564e-02
3.222892433404922485e-02
3.234325349330902100e-02
3.245763108134269714e-02
3.257203847169876099e-02
3.268646076321601868e-02
3.280088305473327637e-02
3.291528299450874329e-02
3.302964940667152405e-02
3.314396366477012634e-02
3.325820714235305786e-02
3.337236121296882629e-02
3.348641097545623779e-02
3.360034152865409851e-02
3.371412679553031921e-02
3.382775187492370605e-02
3.394119441509246826e-02
3.405443578958511353e-02
3.416745737195014954e-02
3.428024426102638245e-02
3.439277037978172302e-02
3.450500965118408203e-02
3.461695462465286255e-02
3.472857922315597534e-02
3.483985736966133118e-02
3.495077416300773621e-02
3.506130352616310120e-02
3.517143055796623230e-02
3.528112918138504028e-02
3.539038076996803284e-02
3.549916669726371765e-02
3.560746461153030396e-02
3.571525216102600098e-02
3.582250699400901794e-02
3.592921793460845947e-02
3.603535145521163940e-02
3.614090383052825928e-02
3.624584153294563293e-02
3.635016083717346191e-02
3.645382821559906006e-02
3.655683621764183044e-02
3.665916249155998230e-02
3.676079213619232178e-02
3.686171025037765503e-02
3.696190193295478821e-02
3.706134855747222900e-02
3.716003149747848511e-02
3.725794702768325806e-02
3.735507652163505554e-02
3.745141252875328064e-02
3.754693642258644104e-02
3.764163702726364136e-02
3.773551434278488159e-02
3.782854601740837097e-02
3.792072832584381104e-02
3.801205381751060486e-02
3.810251504182815552e-02
3.819209709763526917e-02
3.828080371022224426e-02
3.836862742900848389e-02
3.845555707812309265e-02
3.854159265756607056e-02
3.862673044204711914e-02
3.871095925569534302e-02
3.879428654909133911e-02
3.887670487165451050e-02
3.895820677280426025e-02
3.903879970312118530e-02
3.911847993731498718e-02
3.919723629951477051e-02
3.927508369088172913e-02
3.935201093554496765e-02
3.942801803350448608e-02
3.950310871005058289e-02
3.957728669047355652e-02
3.965054079890251160e-02
3.972288221120834351e-02
3.979431092739105225e-02
3.986482322216033936e-02
3.993442282080650330e-02
4.000310599803924561e-02
4.007088392972946167e-02
4.013774916529655457e-02
4.020370915532112122e-02
4.026876017451286316e-02
4.033290594816207886e-02
4.039615020155906677e-02
4.045849293470382690e-02
4.051993414759635925e-02
4.058048501610755920e-02
4.064013436436653137e-02
4.069889336824417114e-02
4.075676202774047852e-02
4.081374034285545349e-02
4.086983948945999146e-02
4.092505201697349548e-02
4.097938910126686096e-02
4.103285074234008789e-02
4.108544066548347473e-02
4.113716259598731995e-02
4.118802398443222046e-02
4.123803228139877319e-02
4.128718376159667969e-02
4.133549332618713379e-02
4.138296097517013550e-02
4.142959415912628174e-02
4.147540032863616943e-02
4.152039438486099243e-02
4.156457260251045227e-02
4.160795360803604126e-02
4.165054112672805786e-02
4.169235005974769592e-02
4.173338785767555237e-02
4.177366569638252258e-02
4.181319475173950195e-02
4.185198992490768433e-02
4.189006239175796509e-02
4.192742705345153809e-02
4.196409881114959717e-02
4.200009256601333618e-02
4.203542321920394897e-02
4.207010939717292786e-02
4.210416227579116821e-02
4.213760420680046082e-02
4.217045381665229797e-02
4.220272600650787354e-02
4.223444312810897827e-02
4.226562008261680603e-02
4.229627922177314758e-02
4.232644662261009216e-02
4.235613346099853516e-02
4.238536581397056580e-02
4.241416230797767639e-02
4.244254529476165771e-02
4.247053712606430054e-02
4.249815642833709717e-02
4.252543300390243530e-02
4.255237802863121033e-02
4.257902130484580994e-02
4.260538145899772644e-02
4.263148084282875061e-02
4.265733808279037476e-02
4.268298298120498657e-02
4.270843043923377991e-02
4.273370280861854553e-02
4.275882244110107422e-02
4.278380796313285828e-02
4.280868172645568848e-02
4.283346235752105713e-02
4.285816848278045654e-02
4.288282245397567749e-02
4.290744289755821228e-02
4.293204843997955322e-02
4.295665770769119263e-02
4.298128560185432434e-02
4.300595074892044067e-02
4.303067177534103394e-02
4.305546730756759644e-02
4.308034479618072510e-02
4.310532659292221069e-02
4.313042759895324707e-02
4.315566644072532654e-02
4.318104684352874756e-02
4.320659860968589783e-02
4.323231801390647888e-02
4.325823113322257996e-02
4.328434914350509644e-02
4.331067949533462524e-02
4.333724081516265869e-02
4.336404427886009216e-02
4.339110106229782104e-02
4.341842606663703918e-02
4.344602674245834351e-02
4.347391799092292786e-02
4.350210726261138916e-02
4.353061690926551819e-02
4.355944320559501648e-02
4.358861222863197327e-02
4.361813142895698547e-02
4.364800825715065002e-02
4.367825016379356384e-02
4.370888322591781616e-02
4.373990744352340698e-02
4.377133399248123169e-02
4.380318522453308105e-02
4.383546113967895508e-02
4.386818036437034607e-02
4.390135407447814941e-02
4.393498972058296204e-02
4.396910220384597778e-02
4.400370642542839050e-02
4.403880611062049866e-02
4.407441988587379456e-02
4.411055892705917358e-02
4.414723441004753113e-02
4.418445378541946411e-02
4.422223567962646484e-02
4.426058754324913025e-02
4.429952427744865417e-02
4.433904960751533508e-02
4.437917843461036682e-02
4.441992193460464478e-02
4.446128755807876587e-02
4.450329020619392395e-02
4.454593732953071594e-02
4.458923637866973877e-02
4.463319480419158936e-02
4.467782378196716309e-02
4.472313076257705688e-02
4.476912319660186768e-02
4.481580480933189392e-02
4.486318305134773254e-02
4.491126164793968201e-02
4.496004804968833923e-02
4.500954598188400269e-02
4.505975916981697083e-02
4.511068388819694519e-02
4.516232758760452271e-02
4.521469026803970337e-02
4.526777192950248718e-02
4.532157257199287415e-02
4.537608474493026733e-02
4.543131962418556213e-02
4.548726230859756470e-02
4.554390907287597656e-02
4.560125991702079773e-02
4.565931111574172974e-02
4.571805149316787720e-02
4.577748104929924011e-02
4.583758115768432617e-02
4.589835181832313538e-02
4.595978558063507080e-02
4.602186754345893860e-02
4.608459025621414185e-02
4.614794626832008362e-02
4.621191695332527161e-02
4.627649486064910889e-02
4.634166881442070007e-02
4.640742391347885132e-02
4.647374898195266724e-02
4.654062539339065552e-02
4.660804942250251770e-02
4.667599871754646301e-02
4.674446210265159607e-02
4.681342095136642456e-02
4.688286781311035156e-02
4.695278778672218323e-02
4.702315852046012878e-02
4.709396511316299438e-02
4.716520383954048157e-02
4.723684862256050110e-02
4.730888828635215759e-02
4.738130792975425720e-02
4.745409265160560608e-02
4.752722755074501038e-02
4.760069772601127625e-02
4.767449200153350830e-02
4.774858430027961731e-02
4.782297462224960327e-02
4.789764061570167542e-02
4.797256737947463989e-02
4.804774373769760132e-02
4.812315478920936584e-02
4.819878935813903809e-02
4.827462509274482727e-02
4.835065454244613647e-02
4.842686653137207031e-02
4.850324243307113647e-02
4.857977107167243958e-02
4.865643754601478577e-02
4.873322695493698120e-02
4.881012812256813049e-02
4.888712242245674133e-02
4.896420612931251526e-02
4.904135316610336304e-02
4.911856353282928467e-02
4.919581115245819092e-02
4.927308112382888794e-02
4.935036599636077881e-02
4.942764714360237122e-02
4.950490966439247131e-02
4.958214238286018372e-02
4.965932667255401611e-02
4.973644390702247620e-02
4.981347918510437012e-02
4.989042133092880249e-02
4.996724426746368408e-02
5.004393681883811951e-02
5.012048408389091492e-02
5.019686371088027954e-02
5.027305707335472107e-02
5.034904554486274719e-02
5.042481422424316406e-02
5.050034075975418091e-02
5.057560652494430542e-02
5.065059289336204529e-02
5.072527751326560974e-02
5.079964548349380493e-02
5.087366700172424316e-02
5.094733089208602905e-02
5.102060735225677490e-02
5.109348148107528687e-02
5.116593465209007263e-02
5.123793706297874451e-02
5.130947753787040710e-02
5.138052627444267273e-02
5.145106464624404907e-02
5.152107402682304382e-02
5.159053206443786621e-02
5.165941640734672546e-02
5.172770842909812927e-02
5.179538950324058533e-02
5.186243355274200439e-02
5.192882195115089417e-02
5.199454352259635925e-02
5.205956846475601196e-02
5.212388932704925537e-02
5.218747630715370178e-02
5.225031822919845581e-02
5.231240019202232361e-02
5.237369611859321594e-02
5.243419855833053589e-02
5.249389261007308960e-02
5.255275592207908630e-02
5.261078476905822754e-02
5.266795679926872253e-02
5.272426083683967590e-02
5.277968570590019226e-02
5.283422395586967468e-02
5.288785696029663086e-02
5.294058099389076233e-02
5.299238115549087524e-02
5.304325371980667114e-02
5.309318751096725464e-02
5.314217507839202881e-02
5.319021269679069519e-02
5.323729664087295532e-02
5.328340828418731689e-02
5.332855135202407837e-02
5.337272584438323975e-02
5.341591686010360718e-02
5.345812812447547913e-02
5.349935591220855713e-02
5.353959649801254272e-02
5.357884988188743591e-02
5.361711233854293823e-02
5.365437641739845276e-02
5.369064956903457642e-02
5.372592806816101074e-02
5.376021564006805420e-02
5.379350483417510986e-02
5.382579565048217773e-02
5.385709926486015320e-02
5.388740077614784241e-02
5.391670763492584229e-02
5.394502356648445129e-02
5.397234112024307251e-02
5.399867147207260132e-02
5.402400717139244080e-02
5.404835194349288940e-02
5.407170578837394714e-02
5.409406870603561401e-02
5.411544069647789001e-02
5.413582548499107361e-02
5.415522679686546326e-02
5.417363718152046204e-02
5.419106781482696533e-02
5.420751497149467468e-02
5.422297120094299316e-02
5.423745512962341309e-02
5.425095185637474060e-02
5.426346883177757263e-02
5.427501350641250610e-02
5.428558215498924255e-02
5.429517477750778198e-02
5.430379882454872131e-02
5.431145429611206055e-02
5.431813746690750122e-02
5.432385951280593872e-02
5.432861670851707458e-02
5.433242395520210266e-02
5.433527007699012756e-02
5.433716997504234314e-02
5.433812737464904785e-02
5.433814227581024170e-02
5.433722212910652161e-02
5.433537065982818604e-02
5.433260276913642883e-02
5.432891845703125000e-02
5.432432517409324646e-02
5.431883409619331360e-02
5.431245267391204834e-02
5.430519580841064453e-02
5.429706349968910217e-02
5.428807437419891357e-02
5.427823588252067566e-02
5.426756292581558228e-02
5.425606667995452881e-02
5.424376204609870911e-02
5.423065647482872009e-02
5.421677231788635254e-02
5.420212075114250183e-02
5.418671667575836182e-02
5.417058244347572327e-02
5.415372923016548157e-02
5.413617938756942749e-02
5.411794409155845642e-02
5.409904196858406067e-02
5.407949909567832947e-02
5.405933037400245667e-02
5.403855815529823303e-02
5.401719734072685242e-02
5.399527400732040405e-02
5.397280305624008179e-02
5.394980683922767639e-02
5.392631143331527710e-02
5.390233173966407776e-02
5.387789011001586914e-02
5.385301262140274048e-02
5.382771790027618408e-02
5.380202084779739380e-02
5.377595126628875732e-02
5.374952033162117004e-02
5.372276529669761658e-02
5.369568988680839539e-02
5.366832390427589417e-02
5.364068597555160522e-02
5.361279472708702087e-02
5.358467251062393188e-02
5.355633422732353210e-02
5.352780222892761230e-02
5.349909141659736633e-02
5.347022786736488342e-02
5.344122275710105896e-02
5.341209098696708679e-02
5.338286235928535461e-02
5.335353314876556396e-02
5.332413315773010254e-02
5.329468101263046265e-02
5.326518043875694275e-02
5.323565378785133362e-02
5.320611596107482910e-02
5.317657440900802612e-02
5.314704775810241699e-02
5.311755090951919556e-02
5.308809503912925720e-02
5.305868759751319885e-02
5.302934348583221436e-02
5.300007387995719910e-02
5.297089740633964539e-02
5.294181779026985168e-02
5.291285365819931030e-02
5.288400501012802124e-02
5.285529792308807373e-02
5.282672494649887085e-02
5.279831215739250183e-02
5.277006328105926514e-02
5.274198949337005615e-02
5.271410569548606873e-02
5.268641561269760132e-02
5.265893414616584778e-02
5.263167247176170349e-02
5.260463804006576538e-02
5.257784947752952576e-02
5.255131050944328308e-02
5.252503603696823120e-02
5.249903723597526550e-02
5.247332528233528137e-02
5.244791135191917419e-02
5.242281034588813782e-02
5.239802971482276917e-02
5.237358435988426208e-02
5.234948545694351196e-02
5.232575163245201111e-02
5.230238661170005798e-02
5.227940902113914490e-02
5.225683376193046570e-02
5.223466455936431885e-02
5.221292376518249512e-02
5.219161882996559143e-02
5.217076465487480164e-02
5.215037614107131958e-02
5.213046446442604065e-02
5.211103707551956177e-02
5.209211632609367371e-02
5.207370221614837646e-02
5.205582082271575928e-02
5.203847587108612061e-02
5.202167853713035583e-02
5.200543999671936035e-02
5.198977142572402954e-02
5.197468772530555725e-02
5.196018889546394348e-02
5.194628983736038208e-02
5.193299800157546997e-02
5.192032083868980408e-02
5.190826952457427979e-02
5.189684405922889709e-02
5.188605189323425293e-02
5.187590420246124268e-02
5.186639353632926941e-02
5.185753479599952698e-02
5.184932425618171692e-02
5.184176564216613770e-02
5.183486267924308777e-02
5.182860791683197021e-02
5.182301253080368042e-02
5.181806534528732300e-02
5.181376636028289795e-02
5.181011557579040527e-02
5.180711299180984497e-02
5.180473998188972473e-02
5.180300399661064148e-02
5.180189758539199829e-02
5.180140957236289978e-02
5.180153623223304749e-02
5.180226638913154602e-02
5.180359631776809692e-02
5.180551484227180481e-02
5.180801078677177429e-02
5.181108042597770691e-02
5.181470513343811035e-02
5.181887745857238770e-02
5.182359367609024048e-02
5.182883143424987793e-02
5.183458700776100159e-02
5.184084177017211914e-02
5.184759199619293213e-02
5.185482650995254517e-02
5.186252295970916748e-02
5.187068134546279907e-02
5.187928676605224609e-02
5.188832059502601624e-02
5.189778283238410950e-02
5.190765112638473511e-02
5.191792547702789307e-02
5.192858725786209106e-02
5.193962529301643372e-02
5.195103958249092102e-02
5.196280777454376221e-02
5.197492614388465881e-02
5.198738723993301392e-02
5.200017988681793213e-02
5.201329290866851807e-02
5.202672630548477173e-02
5.204046145081520081e-02
5.205449461936950684e-02
5.206882208585739136e-02
5.208343639969825745e-02
5.209832265973091125e-02
5.211348459124565125e-02
5.212890729308128357e-02
5.214459076523780823e-02
5.216052383184432983e-02
5.217670276761054993e-02
5.219311639666557312e-02
5.220976844429969788e-02
5.222664400935173035e-02
5.224374309182167053e-02
5.226105451583862305e-02
5.227857083082199097e-02
5.229628831148147583e-02
5.231419578194618225e-02
5.233229324221611023e-02
5.235056206583976746e-02
5.236900597810745239e-02
5.238760635256767273e-02
5.240635573863983154e-02
5.242524668574333191e-02
5.244426801800727844e-02
5.246340855956077576e-02
5.248266085982322693e-02
5.250200256705284119e-02
5.252143368124961853e-02
5.254092812538146973e-02
5.256048589944839478e-02
5.258008092641830444e-02
5.259970203042030334e-02
5.261933431029319763e-02
5.263896659016609192e-02
5.265856906771659851e-02
5.267813429236412048e-02
5.269763991236686707e-02
5.271707102656364441e-02
5.273640528321266174e-02
5.275562405586242676e-02
5.277471244335174561e-02
5.279364436864852905e-02
5.281240120530128479e-02
5.283096805214881897e-02
5.284931510686874390e-02
5.286742746829986572e-02
5.288529023528099060e-02
5.290286988019943237e-02
5.292015522718429565e-02
5.293712392449378967e-02
5.295376107096672058e-02
5.297003686428070068e-02
5.298594385385513306e-02
5.300145223736763000e-02
5.301655083894729614e-02
5.303122475743293762e-02
5.304545164108276367e-02
5.305921658873558044e-02
5.307249724864959717e-02
5.308529362082481384e-02
5.309757962822914124e-02
5.310935154557228088e-02
5.312058702111244202e-02
5.313127860426902771e-02
5.314141884446144104e-02
5.315099284052848816e-02
5.316000059247016907e-02
5.316842347383499146e-02
5.317626520991325378e-02
5.318351089954376221e-02
5.319015681743621826e-02
5.319619923830032349e-02
5.320163816213607788e-02
5.320646613836288452e-02
5.321068316698074341e-02
5.321428552269935608e-02
5.321727320551872253e-02
5.321965366601943970e-02
5.322142317891120911e-02
5.322257429361343384e-02
5.322311446070671082e-02
5.322304740548133850e-02
5.322236567735671997e-02
5.322108790278434753e-02
5.321920663118362427e-02
5.321672186255455017e-02
5.321363732218742371e-02
5.320996046066284180e-02
5.320568755269050598e-02
5.320082232356071472e-02
5.319536849856376648e-02
5.318933352828025818e-02
5.318270623683929443e-02
5.317549780011177063e-02
5.316770076751708984e-02
5.315932258963584900e-02
5.315035954117774963e-02
5.314081534743309021e-02
5.313068255782127380e-02
5.311995744705200195e-02
5.310865119099617004e-02
5.309674888849258423e-02
5.308424681425094604e-02
5.307115614414215088e-02
5.305745452642440796e-02
5.304314568638801575e-02
5.302822962403297424e-02
5.301269516348838806e-02
5.299653112888336182e-02
5.297974124550819397e-02
5.296232178807258606e-02
5.294425413012504578e-02
5.292554199695587158e-02
5.290616676211357117e-02
5.288613960146903992e-02
5.286544188857078552e-02
5.284408107399940491e-02
5.282203108072280884e-02
5.279929563403129578e-02
5.277587473392486572e-02
5.275175720453262329e-02
5.272694304585456848e-02
5.270142480731010437e-02
5.267520248889923096e-02
5.264827236533164978e-02
5.262063443660736084e-02
5.259228497743606567e-02
5.256323143839836121e-02
5.253346636891365051e-02
5.250300094485282898e-02
5.247183144092559814e-02
5.243996158242225647e-02
5.240740254521369934e-02
5.237415805459022522e-02
5.234023556113243103e-02
5.230564624071121216e-02
5.227039754390716553e-02
5.223450064659118652e-02
5.219796672463417053e-02
5.216081067919731140e-02
5.212304368615150452e-02
5.208468809723854065e-02
5.204575136303901672e-02
5.200624838471412659e-02
5.196620896458625793e-02
5.192563682794570923e-02
5.188456177711486816e-02
5.184299871325492859e-02
5.180096626281738281e-02
5.175848305225372314e-02
5.171557515859603882e-02
5.167226120829582214e-02
5.162855610251426697e-02
5.158448964357376099e-02
5.154007673263549805e-02
5.149533972144126892e-02
5.145029723644256592e-02
5.140497535467147827e-02
5.135938525199890137e-02
5.131355300545692444e-02
5.126748979091644287e-02
5.122122168540954590e-02
5.117475986480712891e-02
5.112812295556068420e-02
5.108132585883140564e-02
5.103438347578048706e-02
5.098731443285942078e-02
5.094012245535850525e-02
5.089282616972923279e-02
5.084543675184249878e-02
5.079796165227890015e-02
5.075040832161903381e-02
5.070278793573379517e-02
5.065510794520378113e-02
5.060737580060958862e-02
5.055959150195121765e-02
5.051176249980926514e-02
5.046389997005462646e-02
5.041599646210670471e-02
5.036805570125579834e-02
5.032008886337280273e-02
5.027208477258682251e-02
5.022405087947845459e-02
5.017599090933799744e-02
5.012789741158485413e-02
5.007977783679962158e-02
5.003162845969200134e-02
4.998345300555229187e-02
4.993524402379989624e-02
4.988700896501541138e-02
4.983874410390853882e-02
4.979045316576957703e-02
4.974213615059852600e-02
4.969380050897598267e-02
4.964543879032135010e-02
4.959706217050552368e-02
4.954867064952850342e-02
4.950026795268058777e-02
4.945186525583267212e-02
4.940346628427505493e-02
4.935507476329803467e-02
4.930670559406280518e-02
4.925836622714996338e-02
4.921006783843040466e-02
4.916181415319442749e-02
4.911362379789352417e-02
4.906550794839859009e-02
4.901748523116111755e-02
4.896957054734230042e-02
4.892177507281303406e-02
4.887411743402481079e-02
4.882661253213882446e-02
4.877928271889686584e-02
4.873214289546012878e-02
4.868521541357040405e-02
4.863851889967918396e-02
4.859207570552825928e-02
4.854589700698852539e-02
4.850001633167266846e-02
4.845444485545158386e-02
4.840920493006706238e-02
4.836431145668029785e-02
4.831979051232337952e-02
4.827566072344779968e-02
4.823194071650505066e-02
4.818864911794662476e-02
4.814579710364341736e-02
4.810340330004692078e-02
4.806148633360862732e-02
4.802005738019943237e-02
4.797913134098052979e-02
4.793872311711311340e-02
4.789884015917778015e-02
4.785948991775512695e-02
4.782067984342575073e-02
4.778242483735084534e-02
4.774472117424011230e-02
4.770757630467414856e-02
4.767099395394325256e-02
4.763497039675712585e-02
4.759951308369636536e-02
4.756461083889007568e-02
4.753026366233825684e-02
4.749647155404090881e-02
4.746321961283683777e-02
4.743051156401634216e-02
4.739832878112792969e-02
4.736666753888130188e-02
4.733551293611526489e-02
4.730486124753952026e-02
4.727469012141227722e-02
4.724499210715293884e-02
4.721575602889060974e-02
4.718696698546409607e-02
4.715860635042190552e-02
4.713066294789314270e-02
4.710312187671661377e-02
4.707596451044082642e-02
4.704918339848518372e-02
4.702275991439819336e-02
4.699668288230895996e-02
4.697093740105628967e-02
4.694550484418869019e-02
4.692038521170616150e-02
4.689555615186691284e-02
4.687101393938064575e-02
4.684674739837646484e-02
4.682274535298347473e-02
4.679900035262107849e-02
4.677550867199897766e-02
4.675226286053657532e-02
4.672925546765327454e-02
4.670649394392967224e-02
4.668396711349487305e-02
4.666167870163917542e-02
4.663962125778198242e-02
4.661780968308448792e-02
4.659623280167579651e-02
4.657490551471710205e-02
4.655382409691810608e-02
4.653300344944000244e-02
4.651243984699249268e-02
4.649214446544647217e-02
4.647212848067283630e-02
4.645239189267158508e-02
4.643294960260391235e-02
4.641380906105041504e-02
4.639497771859169006e-02
4.637646675109863281e-02
4.635828360915184021e-02
4.634043574333190918e-02
4.632293432950973511e-02
4.630578681826591492e-02
4.628899693489074707e-02
4.627257212996482849e-02
4.625652357935905457e-02
4.624085128307342529e-02
4.622555896639823914e-02
4.621064662933349609e-02
4.619611799716949463e-02
4.618198052048683167e-02
4.616821929812431335e-02
4.615484178066253662e-02
4.614183306694030762e-02
4.612920060753822327e-02
4.611692577600479126e-02
4.610500484704971313e-02
4.609342664480209351e-02
4.608217626810073853e-02
4.607124626636505127e-02
4.606061056256294250e-02
4.605026170611381531e-02
4.604017734527587891e-02
4.603034257888793945e-02
4.602073505520820618e-02
4.601133242249488831e-02
4.600210860371589661e-02
4.599304497241973877e-02
4.598411172628402710e-02
4.597529023885726929e-02
4.596655070781707764e-02
4.595786705613136292e-02
4.594921693205833435e-02
4.594057053327560425e-02
4.593190550804138184e-02
4.592319205403327942e-02
4.591440409421920776e-02
4.590551927685737610e-02
4.589651152491569519e-02
4.588736221194267273e-02
4.587804153561592102e-02
4.586853086948394775e-02
4.585880786180496216e-02
4.584885761141777039e-02
4.583865776658058167e-02
4.582819342613220215e-02
4.581745341420173645e-02
4.580641537904739380e-02
4.579507559537887573e-02
4.578342288732528687e-02
4.577144607901573181e-02
4.575913771986961365e-02
4.574649780988693237e-02
4.573351889848709106e-02
4.572020471096038818e-02
4.570654407143592834e-02
4.569255188107490540e-02
4.567822441458702087e-02
4.566356167197227478e-02
4.564857482910156250e-02
4.563327506184577942e-02
4.561766237020492554e-02
4.560174793004989624e-02
4.558554291725158691e-02
4.556905478239059448e-02
4.555229842662811279e-02
4.553528130054473877e-02
4.551801458001136780e-02
4.550051689147949219e-02
4.548279196023941040e-02
4.546485468745231628e-02
4.544671252369880676e-02
4.542838037014007568e-02
4.540986195206642151e-02
4.539117589592933655e-02
4.537231847643852234e-02
4.535330459475517273e-02
4.533413797616958618e-02
4.531481862068176270e-02
4.529535770416259766e-02
4.527575150132179260e-02
4.525600373744964600e-02
4.523610696196556091e-02
4.521606117486953735e-02
4.519586265087127686e-02
4.517550766468048096e-02
4.515498504042625427e-02
4.513428360223770142e-02
4.511339589953422546e-02
4.509230703115463257e-02
4.507100582122802734e-02
4.504947736859321594e-02
4.502770304679870605e-02
4.500566422939300537e-02
4.498334974050521851e-02
4.496072605252265930e-02
4.493778571486473083e-02
4.491450265049934387e-02
4.489085823297500610e-02
4.486682638525962830e-02
4.484239220619201660e-02
4.481752589344978333e-02
4.479220882058143616e-02
4.476642608642578125e-02
4.474014788866043091e-02
4.471336305141448975e-02
4.468604549765586853e-02
4.465817660093307495e-02
4.462974891066551208e-02
4.460073634982109070e-02
4.457113146781921387e-02
4.454092308878898621e-02
4.451009258627891541e-02
4.447863996028900146e-02
4.444655030965805054e-02
4.441382735967636108e-02
4.438045620918273926e-02
4.434644430875778198e-02
4.431179538369178772e-02
4.427650198340415955e-02
4.424057528376579285e-02
4.420402646064758301e-02
4.416685923933982849e-02
4.412908479571342468e-02
4.409071430563926697e-02
4.405177012085914612e-02
4.401226341724395752e-02
4.397221282124519348e-02
4.393163323402404785e-02
4.389055445790290833e-02
4.384899139404296875e-02
4.380697011947631836e-02
4.376451671123504639e-02
4.372164607048034668e-02
4.367839172482490540e-02
4.363478347659111023e-02
4.359083250164985657e-02
4.354657232761383057e-02
4.350202903151512146e-02
4.345722496509552002e-02
4.341218248009681702e-02
4.336692765355110168e-02
4.332148283720016479e-02
4.327586665749549866e-02
4.323010146617889404e-02
4.318420216441154480e-02
4.313819110393524170e-02
4.309207573533058167e-02
4.304587841033935547e-02
4.299960657954216003e-02
4.295327141880989075e-02
4.290688037872314453e-02
4.286044090986251831e-02
4.281395673751831055e-02
4.276742786169052124e-02
4.272085800766944885e-02
4.267423972487449646e-02
4.262758046388626099e-02
4.258086159825325012e-02
4.253409057855606079e-02
4.248724505305290222e-02
4.244032502174377441e-02
4.239331558346748352e-02
4.234620928764343262e-02
4.229898005723953247e-02
4.225162789225578308e-02
4.220413044095039368e-02
4.215647652745246887e-02
4.210864380002021790e-02
4.206062480807304382e-02
4.201239719986915588e-02
4.196394607424736023e-02
4.191526025533676147e-02
4.186632111668586731e-02
4.181711375713348389e-02
4.176763445138931274e-02
4.171786084771156311e-02
4.166778549551963806e-02
4.161740466952323914e-02
4.156670719385147095e-02
4.151568934321403503e-02
4.146434739232063293e-02
4.141267016530036926e-02
4.136067256331443787e-02
4.130835086107254028e-02
4.125571250915527344e-02
4.120275750756263733e-02
4.114950075745582581e-02
4.109594970941543579e-02
4.104212298989295959e-02
4.098802804946899414e-02
4.093368351459503174e-02
4.087911546230316162e-02
4.082433879375457764e-02
4.076937958598136902e-02
4.071426391601562500e-02
4.065901041030883789e-02
4.060365259647369385e-02
4.054821282625198364e-02
4.049272462725639343e-02
4.043722152709960938e-02
4.038172587752342224e-02
4.032627493143081665e-02
4.027089476585388184e-02
4.021562263369560242e-02
4.016048088669776917e-02
4.010550677776336670e-02
4.005072638392448425e-02
3.999616578221321106e-02
3.994185850024223328e-02
3.988782688975334167e-02
3.983410075306892395e-02
3.978069499135017395e-02
3.972763195633888245e-02
3.967494145035743713e-02
3.962262719869613647e-02
3.957071155309677124e-02
3.951920568943023682e-02
3.946812450885772705e-02
3.941747173666954041e-02
3.936725109815597534e-02
3.931747376918792725e-02
3.926813229918479919e-02
3.921923413872718811e-02
3.917076811194419861e-02
3.912273421883583069e-02
3.907511755824089050e-02
3.902791440486907959e-02
3.898110985755920410e-02
3.893469274044036865e-02
3.888863697648048401e-02
3.884293884038925171e-02
3.879757598042488098e-02
3.875251859426498413e-02
3.870775923132896423e-02
3.866327181458473206e-02
3.861903399229049683e-02
3.857501968741416931e-02
3.853121399879455566e-02
3.848758712410926819e-02
3.844412416219711304e-02
3.840079531073570251e-02
3.835758939385414124e-02
3.831447660923004150e-02
3.827144578099250793e-02
3.822847828269004822e-02
3.818555176258087158e-02
3.814266249537467957e-02
3.809979185461997986e-02
3.805693238973617554e-02
3.801407292485237122e-02
3.797120600938796997e-02
3.792833536863327026e-02
3.788544982671737671e-02
3.784255683422088623e-02
3.779965266585350037e-02
3.775675222277641296e-02
3.771385550498962402e-02
3.767096996307373047e-02
3.762811422348022461e-02
3.758529946208000183e-02
3.754254430532455444e-02
3.749986365437507629e-02
3.745727613568305969e-02
3.741480037569999695e-02
3.737246990203857422e-02
3.733029216527938843e-02
3.728830814361572266e-02
3.724652901291847229e-02
3.720498830080032349e-02
3.716371208429336548e-02
3.712272271513938904e-02
3.708205372095108032e-02
3.704172000288963318e-02
3.700175508856773376e-02
3.696217760443687439e-02
3.692301735281944275e-02
3.688429296016693115e-02
3.684602305293083191e-02
3.680822625756263733e-02
3.677092865109443665e-02
3.673413023352622986e-02
3.669785708189010620e-02
3.666211292147636414e-02
3.662690520286560059e-02
3.659224510192871094e-02
3.655813261866569519e-02
3.652456775307655334e-02
3.649154677987098694e-02
3.645907342433929443e-02
3.642712906002998352e-02
3.639570623636245728e-02
3.636479750275611877e-02
3.633438423275947571e-02
3.630444779992103577e-02
3.627496957778930664e-02
3.624593093991279602e-02
3.621730208396911621e-02
3.618905693292617798e-02
3.616117686033248901e-02
3.613362461328506470e-02
3.610637038946151733e-02
3.607938811182975769e-02
3.605264052748680115e-02
3.602609783411026001e-02
3.599973022937774658e-02
3.597350046038627625e-02
3.594737499952316284e-02
3.592132776975631714e-02
3.589532524347305298e-02
3.586933016777038574e-02
3.584332764148712158e-02
3.581727668642997742e-02
3.579115495085716248e-02
3.576494008302688599e-02
3.573860600590705872e-02
3.571213781833648682e-02
3.568551316857337952e-02
3.565871715545654297e-02
3.563173487782478333e-02
3.560455888509750366e-02
3.557717800140380859e-02
3.554958850145339966e-02
3.552179038524627686e-02
3.549377620220184326e-02
3.546555340290069580e-02
3.543712943792343140e-02
3.540850430727005005e-02
3.537969291210174561e-02
3.535071015357971191e-02
3.532156720757484436e-02
3.529227524995803833e-02
3.526286035776138306e-02
3.523334488272666931e-02
3.520373627543449402e-02
3.517407178878784180e-02
3.514436632394790649e-02
3.511464595794677734e-02
3.508493304252624512e-02
3.505526110529899597e-02
3.502564132213592529e-02
3.499610722064971924e-02
3.496668115258216858e-02
3.493738546967506409e-02
3.490824252367019653e-02
3.487926721572875977e-02
3.485048934817314148e-02
3.482192382216453552e-02
3.479358181357383728e-02
3.476547822356224060e-02
3.473762795329093933e-02
3.471003472805023193e-02
3.468270972371101379e-02
3.465565294027328491e-02
3.462887182831764221e-02
3.460235893726348877e-02
3.457611426711082458e-02
3.455013036727905273e-02
3.452439233660697937e-02
3.449889272451400757e-02
3.447361290454864502e-02
3.444854542613029480e-02
3.442365676164627075e-02
3.439892828464508057e-02
3.437433764338493347e-02
3.434986248612403870e-02
3.432546928524971008e-02
3.430112823843955994e-02
3.427680954337120056e-02
3.425247594714164734e-02
3.422810509800910950e-02
3.420365229249000549e-02
3.417908400297164917e-02
3.415437415242195129e-02
3.412948176264762878e-02
3.410436958074569702e-02
3.407901152968406677e-02
3.405337780714035034e-02
3.402742743492126465e-02
3.400113433599472046e-02
3.397447615861892700e-02
3.394741937518119812e-02
3.391994535923004150e-02
3.389202430844306946e-02
3.386364877223968506e-02
3.383479267358779907e-02
3.380544856190681458e-02
3.377560153603553772e-02
3.374524414539337158e-02
3.371436893939971924e-02
3.368297964334487915e-02
3.365107253193855286e-02
3.361865133047103882e-02
3.358572348952293396e-02
3.355230018496513367e-02
3.351839259266853333e-02
3.348401561379432678e-02
3.344918787479400635e-02
3.341392800211906433e-02
3.337825834751129150e-02
3.334220498800277710e-02
3.330579400062561035e-02
3.326905146241188049e-02
3.323200717568397522e-02
3.319469094276428223e-02
3.315713256597518921e-02
3.311936557292938232e-02
3.308141976594924927e-02
3.304332494735717773e-02
3.300511837005615234e-02
3.296682238578796387e-02
3.292847797274589539e-02
3.289010375738143921e-02
3.285173326730728149e-02
3.281338885426521301e-02
3.277509659528732300e-02
3.273687511682510376e-02
3.269875049591064453e-02
3.266073763370513916e-02
3.262284770607948303e-02
3.258509561419487000e-02
3.254749253392219543e-02
3.251004219055175781e-02
3.247275203466415405e-02
3.243561834096908569e-02
3.239863738417625427e-02
3.236181288957595825e-02
3.232512995600700378e-02
3.228858113288879395e-02
3.225214779376983643e-02
3.221581876277923584e-02
3.217957541346549988e-02
3.214339166879653931e-02
3.210725262761116028e-02
3.207112476229667664e-02
3.203498944640159607e-02
3.199881687760353088e-02
3.196257725358009338e-02
3.192623704671859741e-02
3.188977017998695374e-02
3.185314312577247620e-02
3.181632980704307556e-02
3.177929297089576721e-02
3.174200654029846191e-02
3.170444071292877197e-02
3.166656196117401123e-02
3.162835538387298584e-02
3.158978000283241272e-02
3.155082464218139648e-02
3.151145949959754944e-02
3.147167339920997620e-02
3.143144398927688599e-02
3.139075636863708496e-02
3.134959936141967773e-02
3.130796551704406738e-02
3.126585111021995544e-02
3.122325241565704346e-02
3.118016757071018219e-02
3.113660402595996857e-02
3.109256550669670105e-02
3.104806691408157349e-02
3.100311569869518280e-02
3.095773421227931976e-02
3.091193549335002899e-02
3.086574375629425049e-02
3.081918880343437195e-02
3.077228926122188568e-02
3.072507679462432861e-02
3.067758679389953613e-02
3.062984719872474670e-02
3.058189339935779572e-02
3.053376264870166779e-02
3.048549033701419830e-02
3.043711557984352112e-02
3.038867376744747162e-02
3.034020401537418365e-02
3.029174357652664185e-02
3.024332970380783081e-02
3.019500151276588440e-02
3.014679066836833954e-02
3.009873256087303162e-02
3.005085699260234833e-02
3.000320307910442352e-02
2.995578758418560028e-02
2.990864589810371399e-02
2.986179664731025696e-02
2.981525845825672150e-02
2.976905740797519684e-02
2.972320280969142914e-02
2.967771142721176147e-02
2.963258326053619385e-02
2.958783321082592010e-02
2.954346127808094025e-02
2.949946373701095581e-02
2.945584058761596680e-02
2.941257879137992859e-02
2.936967276036739349e-02
2.932710945606231689e-02
2.928487397730350494e-02
2.924294397234916687e-02
2.920130081474781036e-02
2.915992215275764465e-02
2.911877818405628204e-02
2.907784655690193176e-02
2.903709933161735535e-02
2.899650111794471741e-02
2.895602397620677948e-02
2.891563996672630310e-02
2.887531556189060211e-02
2.883501537144184113e-02
2.879470959305763245e-02
2.875436469912528992e-02
2.871395833790302277e-02
2.867345325648784637e-02
2.863282337784767151e-02
2.859204448759555817e-02
2.855109050869941711e-02
2.850994095206260681e-02
2.846857719123363495e-02
2.842697873711585999e-02
2.838513255119323730e-02
2.834302745759487152e-02
2.830065228044986725e-02
2.825800515711307526e-02
2.821508422493934631e-02
2.817188948392868042e-02
2.812842279672622681e-02
2.808469347655773163e-02
2.804071456193923950e-02
2.799649536609649658e-02
2.795205451548099518e-02
2.790741436183452606e-02
2.786259539425373077e-02
2.781762182712554932e-02
2.777252346277236938e-02
2.772732824087142944e-02
2.768206968903541565e-02
2.763677760958671570e-02
2.759149298071861267e-02
2.754624187946319580e-02
2.750107087194919586e-02
2.745601162314414978e-02
2.741110511124134064e-02
2.736638672649860382e-02
2.732189185917377472e-02
2.727765776216983795e-02
2.723372355103492737e-02
2.719011530280113220e-02
2.714687399566173553e-02
2.710402011871337891e-02
2.706159278750419617e-02
2.701961062848567963e-02
2.697809785604476929e-02
2.693708054721355438e-02
2.689656801521778107e-02
2.685657888650894165e-02
2.681712619960308075e-02
2.677821367979049683e-02
2.673984691500663757e-02
2.670202963054180145e-02
2.666475437581539154e-02
2.662802115082740784e-02
2.659181505441665649e-02
2.655612863600254059e-02
2.652094140648841858e-02
2.648623660206794739e-02
2.645199187099933624e-02
2.641818113625049591e-02
2.638477832078933716e-02
2.635175548493862152e-02
2.631907910108566284e-02
2.628671750426292419e-02
2.625463344156742096e-02
2.622279152274131775e-02
2.619115635752677917e-02
2.615968883037567139e-02
2.612834982573986053e-02
2.609710395336151123e-02
2.606591396033763885e-02
0.000000000000000000e+00
0.000000000000000000e+00
0.000000000000000000e+00
0.000000000000000000e+00
0.000000000000000000e+00
0.000000000000000000e+00
0.000000000000000000e+00
0.000000000000000000e+00
0.000000000000000000e+00
0.000000000000000000e+00
0.000000000000000000e+00
0.000000000000000000e+00
0.000000000000000000e+00
0.000000000000000000e+00
0.000000000000000000e+00
0.000000000000000000e+00
0.000000000000000000e+00
0.000000000000000000e+00
0.000000000000000000e+00
0.000000000000000000e+00
0.000000000000000000e+00
0.000000000000000000e+00
0.000000000000000000e+00
0.000000000000000000e+00
0.000000000000000000e+00
0.000000000000000000e+00
0.000000000000000000e+00
0.000000000000000000e+00
0.000000000000000000e+00
0.000000000000000000e+00
0.000000000000000000e+00
0.000000000000000000e+00
0.000000000000000000e+00
0.000000000000000000e+00
0.000000000000000000e+00
0.000000000000000000e+00
0.000000000000000000e+00
0.000000000000000000e+00
0.000000000000000000e+00
0.000000000000000000e+00
0.000000000000000000e+00
0.000000000000000000e+00
0.000000000000000000e+00
0.000000000000000000e+00
0.000000000000000000e+00
0.000000000000000000e+00
0.000000000000000000e+00
0.000000000000000000e+00
0.000000000000000000e+00
0.000000000000000000e+00
0.000000000000000000e+00
0.000000000000000000e+00
0.000000000000000000e+00
0.000000000000000000e+00
0.000000000000000000e+00
0.000000000000000000e+00
0.000000000000000000e+00
0.000000000000000000e+00
0.000000000000000000e+00
0.000000000000000000e+00
0.000000000000000000e+00
0.000000000000000000e+00
0.000000000000000000e+00
0.000000000000000000e+00
0.000000000000000000e+00
0.000000000000000000e+00
0.000000000000000000e+00
0.000000000000000000e+00
0.000000000000000000e+00
0.000000000000000000e+00
0.000000000000000000e+00
0.000000000000000000e+00
0.000000000000000000e+00
0.000000000000000000e+00
0.000000000000000000e+00
0.000000000000000000e+00
0.000000000000000000e+00
0.000000000000000000e+00
0.000000000000000000e+00
0.000000000000000000e+00
0.000000000000000000e+00
0.000000000000000000e+00
0.000000000000000000e+00
0.000000000000000000e+00
0.000000000000000000e+00
0.000000000000000000e+00
0.000000000000000000e+00
0.000000000000000000e+00
0.000000000000000000e+00
0.000000000000000000e+00
0.000000000000000000e+00
0.000000000000000000e+00
0.000000000000000000e+00
0.000000000000000000e+00
0.000000000000000000e+00
0.000000000000000000e+00
0.000000000000000000e+00
0.000000000000000000e+00
0.000000000000000000e+00
0.000000000000000000e+00
