# ee
5.723284184932708740e-02
8.319900929927825928e-02
8.266277611255645752e-02
6.385164707899093628e-02
4.058195278048515320e-02
2.251109667122364044e-02
1.239000912755727768e-02
8.243577554821968079e-03
6.868928670883178711e-03
6.095312070101499557e-03
5.366205237805843353e-03
4.571505356580018997e-03
4.256156738847494125e-03
4.317339044064283371e-03
4.494146443903446198e-03
4.761492833495140076e-03
4.999597091227769852e-03
5.322781391441822052e-03
5.918910726904869080e-03
6.768624298274517059e-03
7.880929857492446899e-03
9.226090274751186371e-03
1.074196025729179382e-02
1.244678813964128494e-02
1.433398760855197906e-02
1.638147793710231781e-02
1.858730427920818329e-02
2.093109674751758575e-02
2.341385744512081146e-02
2.610110491514205933e-02
2.904628962278366089e-02
3.223835304379463196e-02
3.566533327102661133e-02
3.932783007621765137e-02
4.324254393577575684e-02
4.744535312056541443e-02
5.196700617671012878e-02
5.677037313580513000e-02
6.180693209171295166e-02
6.704696267843246460e-02
7.251593470573425293e-02
7.825294137001037598e-02
8.428217470645904541e-02
9.063827246427536011e-02
9.734857082366943359e-02
1.043979972600936890e-01
1.117678955197334290e-01
1.194173395633697510e-01
1.272979527711868286e-01
1.353640109300613403e-01
1.437068134546279907e-01
1.524871885776519775e-01
1.617098599672317505e-01
1.713647693395614624e-01
1.813174337148666382e-01
1.914560943841934204e-01
2.017824947834014893e-01
2.123280018568038940e-01
2.231389135122299194e-01
2.343031615018844604e-01
2.458079010248184204e-01
2.576150000095367432e-01
2.697384357452392578e-01
2.821549773216247559e-01
2.947982549667358398e-01
3.076673150062561035e-01
3.207998275756835938e-01
3.341516852378845215e-01
3.477604985237121582e-01
3.616124689579010010e-01
3.756808042526245117e-01
3.899318575859069824e-01
4.043541848659515381e-01
4.189587533473968506e-01
4.337464272975921631e-01
4.487075209617614746e-01
4.638671576976776123e-01
4.791685342788696289e-01
4.946143031120300293e-01
5.101525783538818359e-01
5.258029699325561523e-01
5.415379405021667480e-01
5.573521256446838379e-01
5.732181668281555176e-01
5.891461372375488281e-01
6.051043868064880371e-01
6.211062669754028320e-01
6.371356248855590820e-01
6.531538367271423340e-01
6.691522002220153809e-01
6.851150989532470703e-01
7.010344862937927246e-01
7.168725728988647461e-01
7.326286435127258301e-01
7.482873201370239258e-01
7.638329863548278809e-01
7.792576551437377930e-01
7.945235371589660645e-01
8.096299767494201660e-01
8.246358036994934082e-01
8.393918275833129883e-01
8.539716601371765137e-01
8.683747649192810059e-01
8.825261592864990234e-01
8.964994549751281738e-01
9.101455807685852051e-01
9.235382676124572754e-01
9.366023540496826172e-01
9.493374824523925781e-01
9.618173837661743164e-01
9.739672541618347168e-01
9.857870936393737793e-01
9.972020983695983887e-01
1.008360743522644043e+00
1.019039750099182129e+00
1.029313325881958008e+00
1.039329886436462402e+00
1.048940300941467285e+00
1.057995796203613281e+00
1.066793441772460938e+00
1.075035810470581055e+00
1.082796812057495117e+00
1.090150594711303711e+00
1.097022771835327148e+00
1.103487014770507812e+00
1.109394907951354980e+00
1.114894390106201172e+00
1.119837045669555664e+00
1.124222517013549805e+00
1.128199219703674316e+00
1.131619334220886230e+00
1.134558200836181641e+00
1.137016534805297852e+00
1.138921022415161133e+00
1.140272378921508789e+00
1.141146063804626465e+00
1.141468524932861328e+00
1.141389369964599609e+00
1.140686392784118652e+00
1.139435052871704102e+00
1.137710332870483398e+00
1.135513186454772949e+00
1.132770419120788574e+00
1.129631280899047852e+00
1.125873923301696777e+00
1.121721982955932617e+00
1.117027878761291504e+00
1.111866831779479980e+00
1.106313824653625488e+00
1.100295901298522949e+00
1.093739867210388184e+00
1.086796045303344727e+00
1.079465746879577637e+00
1.071750521659851074e+00
1.063651919364929199e+00
1.055171251296997070e+00
1.046384572982788086e+00
1.037144422531127930e+00
1.027601242065429688e+00
1.017830729484558105e+00
1.007685422897338867e+00
9.972414970397949219e-01
9.865744709968566895e-01
9.756116271018981934e-01
9.645029902458190918e-01
9.530271887779235840e-01
9.415571093559265137e-01
9.297969937324523926e-01
9.179711937904357910e-01
9.060811400413513184e-01
8.940540552139282227e-01
8.818912506103515625e-01
8.698914647102355957e-01
8.577587604522705078e-01
8.457176685333251953e-01
8.336954712867736816e-01
8.219166398048400879e-01
8.100856542587280273e-01
7.984269857406616211e-01
7.869424223899841309e-01
7.757077217102050781e-01
7.646502852439880371e-01
7.538460493087768555e-01
7.434450984001159668e-01
7.333080172538757324e-01
7.235774397850036621e-01
7.142400741577148438e-01
7.053347826004028320e-01
6.969149708747863770e-01
6.890046000480651855e-01
6.816274523735046387e-01
6.748296618461608887e-01
6.686424612998962402e-01
6.631046533584594727e-01
6.582546830177307129e-01
6.541387438774108887e-01
6.507806777954101562e-01
6.482189893722534180e-01
6.464850306510925293e-01
6.456390023231506348e-01
6.456863880157470703e-01
6.466841697692871094e-01
6.486521363258361816e-01
6.516322493553161621e-01
6.556591987609863281e-01
6.607525944709777832e-01
6.669619679450988770e-01
6.743069887161254883e-01
6.828371286392211914e-01
6.925795078277587891e-01
7.035611271858215332e-01
7.158241271972656250e-01
7.293583154678344727e-01
7.443543076515197754e-01
7.606236934661865234e-01
7.783198356628417969e-01
7.974401712417602539e-01
8.179820179939270020e-01
8.400912284851074219e-01
8.636907935142517090e-01
8.889268636703491211e-01
9.157222509384155273e-01
9.440741539001464844e-01
9.741287827491760254e-01
1.005883216857910156e+00
1.039334774017333984e+00
1.074480772018432617e+00
1.111392617225646973e+00
1.150067925453186035e+00
1.190577983856201172e+00
1.232845664024353027e+00
1.277091383934020996e+00
1.323163628578186035e+00
1.371133923530578613e+00
1.420999765396118164e+00
1.472832322120666504e+00
1.526703357696533203e+00
1.582461357116699219e+00
1.640177965164184570e+00
1.699998974800109863e+00
1.761772990226745605e+00
1.825645804405212402e+00
1.891540408134460449e+00
1.959528326988220215e+00
2.029606580734252930e+00
2.101698160171508789e+00
2.176172018051147461e+00
2.252505064010620117e+00
2.331140279769897461e+00
2.411777019500732422e+00
2.494632720947265625e+00
2.579477548599243164e+00
2.666602611541748047e+00
2.755704164505004883e+00
2.847147226333618164e+00
2.940479516983032227e+00
3.036066293716430664e+00
3.133752346038818359e+00
3.233531713485717773e+00
3.335323095321655273e+00
3.439342975616455078e+00
3.545362472534179688e+00
3.653449535369873047e+00
3.763522863388061523e+00
3.875799894332885742e+00
3.989901781082153320e+00
4.106194019317626953e+00
4.224373340606689453e+00
4.344507694244384766e+00
4.466516017913818359e+00
4.590689182281494141e+00
4.716426372528076172e+00
4.844316482543945312e+00
4.973832130432128906e+00
5.105190753936767578e+00
5.238385677337646484e+00
5.373336315155029297e+00
5.509961605072021484e+00
5.648256301879882812e+00
5.788287639617919922e+00
5.929752826690673828e+00
6.072868347167968750e+00
6.217553615570068359e+00
6.363802433013916016e+00
6.511459827423095703e+00
6.660520553588867188e+00
6.810976982116699219e+00
6.962750911712646484e+00
7.115684986114501953e+00
7.270518779754638672e+00
7.426129341125488281e+00
7.582140922546386719e+00
7.740032672882080078e+00
7.898313045501708984e+00
8.058461189270019531e+00
8.218242645263671875e+00
8.379880905151367188e+00
8.542626380920410156e+00
8.704988479614257812e+00
8.868446350097656250e+00
9.032258987426757812e+00
9.197168350219726562e+00
9.363178253173828125e+00
9.528800010681152344e+00
9.694780349731445312e+00
9.861119270324707031e+00
1.002930450439453125e+01
1.019636535644531250e+01
1.036304569244384766e+01
1.053157424926757812e+01
1.069898128509521484e+01
1.086675548553466797e+01
1.103489589691162109e+01
1.120191955566406250e+01
1.136931133270263672e+01
1.153558921813964844e+01
1.170298194885253906e+01
1.186926174163818359e+01
1.203517436981201172e+01
1.220146274566650391e+01
1.236590003967285156e+01
1.252997398376464844e+01
1.269442939758300781e+01
1.285554981231689453e+01
1.301779842376708984e+01
1.317894554138183594e+01
1.333825111389160156e+01
1.349720191955566406e+01
1.365431404113769531e+01
1.381033039093017578e+01
1.396599769592285156e+01
1.411983203887939453e+01
1.427257633209228516e+01
1.442274665832519531e+01
1.457183074951171875e+01
1.471983051300048828e+01
1.486526298522949219e+01
1.501035594940185547e+01
1.515288639068603516e+01
1.529285240173339844e+01
1.543248462677001953e+01
1.556881713867187500e+01
1.570333385467529297e+01
1.583529472351074219e+01
1.596618747711181641e+01
1.609378623962402344e+01
1.621883583068847656e+01
1.634207916259765625e+01
1.646203231811523438e+01
1.658018875122070312e+01
1.669581413269042969e+01
1.680818367004394531e+01
1.691805648803710938e+01
1.702544784545898438e+01
1.713037109375000000e+01
1.723210144042968750e+01
1.732991218566894531e+01
1.742530059814453125e+01
1.751828384399414062e+01
1.760813903808593750e+01
1.769487571716308594e+01
1.777925682067871094e+01
1.785906410217285156e+01
1.793654632568359375e+01
1.801097488403320312e+01
1.808088111877441406e+01
1.814850425720214844e+01
1.821312332153320312e+01
1.827400779724121094e+01
1.833117294311523438e+01
1.838537788391113281e+01
1.843589591979980469e+01
1.848348426818847656e+01
1.852741622924804688e+01
1.856845092773437500e+01
1.860511779785156250e+01
1.863817596435546875e+01
1.866838264465332031e+01
1.869575309753417969e+01
1.871658706665039062e+01
1.873610496520996094e+01
1.875134849548339844e+01
1.876232910156250000e+01
1.877129745483398438e+01
1.877603721618652344e+01
1.877656173706054688e+01
1.877363395690917969e+01
1.876503562927246094e+01
1.875598907470703125e+01
1.874204635620117188e+01
1.872619628906250000e+01
1.870548248291015625e+01
1.868140602111816406e+01
1.865324020385742188e+01
1.862174034118652344e+01
1.858692741394042969e+01
1.854806900024414062e+01
1.850592231750488281e+01
1.846050643920898438e+01
1.841108894348144531e+01
1.835768890380859375e+01
1.830180168151855469e+01
1.824195671081542969e+01
1.817816543579101562e+01
1.811192893981933594e+01
1.804177284240722656e+01
1.796845626831054688e+01
1.789273262023925781e+01
1.781238746643066406e+01
1.772966384887695312e+01
1.764383125305175781e+01
1.755490112304687500e+01
1.746288871765136719e+01
1.736854934692382812e+01
1.727041053771972656e+01
1.716996955871582031e+01
1.706501197814941406e+01
1.695852088928222656e+01
1.684976959228515625e+01
1.673802375793457031e+01
1.662329864501953125e+01
1.650560569763183594e+01
1.638570213317871094e+01
1.626285552978515625e+01
1.613856697082519531e+01
1.601136016845703125e+01
1.588199234008789062e+01
1.575047588348388672e+01
1.561756610870361328e+01
1.548178768157958984e+01
1.534389686584472656e+01
1.520539379119873047e+01
1.506406021118164062e+01
1.492213535308837891e+01
1.477814960479736328e+01
1.463210964202880859e+01
1.448477458953857422e+01
1.433689880371093750e+01
1.418700599670410156e+01
1.403585433959960938e+01
1.388345146179199219e+01
1.373055553436279297e+01
1.357717800140380859e+01
1.342109870910644531e+01
1.326604747772216797e+01
1.311054897308349609e+01
1.295312786102294922e+01
1.279602432250976562e+01
1.263925075531005859e+01
1.248132896423339844e+01
1.232373905181884766e+01
1.216646862030029297e+01
1.200876522064208984e+01
1.185136222839355469e+01
1.169350528717041016e+01
1.153666973114013672e+01
1.138010311126708984e+01
1.122453689575195312e+01
1.106847476959228516e+01
1.091339302062988281e+01
1.075853633880615234e+01
1.060538005828857422e+01
1.045317173004150391e+01
1.030189990997314453e+01
1.015081024169921875e+01
1.000137805938720703e+01
9.853592872619628906e+00
9.705957412719726562e+00
9.560689926147460938e+00
9.417779922485351562e+00
9.275728225708007812e+00
9.135268211364746094e+00
8.997132301330566406e+00
8.859822273254394531e+00
8.725556373596191406e+00
8.592836380004882812e+00
8.461653709411621094e+00
8.333479881286621094e+00
8.207562446594238281e+00
8.083889007568359375e+00
7.963192939758300781e+00
7.844717502593994141e+00
7.729196071624755859e+00
7.615873813629150391e+00
7.506225585937500000e+00
7.399496078491210938e+00
7.294931411743164062e+00
7.194006443023681641e+00
7.096708297729492188e+00
7.002284049987792969e+00
6.911464214324951172e+00
6.822752475738525391e+00
6.739107608795166016e+00
6.658290386199951172e+00
6.581774711608886719e+00
6.508806228637695312e+00
6.438630580902099609e+00
6.373465061187744141e+00
6.311069011688232422e+00
6.253657341003417969e+00
6.200457096099853516e+00
6.150693893432617188e+00
6.105078220367431641e+00
6.064321041107177734e+00
6.027795791625976562e+00
5.995172977447509766e+00
5.967461109161376953e+00
5.943662166595458984e+00
5.924411773681640625e+00
5.909381866455078125e+00
5.898985862731933594e+00
5.892968654632568359e+00
5.891596317291259766e+00
5.894762039184570312e+00
5.902507781982421875e+00
5.914950847625732422e+00
5.931910514831542969e+00
5.953578472137451172e+00
5.979848384857177734e+00
6.010762691497802734e+00
6.046513080596923828e+00
6.086918830871582031e+00
6.131948947906494141e+00
6.181719779968261719e+00
6.236200332641601562e+00
6.295359611511230469e+00
6.359165668487548828e+00
6.427884578704833984e+00
6.501262187957763672e+00
6.579192638397216797e+00
6.661942958831787109e+00
6.749332904815673828e+00
6.841405391693115234e+00
6.938204765319824219e+00
7.039550781250000000e+00
7.145486354827880859e+00
7.256131649017333984e+00
7.371156215667724609e+00
7.490976333618164062e+00
7.615115165710449219e+00
7.743766307830810547e+00
7.876971721649169922e+00
8.014554023742675781e+00
8.156482696533203125e+00
8.302504539489746094e+00
8.452812194824218750e+00
8.607376098632812500e+00
8.766164779663085938e+00
8.929149627685546875e+00
9.096302986145019531e+00
9.267601966857910156e+00
9.441541671752929688e+00
9.621074676513671875e+00
9.803951263427734375e+00
9.990897178649902344e+00
1.018114757537841797e+01
1.037617111206054688e+01
1.057371711730957031e+01
1.077451133728027344e+01
1.097927856445312500e+01
1.118799877166748047e+01
1.139916610717773438e+01
1.161499214172363281e+01
1.183248615264892578e+01
1.205385684967041016e+01
1.227760124206542969e+01
1.250518703460693359e+01
1.273585224151611328e+01
1.296883487701416016e+01
1.320486164093017578e+01
1.344317054748535156e+01
1.368374252319335938e+01
1.392730426788330078e+01
1.417235088348388672e+01
1.442035102844238281e+01
1.467054367065429688e+01
1.492216968536376953e+01
1.517669582366943359e+01
1.543262004852294922e+01
1.568992233276367188e+01
1.594933319091796875e+01
1.621008872985839844e+01
1.647217369079589844e+01
1.673556900024414062e+01
1.699951553344726562e+01
1.726548576354980469e+01
1.753197288513183594e+01
1.779970359802246094e+01
1.806717872619628906e+01
1.833660888671875000e+01
1.860500335693359375e+01
1.887532043457031250e+01
1.914531707763671875e+01
1.941422843933105469e+01
1.968501472473144531e+01
1.995319938659667969e+01
2.022248268127441406e+01
2.049136352539062500e+01
2.075982475280761719e+01
2.102785873413085938e+01
2.129399490356445312e+01
2.156048965454101562e+01
2.182513809204101562e+01
2.208870697021484375e+01
2.235122489929199219e+01
2.261271095275878906e+01
2.287319564819335938e+01
2.313121604919433594e+01
2.338753890991210938e+01
2.364293479919433594e+01
2.389742660522460938e+01
2.414732742309570312e+01
2.439711761474609375e+01
2.464385223388671875e+01
2.488978576660156250e+01
2.513345718383789062e+01
2.537489128112792969e+01
2.561485862731933594e+01
2.585040855407714844e+01
2.608454322814941406e+01
2.631579780578613281e+01
2.654345703125000000e+01
2.676829147338867188e+01
2.699032211303710938e+01
2.720957756042480469e+01
2.742533874511718750e+01
2.763762855529785156e+01
2.784648132324218750e+01
2.805191421508789062e+01
2.825395393371582031e+01
2.845188713073730469e+01
2.864721870422363281e+01
2.883700942993164062e+01
2.902424812316894531e+01
2.920822525024414062e+01
2.938599014282226562e+01
2.956128311157226562e+01
2.973116111755371094e+01
2.989787483215332031e+01
3.005996131896972656e+01
3.021670913696289062e+01
3.037036895751953125e+01
3.051724815368652344e+01
3.066034889221191406e+01
3.079894828796386719e+01
3.093233489990234375e+01
3.106127357482910156e+01
3.118429756164550781e+01
3.130218505859375000e+01
3.141644287109375000e+01
3.152489089965820312e+01
3.162683486938476562e+01
3.172455406188964844e+01
3.181735610961914062e+01
3.190454483032226562e+01
3.198616981506347656e+01
3.206302261352539062e+01
3.213440704345703125e+01
3.219963836669921875e+01
3.225950241088867188e+01
3.231478881835937500e+01
3.236480331420898438e+01
3.240811538696289062e+01
3.244625091552734375e+01
3.247926712036132812e+01
3.250646591186523438e+01
3.252863693237304688e+01
3.254508590698242188e+01
3.255586242675781250e+01
3.256250381469726562e+01
3.256208038330078125e+01
3.255761718750000000e+01
3.254692840576171875e+01
3.253080749511718750e+01
3.250930023193359375e+01
3.248245620727539062e+01
3.244958114624023438e+01
3.241220855712890625e+01
3.236963653564453125e+01
3.232117462158203125e+01
3.226686859130859375e+01
3.220899963378906250e+01
3.214389038085937500e+01
3.207456207275390625e+01
3.199957847595214844e+01
3.192047119140625000e+01
3.183505630493164062e+01
3.174486732482910156e+01
3.165069389343261719e+01
3.154960632324218750e+01
3.144536590576171875e+01
3.133579444885253906e+01
3.122093200683593750e+01
3.110305595397949219e+01
3.097923851013183594e+01
3.085100936889648438e+01
3.071767234802246094e+01
3.058075714111328125e+01
3.043882560729980469e+01
3.029265594482421875e+01
3.014302444458007812e+01
2.998846244812011719e+01
2.983048439025878906e+01
2.966762161254882812e+01
2.950138664245605469e+01
2.933105468750000000e+01
2.915739822387695312e+01
2.897969436645507812e+01
2.879796218872070312e+01
2.861296844482421875e+01
2.842473220825195312e+01
2.823253822326660156e+01
2.803788948059082031e+01
2.783932304382324219e+01
2.763760375976562500e+01
2.743349266052246094e+01
2.722627067565917969e+01
2.701447486877441406e+01
2.680109596252441406e+01
2.658615303039550781e+01
2.636743927001953125e+01
2.614720153808593750e+01
2.592397880554199219e+01
2.569927406311035156e+01
2.547385215759277344e+01
2.524476051330566406e+01
2.501276016235351562e+01
2.478010177612304688e+01
2.454606437683105469e+01
2.430917739868164062e+01
2.407317733764648438e+01
2.383436584472656250e+01
2.359499549865722656e+01
2.335359764099121094e+01
2.311167526245117188e+01
2.286999320983886719e+01
2.262782669067382812e+01
2.238445091247558594e+01
2.214062690734863281e+01
2.189563369750976562e+01
2.165320205688476562e+01
2.141112136840820312e+01
2.116792488098144531e+01
2.092511749267578125e+01
2.068345832824707031e+01
2.044148445129394531e+01
2.020143699645996094e+01
1.996036529541015625e+01
1.972200202941894531e+01
1.948412895202636719e+01
1.924894332885742188e+01
1.901343727111816406e+01
1.878055000305175781e+01
1.854875373840332031e+01
1.831875419616699219e+01
1.809125900268554688e+01
1.786474800109863281e+01
1.763992118835449219e+01
1.741749000549316406e+01
1.719741058349609375e+01
1.697965049743652344e+01
1.676491546630859375e+01
1.655168151855468750e+01
1.634065246582031250e+01
1.613327789306640625e+01
1.592877960205078125e+01
1.572637462615966797e+01
1.552602577209472656e+01
1.532992649078369141e+01
1.513655185699462891e+01
1.494660949707031250e+01
1.476005840301513672e+01
1.457686614990234375e+01
1.439699077606201172e+01
1.422114086151123047e+01
1.404853534698486328e+01
1.387988090515136719e+01
1.371513748168945312e+01
1.355278682708740234e+01
1.339650249481201172e+01
1.324327659606933594e+01
1.309456062316894531e+01
1.295031452178955078e+01
1.280975914001464844e+01
1.267360115051269531e+01
1.254254722595214844e+01
1.241507434844970703e+01
1.229114627838134766e+01
1.217443943023681641e+01
1.206120491027832031e+01
1.195363521575927734e+01
1.185169219970703125e+01
1.175459957122802734e+01
1.166157436370849609e+01
1.157481288909912109e+01
1.149204826354980469e+01
1.141547489166259766e+01
1.134431266784667969e+01
1.127778530120849609e+01
1.121733760833740234e+01
1.116216659545898438e+01
1.111146831512451172e+01
1.106740665435791016e+01
1.102843475341796875e+01
1.099448776245117188e+01
1.096699047088623047e+01
1.094513702392578125e+01
1.092886543273925781e+01
1.091811180114746094e+01
1.091281604766845703e+01
1.091440105438232422e+01
1.091983222961425781e+01
1.093202209472656250e+01
1.094942092895507812e+01
1.097271156311035156e+01
1.100108909606933594e+01
1.103597927093505859e+01
1.107583332061767578e+01
1.112133502960205078e+01
1.117168045043945312e+01
1.122903823852539062e+01
1.129111766815185547e+01
1.135934638977050781e+01
1.143217754364013672e+01
1.151177978515625000e+01
1.159586524963378906e+01
1.168585968017578125e+01
1.178170394897460938e+01
1.188259601593017578e+01
1.198847675323486328e+01
1.209928703308105469e+01
1.221571254730224609e+01
1.233694934844970703e+01
1.246442604064941406e+01
1.259585666656494141e+01
1.273266696929931641e+01
1.287480163574218750e+01
1.302145862579345703e+01
1.317406654357910156e+01
1.333033847808837891e+01
1.349096202850341797e+01
1.365662097930908203e+01
1.382726097106933594e+01
1.400133705139160156e+01
1.418176746368408203e+01
1.436477947235107422e+01
1.455254554748535156e+01
1.474426841735839844e+01
1.494063377380371094e+01
1.514084911346435547e+01
1.534562587738037109e+01
1.555344963073730469e+01
1.576578235626220703e+01
1.598185348510742188e+01
1.620015144348144531e+01
1.642287635803222656e+01
1.665075111389160156e+01
1.687928771972656250e+01
1.711217689514160156e+01
1.734864997863769531e+01
1.758794021606445312e+01
1.783076477050781250e+01
1.807561302185058594e+01
1.832394599914550781e+01
1.857500076293945312e+01
1.882948875427246094e+01
1.908590507507324219e+01
1.934496688842773438e+01
1.960590934753417969e+01
1.986944961547851562e+01
2.013556671142578125e+01
2.040349197387695312e+01
2.067394828796386719e+01
2.094468116760253906e+01
2.121864318847656250e+01
2.149357795715332031e+01
2.176946640014648438e+01
2.204777145385742188e+01
2.232698440551757812e+01
2.260634231567382812e+01
2.288730621337890625e+01
2.316985511779785156e+01
2.345173835754394531e+01
2.373516654968261719e+01
2.401937103271484375e+01
2.430284500122070312e+01
2.458779716491699219e+01
2.487123298645019531e+01
2.515610694885253906e+01
2.544016456604003906e+01
2.572338485717773438e+01
2.600723838806152344e+01
2.628946876525878906e+01
2.657080078125000000e+01
2.685195732116699219e+01
2.713217735290527344e+01
2.741068840026855469e+01
2.768822288513183594e+01
2.796401023864746094e+01
2.823804473876953125e+01
2.851035690307617188e+01
2.878098487854003906e+01
2.904923057556152344e+01
2.931662368774414062e+01
2.958097839355468750e+01
2.984307289123535156e+01
3.010295677185058594e+01
3.036066436767578125e+01
3.061699104309082031e+01
3.086899757385253906e+01
3.111970138549804688e+01
3.136691665649414062e+01
3.161142730712890625e+01
3.185327339172363281e+01
3.209175872802734375e+01
3.232840728759765625e+01
3.256103515625000000e+01
3.279042434692382812e+01
3.301661682128906250e+01
3.323965454101562500e+01
3.345883941650390625e+01
3.367420578002929688e+01
3.388655090332031250e+01
3.409441757202148438e+01
3.429934310913085938e+01
3.449987411499023438e+01
3.469680023193359375e+01
3.488942337036132812e+01
3.507703399658203125e+01
3.526190948486328125e+01
3.544111251831054688e+01
3.561617660522460938e+01
3.578787994384765625e+01
3.595403671264648438e+01
3.611543273925781250e+01
3.627285003662109375e+01
3.642558670043945312e+01
3.657219314575195312e+01
3.671494674682617188e+01
3.685239410400390625e+01
3.698458099365234375e+01
3.711154556274414062e+01
3.723332214355468750e+01
3.734921646118164062e+01
3.746075057983398438e+01
3.756647491455078125e+01
3.766791534423828125e+01
3.776214218139648438e+01
3.785142135620117188e+01
3.793579864501953125e+01
3.801459503173828125e+01
3.808641052246093750e+01
3.815353393554687500e+01
3.821456527709960938e+01
3.827031707763671875e+01
3.831937789916992188e+01
3.836255645751953125e+01
3.840142822265625000e+01
3.843382644653320312e+01
3.846056747436523438e+01
3.848172760009765625e+01
3.849737548828125000e+01
3.850684356689453125e+01
3.851094818115234375e+01
3.850975418090820312e+01
3.850334167480468750e+01
3.848954772949218750e+01
3.847067260742187500e+01
3.844678878784179688e+01
3.841722488403320312e+01
3.838130950927734375e+01
3.833984756469726562e+01
3.829365921020507812e+01
3.824206542968750000e+01
3.818365859985351562e+01
3.812072753906250000e+01
3.805260467529296875e+01
3.797935485839843750e+01
3.790030288696289062e+01
3.781477737426757812e+01
3.772581481933593750e+01
3.763125610351562500e+01
3.752968215942382812e+01
3.742487335205078125e+01
3.731467056274414062e+01
3.719913864135742188e+01
3.707983016967773438e+01
3.695458602905273438e+01
3.682792282104492188e+01
3.669322586059570312e+01
3.655427169799804688e+01
3.641038894653320312e+01
3.626312255859375000e+01
3.611105346679687500e+01
3.595276260375976562e+01
3.579277420043945312e+01
3.562742996215820312e+01
3.545828628540039062e+01
3.528540802001953125e+01
3.510810852050781250e+01
3.492641830444335938e+01
3.474185562133789062e+01
3.455295562744140625e+01
3.436048507690429688e+01
3.416373443603515625e+01
3.396346664428710938e+01
3.375970458984375000e+01
3.355248260498046875e+01
3.334256362915039062e+01
3.312997055053710938e+01
3.291324615478515625e+01
3.269464111328125000e+01
3.247195434570312500e+01
3.224743652343750000e+01
3.201888656616210938e+01
3.178855133056640625e+01
3.155423355102539062e+01
3.131892585754394531e+01
3.107893562316894531e+01
3.083726119995117188e+01
3.059392356872558594e+01
3.034746170043945312e+01
3.009864044189453125e+01
2.984897422790527344e+01
2.959625053405761719e+01
2.934346580505371094e+01
2.908841705322265625e+01
2.883112335205078125e+01
2.857309341430664062e+01
2.831360816955566406e+01
2.805120468139648438e+01
2.778887557983398438e+01
2.752664184570312500e+01
2.726229858398437500e+01
2.699661064147949219e+01
2.673108100891113281e+01
2.646573638916015625e+01
2.619911003112792969e+01
2.593196487426757812e+01
2.566580963134765625e+01
2.539843368530273438e+01
2.513134956359863281e+01
2.486382865905761719e+01
2.459886741638183594e+01
2.433277320861816406e+01
2.406704330444335938e+01
2.380245208740234375e+01
2.353901290893554688e+01
2.327600479125976562e+01
2.301418113708496094e+01
2.275350761413574219e+01
2.249394416809082031e+01
2.223618698120117188e+01
2.198019790649414062e+01
2.172518730163574219e+01
2.147185707092285156e+01
2.122090721130371094e+01
2.097080612182617188e+01
2.072225570678710938e+01
2.047669792175292969e+01
2.023260688781738281e+01
1.999067687988281250e+01
1.975086975097656250e+01
1.951239776611328125e+01
1.927670478820800781e+01
1.904374694824218750e+01
1.881273841857910156e+01
1.858512496948242188e+01
1.835863113403320312e+01
1.813618850708007812e+01
1.791552734375000000e+01
1.769808769226074219e+01
1.748383140563964844e+01
1.727122497558593750e+01
1.706245994567871094e+01
1.685675048828125000e+01
1.665479850769042969e+01
1.645507431030273438e+01
1.625828361511230469e+01
1.606661033630371094e+01
1.587778472900390625e+01
1.569176959991455078e+01
1.551000595092773438e+01
1.533171176910400391e+01
1.515759277343750000e+01
1.498760414123535156e+01
1.481947898864746094e+01
1.465689373016357422e+01
1.449832344055175781e+01
1.434298133850097656e+01
1.419157600402832031e+01
1.404555225372314453e+01
1.390264225006103516e+01
1.376578140258789062e+01
1.363121509552001953e+01
1.350187683105468750e+01
1.337773036956787109e+01
1.325799274444580078e+01
1.314337062835693359e+01
1.303233623504638672e+01
1.292630577087402344e+01
1.282520866394042969e+01
1.272971534729003906e+01
1.263826847076416016e+01
1.255079650878906250e+01
1.246871185302734375e+01
1.239045810699462891e+01
1.231522083282470703e+01
1.224738979339599609e+01
1.218391799926757812e+01
1.212473678588867188e+01
1.207126235961914062e+01
1.202119541168212891e+01
1.197669315338134766e+01
1.193694496154785156e+01
1.190188026428222656e+01
1.187217235565185547e+01
1.184626674652099609e+01
1.182557868957519531e+01
1.180929946899414062e+01
1.179735851287841797e+01
1.179117488861083984e+01
1.178844928741455078e+01
1.179060173034667969e+01
1.179756355285644531e+01
1.180852508544921875e+01
1.182490539550781250e+01
1.184589385986328125e+01
1.187068080902099609e+01
1.189994335174560547e+01
1.193361473083496094e+01
1.197237205505371094e+01
1.201466369628906250e+01
1.206116676330566406e+01
1.211256027221679688e+01
1.216729259490966797e+01
1.222752857208251953e+01
1.229023170471191406e+01
1.235830879211425781e+01
1.242872524261474609e+01
1.250438976287841797e+01
1.258300971984863281e+01
1.266526412963867188e+01
1.275257778167724609e+01
1.284265804290771484e+01
1.293693065643310547e+01
1.303384494781494141e+01
1.313482761383056641e+01
1.323907375335693359e+01
1.334652709960937500e+01
1.345715332031250000e+01
1.357166576385498047e+01
1.368929004669189453e+01
1.380999851226806641e+01
1.393301963806152344e+01
1.405906867980957031e+01
1.418885803222656250e+01
1.432087326049804688e+01
1.445657444000244141e+01
1.459444713592529297e+01
1.473520660400390625e+01
1.487882518768310547e+01
1.502527713775634766e+01
1.517378997802734375e+01
1.532508468627929688e+01
1.547838592529296875e+01
1.563441467285156250e+01
1.579239940643310547e+01
1.595231342315673828e+01
1.611487770080566406e+01
1.627931976318359375e+01
1.644561576843261719e+01
1.661299705505371094e+01
1.678218078613281250e+01
1.695314025878906250e+01
1.712659454345703125e+01
1.730028915405273438e+01
1.747717475891113281e+01
1.765499114990234375e+01
1.783297348022460938e+01
1.801258087158203125e+01
1.819305038452148438e+01
1.837360954284667969e+01
1.855646324157714844e+01
1.873935890197753906e+01
1.892301559448242188e+01
1.910666465759277344e+01
1.929102325439453125e+01
1.947532272338867188e+01
1.966028785705566406e+01
1.984514427185058594e+01
2.002986907958984375e+01
2.021443748474121094e+01
2.039882850646972656e+01
2.058375549316406250e+01
2.076696777343750000e+01
2.094992637634277344e+01
2.113186454772949219e+01
2.131349754333496094e+01
2.149332809448242188e+01
2.167361450195312500e+01
2.185216522216796875e+01
2.202976226806640625e+01
2.220496177673339844e+01
2.238002967834472656e+01
2.255352210998535156e+01
2.272621726989746094e+01
2.289667320251464844e+01
2.306566810607910156e+01
2.323398780822753906e+01
2.340018463134765625e+01
2.356429672241210938e+01
2.372785186767578125e+01
2.388866043090820312e+01
2.404824447631835938e+01
2.420590400695800781e+01
2.436241722106933594e+01
2.451560020446777344e+01
2.466697311401367188e+01
2.481583595275878906e+01
2.496371459960937500e+01
2.510915756225585938e+01
2.525072097778320312e+01
2.539141464233398438e+01
2.552905273437500000e+01
2.566441154479980469e+01
2.579753303527832031e+01
2.592771339416503906e+01
2.605499076843261719e+01
2.618014526367187500e+01
2.630173110961914062e+01
2.642201614379882812e+01
2.653806304931640625e+01
2.665214157104492188e+01
2.676206207275390625e+01
2.686934661865234375e+01
2.697402954101562500e+01
2.707466697692871094e+01
2.717278099060058594e+01
2.726691818237304688e+01
2.735935020446777344e+01
2.744639587402343750e+01
2.753180694580078125e+01
2.761338806152343750e+01
2.769043350219726562e+01
2.776446533203125000e+01
2.783477210998535156e+01
2.790288162231445312e+01
2.796584701538085938e+01
2.802445983886718750e+01
2.808100509643554688e+01
2.813258552551269531e+01
2.818000411987304688e+01
2.822481918334960938e+01
2.826486778259277344e+01
2.830170440673828125e+01
2.833390617370605469e+01
2.836302947998046875e+01
2.838764762878417969e+01
2.840932083129882812e+01
2.842736434936523438e+01
2.844110298156738281e+01
2.845134544372558594e+01
2.845741081237792969e+01
2.846010398864746094e+01
2.845800590515136719e+01
2.845415496826171875e+01
2.844415092468261719e+01
2.843103218078613281e+01
2.841485786437988281e+01
2.839495086669921875e+01
2.837062454223632812e+01
2.834194946289062500e+01
2.831046676635742188e+01
2.827549934387207031e+01
2.823710441589355469e+01
2.819459915161132812e+01
2.814805030822753906e+01
2.809900093078613281e+01
2.804602622985839844e+01
2.798918342590332031e+01
2.792927932739257812e+01
2.786562728881835938e+01
2.779903602600097656e+01
2.772807121276855469e+01
2.765428733825683594e+01
2.757699012756347656e+01
2.749699211120605469e+01
2.741286087036132812e+01
2.732613945007324219e+01
2.723466300964355469e+01
2.714220046997070312e+01
2.704583930969238281e+01
2.694638252258300781e+01
2.684462928771972656e+01
2.673989295959472656e+01
2.663223648071289062e+01
2.652171516418457031e+01
2.640764045715332031e+01
2.629229736328125000e+01
2.617349052429199219e+01
2.605199432373046875e+01
2.592858314514160156e+01
2.580180358886718750e+01
2.567391014099121094e+01
2.554270553588867188e+01
2.540896415710449219e+01
2.527197074890136719e+01
2.513398551940917969e+01
2.499354934692382812e+01
2.485143661499023438e+01
2.470618629455566406e+01
2.455931663513183594e+01
2.441085433959960938e+01
2.425933837890625000e+01
2.410777282714843750e+01
2.395246696472167969e+01
2.379567527770996094e+01
2.363743019104003906e+01
2.347849464416503906e+01
2.331592750549316406e+01
2.315272521972656250e+01
2.298816680908203125e+01
2.282228469848632812e+01
2.265509605407714844e+01
2.248737716674804688e+01
2.231840133666992188e+01
2.214745521545410156e+01
2.197530555725097656e+01
2.180271720886230469e+01
2.162897109985351562e+01
2.145409393310546875e+01
2.127959060668945312e+01
2.110326194763183594e+01
2.092735099792480469e+01
2.074966239929199219e+01
2.057243919372558594e+01
2.039422416687011719e+01
2.021652221679687500e+01
2.003935813903808594e+01
1.986127090454101562e+01
1.968302154541015625e+01
1.950463676452636719e+01
1.932762336730957031e+01
1.914977455139160156e+01
1.897260284423828125e+01
1.879612922668457031e+01
1.861888885498046875e+01
1.844388008117675781e+01
1.826888465881347656e+01
1.809462356567382812e+01
1.792254638671875000e+01
1.775039100646972656e+01
1.757886314392089844e+01
1.740941619873046875e+01
1.723978614807128906e+01
1.707142639160156250e+01
1.690430450439453125e+01
1.673987007141113281e+01
1.657437515258789062e+01
1.641076087951660156e+01
1.624824905395507812e+01
1.608755302429199219e+01
1.592789173126220703e+01
1.576923847198486328e+01
1.561155891418457031e+01
1.545705223083496094e+01
1.530271053314208984e+01
1.515073490142822266e+01
1.500034809112548828e+01
1.485152244567871094e+01
1.470496559143066406e+01
1.455990791320800781e+01
1.441631412506103516e+01
1.427489948272705078e+01
1.413637733459472656e+01
1.399774169921875000e+01
1.386342239379882812e+01
1.372892951965332031e+01
1.359794807434082031e+01
1.346896457672119141e+01
1.334194469451904297e+01
1.321760368347167969e+01
1.309516811370849609e+01
1.297535037994384766e+01
1.285811996459960938e+01
1.274270439147949219e+01
1.262981700897216797e+01
1.252017021179199219e+01
1.241299152374267578e+01
1.230824947357177734e+01
1.220665931701660156e+01
1.210744667053222656e+01
1.201058101654052734e+01
1.191751956939697266e+01
1.182674598693847656e+01
1.173823165893554688e+01
1.165417480468750000e+01
1.157231712341308594e+01
1.149262332916259766e+01
1.141726493835449219e+01
1.134469318389892578e+01
1.127558803558349609e+01
1.120840072631835938e+01
1.114529800415039062e+01
1.108473014831542969e+01
1.102663612365722656e+01
1.097243976593017578e+01
1.092059326171875000e+01
1.087177944183349609e+01
1.082667827606201172e+01
1.078448772430419922e+01
1.074514675140380859e+01
1.070859622955322266e+01
1.067551898956298828e+01
1.064436817169189453e+01
1.061657428741455078e+01
1.059207630157470703e+01
1.057081699371337891e+01
1.055199623107910156e+01
1.053629970550537109e+01
1.052367115020751953e+01
1.051405334472656250e+01
1.050739192962646484e+01
1.050363159179687500e+01
1.050271701812744141e+01
1.050385093688964844e+01
1.050920867919921875e+01
1.051650810241699219e+01
1.052643966674804688e+01
1.053969383239746094e+01
1.055547523498535156e+01
1.057447433471679688e+01
1.059515666961669922e+01
1.061895465850830078e+01
1.064581966400146484e+01
1.067421531677246094e+01
1.070631980895996094e+01
1.074059867858886719e+01
1.077700138092041016e+01
1.081622409820556641e+01
1.085896015167236328e+01
1.090293216705322266e+01
1.095032024383544922e+01
1.099884796142578125e+01
1.105069732666015625e+01
1.110507583618164062e+01
1.116044902801513672e+01
1.121900177001953125e+01
1.127994346618652344e+01
1.134250068664550781e+01
1.140738964080810547e+01
1.147458267211914062e+01
1.154330921173095703e+01
1.161502742767333984e+01
1.168747997283935547e+01
1.176286888122558594e+01
1.183967971801757812e+01
1.191937160491943359e+01
1.199894332885742188e+01
1.208133983612060547e+01
1.216578865051269531e+01
1.225152111053466797e+01
1.233924865722656250e+01
1.242894554138183594e+01
1.251983928680419922e+01
1.261264514923095703e+01
1.270659065246582031e+01
1.280164718627929688e+01
1.289927387237548828e+01
1.299795532226562500e+01
1.309766197204589844e+01
1.319836711883544922e+01
1.330004119873046875e+01
1.340340042114257812e+01
1.350767135620117188e+01
1.361282920837402344e+01
1.371958541870117188e+01
1.382717323303222656e+01
1.393481636047363281e+01
1.404397964477539062e+01
1.415389156341552734e+01
1.426377964019775391e+01
1.437436103820800781e+01
1.448635578155517578e+01
1.459750366210937500e+01
1.471001434326171875e+01
1.482311439514160156e+01
1.493529415130615234e+01
1.504801559448242188e+01
1.516125392913818359e+01
1.527349853515625000e+01
1.538621330261230469e+01
1.549937438964843750e+01
1.561221504211425781e+01
1.572396945953369141e+01
1.583610439300537109e+01
1.594710636138916016e+01
1.605844306945800781e+01
1.616861534118652344e+01
1.627838516235351562e+01
1.638778495788574219e+01
1.649609756469726562e+01
1.660409736633300781e+01
1.671107101440429688e+01
1.681778907775878906e+01
1.692354202270507812e+01
1.702761459350585938e+01
1.713226699829101562e+01
1.723529815673828125e+01
1.733748245239257812e+01
1.743884849548339844e+01
1.754016876220703125e+01
1.763998603820800781e+01
1.773833274841308594e+01
1.783597564697265625e+01
1.793294715881347656e+01
1.802779006958007812e+01
1.812201499938964844e+01
1.821565246582031250e+01
1.830723953247070312e+01
1.839755058288574219e+01
1.848735237121582031e+01
1.857592773437500000e+01
1.866255760192871094e+01
1.874726867675781250e+01
1.883157348632812500e+01
1.891400527954101562e+01
1.899458885192871094e+01
1.907409095764160156e+01
1.915253448486328125e+01
1.922845077514648438e+01
1.930335235595703125e+01
1.937651443481445312e+01
1.944721412658691406e+01
1.951695632934570312e+01
1.958502006530761719e+01
1.964993667602539062e+01
1.971321105957031250e+01
1.977560234069824219e+01
1.983564758300781250e+01
1.989261436462402344e+01
1.994875717163085938e+01
2.000185585021972656e+01
2.005267524719238281e+01
2.010197448730468750e+01
2.014902687072753906e+01
2.019310569763183594e+01
2.023496818542480469e+01
2.027464103698730469e+01
2.031142044067382812e+01
2.034684371948242188e+01
2.038021659851074219e+01
2.041010093688964844e+01
2.043728828430175781e+01
2.046257400512695312e+01
2.048600387573242188e+01
2.050539970397949219e+01
2.052378654479980469e+01
2.053897857666015625e+01
2.055251884460449219e+01
2.056296920776367188e+01
2.057186508178710938e+01
2.057702827453613281e+01
2.058074188232421875e+01
2.058008003234863281e+01
2.057955741882324219e+01
2.057550621032714844e+01
2.057020950317382812e+01
2.056371879577636719e+01
2.055237197875976562e+01
2.053993225097656250e+01
2.052422332763671875e+01
2.050753021240234375e+01
2.048618698120117188e+01
2.046395874023437500e+01
2.043941116333007812e+01
2.041185569763183594e+01
2.038356971740722656e+01
2.035237503051757812e+01
2.031906700134277344e+01
2.028220939636230469e+01
2.024481964111328125e+01
2.020546722412109375e+01
2.016271209716796875e+01
2.011882972717285156e+01
2.007238388061523438e+01
2.002416419982910156e+01
1.997347450256347656e+01
1.992110252380371094e+01
1.986709403991699219e+01
1.981075096130371094e+01
1.975285911560058594e+01
1.969346237182617188e+01
1.963111495971679688e+01
1.956734466552734375e+01
1.950145149230957031e+01
1.943421745300292969e+01
1.936568260192871094e+01
1.929513740539550781e+01
1.922186851501464844e+01
1.914738655090332031e+01
1.907097053527832031e+01
1.899338722229003906e+01
1.891391754150390625e+01
1.883332633972167969e+01
1.875163078308105469e+01
1.866662979125976562e+01
1.858056831359863281e+01
1.849346923828125000e+01
1.840386390686035156e+01
1.831326103210449219e+01
1.822167968750000000e+01
1.812839508056640625e+01
1.803342819213867188e+01
1.793754005432128906e+01
1.784000778198242188e+01
1.774085235595703125e+01
1.764083480834960938e+01
1.753849029541015625e+01
1.743606567382812500e+01
1.733209991455078125e+01
1.722735404968261719e+01
1.712036323547363281e+01
1.701337814331054688e+01
1.690419387817382812e+01
1.679505920410156250e+01
1.668451499938964844e+01
1.657332611083984375e+01
1.646077346801757812e+01
1.634688186645507812e+01
1.623316192626953125e+01
1.611815452575683594e+01
1.600337409973144531e+01
1.588587284088134766e+01
1.576939392089843750e+01
1.565247821807861328e+01
1.553441333770751953e+01
1.541596984863281250e+01
1.529717731475830078e+01
1.517806529998779297e+01
1.506014919281005859e+01
1.493974304199218750e+01
1.481985092163085938e+01
1.470050239562988281e+01
1.458098602294921875e+01
1.446133136749267578e+01
1.434231090545654297e+01
1.422247028350830078e+01
1.410406303405761719e+01
1.398410987854003906e+01
1.386557292938232422e+01
1.374843978881835938e+01
1.363121318817138672e+01
1.351387977600097656e+01
1.339716815948486328e+01
1.328032493591308594e+01
1.316407489776611328e+01
1.304914855957031250e+01
1.293404483795166016e+01
1.282023239135742188e+01
1.270695209503173828e+01
1.259344291687011719e+01
1.248117351531982422e+01
1.236938285827636719e+01
1.225879192352294922e+01
1.214864063262939453e+01
1.203964805603027344e+01
1.193105220794677734e+01
1.182283020019531250e+01
1.171570205688476562e+01
1.160890197753906250e+01
1.150463676452636719e+01
1.139990711212158203e+01
1.129543590545654297e+01
1.119342422485351562e+01
1.109087657928466797e+01
1.099073982238769531e+01
1.089075946807861328e+01
1.079091167449951172e+01
1.069339942932128906e+01
1.059745407104492188e+01
1.050156688690185547e+01
1.040719795227050781e+01
1.031432533264160156e+01
1.022143745422363281e+01
1.013074111938476562e+01
1.004147243499755859e+01
9.952863693237304688e+00
9.866383552551269531e+00
9.779781341552734375e+00
9.695266723632812500e+00
9.612822532653808594e+00
9.530200004577636719e+00
9.450359344482421875e+00
9.371051788330078125e+00
9.293752670288085938e+00
9.217702865600585938e+00
9.142150878906250000e+00
9.070051193237304688e+00
8.998396873474121094e+00
8.929379463195800781e+00
8.860734939575195312e+00
8.794653892517089844e+00
8.728129386901855469e+00
8.664100646972656250e+00
8.602535247802734375e+00
8.542656898498535156e+00
8.485177040100097656e+00
8.429321289062500000e+00
8.373575210571289062e+00
8.320138931274414062e+00
8.268980026245117188e+00
8.218587875366210938e+00
8.170416831970214844e+00
8.123699188232421875e+00
8.079147338867187500e+00
8.035990715026855469e+00
7.994945526123046875e+00
7.955982685089111328e+00
7.917587757110595703e+00
7.881219387054443359e+00
7.847590446472167969e+00
7.814441204071044922e+00
7.783973693847656250e+00
7.754668712615966797e+00
7.728724002838134766e+00
7.703879356384277344e+00
7.680101394653320312e+00
7.658098697662353516e+00
7.637838363647460938e+00
7.620026588439941406e+00
7.603140354156494141e+00
7.588629722595214844e+00
7.574969291687011719e+00
7.564350605010986328e+00
7.554502964019775391e+00
7.546872138977050781e+00
7.540673255920410156e+00
7.535864830017089844e+00
7.533146381378173828e+00
7.531731605529785156e+00
7.532319068908691406e+00
7.533377647399902344e+00
7.537092685699462891e+00
7.542674541473388672e+00
7.550077915191650391e+00
7.557772159576416016e+00
7.567196846008300781e+00
7.577565193176269531e+00
7.588836669921875000e+00
7.600973606109619141e+00
7.615421772003173828e+00
7.631923198699951172e+00
7.648655414581298828e+00
7.666697978973388672e+00
7.685866832733154297e+00
7.706275463104248047e+00
7.727965831756591797e+00
7.750757217407226562e+00
7.774543285369873047e+00
7.799593448638916016e+00
7.825804710388183594e+00
7.852852344512939453e+00
7.880859375000000000e+00
7.909803390502929688e+00
7.939809322357177734e+00
7.970707893371582031e+00
8.002407073974609375e+00
8.035109519958496094e+00
8.068577766418457031e+00
8.102869033813476562e+00
8.138045310974121094e+00
8.174020767211914062e+00
8.210709571838378906e+00
8.248322486877441406e+00
8.286556243896484375e+00
8.325624465942382812e+00
8.365370750427246094e+00
8.405789375305175781e+00
8.446950912475585938e+00
8.488771438598632812e+00
8.531174659729003906e+00
8.574304580688476562e+00
8.618005752563476562e+00
8.662423133850097656e+00
8.707328796386718750e+00
8.752792358398437500e+00
8.798805236816406250e+00
8.845288276672363281e+00
8.892308235168457031e+00
8.939782142639160156e+00
8.987626075744628906e+00
9.036052703857421875e+00
9.084753036499023438e+00
9.133712768554687500e+00
9.182991027832031250e+00
9.232647895812988281e+00
9.282515525817871094e+00
9.332505226135253906e+00
9.382622718811035156e+00
9.432953834533691406e+00
9.483357429504394531e+00
9.533987045288085938e+00
9.584774971008300781e+00
9.635647773742675781e+00
9.686387062072753906e+00
9.737062454223632812e+00
9.787898063659667969e+00
9.838668823242187500e+00
9.889440536499023438e+00
9.940062522888183594e+00
9.990526199340820312e+00
1.004082489013671875e+01
1.009087371826171875e+01
1.014066505432128906e+01
1.019018936157226562e+01
1.023951053619384766e+01
1.028824710845947266e+01
1.033668422698974609e+01
1.038459110260009766e+01
1.043210601806640625e+01
1.047877311706542969e+01
1.052480888366699219e+01
1.057102108001708984e+01
1.061621570587158203e+01
1.066060829162597656e+01
1.070345401763916016e+01
1.074697875976562500e+01
1.078895092010498047e+01
1.083011627197265625e+01
1.087047767639160156e+01
1.090929412841796875e+01
1.094806003570556641e+01
1.098678398132324219e+01
1.102250289916992188e+01
1.105820274353027344e+01
1.109315490722656250e+01
1.112588977813720703e+01
1.115865612030029297e+01
1.118998813629150391e+01
1.121990871429443359e+01
1.124918556213378906e+01
1.127710151672363281e+01
1.130442905426025391e+01
1.133045387268066406e+01
1.135520553588867188e+01
1.137871932983398438e+01
1.140102481842041016e+01
1.142290496826171875e+01
1.144441223144531250e+01
1.146337509155273438e+01
1.148133850097656250e+01
1.149761676788330078e+01
1.151375389099121094e+01
1.152980613708496094e+01
1.154360103607177734e+01
1.155742263793945312e+01
1.156909847259521484e+01
1.158090686798095703e+01
1.159141540527343750e+01
1.160141563415527344e+01
1.161169815063476562e+01
1.162007808685302734e+01
1.162734127044677734e+01
1.163427162170410156e+01
1.164016246795654297e+01
1.164505004882812500e+01
1.164970684051513672e+01
1.165416240692138672e+01
1.165695762634277344e+01
1.165960025787353516e+01
1.166062259674072266e+01
1.166152858734130859e+01
1.166158676147460938e+01
1.166080951690673828e+01
1.165845966339111328e+01
1.165528488159179688e+01
1.165128707885742188e+01
1.164646625518798828e+01
1.164156150817871094e+01
1.163433837890625000e+01
1.162776184082031250e+01
1.161885166168212891e+01
1.160982418060302734e+01
1.159918498992919922e+01
1.158691787719726562e+01
1.157375335693359375e+01
1.155967903137207031e+01
1.154468059539794922e+01
1.152799987792968750e+01
1.151036739349365234e+01
1.149102878570556641e+01
1.147071361541748047e+01
1.144941616058349609e+01
1.142563819885253906e+01
1.140086078643798828e+01
1.137508106231689453e+01
1.134681224822998047e+01
0.000000000000000000e+00
0.000000000000000000e+00
0.000000000000000000e+00
0.000000000000000000e+00
0.000000000000000000e+00
0.000000000000000000e+00
0.000000000000000000e+00
0.000000000000000000e+00
0.000000000000000000e+00
0.000000000000000000e+00
0.000000000000000000e+00
0.000000000000000000e+00
0.000000000000000000e+00
0.000000000000000000e+00
0.000000000000000000e+00
0.000000000000000000e+00
0.000000000000000000e+00
0.000000000000000000e+00
0.000000000000000000e+00
0.000000000000000000e+00
0.000000000000000000e+00
0.000000000000000000e+00
0.000000000000000000e+00
0.000000000000000000e+00
0.000000000000000000e+00
0.000000000000000000e+00
0.000000000000000000e+00
0.000000000000000000e+00
0.000000000000000000e+00
0.000000000000000000e+00
0.000000000000000000e+00
0.000000000000000000e+00
0.000000000000000000e+00
0.000000000000000000e+00
0.000000000000000000e+00
0.000000000000000000e+00
0.000000000000000000e+00
0.000000000000000000e+00
0.000000000000000000e+00
0.000000000000000000e+00
0.000000000000000000e+00
0.000000000000000000e+00
0.000000000000000000e+00
0.000000000000000000e+00
0.000000000000000000e+00
0.000000000000000000e+00
0.000000000000000000e+00
0.000000000000000000e+00
0.000000000000000000e+00
0.000000000000000000e+00
0.000000000000000000e+00
0.000000000000000000e+00
0.000000000000000000e+00
0.000000000000000000e+00
0.000000000000000000e+00
0.000000000000000000e+00
0.000000000000000000e+00
0.000000000000000000e+00
0.000000000000000000e+00
0.000000000000000000e+00
0.000000000000000000e+00
0.000000000000000000e+00
0.000000000000000000e+00
0.000000000000000000e+00
0.000000000000000000e+00
0.000000000000000000e+00
0.000000000000000000e+00
0.000000000000000000e+00
0.000000000000000000e+00
0.000000000000000000e+00
0.000000000000000000e+00
0.000000000000000000e+00
0.000000000000000000e+00
0.000000000000000000e+00
0.000000000000000000e+00
0.000000000000000000e+00
0.000000000000000000e+00
0.000000000000000000e+00
0.000000000000000000e+00
0.000000000000000000e+00
0.000000000000000000e+00
0.000000000000000000e+00
0.000000000000000000e+00
0.000000000000000000e+00
0.000000000000000000e+00
0.000000000000000000e+00
0.000000000000000000e+00
0.000000000000000000e+00
0.000000000000000000e+00
0.000000000000000000e+00
0.000000000000000000e+00
0.000000000000000000e+00
0.000000000000000000e+00
0.000000000000000000e+00
0.000000000000000000e+00
0.000000000000000000e+00
0.000000000000000000e+00
0.000000000000000000e+00
0.000000000000000000e+00
0.000000000000000000e+00
