# pe
-2.178473916870761876e-11
-2.993222535470702010e-11
-3.082892730820350843e-11
-2.606236869738994689e-11
-1.797626749015395554e-11
-8.929214700919891851e-12
-8.051408598302022083e-13
5.082602237648730397e-12
8.017230257539713218e-12
8.031220785340311628e-12
5.909288714082219423e-12
2.729418706426224364e-12
-5.143135753850848874e-13
-3.309407535262020367e-12
-5.272646488812675600e-12
-6.056374332283367747e-12
-5.473770514957286930e-12
-3.945796117626880165e-12
-2.065917654359663095e-12
-5.098417408141730068e-13
1.967272403877276875e-13
2.103339403618892419e-13
-1.758919153166850530e-13
-8.047293369740949510e-13
-1.567273341120055131e-12
-2.411974233097638447e-12
-3.247726024842978727e-12
-3.767842265831100676e-12
-3.692431137414186978e-12
-3.064359810914167511e-12
-2.061711953174103674e-12
-1.080678223151851098e-12
-4.934998269020503898e-13
-3.585131667516971021e-13
-5.996362059707338375e-13
-9.170179553285358386e-13
-1.036694216073202451e-12
-1.012016903868296595e-12
-9.781669629812459707e-13
-1.039639387795024639e-12
-1.178185373154788060e-12
-1.344870164021238256e-12
-1.490759005355077044e-12
-1.566917142117005439e-12
-1.539461418664829878e-12
-1.434715076944774881e-12
-1.294052958300169990e-12
-1.158849904074344142e-12
-1.070480755610626273e-12
-1.057893835451823096e-12
-1.100331390938647373e-12
-1.164609150611289842e-12
-1.217542843009940232e-12
-1.225948196674788880e-12
-1.166077789741956880e-12
-1.051931598731287357e-12
-9.069464497585552064e-13
-7.545591689395347176e-13
-6.182065823899999777e-13
-5.178917513683707258e-13
-4.598826777036456731e-13
-4.470135983674692837e-13
-4.821187503314856177e-13
-5.680323705673388361e-13
-7.022848892827906144e-13
-8.611915096300721801e-13
-1.015763627997532477e-12
-1.137012640773520752e-12
-1.195949944346385646e-12
-1.172845953372180976e-12
-1.085007155577778440e-12
-9.589990569577561224e-13
-8.213871635066901899e-13
-6.987369812191577182e-13
-6.120052059529697553e-13
-5.597132930188717255e-13
-5.347738875908434293e-13
-5.300996348428641627e-13
-5.386031799489135244e-13
-5.534021766239917091e-13
-5.684343127471815980e-13
-5.778422847385866683e-13
-5.757687890183102961e-13
-5.563565220064561607e-13
-5.160203791818601259e-13
-4.602640522582876029e-13
-3.968634320082361878e-13
-3.335944092042039310e-13
-2.782328746186882770e-13
-2.370453110984535285e-13
-2.102605697873297547e-13
-1.965980939034126207e-13
-1.947773266647990032e-13
-2.035177112895844664e-13
-2.215386909958655336e-13
-2.475597090017386777e-13
-2.803002085252996647e-13
-3.184796327846451696e-13
-3.608174249978707059e-13
-4.060330283830732514e-13
-4.528458861583484711e-13
-4.999754415417929390e-13
-5.461411377515026735e-13
-5.900624180055739961e-13
-6.304587255221031272e-13
-6.660495035191861862e-13
-6.955541952149193937e-13
-7.176922438273990710e-13
-7.311830925747213376e-13
-7.350932399961201910e-13
-7.298774059153809389e-13
-7.163373654774265652e-13
-6.952748938271799525e-13
-6.674917661095641857e-13
-6.337897574695022485e-13
-5.949706430519172256e-13
-5.518361980017318990e-13
-5.051881974638694543e-13
-4.558284165832527743e-13
-4.045586305048049438e-13
-3.521806143734488961e-13
-2.994961433341076149e-13
-2.473069925317041345e-13
-1.964149371111615649e-13
-1.476217522174027637e-13
-1.017292129953506641e-13
-5.953909458992846458e-14
-2.185317214605894369e-14
1.052677919133471123e-14
3.699803526431846169e-14
5.775407586291320797e-14
7.318743176412904648e-14
8.369063374497561453e-14
8.965621258246297857e-14
9.147669905360091473e-14
8.954462393539928753e-14
8.425251800486804979e-14
7.599291203901699030e-14
6.515833681485603666e-14
5.214132310939499025e-14
3.733440169964389229e-14
2.113010336261243055e-14
3.920958875310545274e-15
-1.390050098525183594e-14
-3.194174544206488015e-14
-4.981024371811874178e-14
-6.711346503640348692e-14
-8.345887861990929526e-14
-9.845395369162623918e-14
-1.117846509386023184e-13
-1.234508969041168755e-13
-1.335311095955070670e-13
-1.421037070201100619e-13
-1.492471071852630291e-13
-1.550397280983031883e-13
-1.595599877665676579e-13
-1.628863041973936322e-13
-1.650970953981182802e-13
-1.662707793760787961e-13
-1.664857741386123490e-13
-1.658204976930561079e-13
-1.643533680467472166e-13
-1.621628032070228945e-13
-1.593272211812202855e-13
-1.559250399766765838e-13
-1.520346776007289331e-13
-1.477345520607145531e-13
-1.431030813639705873e-13
-1.382186835178342302e-13
-1.331597765296426254e-13
-1.280047784067329673e-13
-1.228321071564424248e-13
-1.177201807861081923e-13
-1.127474173030674008e-13
-1.079771040248681665e-13
-1.034120055099021543e-13
-9.903975562677200157e-14
-9.484798824408024452e-14
-9.082433723042954571e-14
-8.695643645442245407e-14
-8.323191978466159426e-14
-7.963842108974955309e-14
-7.616357423828892996e-14
-7.279501309888232430e-14
-6.952037154013231028e-14
-6.632728343064152520e-14
-6.320338263901254321e-14
-6.013630303384795112e-14
-5.711367848375037360e-14
-5.412314285732238481e-14
-5.115233002316659049e-14
-4.818887384988559005e-14
-4.522040820608198292e-14
-4.223456696035836220e-14
-3.921898398131731469e-14
-3.616129313756145243e-14
-3.304912829769336853e-14
-2.987012333031565609e-14
-2.661191210403091769e-14
-2.326508360230820693e-14
-1.983204726808239725e-14
-1.631816765915483207e-14
-1.272880933332683901e-14
-9.069336848399752013e-15
-5.345114762174922378e-15
-1.561507632453661756e-15
2.276119982962672047e-15
6.162403526272755546e-15
1.009197843967526052e-14
1.405948016536883527e-14
1.805954414555214903e-14
2.208680582242387100e-14
2.613590063818267513e-14
3.020146403502719278e-14
3.427813145515613417e-14
3.836053834076813066e-14
4.244332013406185147e-14
4.652111227723596580e-14
5.058855021248914919e-14
5.464026938202005191e-14
5.867090522802733688e-14
6.267509319270967962e-14
6.664746871826573040e-14
7.058266724689418370e-14
7.447532422079367085e-14
7.832007508216287370e-14
8.211155527320044883e-14
8.584440023610506547e-14
8.951324541307536759e-14
9.311272624631006227e-14
9.663747817800778085e-14
1.000821366503672178e-13
1.034413371055869918e-13
1.067097149858657974e-13
1.098819057334023164e-13
1.129525447903951801e-13
1.159162675990430704e-13
1.187677096015446186e-13
1.215015062400985697e-13
1.241122929569035045e-13
1.265947051941581302e-13
1.289433783940610780e-13
1.311529479988110550e-13
1.332180494506066927e-13
1.351333181916466980e-13
1.368933896641297023e-13
1.384928993102543370e-13
1.399264825722193344e-13
1.411887748922233259e-13
1.422756062937846466e-13
1.431875851257003208e-13
1.439265143180870768e-13
1.444941968010615417e-13
1.448924355047404436e-13
1.451230333592405107e-13
1.451877932946783702e-13
1.450885182411707755e-13
1.448270111288344043e-13
1.444050748877859342e-13
1.438245124481420682e-13
1.430871267400195091e-13
1.421947206935349346e-13
1.411490972388050730e-13
1.399520593059465765e-13
1.386054098250761734e-13
1.371109517263105414e-13
1.354704879397663580e-13
1.336858213955603516e-13
1.317587550238092249e-13
1.296910917546296304e-13
1.274846345181382963e-13
1.251411862444518750e-13
1.226625498636870946e-13
1.200505283059606581e-13
1.173069245013892431e-13
1.144335413800895273e-13
1.114321818721782641e-13
1.083046489077720807e-13
1.050527454169877053e-13
1.016782743299418154e-13
9.818303857675112674e-14
9.456884108753232949e-14
9.083748479240211397e-14
8.699077262147714522e-14
8.303050750487417666e-14
7.895849237270986070e-14
7.477653015510091288e-14
7.048642378216401088e-14
6.608997618401585760e-14
6.158899029077314333e-14
5.698526903255255837e-14
5.228061533947081826e-14
4.747683214164460066e-14
4.257572236919058956e-14
3.757908895222550679e-14
3.248873482086602373e-14
2.730646290522884643e-14
2.203407613543066835e-14
1.667337744158817978e-14
1.122877482721810209e-14
5.715096589437210006e-15
1.497760987623282714e-16
-5.449753274289753085e-15
-1.106605815920222194e-14
-1.668170518545826146e-14
-2.227926098254107686e-14
-2.784129217993384498e-14
-3.335036540711977422e-14
-3.878904729358206351e-14
-4.413990446880389914e-14
-4.938550356226844848e-14
-5.450841120345891678e-14
-5.949119402185853452e-14
-6.431641864695043119e-14
-6.896665170821787514e-14
-7.342445983514400851e-14
-7.767240965721201128e-14
-8.169306780390511394e-14
-8.546900090470650909e-14
-8.898277558909935150e-14
-9.221695848656685900e-14
-9.515411622659223685e-14
-9.777681543865863980e-14
-1.000676227522493109e-13
-1.020091047968473924e-13
-1.035838282019361020e-13
-1.047743595969986577e-13
-1.055632656115182015e-13
-1.059331128749779892e-13
-1.058664680168611630e-13
-1.053458976666509027e-13
-1.043539684538304390e-13
-1.028732470078829390e-13
-1.008862999582916587e-13
-9.837569393453968960e-14
-9.532399556611030007e-14
-9.171377148248661960e-14
-8.752758831315194179e-14
-8.274801268758937091e-14
-7.735761123528217530e-14
-7.133895058571344660e-14
-6.467459736836642790e-14
-5.734711821272433708e-14
-4.933907974827029732e-14
-4.063304860448760221e-14
-3.121159141085940651e-14
-2.105727479686883971e-14
-1.015266539199918278e-14
1.519670174266448172e-15
1.396215885388992901e-14
2.711720192461384646e-14
4.091219424562578552e-14
5.527453067611350237e-14
7.013160607526458909e-14
8.541081530226666933e-14
1.010395532163075056e-13
1.169452146765746331e-13
1.330551945422557766e-13
1.492968876725387237e-13
1.655976889266108962e-13
1.818849931636600692e-13
1.980861952428738662e-13
2.141286900234400372e-13
2.299398723645461301e-13
2.454471371253799200e-13
2.605778791651290557e-13
2.752594933429809338e-13
2.894193745181235061e-13
3.029849175497443709e-13
3.158835172970312276e-13
3.280425686191716242e-13
3.393894663753532095e-13
3.498516054247637334e-13
3.593563806265907943e-13
3.678311868400220916e-13
3.752034189242452741e-13
3.814004717384480918e-13
3.863497401418179915e-13
3.899786189935427737e-13
3.922145031528101881e-13
3.929847874788074799e-13
3.922168668307228027e-13
3.898381360677436539e-13
3.857759900490576825e-13
3.799578236338524364e-13
3.723110316813157159e-13
3.627630090506350185e-13
3.512411506009982454e-13
3.376728511915927932e-13
3.219855056816067146e-13
3.041065089302272041e-13
2.839632557966421126e-13
2.614831411400390890e-13
2.365935598196056811e-13
2.092219066945299418e-13
1.792955766239992675e-13
1.467419644672011304e-13
1.114884650833235580e-13
7.346247333155384589e-14
3.262464168745012352e-14
-1.093134690794965840e-14
-5.707855189723674667e-14
-1.056900327230031075e-13
-1.566388488278401077e-13
-2.097980596543390698e-13
-2.650407246450920735e-13
-3.222399032426905172e-13
-3.812686548897259001e-13
-4.420000390287901253e-13
-5.043071151024742377e-13
-5.680629425533703424e-13
-6.331405808240696357e-13
-6.994130893571640712e-13
-7.667535275952447948e-13
-8.350349549809040630e-13
-9.041304309567328196e-13
-9.739130149653231194e-13
-1.044255766449265805e-12
-1.115031744851153436e-12
-1.186114009613576856e-12
-1.257375620179128320e-12
-1.328689635990399278e-12
-1.399929116489980371e-12
-1.470967121120464461e-12
-1.541676709324442391e-12
-1.611930940544505811e-12
-1.681602874223246777e-12
-1.750565569803256130e-12
-1.818692086727126129e-12
-1.885855484437448221e-12
-1.951928822376813451e-12
-2.016785159987814884e-12
-2.080297556713041746e-12
-2.142339071995087709e-12
-2.202782765276544019e-12
-2.261501696000000711e-12
-2.318368923608051455e-12
-2.373257507543286287e-12
-2.426040507248297664e-12
-2.476590982165677642e-12
-2.524781991738015852e-12
-2.570486595407905963e-12
-2.613577852617938011e-12
-2.653928822810704859e-12
-2.691412565428798157e-12
-2.725902139914807132e-12
-2.757270605711326667e-12
-2.785391022260945988e-12
-2.810136449006257958e-12
-2.831414754249311892e-12
-2.849273041729989780e-12
-2.863793224047633298e-12
-2.875057213801582907e-12
-2.883146923591177859e-12
-2.888144266015760635e-12
-2.890131153674671296e-12
-2.889189499167249898e-12
-2.885401215092838118e-12
-2.878848214050776417e-12
-2.869612408640404450e-12
-2.857775711461063892e-12
-2.843420035112095206e-12
-2.826627292192839258e-12
-2.807479395302635703e-12
-2.786058257040826215e-12
-2.762445790006752065e-12
-2.736723906799751696e-12
-2.708974520019167994e-12
-2.679279542264340210e-12
-2.647720886134610019e-12
-2.614380464229317883e-12
-2.579340189147803457e-12
-2.542681973489408819e-12
-2.504487729853473221e-12
-2.464839370839338336e-12
-2.423818809046345436e-12
-2.381507957073833771e-12
-2.337988727521144208e-12
-2.293343032987618017e-12
-2.247652786072595662e-12
-2.200999899375418411e-12
-2.153466285495425921e-12
-2.105133857031958655e-12
-2.056084526584358285e-12
-2.006400206751965680e-12
-1.956162810134120090e-12
-1.905454249330163189e-12
-1.854356436939435845e-12
-1.802951285561278115e-12
-1.751320707795030463e-12
-1.699546616240034562e-12
-1.647710923495630069e-12
-1.595895542161158253e-12
-1.544182384835959778e-12
-1.492653364119374705e-12
-1.441390392610744504e-12
-1.390475382909409236e-12
-1.339990247614709968e-12
-1.290016899325987163e-12
-1.240620393665075899e-12
-1.191798358343787689e-12
-1.143531564096429470e-12
-1.095800781657306967e-12
-1.048586781760726107e-12
-1.001870335140993827e-12
-9.556322125324160522e-13
-9.098531846692989127e-13
-8.645140222859485367e-13
-8.195954961166717599e-13
-7.750783768957738023e-13
-7.309434353575616003e-13
-6.871714422363408790e-13
-6.437431682664184737e-13
-6.006393841821001093e-13
-5.578408607176922176e-13
-5.153283686075008262e-13
-4.730826785858324679e-13
-4.310845613869928674e-13
-3.893147877452887089e-13
-3.477541283950259696e-13
-3.063833540705111318e-13
-2.651832355060499706e-13
-2.241345434359490441e-13
-1.832180485945143799e-13
-1.424145217160522836e-13
-1.017047335348690227e-13
-6.106945478527070068e-14
-2.048945620156370192e-14
2.005449148194599317e-14
6.058161753095203181e-14
1.011111512111483641e-13
1.416623217882284323e-13
1.822543585278862968e-13
2.229064906958156522e-13
2.636379475577102184e-13
3.044679583792639171e-13
3.454157524261706448e-13
3.865005589641238183e-13
4.277416072588174604e-13
4.691581265759452909e-13
5.107693461812011305e-13
5.525944953402788001e-13
5.946528033188720698e-13
6.369634993826745081e-13
6.795458127973803900e-13
7.224189728286828801e-13
7.656022087422762535e-13
8.091147498038539775e-13
8.529758252791101254e-13
8.971980944045442868e-13
9.417679362998808438e-13
9.866651600556500987e-13
1.031869574762382556e-12
1.077360989510608215e-12
1.123119213390857479e-12
1.169124055493660550e-12
1.215355324909547831e-12
1.261792830729049725e-12
1.308416382042696434e-12
1.355205787941018361e-12
1.402140857514545910e-12
1.449201399853809079e-12
1.496367224049338274e-12
1.543618139191664097e-12
1.590933954371316550e-12
1.638294478678826440e-12
1.685679521204722957e-12
1.733068891039537516e-12
1.780442397273800116e-12
1.827779848998040756e-12
1.875061055302790445e-12
1.922265825278578578e-12
1.969373968015936364e-12
2.016365292605393401e-12
2.063219608137480091e-12
2.109916723702727241e-12
2.156436448391664448e-12
2.202758591294822921e-12
2.248862961502732258e-12
2.294729368105922861e-12
2.340337620194925537e-12
2.385667526860270286e-12
2.430698897192487108e-12
2.475411540282106001e-12
2.519785265219658582e-12
2.563799881095674849e-12
2.607435197000683994e-12
2.650671022025217229e-12
2.693487165259803744e-12
2.735863435794975964e-12
2.777779642721262675e-12
2.819215595129194281e-12
2.860151102109301590e-12
2.900565972752115004e-12
2.940440016148164119e-12
2.979753041387978936e-12
3.018484857562091472e-12
3.056615273761030919e-12
3.094124099075327278e-12
3.130994639366995536e-12
3.167224187583983371e-12
3.202813533445725067e-12
3.237763466671653288e-12
3.272074776981199895e-12
3.305748254093798362e-12
3.338784687728882164e-12
3.371184867605883160e-12
3.402949583444234420e-12
3.434079624963369015e-12
3.464575781882720017e-12
3.494438843921720091e-12
3.523669600799801904e-12
3.552268842236397720e-12
3.580237357950941821e-12
3.607575937662866066e-12
3.634285371091603930e-12
3.660366447956586867e-12
3.685819957977249565e-12
3.710646690873023477e-12
3.734847436363342483e-12
3.758422984167638846e-12
3.781374124005345636e-12
3.803701645595895116e-12
3.825406338658721166e-12
3.846488992913256046e-12
3.866950398078932022e-12
3.886791343875182971e-12
3.906012620021440348e-12
3.924615016237140455e-12
3.942599322241711516e-12
3.959966327754589026e-12
3.976716822495206054e-12
3.992851596182994057e-12
4.008371438537386104e-12
4.023277139277816883e-12
4.037569488123717040e-12
4.051249274794520454e-12
4.064317289009659389e-12
4.076774320488568529e-12
4.088621158950677715e-12
4.099858594115421633e-12
4.110487415702232547e-12
4.120508413430544334e-12
4.129922377019789257e-12
4.138730096189400388e-12
4.146932360658809181e-12
4.154529960147449515e-12
4.161523684374755268e-12
4.167914323060157896e-12
4.173703288004952725e-12
4.178894479337884106e-12
4.183492419269559455e-12
4.187501630010585378e-12
4.190926633771566868e-12
4.193771952763112146e-12
4.196042109195828627e-12
4.197741625280321304e-12
4.198875023227197591e-12
4.199446825247064095e-12
4.199461553550527424e-12
4.198923730348194184e-12
4.197837877850671790e-12
4.196208518268566043e-12
4.194040173812483548e-12
4.191337366693031721e-12
4.188104619120817169e-12
4.184346453306445692e-12
4.180067391460524704e-12
4.175271955793660812e-12
4.169964668516460624e-12
4.164150051839530746e-12
4.157832627973478594e-12
4.151016919128909967e-12
4.143707447516430664e-12
4.135908735346648908e-12
4.127625304830171307e-12
4.118861678177603659e-12
4.109622377599552571e-12
4.099911925306627075e-12
4.089734843509431353e-12
4.079095654418572014e-12
4.067998880244657279e-12
4.056449043198292948e-12
4.044450665490085629e-12
4.032008269330641928e-12
4.019126376930570068e-12
4.005809510500474232e-12
3.992062192250961837e-12
3.977888944392641912e-12
3.963294289136117025e-12
3.948282748691997823e-12
3.932858845270888489e-12
3.917027101083396438e-12
3.900792038340129086e-12
3.884158179251691423e-12
3.867130046028691673e-12
3.849712160881736442e-12
3.831909046021430722e-12
3.813725223658382736e-12
3.795165276302706039e-12
3.776234027662539555e-12
3.756936361745530769e-12
3.737277162559327169e-12
3.717261314111573819e-12
3.696893700409919821e-12
3.676179205462009431e-12
3.655122713275490943e-12
3.633729107858011036e-12
3.612003273217217198e-12
3.589950093360754491e-12
3.567574452296270807e-12
3.544881234031413228e-12
3.521875322573828030e-12
3.498561601931161085e-12
3.474944956111061089e-12
3.451030269121174320e-12
3.426822424969145839e-12
3.402326307662624751e-12
3.377546801209256521e-12
3.352488789616688638e-12
3.327157156892568184e-12
3.301556787044540625e-12
3.275692564080253047e-12
3.249569372007353338e-12
3.223192094833487774e-12
3.196565616566303439e-12
3.169694821213445800e-12
3.142584592782562747e-12
3.115239815281301363e-12
3.087665372717307924e-12
3.059866149098229108e-12
3.031847028431712000e-12
3.003612894725403680e-12
2.975168631986950022e-12
2.946519124223998916e-12
2.917669255444196636e-12
2.888623909655189458e-12
2.859387970864625677e-12
2.829966323080150357e-12
2.800363850309410983e-12
2.770585436560054640e-12
2.740635965839728005e-12
2.710520322156078163e-12
2.680243389516750984e-12
2.649810051929394360e-12
2.619225193401654161e-12
2.588493697941177066e-12
2.557620449555611371e-12
2.526610332252602542e-12
2.495466943059564016e-12
2.464188731082971009e-12
2.432772858449067510e-12
2.401216487284095493e-12
2.369516779714296930e-12
2.337670897865913792e-12
2.305676003865189668e-12
2.273529259838366529e-12
2.241227827911685944e-12
2.208768870211391501e-12
2.176149548863725171e-12
2.143367025994928926e-12
2.110418463731245951e-12
2.077301024198918218e-12
2.044011869524187294e-12
2.010548161833297576e-12
1.976907063252489420e-12
1.943085735908006412e-12
1.909081341926090931e-12
1.874891043432985350e-12
1.840512002554931240e-12
1.805941381418171581e-12
1.771176342148949153e-12
1.736214046873505525e-12
1.701051657718084083e-12
1.665686336808926192e-12
1.630115246272275440e-12
1.594335548234372992e-12
1.558344404821461830e-12
1.522138978159784329e-12
1.485716430375583067e-12
1.449073923595100421e-12
1.412208619944578564e-12
1.375117681550259873e-12
1.337798270538386926e-12
1.300247549035202098e-12
1.262462679166947765e-12
1.224440823059866102e-12
1.186179142840199888e-12
1.147674800634191500e-12
1.108924958568082909e-12
1.069926778768116896e-12
1.030677423360535836e-12
9.911740544715821053e-13
9.514138342274978784e-13
9.113939247545259348e-13
8.711114881789083478e-13
8.305636866268877961e-13
7.897476822247066559e-13
7.486606370986070001e-13
7.073041953830417584e-13
6.656979292453044585e-13
6.238658928608989801e-13
5.818321404053292026e-13
5.396207260540989044e-13
4.972557039827121671e-13
4.547611283666723653e-13
4.121610533814840347e-13
3.694795332026504490e-13
3.267406220056757401e-13
2.839683739660636866e-13
2.411868432593181679e-13
1.984200840609429625e-13
1.556921505464420509e-13
1.130270968913193125e-13
7.044897727107853858e-14
2.798184586122352016e-14
-1.435024316274181276e-14
-5.652323562531359332e-14
-9.851307735098803039e-14
-1.402957141642611056e-13
-1.818470918896292173e-13
-2.231431563515881703e-13
-2.641598533746343880e-13
-3.048731287832640921e-13
-3.452589284019732010e-13
-3.852931980552577848e-13
-4.249518835676142669e-13
-4.642109307635383639e-13
-5.030462854675268022e-13
-5.414338935040751975e-13
-5.793497006976801751e-13
-6.167696528728374516e-13
-6.536696958540433496e-13
-6.900257754657939895e-13
-7.258138375325854918e-13
-7.610098278789141791e-13
-7.955896923292758688e-13
-8.295293767081669845e-13
-8.628048268400834447e-13
-8.953919885495215719e-13
-9.272668076609773856e-13
-9.584052299989473093e-13
-9.887832013879272615e-13
-1.018376667652412959e-12
-1.047161574616901330e-12
-1.075113868105888090e-12
-1.102209493943869362e-12
-1.128424397955341870e-12
-1.153734525964800726e-12
-1.178122814956085880e-12
-1.201600166550408153e-12
-1.224184473528322399e-12
-1.245893628670382866e-12
-1.266745524757143802e-12
-1.286758054569159858e-12
-1.305949110886984877e-12
-1.324336586491173310e-12
-1.341938374162279808e-12
-1.358772366680858618e-12
-1.374856456827464393e-12
-1.390208537382650773e-12
-1.404846501126973218e-12
-1.418788240840984966e-12
-1.432051649305240871e-12
-1.444654619300295786e-12
-1.456615043606703554e-12
-1.467950815005018020e-12
-1.478679826275794441e-12
-1.488819970199587064e-12
-1.498389139556949733e-12
-1.507405227128437504e-12
-1.515886125694604018e-12
-1.523849728036004332e-12
-1.531313926933192085e-12
-1.538296615166722133e-12
-1.544815685517149127e-12
-1.550889030765026909e-12
-1.556534543690909729e-12
-1.561770117075352439e-12
-1.566613643698909288e-12
-1.571083016342134320e-12
-1.575196127785582591e-12
-1.578970870809807339e-12
-1.582425138195363822e-12
-1.585576822722806488e-12
-1.588443817172689183e-12
-1.591044014325566355e-12
-1.593395306961992655e-12
-1.595515587862522534e-12
-1.597422749807709634e-12
-1.599134685578109009e-12
-1.600669287954274907e-12
-1.602044449716761778e-12
-1.603278063646123466e-12
-1.604388022522915026e-12
-1.605392219127690099e-12
-1.606308546241003742e-12
-1.607154896643409999e-12
-1.607949163115463322e-12
-1.608705635246120667e-12
-1.609424189857949842e-12
-1.610101100581920960e-12
-1.610732641049005344e-12
-1.611315084890172906e-12
-1.611844705736393760e-12
-1.612317777218638624e-12
-1.612730572967878217e-12
-1.613079366615082653e-12
-1.613360431791222851e-12
-1.613570042127268725e-12
-1.613704471254190587e-12
-1.613759992802959562e-12
-1.613732880404545762e-12
-1.613619407689919301e-12
-1.613415848290051504e-12
-1.613118475835911876e-12
-1.612723563958471341e-12
-1.612227386288700010e-12
-1.611626216457569006e-12
-1.610916328096048039e-12
-1.610093994835108232e-12
-1.609155490305719293e-12
-1.608097088138851942e-12
-1.606915061965477302e-12
-1.605605685416564879e-12
-1.604165232123085798e-12
-1.602589975716009766e-12
-1.600876189826307906e-12
-1.599020148084950333e-12
-1.597018124122907764e-12
-1.594866391571150314e-12
-1.592561224060649104e-12
-1.590098895222373440e-12
-1.587475678687294445e-12
-1.584687848086382838e-12
-1.581731677050608732e-12
-1.578603439210942645e-12
-1.575299408198354890e-12
-1.571815857643815985e-12
-1.568149061178296245e-12
-1.564295292432766592e-12
-1.560250825038196935e-12
-1.556011932625557793e-12
-1.551574888825820288e-12
-1.546935967269953927e-12
-1.542091441588929632e-12
-1.537037585413717919e-12
-1.531770672375289103e-12
-1.526286976104613701e-12
-1.520583415338843190e-12
-1.514659489239854903e-12
-1.508515342075706323e-12
-1.502151118114456149e-12
-1.495566961624161862e-12
-1.488763016872882161e-12
-1.481739428128674530e-12
-1.474496339659597664e-12
-1.467033895733709251e-12
-1.459352240619067986e-12
-1.451451518583731152e-12
-1.443331873895757041e-12
-1.434993450823204350e-12
-1.426436393634130360e-12
-1.417660846596593769e-12
-1.408666953978652465e-12
-1.399454860048364739e-12
-1.390024709073788077e-12
-1.380376645322981377e-12
-1.370510813064002123e-12
-1.360427356564908809e-12
-1.350126420093759526e-12
-1.339608147918611960e-12
-1.328872684307524605e-12
-1.317920173528555553e-12
-1.306750759849762892e-12
-1.295364587539204310e-12
-1.283761800864938301e-12
-1.271942544095022955e-12
-1.259906961497516363e-12
-1.247655197340476413e-12
-1.235187395891961397e-12
-1.222503701420029405e-12
-1.209604258192738731e-12
-1.196489210478146858e-12
-1.183158702544312281e-12
-1.169612878659293292e-12
-1.155851883091147577e-12
-1.141875860107933833e-12
-1.127684953977709342e-12
-1.113279308968532800e-12
-1.098659069348462299e-12
-1.083824379385555725e-12
-1.068775383347870968e-12
-1.053512225503466724e-12
-1.038035050120400478e-12
-1.022344001466730723e-12
-1.006439223810515549e-12
-9.903208614198130483e-13
-9.739890585626809060e-13
-9.574459083675019768e-13
-9.407012994039559493e-13
-9.237670691020474780e-13
-9.066550548917800058e-13
-8.893770942031580864e-13
-8.719450244661858693e-13
-8.543706831108675043e-13
-8.366659075672073430e-13
-8.188425352652093331e-13
-8.009124036348779273e-13
-7.828873501062170733e-13
-7.647792121092311226e-13
-7.465998270739240232e-13
-7.283610324303002274e-13
-7.100746656083638852e-13
-6.917525640381190450e-13
-6.734065651495699577e-13
-6.550485063727208739e-13
-6.366902251375758423e-13
-6.183435588741392144e-13
-6.000203450124150391e-13
-5.817324209824076680e-13
-5.634916242141210487e-13
-5.453097921375595330e-13
-5.271987621827272705e-13
-5.091703717796284108e-13
-4.912364583582673058e-13
-4.734088593486479030e-13
-4.556994121807745540e-13
-4.381199542846514087e-13
-4.206823230902826167e-13
-4.033983560276723276e-13
-3.862798905268248931e-13
-3.693387640177443618e-13
-3.525868139304348331e-13
-3.360358776949008100e-13
-3.196977927411461897e-13
-3.035843964991751725e-13
-2.877075263989921098e-13
-2.720790198706011516e-13
-2.567107143440062958e-13
-2.416144472492119448e-13
-2.268020560162222228e-13
-2.122853780750412544e-13
-1.980762508556733408e-13
-1.841865117881225557e-13
-1.706279983023931248e-13
-1.574125478284892733e-13
-1.445519977964151258e-13
-1.320581856361749328e-13
-1.199398459024400010e-13
-1.081933016485506176e-13
-9.681177305251407523e-14
-8.578848029233785594e-14
-7.511664354602923976e-14
-6.478948299159568344e-14
-5.480021880704454907e-14
-4.514207117038324292e-14
-3.580826025961913337e-14
-2.679200625275965826e-14
-1.808652932781214180e-14
-9.685049662783996562e-15
-1.580787435682565708e-15
6.233037175484675080e-15
1.376320399271038896e-14
2.101649283798716335e-14
2.799968353330768666e-14
3.471955590066447059e-14
4.118288976205019721e-14
4.739646493945746657e-14
5.336706125487884718e-14
5.910145853030700849e-14
6.460643658773453162e-14
6.988877524915403555e-14
7.495525433655813926e-14
7.981265367193943648e-14
8.446775307729055883e-14
8.892733237460412527e-14
9.319817138587271692e-14
9.728704993308899063e-14
1.012007478382455023e-13
1.049460449233349213e-13
1.085297210103498415e-13
1.119585559212828565e-13
1.152393294781265854e-13
1.183788215028736597e-13
1.213838118175166858e-13
1.242610802440482449e-13
1.270174066044609937e-13
1.296595707207475134e-13
1.321943524149004103e-13
1.346285315089123413e-13
1.369688878247759128e-13
1.392222011844837310e-13
1.413952514100283520e-13
1.434948183234024577e-13
1.455276817465985787e-13
1.475006215016094225e-13
1.494204174104275702e-13
1.512938492950456280e-13
1.531262407302288199e-13
1.549170903018329413e-13
1.566644403484863799e-13
1.583663332088175484e-13
1.600208112214548094e-13
1.616259167250265757e-13
1.631796920581612098e-13
1.646801795594871751e-13
1.661254215676328339e-13
1.675134604212265739e-13
1.688423384588968081e-13
1.701100980192719241e-13
1.713147814409803095e-13
1.724544310626503773e-13
1.735270892229105152e-13
1.745307982603891612e-13
1.754636005137146273e-13
1.763235383215153516e-13
1.771086540224197471e-13
1.778169899550562015e-13
1.784465884580531023e-13
1.789954918700388877e-13
1.794617425296418949e-13
1.798433827754905116e-13
1.801384549462132012e-13
1.803450013804383008e-13
1.804610644167942738e-13
1.804846863939094574e-13
1.804139096504122140e-13
1.802467765249310576e-13
1.799813293560942999e-13
1.796156104825303540e-13
1.791476622428676327e-13
1.785755269757344984e-13
1.778972470197593389e-13
1.771108647135706174e-13
1.762144223957966965e-13
1.752059624050659386e-13
1.740835270800068069e-13
1.728451587592476135e-13
1.714888997814168471e-13
1.700127924851428447e-13
1.684148792090539940e-13
1.666932022917788089e-13
1.648458040719455004e-13
1.628707268881825824e-13
1.607660130791183920e-13
1.585297049833814178e-13
1.561598449395999718e-13
1.536544752864024669e-13
1.510120965883884846e-13
1.482330423140422049e-13
1.453181041578190016e-13
1.422680738141742738e-13
1.390837429775632943e-13
1.357659033424415128e-13
1.323153466032642020e-13
1.287328644544868368e-13
1.250192485905647406e-13
1.211752907059532113e-13
1.172017824951076987e-13
1.130995156524835386e-13
1.088692818725360797e-13
1.045118728497206705e-13
1.000280802784927354e-13
9.541869585330758503e-14
9.068451126862059330e-14
8.582631821888713401e-14
8.084490839856255576e-14
7.574107350210223237e-14
7.051560522396151244e-14
6.516929525859579505e-14
5.970293530046041615e-14
5.411731704401074328e-14
4.841323218370213763e-14
4.259147241398996675e-14
3.665282942932959183e-14
3.059809492417638670e-14
2.442806059298570628e-14
1.814351813021291176e-14
1.174525923031335174e-14
5.234075587742412666e-15
-1.389241103044531620e-15
-8.123899147592157776e-15
-1.496910685144503517e-14
-2.192407252014787833e-14
-2.898800445924528817e-14
-3.616011097428190348e-14
-4.343960037080236305e-14
-5.082568095435129306e-14
-5.831756103047331966e-14
-6.591444890471310689e-14
-7.361555288261529354e-14
-8.142008126972450578e-14
-8.932724237158535715e-14
-9.733624449374253692e-14
-1.054462959417406334e-13
-1.136566050211242854e-13
-1.219663800374381569e-13
-1.303748292962268741e-13
-1.388805211964318037e-13
-1.474794645105813369e-13
-1.561670281046005679e-13
-1.649385808444146663e-13
-1.737894915959486252e-13
-1.827151292251276901e-13
-1.917108625978768791e-13
-2.007720605801213621e-13
-2.098940920377862078e-13
-2.190723258367966111e-13
-2.283021308430775399e-13
-2.375788759225542648e-13
-2.468979299411518294e-13
-2.562546617647953276e-13
-2.656444402594099040e-13
-2.750626342909207029e-13
-2.845046127252527680e-13
-2.939657444283311932e-13
-3.034413982660812240e-13
-3.129269431044278029e-13
-3.224177478092961754e-13
-3.319091812466114355e-13
-3.413966122822986772e-13
-3.508754097822829944e-13
-3.603409426124895317e-13
-3.697885796388433325e-13
-3.792136897272696929e-13
-3.886116417436934543e-13
-3.979778045540398623e-13
-4.073075470242342127e-13
-4.165962380202012967e-13
-4.258392464078664607e-13
-4.350319410531546977e-13
-4.441696908219912027e-13
-4.532478645803009182e-13
-4.622618311940092411e-13
-4.712069595290411140e-13
-4.800786184513216814e-13
-4.888721768267759363e-13
-4.975830035213291745e-13
-5.062064674009063893e-13
-5.147379373314327754e-13
-5.231727821788334270e-13
-5.315063708090334380e-13
-5.397340720879580034e-13
-5.478512548815320152e-13
-5.558532880556806684e-13
-5.637355404763293600e-13
-5.714933810094028810e-13
-5.791221785208264263e-13
-5.866180284625625440e-13
-5.939799326307226893e-13
-6.012076194074560741e-13
-6.083008171749120117e-13
-6.152592543152390072e-13
-6.220826592105863737e-13
-6.287707602431030204e-13
-6.353232857949382604e-13
-6.417399642482410027e-13
-6.480205239851600557e-13
-6.541646933878447323e-13
-6.601722008384439417e-13
-6.660427747191067950e-13
-6.717761434119822014e-13
-6.773720352992193731e-13
-6.828301787629673200e-13
-6.881503021853749514e-13
-6.933321339485912775e-13
-6.983754024347655102e-13
-7.032798360260466598e-13
-7.080451631045836354e-13
-7.126711120525254472e-13
-7.171574112520215091e-13
-7.215037890852203265e-13
-7.257099739342713134e-13
-7.297756941813233789e-13
-7.337006782085256342e-13
-7.374846543980268875e-13
-7.411273511319763508e-13
-7.446284967925230342e-13
-7.479878197618161499e-13
-7.512050484220045061e-13
-7.542799111552372139e-13
-7.572121363436632833e-13
-7.600014523694316237e-13
-7.626475876146916489e-13
-7.651502704615920662e-13
-7.675092292922820878e-13
-7.697241924889105217e-13
-7.717948884336266811e-13
-7.737210455085794752e-13
-7.755023920959179140e-13
-7.771386565777911086e-13
-7.786295673363480693e-13
-7.799748527537377051e-13
-7.811742412121092283e-13
-7.822274610936116488e-13
-7.831342407803938758e-13
-7.838943086546051216e-13
-7.845073930983943961e-13
-7.849734608877892574e-13
-7.852934323743322631e-13
-7.854684663034444176e-13
-7.854997214205469273e-13
-7.853883564710605947e-13
-7.851355302004067271e-13
-7.847424013540064300e-13
-7.842101286772806069e-13
-7.835398709156505651e-13
-7.827327868145372081e-13
-7.817900351193615403e-13
-7.807127745755449701e-13
-7.795021639285083000e-13
-7.781593619236725345e-13
-7.766855273064589809e-13
-7.750818188222888455e-13
-7.733493952165828300e-13
-7.714894152347622417e-13
-7.695030376222479840e-13
-7.673914211244613644e-13
-7.651557244868233873e-13
-7.627971064547551580e-13
-7.603167257736776812e-13
-7.577157411890119611e-13
-7.549953114461791032e-13
-7.521565952906004150e-13
-7.492007514676969008e-13
-7.461289387228894641e-13
-7.429423158015992103e-13
-7.396420414492474469e-13
-7.362292744112549762e-13
-7.327051734330431057e-13
-7.290708972600328399e-13
-7.253276046376451831e-13
-7.214764543113012408e-13
-7.175186050264221184e-13
-7.134552155284289213e-13
-7.092874445627426540e-13
-7.050164508747846239e-13
-7.006433932099755325e-13
-6.961694303137366870e-13
-6.915957209314892941e-13
-6.869234238086541561e-13
-6.821536976906525803e-13
-6.772877013229054704e-13
-6.723265934508340326e-13
-6.672715328198592715e-13
-6.621236781754021914e-13
-6.568841882628842008e-13
-6.515542218277260011e-13
-6.461348271945165798e-13
-6.406266110045155439e-13
-6.350300694781503825e-13
-6.293456988358482817e-13
-6.235739952980367305e-13
-6.177154550851429151e-13
-6.117705744175946274e-13
-6.057398495158189525e-13
-5.996237766002431777e-13
-5.934228518912948928e-13
-5.871375716094014861e-13
-5.807684319749901435e-13
-5.743159292084882532e-13
-5.677805595303234051e-13
-5.611628191609227855e-13
-5.544632043207137824e-13
-5.476822112301237839e-13
-5.408203361095801780e-13
-5.338780751795104538e-13
-5.268559246603418983e-13
-5.197543807725017988e-13
-5.125739397364176442e-13
-5.053150977725168226e-13
-4.979783511012266211e-13
-4.905641959429744278e-13
-4.830731285181876307e-13
-4.755056450472936180e-13
-4.678622417507198786e-13
-4.601434148488934978e-13
-4.523496605622422170e-13
-4.444814751111931718e-13
-4.365393547161736494e-13
-4.285237955976113407e-13
-4.204352939759333309e-13
-4.122743460715671091e-13
-4.040414481049401642e-13
-3.957370962964796825e-13
-3.873617868666131024e-13
-3.789160160357678121e-13
-3.704002800243711491e-13
-3.618150750528506025e-13
-3.531608973416334089e-13
-3.444382431111471078e-13
-3.356476085818188854e-13
-3.267894899740762812e-13
-3.178643835083465318e-13
-3.088727854050570757e-13
-2.998151918846352506e-13
-2.906920991675085960e-13
-2.815040034741042475e-13
-2.722516933019006964e-13
-2.629371262565800900e-13
-2.535625522208755776e-13
-2.441302210775204096e-13
-2.346423827092476345e-13
-2.251012869987904269e-13
-2.155091838288819616e-13
-2.058683230822554384e-13
-1.961809546416440067e-13
-1.864493283897808161e-13
-1.766756942093989906e-13
-1.668623019832317049e-13
-1.570114015940121843e-13
-1.471252429244734770e-13
-1.372060758573488084e-13
-1.272561502753713531e-13
-1.172777160612742352e-13
-1.072730230977906674e-13
-9.724432126765373578e-14
-8.719386045359662782e-14
-7.712389053835251813e-14
-6.703666140465460663e-14
-5.693442293523595439e-14
-4.681942501282978027e-14
-3.669391752016922736e-14
-2.656015033998747035e-14
-1.642037335501769022e-14
-6.276836447992978013e-15
3.868210498353437953e-15
1.401251760128839879e-14
2.415383497807882132e-14
3.428991274599145359e-14
4.441850102229320295e-14
5.453734992425087896e-14
6.464420956913129433e-14
7.473683007420135012e-14
8.481296155672786535e-14
9.487035413397766534e-14
1.049067579232176007e-13
1.149199230417145093e-13
1.249075996067351661e-13
1.348675377355465477e-13
1.447974875454154040e-13
1.546951991536085853e-13
1.645584226773929675e-13
1.743849082340353002e-13
1.841724059408025350e-13
1.939186659149614720e-13
2.036214382737788859e-13
2.132784731345217284e-13
2.228876590021504435e-13
2.324474379324004551e-13
2.419563903687006797e-13
2.514130967544802861e-13
2.608161375331681908e-13
2.701640931481935122e-13
2.794555440429852173e-13
2.886890706609723233e-13
2.978632534455839487e-13
3.069766728402491110e-13
3.160279092883968275e-13
3.250155432334560652e-13
3.339381551188559424e-13
3.427943253880254766e-13
3.515826344843935843e-13
3.603016628513895352e-13
3.689499909324421953e-13
3.775261991709805316e-13
3.860288680104337634e-13
3.944565778942308577e-13
4.028079092658007813e-13
4.110814425685726527e-13
4.192757582459754388e-13
4.273894367414381570e-13
4.354210584983899258e-13
4.433692039602597624e-13
4.512324535704766843e-13
4.590093877724696081e-13
4.666985870096677024e-13
4.742986317255000354e-13
4.818081023633955233e-13
4.892255793667832846e-13
4.965496431790922358e-13
5.037788742437515961e-13
5.109118530041900801e-13
5.179471599038371091e-13
5.248833753861215996e-13
5.317190798944724679e-13
5.384528538723187315e-13
5.450832777630896098e-13
5.516089320102140192e-13
5.580283970571208761e-13
5.643402533472394000e-13
5.705430813239986082e-13
5.766354614308274171e-13
5.826159741111548442e-13
5.884831998084101088e-13
5.942357189660222285e-13
5.998721120274200185e-13
6.053909594360326983e-13
6.107911943924756327e-13
6.160731611261100805e-13
6.212375566234833449e-13
6.262850778711433352e-13
6.312164218556374555e-13
6.360322855635133121e-13
6.407333659813184101e-13
6.453203600956003558e-13
6.497939648929067555e-13
6.541548773597851142e-13
6.584037944827829372e-13
6.625414132484479318e-13
6.665684306433276031e-13
6.704855436539695573e-13
6.742934492669214006e-13
6.779928444687306383e-13
6.815844262459448766e-13
6.850688915851116206e-13
6.884469374727784766e-13
6.917192608954930508e-13
6.948865588398026464e-13
6.979495282922553745e-13
7.009088662393983365e-13
7.037652696677791386e-13
7.065194355639455889e-13
7.091720609144450916e-13
7.117238427058253539e-13
7.141754779246337801e-13
7.165276635574179764e-13
7.187810965907255489e-13
7.209364740111041039e-13
7.229944928051010457e-13
7.249558499592642833e-13
7.268212424601410190e-13
7.285913672942788591e-13
7.302669214482256117e-13
7.318486019085287820e-13
7.333371056617357743e-13
7.347331296943942957e-13
7.360373709930518515e-13
7.372505265442560478e-13
7.383732933345543900e-13
7.394063683504945851e-13
7.403504485786241384e-13
7.412062310054905551e-13
7.419744126176414415e-13
7.426556904016243027e-13
7.432507613439868459e-13
7.437603224312765763e-13
7.441850706500409992e-13
7.445255259127741168e-13
7.447814998357551111e-13
7.449526269612095603e-13
7.450385418313633453e-13
7.450388789884416404e-13
7.449532729746702257e-13
7.447813583322747801e-13
7.445227696034806798e-13
7.441771413305137050e-13
7.437441080555995346e-13
7.432233043209635447e-13
7.426143646688314146e-13
7.419169236414285203e-13
7.411306157809808437e-13
7.402550756297138621e-13
7.392899377298531535e-13
7.382348366236241951e-13
7.370894068532526659e-13
7.358532829609640430e-13
7.345260994889841064e-13
7.331074909795384344e-13
7.315970919748526049e-13
7.299945370171518932e-13
7.282994606486623822e-13
7.265114974116094480e-13
7.246302818482186688e-13
7.226554485007156227e-13
7.205866319113259886e-13
7.184234666222752438e-13
7.161655871757891683e-13
7.138126281140931382e-13
7.113642239794128326e-13
7.088200093139740316e-13
7.061796186600020102e-13
7.034426865597225487e-13
7.006088475553612250e-13
6.976777361891435162e-13
6.946489870032951015e-13
6.915222345400416600e-13
6.882971133416087696e-13
6.849732579502218066e-13
6.815503029081067530e-13
6.780278827574888839e-13
6.744056320405938783e-13
6.706831852996473145e-13
6.668601770768747705e-13
6.629362419145019253e-13
6.589110143547543570e-13
6.547841289398576439e-13
6.505552202120373638e-13
6.462243574108759320e-13
6.417933485653836161e-13
6.372644364019273190e-13
6.326398636468742464e-13
6.279218730265912001e-13
6.231127072674453858e-13
6.182146090958037063e-13
6.132298212380331654e-13
6.081605864205007668e-13
6.030091473695737163e-13
5.977777468116189166e-13
5.924686274730032706e-13
5.870840320800940849e-13
5.816262033592581613e-13
5.760973840368625036e-13
5.704998168392743176e-13
5.648357444928604050e-13
5.591074097239878706e-13
5.533170552590238191e-13
5.474669238243353552e-13
5.415592581462891799e-13
5.355963009512524987e-13
5.295802949655925176e-13
5.235134829156758362e-13
5.173981075278698622e-13
5.112364115285413976e-13
5.050306376440576479e-13
4.987830286007854151e-13
4.924958271250919048e-13
4.861712759433439188e-13
4.798116177819087639e-13
4.734190953671533427e-13
4.669959514254445582e-13
4.605444286831495151e-13
4.540667698666353685e-13
4.475652177022689708e-13
4.410420149164173763e-13
4.344994042354476391e-13
4.279396283857268136e-13
4.213649300936218026e-13
4.147775520854997107e-13
4.081797370877275922e-13
4.015737278266724005e-13
3.949617670287012402e-13
3.883460974201810141e-13
3.817289617274788270e-13
3.751126026769616827e-13
3.684992629949965848e-13
3.618911854079506382e-13
3.552906126421907457e-13
3.486994590112071474e-13
3.421183251769826255e-13
3.355474833886232489e-13
3.289872058952349353e-13
3.224377649459236022e-13
3.158994327897953186e-13
3.093724816759559516e-13
3.028571838535116208e-13
2.963538115715680921e-13
2.898626370792316367e-13
2.833839326256079701e-13
2.769179704598031108e-13
2.704650228309231784e-13
2.640253619880739895e-13
2.575992601803616131e-13
2.511869896568919667e-13
2.447888226667710689e-13
2.384050314591048877e-13
2.320358882829993407e-13
2.256816653875604213e-13
2.193426350218942236e-13
2.130190694351066148e-13
2.067112408763035123e-13
2.004194215945910106e-13
1.941438838390750019e-13
1.878848998588615047e-13
1.816427419030565376e-13
1.754176822207659929e-13
1.692099930610958387e-13
1.630199466731521439e-13
1.568478153060407505e-13
1.506938712088677779e-13
1.445583866307391184e-13
1.384416338207607654e-13
1.323438850280386365e-13
1.262654125016788005e-13
1.202064884907872004e-13
1.141673852444697790e-13
1.081483750118325295e-13
1.021497300419814452e-13
9.617172258402248168e-14
9.021462488706161947e-14
8.427870920020483928e-14
7.836424777255808393e-14
7.247151285322738458e-14
6.660077669131865878e-14
6.075231153593791246e-14
5.492638963619111999e-14
4.912328324118424940e-14
4.334326460002328138e-14
3.758674273250793255e-14
3.185467374121293902e-14
2.614815049940677286e-14
2.046826588035792191e-14
1.481611275733485509e-14
9.192784003606057070e-15
3.599372492439994404e-15
-1.963028902894839547e-15
-7.493327309129971928e-15
-1.299042985299693146e-14
-1.845324366122722085e-14
-2.388067586055238221e-14
-2.927163357770393245e-14
-3.462502393941339318e-14
-3.993975407241226079e-14
-4.521473110343209476e-14
-5.044886215920441672e-14
-5.564105436646070413e-14
-6.079021485193251646e-14
-6.589525074235138165e-14
-7.095506916444877716e-14
-7.596857724495625615e-14
-8.093468211060534657e-14
-8.585229088812756373e-14
-9.072031070425442293e-14
-9.553764868571745213e-14
-1.003032119592481666e-13
-1.050159076515781070e-13
-1.096746428894387254e-13
-1.142783247995616381e-13
-1.188258605086783101e-13
-1.233161571435202817e-13
-1.277481218308191063e-13
-1.321206616973062360e-13
-1.364326838697131987e-13
-1.406830954747715730e-13
-1.448708036392128613e-13
-1.489947154897685666e-13
-1.530537381531702166e-13
-1.570467787561493898e-13
-1.609727444254374627e-13
-1.648305422877660895e-13
-1.686190794698667475e-13
-1.723372630984709648e-13
-1.759840003003102440e-13
-1.795581982021161382e-13
-1.830587639306201503e-13
-1.864846046125537828e-13
-1.898346273746486142e-13
-1.931077393436360967e-13
-1.963030623160602122e-13
-1.994205767677144042e-13
-2.024604778442046715e-13
-2.054229606911368106e-13
-2.083082204541168454e-13
-2.111164522787505977e-13
-2.138478513106440409e-13
-2.165026126954030726e-13
-2.190809315786335400e-13
-2.215830031059414415e-13
-2.240090224229325738e-13
-2.263591846752129607e-13
-2.286336850083884746e-13
-2.308327185680649879e-13
-2.329564804998484487e-13
-2.350051659493447797e-13
-2.369789700621598534e-13
-2.388780879838995422e-13
-2.407027148601698697e-13
-2.424530458365766075e-13
-2.441292760587257794e-13
-2.457316006722233081e-13
-2.472602148226749651e-13
-2.487153136556867743e-13
-2.500970923168646079e-13
-2.514057459518143888e-13
-2.526414697061419894e-13
-2.538044587254533326e-13
-2.548949081553543916e-13
-2.559130131414509883e-13
-2.568589688293490961e-13
-2.577329703646545368e-13
-2.585352128929733344e-13
-2.592658915599113610e-13
-2.599252015110744892e-13
-2.605133378920685911e-13
-2.610304958484996908e-13
-2.614768705259736605e-13
-2.618526570700963726e-13
-2.621580506264737499e-13
-2.623932463407116144e-13
-2.625584393584160908e-13
-2.626538248251929000e-13
-2.626795978866480153e-13
-2.626359536883874101e-13
-2.625230873760168558e-13
-2.623411940951423257e-13
-2.620904689913697427e-13
-2.617711072103050800e-13
-2.613833038975541091e-13
-2.609273948700694346e-13
-2.604042786301901860e-13
-2.598149943516020229e-13
-2.591605812079907568e-13
-2.584420783730419464e-13
-2.576605250204414533e-13
-2.568169603238750385e-13
-2.559124234570282606e-13
-2.549479535935869309e-13
-2.539245899072368102e-13
-2.528433715716635078e-13
-2.517053377605528348e-13
-2.505115276475905521e-13
-2.492629804064622690e-13
-2.479607352108537461e-13
-2.466058312344507443e-13
-2.451993076509389739e-13
-2.437422036340040945e-13
-2.422355583573318669e-13
-2.406804109946081025e-13
-2.390778007195183599e-13
-2.374287667057484505e-13
-2.357343481269841854e-13
-2.339955841569110730e-13
-2.322135139692149751e-13
-2.303891767375816018e-13
-2.285236116356967140e-13
-2.266178578372459209e-13
-2.246729545159149832e-13
-2.226899408453896619e-13
-2.206698559993557174e-13
-2.186137391514987593e-13
-2.165226294755045735e-13
-2.143975661450589206e-13
-2.122395883338473849e-13
-2.100497352155558532e-13
-2.078290459638699348e-13
-2.055785597524753906e-13
-2.032993157550579812e-13
-2.009923531453033664e-13
-1.986587110968972312e-13
-1.962994287835254374e-13
-1.939155453788735691e-13
-1.915081000566274121e-13
-1.890781319904727021e-13
-1.866266803540951493e-13
-1.841547843211804387e-13
-1.816634830654143058e-13
-1.791538157604825366e-13
-1.766268215800707405e-13
-1.740834486339338858e-13
-1.715242807761035952e-13
-1.689498107966806483e-13
-1.663605314857658754e-13
-1.637569356334599807e-13
-1.611395160298638700e-13
-1.585087654650782474e-13
-1.558651767292039431e-13
-1.532092426123417622e-13
-1.505414559045925097e-13
-1.478623093960569148e-13
-1.451722958768358582e-13
-1.424719081370300946e-13
-1.397616389667404037e-13
-1.370419811560676157e-13
-1.343134274951125104e-13
-1.315764707739758423e-13
-1.288316037827584921e-13
-1.260793193115611892e-13
-1.233201101504847385e-13
-1.205544690896299703e-13
-1.177828889190976392e-13
-1.150058624289885248e-13
-1.122238824094034827e-13
-1.094374416504432548e-13
-1.066470329422086587e-13
-1.038531490748005120e-13
-1.010562828383195693e-13
-9.825692702286663561e-14
-9.545557441854252850e-14
-9.265271781544801514e-14
-8.984885000368391317e-14
-8.704446377335100234e-14
-8.424005191455007505e-14
-8.143610721738192369e-14
-7.863312247194737850e-14
-7.583159046834719401e-14
-7.303200399668217523e-14
-7.023485584705315241e-14
-6.744063880956085483e-14
-6.464984567430612537e-14
-6.186296923138975642e-14
-5.908050227091252773e-14
-5.630293758297523801e-14
-5.353076795767868596e-14
-5.076448618512365766e-14
-4.800458505541096441e-14
-4.525155735864138600e-14
-4.250589588491573374e-14
-3.976809342433478739e-14
-3.703867241259660506e-14
-3.431827386778830136e-14
-3.160756845359423769e-14
-2.890722683369878176e-14
-2.621791967178629812e-14
-2.354031763154115448e-14
-2.087509137664771853e-14
-1.822291157079035485e-14
-1.558444887765343744e-14
-1.296037396092133085e-14
-1.035135748427839333e-14
-7.758070111409005211e-15
-5.181182505997518415e-15
-2.621365331728312486e-15
-7.928925228575512953e-17
2.444375068645793834e-15
4.948956967381969064e-15
7.433785780238393387e-15
9.898190843530709352e-15
1.234150149357455477e-14
1.476304706668554774e-14
1.716215689917932528e-14
1.953816032737152758e-14
2.189038668757777431e-14
2.421816531611372300e-14
2.652082554929499332e-14
2.879769672343720495e-14
3.104810817485600910e-14
3.327138923986701915e-14
3.546686925478589262e-14
3.763387755592825551e-14
3.977174347960973378e-14
4.187979636214595342e-14
4.395736553985256566e-14
4.600378034904519017e-14
4.801837012603946555e-14
5.000046420715103040e-14
5.194939192869551071e-14
5.386448262698853877e-14
5.574506563834574687e-14
5.759047029908277993e-14
5.940002594551524500e-14
6.117306191395879960e-14
6.290890754072908235e-14
6.460689216214169399e-14
6.626634511451229835e-14
6.788659573415649619e-14
6.946697335738995134e-14
7.100680732052830241e-14
7.250542695988715013e-14
7.396241300568775871e-14
7.537835176377378111e-14
7.675408093389450851e-14
7.809043821579921946e-14
7.938826130923716727e-14
8.064838791395768100e-14
8.187165572970996347e-14
8.305890245624335633e-14
8.421096579330710030e-14
8.532868344065049916e-14
8.641289309802279360e-14
8.746443246517328744e-14
8.848413924185125922e-14
8.947285112780597488e-14
9.043140582278671297e-14
9.136064102654276468e-14
9.226139443882339595e-14
9.313450375937786007e-14
9.398080668795548611e-14
9.480114092430550212e-14
9.559634416817721191e-14
9.636725411931989404e-14
9.711470847748278919e-14
9.783954494241523904e-14
9.854260121386647165e-14
9.922471499158576558e-14
9.988672397532243725e-14
1.005294658648257274e-13
1.011537783598448892e-13
1.017604991601292645e-13
1.023504659654280812e-13
1.029245164754906432e-13
1.034834883900662291e-13
1.040282194089040921e-13
1.045595472317534983e-13
1.050783095583637891e-13
1.055853440884841928e-13
1.060814885218639753e-13
1.065675805582524529e-13
1.070444578973988664e-13
1.075129582390525070e-13
1.079739192829626658e-13
1.084281787288786213e-13
1.088765742765496018e-13
1.093199436257249487e-13
1.097591244761538903e-13
1.101949545275857302e-13
1.106282714797697598e-13
1.110599130324551943e-13
1.114907168853913881e-13
