# pp
1.477126345120260066e-07
2.268281897333206488e-07
2.968036519177975405e-07
3.584260275834722945e-07
4.126468083372066692e-07
4.605630067846046485e-07
5.030658253650201799e-07
5.409294028409724415e-07
5.746818596076567002e-07
6.049734873991773988e-07
6.320510585712141098e-07
6.562649413149679887e-07
6.779921071604618866e-07
6.974745871690238639e-07
7.149221840844339714e-07
7.305507278489796710e-07
7.445542579697456978e-07
7.570336250145020683e-07
7.680819006014479101e-07
7.778542294898139361e-07
7.865023419514423876e-07
7.941022371675936333e-07
8.007165459923061914e-07
8.064301570613168632e-07
8.113293420777445966e-07
8.154836472325401257e-07
8.189480867755769862e-07
8.217362727045871794e-07
8.238663938274091227e-07
8.254163484444498103e-07
8.264667617975602590e-07
8.270494574018002692e-07
8.271865296844113493e-07
8.269099584481528413e-07
8.262529607186679307e-07
8.252438170376159646e-07
8.239079320215697335e-07
8.222641430707381561e-07
8.203296457812386806e-07
8.181218629585505002e-07
8.156591262455986246e-07
8.129599944946698086e-07
8.100430265580505954e-07
8.069267812880274223e-07
8.036288169387143608e-07
8.001626893715350674e-07
7.965409538497412561e-07
7.927761656365838999e-07
7.888808799953142897e-07
7.848668918417822541e-07
7.807429547022315636e-07
7.765170617555043145e-07
7.721972061804427096e-07
7.677913811558890571e-07
7.633070508657134283e-07
7.587495635138981095e-07
7.541237383094532561e-07
7.494343944613893407e-07
7.446863511787162009e-07
7.398847962369641493e-07
7.350363916777422232e-07
7.301481681091796171e-07
7.252271561394052082e-07
7.202803863765481913e-07
7.153142706666355185e-07
7.103327458072849602e-07
7.053391298340131031e-07
7.003367407823358986e-07
6.953288966877691923e-07
6.903184897176681743e-07
6.853067085667423431e-07
6.802943160615405419e-07
6.752820750286112961e-07
6.702707482945031313e-07
6.652614278215200545e-07
6.602565221149873636e-07
6.552587688159856264e-07
6.502709055655955165e-07
6.452956700048977074e-07
6.403356422237746125e-07
6.353927721073161337e-07
6.304688519894141245e-07
6.255656742039600148e-07
6.206850310848458698e-07
6.158285738234668904e-07
6.109973890412336797e-07
6.061924222170601882e-07
6.014146188298604723e-07
5.966649243585488002e-07
5.919441810268442389e-07
5.872528180376874862e-07
5.825911613388231915e-07
5.779595368779970633e-07
5.733582706029544922e-07
5.687876884614407631e-07
5.642481164012012667e-07
5.597398803699812877e-07
5.552633063155263229e-07
5.508187201855815511e-07
5.464064479278924689e-07
5.420268154902043611e-07
5.376801488202626185e-07
5.333667738658126318e-07
5.290870165745996857e-07
5.248412028943691711e-07
5.206296587728664785e-07
5.164527101578368929e-07
5.123106829970256990e-07
5.082039032381786052e-07
5.041326229359765258e-07
5.000967985728458575e-07
4.960963127381479911e-07
4.921310480212450588e-07
4.882008870114988749e-07
4.843057122982711479e-07
4.804454064709240099e-07
4.766198521188191694e-07
4.728289318313186525e-07
4.690725281977842208e-07
4.653505238075778474e-07
4.616628012500612409e-07
4.580092431145964274e-07
4.543897319905452743e-07
4.508041504672696489e-07
4.472523811341314186e-07
4.437343065804923448e-07
4.402498093957144537e-07
4.367987721691596655e-07
4.333810774901897417e-07
4.299965829194486011e-07
4.266450459027081558e-07
4.233261988570221576e-07
4.200397741994447818e-07
4.167855043470296745e-07
4.135631217168307990e-07
4.103723587259021720e-07
4.072129477912974923e-07
4.040846213300707235e-07
4.009871117592757761e-07
3.979201514959665608e-07
3.948834729571969882e-07
3.918768085600208631e-07
3.888998907214920961e-07
3.859524518586647036e-07
3.830342243885925434e-07
3.801449407283293143e-07
3.772843332949291917e-07
3.744521345054457685e-07
3.716480767769332200e-07
3.688718981076261204e-07
3.661233588204824387e-07
3.634022248196410192e-07
3.607082620092406535e-07
3.580412362934201858e-07
3.554009135763182487e-07
3.527870597620737924e-07
3.501994407548257142e-07
3.476378224587125408e-07
3.451019707778732754e-07
3.425916516164466034e-07
3.401066308785714222e-07
3.376466744683864702e-07
3.352115482900305918e-07
3.328010182476424724e-07
3.304148502453610624e-07
3.280528101873251530e-07
3.257146639776733769e-07
3.234001775205446314e-07
3.211091167200778666e-07
3.188412474804116622e-07
3.165963357056848626e-07
3.143741473000363650e-07
3.121744481676048550e-07
3.099970042125292298e-07
3.078415809190528730e-07
3.057079420918378548e-07
3.035958511156507847e-07
3.015050713752582720e-07
2.994353662554270850e-07
2.973864991409238332e-07
2.953582334165152318e-07
2.933503324669678374e-07
2.913625596770484181e-07
2.893946784315235306e-07
2.874464521151599959e-07
2.855176441127243176e-07
2.836080178089831582e-07
2.817173365887033387e-07
2.798453638366513628e-07
2.779918629375938928e-07
2.761565972762976969e-07
2.743393302375293317e-07
2.725398252060555125e-07
2.707578455666429545e-07
2.689931547040581613e-07
2.672455160030679542e-07
2.655146928484388366e-07
2.638004486249376828e-07
2.621025467173309962e-07
2.604207654848325213e-07
2.587549431844441721e-07
2.571049330476150507e-07
2.554705883057941003e-07
2.538517621904303170e-07
2.522483079329727498e-07
2.506600787648703950e-07
2.490869279175721427e-07
2.475287086225271479e-07
2.459852741111844067e-07
2.444564776149928624e-07
2.429421723654014582e-07
2.414422115938592960e-07
2.399564485318153719e-07
2.384847364107186822e-07
2.370269284620183024e-07
2.355828779171630697e-07
2.341524380076021391e-07
2.327354619647844274e-07
2.313318030201589572e-07
2.299413144051747510e-07
2.285638493512808844e-07
2.271992610899261948e-07
2.258474028525598370e-07
2.245081278706307278e-07
2.231812893755879163e-07
2.218667405988803986e-07
2.205643347719571973e-07
2.192739251262672291e-07
2.179953648932596226e-07
2.167285073043832944e-07
2.154732055910872671e-07
2.142293129848206163e-07
2.129966827170322323e-07
2.117751680191711906e-07
2.105646221226865137e-07
2.093648982590270920e-07
2.081758496596421069e-07
2.069973295559804486e-07
2.058291911794911133e-07
2.046712877616231235e-07
2.035234725338255283e-07
2.023855987275472975e-07
2.012575195742374271e-07
2.001390883053449662e-07
1.990301581523188051e-07
1.979305823466080986e-07
1.968402141196617637e-07
1.957589067029288492e-07
1.946865133278582985e-07
1.936228991517007060e-07
1.925679770349127428e-07
1.915216717637526517e-07
1.904839081244786755e-07
1.894546109033490043e-07
1.884337048866219073e-07
1.874211148605556276e-07
1.864167656114083020e-07
1.854205819254383058e-07
1.844324885889037496e-07
1.834524103880629291e-07
1.824802721091740609e-07
1.815159985384953348e-07
1.805595144622850731e-07
1.796107446668014394e-07
1.786696139383027030e-07
1.777360470630470273e-07
1.768099688272926552e-07
1.758913040172979356e-07
1.749799774193209789e-07
1.740759138196200281e-07
1.731790380044533790e-07
1.722892747600791949e-07
1.714065488727557454e-07
1.705307851287412468e-07
1.696619083142939421e-07
1.687998432156720740e-07
1.679445146191338061e-07
1.670958473109374342e-07
1.662537660773412012e-07
1.654181957046032705e-07
1.645890609789819381e-07
1.637662866867354203e-07
1.629497976141219335e-07
1.621395185473996676e-07
1.613353742728269451e-07
1.605372895766619558e-07
1.597451892451629426e-07
1.589589980645880955e-07
1.581786408211956573e-07
1.574040423012438974e-07
1.566351272909910058e-07
1.558718205766952253e-07
1.551140469446148253e-07
1.543617311810079958e-07
1.536147980721330061e-07
1.528731724042479932e-07
1.521367789636112794e-07
1.514055425364810546e-07
1.506793879091156148e-07
1.499582458562748316e-07
1.492420711067257544e-07
1.485308243777369553e-07
1.478244663865772448e-07
1.471229578505151951e-07
1.464262594868195374e-07
1.457343320127589498e-07
1.450471361456021367e-07
1.443646326026177500e-07
1.436867821010745207e-07
1.430135453582410739e-07
1.423448830913861142e-07
1.416807560177783463e-07
1.410211248546864482e-07
1.403659503193790981e-07
1.397151931291250271e-07
1.390688140011928074e-07
1.384267736528511964e-07
1.377890328013688990e-07
1.371555521640145930e-07
1.365262924580569038e-07
1.359012144007645623e-07
1.352802787094062733e-07
1.346634461012506618e-07
1.340506772935664590e-07
1.334419330036223164e-07
1.328371739486869652e-07
1.322363608460290306e-07
1.316394544129172435e-07
1.310464153666203086e-07
1.304572044244068247e-07
1.298717823035455227e-07
1.292901097213051073e-07
1.287121473949542566e-07
1.281378560417616222e-07
1.275671963789959352e-07
1.270001291239258473e-07
1.264366149938200631e-07
1.258766147059472606e-07
1.253200889775760916e-07
1.247669985259752341e-07
1.242173040684134722e-07
1.236709663221594046e-07
1.231279460044817358e-07
1.225882038326491441e-07
1.220517005239303339e-07
1.215183967955939570e-07
1.209882533649087444e-07
1.204612309491433213e-07
1.199372902655664187e-07
1.194163952448630560e-07
1.188985226713837362e-07
1.183836525428952505e-07
1.178717648571644961e-07
1.173628396119582245e-07
1.168568568050433329e-07
1.163537964341866390e-07
1.158536384971549870e-07
1.153563629917151946e-07
1.148619499156341192e-07
1.143703792666785655e-07
1.138816310426153775e-07
1.133956852412113862e-07
1.129125218602334622e-07
1.124321208974483837e-07
1.119544623506230478e-07
1.114795262175242324e-07
1.110072924959187950e-07
1.105377411835735931e-07
1.100708522782554046e-07
1.096066057777311003e-07
1.091449816797675375e-07
1.086859599821315075e-07
1.082295206825898811e-07
1.077756437789094626e-07
1.073243092688570963e-07
1.068754971501996264e-07
1.064291874207038706e-07
1.059853600781366732e-07
1.055439951202648914e-07
1.051050725448553432e-07
1.046685723496748064e-07
1.042344745324902048e-07
1.038027590910683428e-07
1.033734060231760248e-07
1.029463953265801084e-07
1.025217069990474509e-07
1.020993210383448305e-07
1.016792174422391574e-07
1.012613762084971964e-07
1.008457773348857918e-07
1.004324008191718274e-07
1.000212266591220946e-07
9.961223485250342420e-08
9.920540539708268697e-08
9.880071829062670061e-08
9.839815353090226961e-08
9.799769111567627789e-08
9.759931104271552993e-08
9.720299330978686993e-08
9.680871949014175917e-08
9.641647745897019347e-08
9.602625666694681216e-08
9.563804656474624137e-08
9.525183660304309398e-08
9.486761623251198288e-08
9.448537490382760036e-08
9.410510206766451960e-08
9.372678717469737996e-08
9.335041967560083403e-08
9.297598902104948145e-08
9.260348466171794834e-08
9.223289604828087407e-08
9.186421263141288473e-08
9.149742386178861971e-08
9.113251919008270510e-08
9.076948806696975380e-08
9.040831994312439192e-08
9.004900426922127206e-08
8.969153049593500710e-08
8.933588807394022316e-08
8.898206645391155959e-08
8.863005508652364251e-08
8.827984342245107158e-08
8.793142091236849937e-08
8.758477700695056525e-08
8.723990115687188210e-08
8.689678281280706281e-08
8.655541142543078643e-08
8.621577644541762614e-08
8.587786732344223453e-08
8.554167351017925096e-08
8.520718445630327508e-08
8.487438961248897271e-08
8.454327842941091702e-08
8.421384035774378709e-08
8.388606484816219579e-08
8.355994135134075601e-08
8.323545931795412034e-08
8.291260819867691489e-08
8.259137744418372608e-08
8.227175650514923298e-08
8.195373483224804846e-08
8.163730187615481188e-08
8.132244708754412289e-08
8.100915991709060761e-08
8.069742981546891862e-08
8.038724623335368205e-08
8.007859862141952402e-08
7.977147643034105741e-08
7.946586959536221978e-08
7.916176999000410185e-08
7.885916997235707929e-08
7.855806190051158073e-08
7.825843813255794213e-08
7.796029102658657890e-08
7.766361294068784023e-08
7.736839623295216799e-08
7.707463326146993786e-08
7.678231638433152551e-08
7.649143795962731988e-08
7.620199034544769662e-08
7.591396589988305791e-08
7.562735698102379265e-08
7.534215594696027653e-08
7.505835515578292494e-08
7.477594696558208707e-08
7.449492373444816510e-08
7.421527782047154793e-08
7.393700158174263771e-08
7.366008737635179689e-08
7.338452756238944086e-08
7.311031449794593206e-08
7.283744054111168589e-08
7.256589804997703831e-08
7.229567938263243118e-08
7.202677689716824020e-08
7.175918295167481455e-08
7.149288990424258288e-08
7.122789011296192085e-08
7.096417593592323063e-08
7.070173973121687465e-08
7.044057385693326831e-08
7.018067067116276082e-08
6.992202253199575432e-08
6.966462179752266421e-08
6.940846082583383969e-08
6.915353197501968292e-08
6.889982760317060928e-08
6.864734006837695476e-08
6.839606172872914796e-08
6.814598494231755134e-08
6.789710206723256706e-08
6.764940546156458402e-08
6.740288748340397790e-08
6.715754049084115087e-08
6.691335684196645213e-08
6.667032889487033677e-08
6.642844900764312753e-08
6.618770953837525304e-08
6.594810328275610739e-08
6.570962478687123775e-08
6.547226903440517000e-08
6.523603100904248294e-08
6.500090569446772894e-08
6.476688807436544709e-08
6.453397313242020299e-08
6.430215585231654897e-08
6.407143121773905063e-08
6.384179421237226030e-08
6.361323981990070386e-08
6.338576302400898660e-08
6.315935880838160792e-08
6.293402215670317312e-08
6.270974805265819483e-08
6.248653147993127834e-08
6.226436742220693629e-08
6.204325086316972102e-08
6.182317678650421137e-08
6.160414017589494643e-08
6.138613601502649178e-08
6.116915928758339978e-08
6.095320497725022277e-08
6.073826806771151310e-08
6.052434354265182310e-08
6.031142638575571838e-08
6.009951158070776450e-08
5.988859411119247411e-08
5.967866896089442602e-08
5.946973111349820567e-08
5.926177555268832570e-08
5.905479726214935169e-08
5.884879122556584923e-08
5.864375242662236403e-08
5.843967584900344184e-08
5.823655647639365485e-08
5.803438929247755540e-08
5.783316928093969585e-08
5.763289142546462192e-08
5.743355070973690581e-08
5.723514211744108001e-08
5.703766063226171673e-08
5.684110123788337492e-08
5.664545891799059371e-08
5.645072865626793867e-08
5.625690543639995552e-08
5.606398424207120986e-08
5.587196005696625402e-08
5.568082786476962713e-08
5.549058264916590799e-08
5.530121955252704307e-08
5.511273435197463474e-08
5.492512298331766623e-08
5.473838138236516713e-08
5.455250548492609419e-08
5.436749122680947700e-08
5.418333454382430541e-08
5.400003137177956928e-08
5.381757764648429158e-08
5.363596930374745554e-08
5.345520227937804440e-08
5.327527250918508775e-08
5.309617592897756881e-08
5.291790847456448408e-08
5.274046608175484327e-08
5.256384468635764286e-08
5.238804022418185948e-08
5.221304863103652931e-08
5.203886584273062236e-08
5.186548779507314836e-08
5.169291042387310377e-08
5.152112966493950494e-08
5.135014145408131525e-08
5.117994172710755767e-08
5.101052641982723528e-08
5.084189146804933794e-08
5.067403280758285553e-08
5.050694637423681100e-08
5.034062810382017434e-08
5.017507393214197514e-08
5.001027979501119001e-08
4.984624162823682207e-08
4.968295536762788102e-08
4.952041694899335010e-08
4.935862230814223905e-08
4.919756738088354432e-08
4.903724810302625580e-08
4.887766041037939642e-08
4.871880023875194282e-08
4.856066352395290472e-08
4.840324620179125874e-08
4.824654420807604106e-08
4.809055347861622832e-08
4.793526994922081699e-08
4.778068955569882341e-08
4.762680823385923083e-08
4.747362191951103572e-08
4.732112654846324780e-08
4.716931805652487018e-08
4.701819237950488608e-08
4.686774559680311717e-08
4.671797436218261294e-08
4.656887547299726792e-08
4.642044572660093692e-08
4.627268192034748800e-08
4.612558085159080245e-08
4.597913931768475494e-08
4.583335411598320689e-08
4.568822204384003961e-08
4.554373989860914099e-08
4.539990447764434600e-08
4.525671257829954916e-08
4.511416099792861853e-08
4.497224653388543539e-08
4.483096598352386117e-08
4.469031614419777056e-08
4.455029381326103821e-08
4.441089578806753880e-08
4.427211886597113377e-08
4.413395984432569777e-08
4.399641552048511211e-08
4.385948269180325145e-08
4.372315815563398385e-08
4.358743870933117073e-08
4.345232115024869339e-08
4.331780227574041988e-08
4.318387888316023811e-08
4.305054776986199627e-08
4.291780573319958227e-08
4.278564957052686416e-08
4.265407607919771661e-08
4.252308205656601430e-08
4.239266429998562528e-08
4.226281960681041759e-08
4.213354477439426591e-08
4.200483660009104491e-08
4.187669188125462926e-08
4.174910741523888040e-08
4.162207999939769284e-08
4.149560643108492140e-08
4.136968350765442753e-08
4.124430802646010573e-08
4.111947678485582408e-08
4.099518658019545061e-08
4.087143420983285338e-08
4.074821647112192029e-08
4.062553016141649294e-08
4.050337207807047907e-08
4.038173901843772688e-08
4.026062777987212429e-08
4.014003527251380115e-08
4.001995885764802722e-08
3.990039600934630095e-08
3.978134420168016053e-08
3.966280090872112428e-08
3.954476360454071052e-08
3.942722976321043757e-08
3.931019685880183699e-08
3.919366236538642711e-08
3.907762375703573286e-08
3.896207850782125933e-08
3.884702409181456455e-08
3.873245798308712713e-08
3.861837765571049849e-08
3.850478058375619033e-08
3.839166424129573420e-08
3.827902610240064182e-08
3.816686364114242488e-08
3.805517433159262819e-08
3.794395564782276344e-08
3.783320506390434895e-08
3.772292005390891629e-08
3.761309809190798378e-08
3.750373665197306973e-08
3.739483320817569910e-08
3.728638523458739019e-08
3.717839020527966796e-08
3.707084559432404410e-08
3.696374887579205018e-08
3.685709752375522436e-08
3.675088901228506512e-08
3.664512081545310402e-08
3.653979040733085938e-08
3.643489526198985613e-08
3.633043285350160599e-08
3.622640065593764712e-08
3.612279614336949786e-08
3.601961678986866990e-08
3.591686006950669480e-08
3.581452345635509089e-08
3.571260442448538310e-08
3.561110044796909637e-08
3.551000900087774242e-08
3.540932755728283956e-08
3.530905359125593258e-08
3.520918457686851995e-08
3.510971798819213986e-08
3.501065129929829738e-08
3.491198198425854393e-08
3.481370751714436474e-08
3.471582547486075061e-08
3.461833384564641020e-08
3.452123072057354451e-08
3.442451419071430821e-08
3.432818234714086921e-08
3.423223328092540863e-08
3.413666508314010763e-08
3.404147584485712088e-08
3.394666365714862289e-08
3.385222661108680805e-08
3.375816279774382440e-08
3.366447030819184647e-08
3.357114723350306863e-08
3.347819166474964556e-08
3.338560169300374516e-08
3.329337540933756180e-08
3.320151090482324355e-08
3.311000627053298476e-08
3.301885959753894013e-08
3.292806897691328416e-08
3.283763249972820461e-08
3.274754825705586278e-08
3.265781433996843980e-08
3.256842883953809035e-08
3.247938984683700218e-08
3.239069545293734982e-08
3.230234374891129455e-08
3.221433282583101089e-08
3.212666077476868000e-08
3.203932568679647638e-08
3.195232565298655471e-08
3.186565876441110937e-08
3.177932311214229503e-08
3.169331678725229944e-08
3.160763788081327727e-08
3.152228448389742291e-08
3.143725468757689102e-08
3.135254658292386935e-08
3.126815826101051920e-08
3.118408781290901509e-08
3.110033332969152493e-08
3.101689290243023647e-08
3.093376462219731100e-08
3.085094658006492304e-08
3.076843686710524713e-08
3.068623357439045777e-08
3.060433479299270964e-08
3.052273861398420374e-08
3.044144312843709473e-08
3.036044642742356375e-08
3.027974668657237131e-08
3.019934241973868795e-08
3.011923222533427682e-08
3.003941470177089446e-08
2.995988844746031062e-08
2.988065206081426861e-08
2.980170414024454811e-08
2.972304328416289572e-08
2.964466809098107790e-08
2.956657715911086442e-08
2.948876908696400519e-08
2.941124247295226334e-08
2.933399591548740204e-08
2.925702801298118774e-08
2.918033736384537034e-08
2.910392256649171961e-08
2.902778221933199209e-08
2.895191492077795422e-08
2.887631926924135592e-08
2.880099386313397688e-08
2.872593730086756040e-08
2.865114818085387623e-08
2.857662510150468422e-08
2.850236666123174751e-08
2.842837145844681601e-08
2.835463809156166942e-08
2.828116515898805434e-08
2.820795125913774052e-08
2.813499499042247790e-08
2.806229495125404284e-08
2.798984974004418856e-08
2.791765795520467491e-08
2.784571819514726834e-08
2.777402905828372207e-08
2.770258914302579594e-08
2.763139704778526633e-08
2.756045137097387985e-08
2.748975071100340294e-08
2.741929366628559876e-08
2.734907883523222714e-08
2.727910481625504130e-08
2.720937020776581102e-08
2.713987360817629943e-08
2.707061361589825975e-08
2.700158882934346176e-08
2.693279784692365536e-08
2.686423926705061362e-08
2.679591168813609308e-08
2.672781370859185027e-08
2.665994392682965494e-08
2.659230101077298604e-08
2.652488390639221553e-08
2.645769162916945430e-08
2.639072319458679340e-08
2.632397761812633051e-08
2.625745391527016991e-08
2.619115110150040928e-08
2.612506819229915289e-08
2.605920420314849511e-08
2.599355814953053361e-08
2.592812904692736936e-08
2.586291591082110336e-08
2.579791775669383656e-08
2.573313360002766665e-08
2.566856245630468799e-08
2.560420334100701147e-08
2.554005526961672816e-08
2.547611725761593241e-08
2.541238832048673512e-08
2.534886747371123067e-08
2.528555373277151671e-08
2.522244611314970084e-08
2.515954363032786751e-08
2.509684529978812760e-08
2.503435013701257880e-08
2.497205715748332208e-08
2.490996537668245179e-08
2.484807381009206893e-08
2.478638147319427116e-08
2.472488738147116608e-08
2.466359055040484804e-08
2.460248999547741471e-08
2.454158473217096708e-08
2.448087377596759620e-08
2.442035614234941959e-08
2.436003084679852168e-08
2.429989690479701006e-08
2.423995333182698242e-08
2.418019914337052980e-08
2.412063335490976641e-08
2.406125498192677669e-08
2.400206303990367154e-08
2.394305654432254533e-08
2.388423451066549572e-08
2.382559595441462701e-08
2.376713989105203685e-08
2.370886533605982293e-08
2.365077130492008621e-08
2.359285681311492106e-08
2.353512087612643839e-08
2.347756255922077308e-08
2.342018112680028170e-08
2.336297589305134148e-08
2.330594617216034952e-08
2.324909127831369959e-08
2.319241052569777225e-08
2.313590322849897120e-08
2.307956870090368029e-08
2.302340625709828670e-08
2.296741521126919082e-08
2.291159487760277982e-08
2.285594457028544417e-08
2.280046360350357103e-08
2.274515129144355749e-08
2.269000694829178742e-08
2.263502988823466120e-08
2.258021942545856271e-08
2.252557487414988571e-08
2.247109554849501406e-08
2.241678076268035147e-08
2.236262983089227519e-08
2.230864206731718891e-08
2.225481678614147650e-08
2.220115330155152842e-08
2.214765092773373847e-08
2.209430897887449710e-08
2.204112676916019480e-08
2.198810361277721543e-08
2.193523882391195937e-08
2.188253171675081711e-08
2.182998160548017580e-08
2.177758780428642924e-08
2.172534962735596458e-08
2.167326638887517230e-08
2.162133740303044618e-08
2.156956198400818001e-08
2.151793944599476425e-08
2.146646910317658276e-08
2.141515026974003263e-08
2.136398225987149772e-08
2.131296438775737512e-08
2.126209596758405861e-08
2.121137631353793535e-08
2.116080473980539582e-08
2.111038056057283050e-08
2.106010309002662985e-08
2.100997164235318434e-08
2.095998553173888446e-08
2.091014407237013060e-08
2.086044657843330000e-08
2.081089239875606162e-08
2.076148102073113888e-08
2.071221196639253699e-08
2.066308475777425452e-08
2.061409891691028678e-08
2.056525396583463565e-08
2.051654942658129974e-08
2.046798482118427763e-08
2.041955967167757453e-08
2.037127350009518242e-08
2.032312582847109988e-08
2.027511617883933214e-08
2.022724407323387447e-08
2.017950903368872546e-08
2.013191058223789032e-08
2.008444824091536435e-08
2.003712153175514612e-08
1.998992997679122761e-08
1.994287309805762066e-08
1.989595041758831723e-08
1.984916145741731923e-08
1.980250573957862855e-08
1.975598278610624049e-08
1.970959211903415032e-08
1.966333326039636325e-08
1.961720573222688119e-08
1.957120905655969941e-08
1.952534275542881320e-08
1.947960635086822447e-08
1.943399936491193841e-08
1.938852131959394702e-08
1.934317173694825217e-08
1.929795013900885248e-08
1.925285604780975314e-08
1.920788898538493952e-08
1.916304847376842345e-08
1.911833403499420019e-08
1.907374519109626505e-08
1.902928146410862653e-08
1.898494237606527662e-08
1.894072744900021390e-08
1.889663620494744027e-08
1.885266816594095103e-08
1.880882285401475467e-08
1.876509979120284319e-08
1.872149849953921517e-08
1.867801850105787252e-08
1.863465931779281713e-08
1.859142047177804098e-08
1.854830148504755259e-08
1.850530190097441336e-08
1.846242134828798226e-08
1.841965947705668109e-08
1.837701593734894156e-08
1.833449037923318214e-08
1.829208245277783124e-08
1.824979180805131396e-08
1.820761809512206201e-08
1.816556096405849055e-08
1.812362006492902800e-08
1.808179504780210276e-08
1.804008556274613662e-08
1.799849125982956128e-08
1.795701178912079523e-08
1.791564680068826356e-08
1.787439594460040130e-08
1.783325887092561700e-08
1.779223522973234898e-08
1.775132467108902235e-08
1.771052684506405889e-08
1.766984140172588370e-08
1.762926799114292518e-08
1.758880626338360842e-08
1.754845586851635191e-08
1.750821645660958737e-08
1.746808767773173987e-08
1.742806918195123453e-08
1.738816061933649313e-08
1.734836163995595068e-08
1.730867189387802237e-08
1.726909103117113659e-08
1.722961870190371844e-08
1.719025455614419633e-08
1.715099824396099535e-08
1.711184941542253067e-08
1.707280772059724392e-08
1.703387280955355029e-08
1.699504433235987487e-08
1.695632193908464605e-08
1.691770527979629556e-08
1.687919400456323195e-08
1.684078776345390016e-08
1.680248620653670874e-08
1.676428898388009604e-08
1.672619574555247721e-08
1.668820614162228727e-08
1.665031982215793810e-08
1.661253643722787464e-08
1.657485563690050213e-08
1.653727707124425890e-08
1.649980040216789290e-08
1.646242533894147322e-08
1.642515160267539511e-08
1.638797891448006376e-08
1.635090699546585457e-08
1.631393556674317934e-08
1.627706434942243001e-08
1.624029306461399852e-08
1.620362143342828675e-08
1.616704917697568663e-08
1.613057601636659013e-08
1.609420167271140241e-08
1.605792586712051211e-08
1.602174832070431449e-08
1.598566875457321472e-08
1.594968688983759483e-08
1.591380244760785999e-08
1.587801514899440216e-08
1.584232471510761988e-08
1.580673086705790180e-08
1.577123332595565310e-08
1.573583181291126241e-08
1.570052604903513160e-08
1.566531575543765263e-08
1.563020065322921743e-08
1.559518046352022787e-08
1.556025490742108252e-08
1.552542370604216671e-08
1.549068658049388561e-08
1.545604325188662787e-08
1.542149344133079535e-08
1.538703686993677668e-08
1.535267325881497375e-08
1.531840232907578510e-08
1.528422380182959277e-08
1.525013739818680855e-08
1.521614283925781445e-08
1.518223984615301566e-08
1.514842813998280743e-08
1.511470744185758170e-08
1.508107747288773373e-08
1.504753795418366209e-08
1.501408860685575871e-08
1.498072915201442546e-08
1.494745931077005430e-08
1.491427880423304048e-08
1.488118735351377924e-08
1.484818467972266916e-08
1.481527050397010548e-08
1.478244454736648015e-08
1.474970653758315343e-08
1.471705622853532081e-08
1.468449338069914441e-08
1.465201775455078474e-08
1.461962911056639731e-08
1.458732720922214096e-08
1.455511181099418114e-08
1.452298267635867006e-08
1.449093956579176987e-08
1.445898223976964436e-08
1.442711045876844575e-08
1.439532398326433617e-08
1.436362257373347282e-08
1.433200599065201947e-08
1.430047399449613167e-08
1.426902634574197320e-08
1.423766280486569959e-08
1.420638313234346802e-08
1.417518708865144393e-08
1.414407443426578120e-08
1.411304492966264032e-08
1.408209833531818673e-08
1.405123441170856935e-08
1.402045291930995362e-08
1.398975361859850003e-08
1.395913627005036410e-08
1.392860063414170964e-08
1.389814647134868885e-08
1.386777354214746719e-08
1.383748160701420349e-08
1.380727042642505328e-08
1.377713976085618034e-08
1.374708937078374186e-08
1.371711901668389503e-08
1.368722845903280362e-08
1.365741745830662483e-08
1.362768577498151583e-08
1.359803316953364042e-08
1.356845940243915578e-08
1.353896423417421908e-08
1.350954742521499081e-08
1.348020873603763146e-08
1.345094792711829987e-08
1.342176475893315817e-08
1.339265899195836023e-08
1.336363038667006655e-08
1.333467870354443760e-08
1.330580370305763554e-08
1.327700514568581423e-08
1.324828279190513747e-08
1.321963640728794443e-08
1.319106577779130394e-08
1.316257069446846022e-08
1.313415094837267566e-08
1.310580633055718787e-08
1.307753663207525263e-08
1.304934164398011580e-08
1.302122115732503153e-08
1.299317496316324897e-08
1.296520285254801566e-08
1.293730461653258076e-08
1.290948004617019511e-08
1.288172893251410952e-08
1.285405106661757482e-08
1.282644623953383688e-08
1.279891424231615149e-08
1.277145486601775955e-08
1.274406790169192016e-08
1.271675314039187752e-08
1.268951037317088247e-08
1.266233939108218251e-08
1.263523998517903510e-08
1.260821194651468445e-08
1.258125506614237642e-08
1.255436913511536679e-08
1.252755394448690640e-08
1.250080928531023946e-08
1.247413494863862175e-08
1.244753072552529583e-08
1.242099640702351749e-08
1.239453178418653590e-08
1.236813664806759858e-08
1.234181078971995636e-08
1.231555400019685841e-08
1.228936607055155555e-08
1.226324679183729696e-08
1.223719595510733182e-08
1.221121335141491259e-08
1.218529877181328516e-08
1.215945200735570199e-08
1.213367284909540895e-08
1.210796108808566514e-08
1.208231651537970815e-08
1.205673892203079708e-08
1.203122809909217780e-08
1.200578383761710113e-08
1.198040592865881458e-08
1.195509416327057065e-08
1.192984833250562015e-08
1.190466822741720896e-08
1.187955364075181337e-08
1.185450437202880499e-08
1.182952022246078256e-08
1.180460099326034316e-08
1.177974648564007891e-08
1.175495650081259187e-08
1.173023083999047745e-08
1.170556930438632943e-08
1.168097169521274986e-08
1.165643781368233417e-08
1.163196746100767614e-08
1.160756043840137449e-08
1.158321654707602632e-08
1.155893558824422870e-08
1.153471736311857708e-08
1.151056167291167348e-08
1.148646831883610673e-08
1.146243710210447722e-08
1.143846782392938368e-08
1.141456028552342154e-08
1.139071428809918624e-08
1.136692963286927982e-08
1.134320612104629108e-08
1.131954355384282374e-08
1.129594173247147156e-08
1.127240045814482998e-08
1.124891953207550105e-08
1.122549875547607687e-08
1.120213792955915619e-08
1.117883685553733610e-08
1.115559533462321036e-08
1.113241316802938103e-08
1.110929015696844188e-08
1.108622610265298999e-08
1.106322080629562080e-08
1.104027406910893468e-08
1.101738569230552708e-08
1.099455547709799177e-08
1.097178322469893079e-08
1.094906873632093626e-08
1.092641181317660858e-08
1.090381225647854484e-08
1.088126986743933714e-08
1.085878444727158754e-08
1.083635579718788981e-08
1.081398371840084268e-08
1.079166801212303829e-08
1.076940847956708364e-08
1.074720492194556588e-08
1.072505714047108707e-08
1.070296494260766672e-08
1.068092816082503730e-08
1.065894663384435040e-08
1.063702020038676422e-08
1.061514869917342870e-08
1.059333196892550370e-08
1.057156984836414082e-08
1.054986217621049825e-08
1.052820879118572595e-08
1.050660953201098210e-08
1.048506423740742328e-08
1.046357274609619941e-08
1.044213489679847035e-08
1.042075052823538770e-08
1.039941947912810802e-08
1.037814158819778619e-08
1.035691669416557546e-08
1.033574463575262909e-08
1.031462525168010693e-08
1.029355838066916222e-08
1.027254386144094656e-08
1.025158153271662147e-08
1.023067123321733356e-08
1.020981280166424271e-08
1.018900607677850381e-08
1.016825089728127177e-08
1.014754710189369816e-08
1.012689452933694286e-08
1.010629301833215414e-08
1.008574240760049353e-08
1.006524253586311427e-08
1.004479324184116794e-08
1.002439436425581276e-08
1.000404574182820197e-08
9.983747213279490468e-09
9.963498617330834811e-09
9.943299792703388242e-09
9.923150578118305661e-09
9.903050812296743620e-09
9.883000333959853711e-09
9.862998981828794142e-09
9.843046594624716502e-09
9.823143011068779000e-09
9.803288069882134881e-09
9.783481609785940698e-09
9.763723469501348041e-09
9.744013487749513464e-09
9.724351503251593521e-09
9.704737354728739803e-09
9.685170880902110516e-09
9.665651921330248582e-09
9.646180318921262241e-09
9.626755917420651064e-09
9.607378560573914622e-09
9.588048092126547522e-09
9.568764355824052643e-09
9.549527195411922939e-09
9.530336454635661289e-09
9.511191977240765609e-09
9.492093606972733817e-09
9.473041187577063827e-09
9.454034562799251903e-09
9.435073576384800923e-09
9.416158072079207149e-09
9.397287893627970152e-09
9.378462884776587849e-09
9.359682889270558155e-09
9.340947750855380642e-09
9.322257313276551571e-09
9.303611420279568858e-09
9.285009915609932075e-09
9.266452643013144101e-09
9.247939446234697888e-09
9.229470169020093008e-09
9.211044655114829031e-09
9.192662748264403874e-09
9.174324292214317107e-09
9.156029130710066646e-09
9.137777107497147100e-09
9.119568066321063001e-09
9.101401850927307304e-09
9.083278305061382887e-09
9.065197272468784358e-09
9.047158596895012942e-09
9.029162122085566556e-09
9.011207691785944770e-09
8.993295149741643845e-09
8.975424339698163354e-09
8.957595105400999557e-09
8.939807290595655334e-09
8.922060739027623639e-09
8.904355294442409004e-09
8.886690800585504384e-09
8.869067101202411003e-09
8.851484040038626778e-09
8.833941460839652934e-09
8.816439207350980769e-09
8.798977123318114817e-09
8.781555052486551340e-09
8.764172838601791564e-09
8.746830332993095659e-09
8.729527417324809214e-09
8.712263980845025182e-09
8.695039912801861331e-09
8.677855102443408962e-09
8.660709439017780879e-09
8.643602811773075001e-09
8.626535109957400823e-09
8.609506222818861225e-09
8.592516039605560743e-09
8.575564449565602254e-09
8.558651341947091949e-09
8.541776605998132706e-09
8.524940130966830714e-09
8.508141806101287199e-09
8.491381520649610002e-09
8.474659163859900350e-09
8.457974624980264431e-09
8.441327793258805125e-09
8.424718557943628620e-09
8.408146808282837796e-09
8.391612433524537187e-09
8.375115322916831327e-09
8.358655365707824750e-09
8.342232451145621991e-09
8.325846468478325928e-09
8.309497306954044405e-09
8.293184855820876993e-09
8.276909004326928226e-09
8.260669641720305947e-09
8.244466657249114689e-09
8.228299940161455679e-09
8.212169379705433449e-09
8.196074865129154190e-09
8.180016285680722434e-09
8.163993530608239408e-09
8.148006489159812953e-09
8.132055050583545950e-09
8.116139104127542933e-09
8.100258539039906781e-09
8.084413244568743684e-09
8.068603109962156520e-09
8.052828024468251478e-09
8.037087877335131438e-09
8.021382557810899279e-09
8.005711955143662845e-09
7.990075958581521707e-09
7.974474457372588670e-09
7.958907340764956687e-09
7.943374498006740220e-09
7.927875819104298763e-09
7.912411197097056322e-09
7.896980525782691863e-09
7.881583698958890972e-09
7.866220610423327652e-09
7.850891153973689141e-09
7.835595223407656061e-09
7.820332712522909033e-09
7.805103515117130332e-09
7.789907524988005544e-09
7.774744635933208670e-09
7.759614741750425297e-09
7.744517736237337698e-09
7.729453513191626497e-09
7.714421966410972312e-09
7.699422989693060730e-09
7.684456476835569063e-09
7.669522321636179585e-09
7.654620417892576228e-09
7.639750659402439611e-09
7.624912939963448702e-09
7.610107153373289086e-09
7.595333193429641383e-09
7.580590953930184560e-09
7.565880328672604202e-09
7.551201211454579275e-09
7.536553496073790401e-09
7.521937076327921509e-09
7.507351846014653221e-09
7.492797698931669466e-09
7.478274528876647557e-09
7.463782229647273079e-09
7.449320695041226652e-09
7.434889818856188898e-09
7.420489494889840438e-09
7.406119616939865201e-09
7.391780078803944637e-09
7.377470774279758539e-09
7.363191597164990010e-09
7.348942441257320498e-09
7.334723200354432279e-09
7.320533768254004319e-09
7.306374038753721377e-09
7.292243905651263245e-09
7.278143262744313026e-09
7.264072003830549688e-09
7.250030022707657161e-09
7.236017213173316892e-09
7.222033469025211157e-09
7.208078684061018923e-09
7.194152758648753640e-09
7.180255619437739392e-09
7.166387199647634749e-09
7.152547432498095795e-09
7.138736251208776963e-09
7.124953588999333511e-09
7.111199379089424009e-09
7.097473554698702888e-09
7.083776049046827060e-09
7.070106795353450959e-09
7.056465726838232325e-09
7.042852776720825590e-09
7.029267878220888494e-09
7.015710964558073815e-09
7.002181968952041776e-09
6.988680824622446807e-09
6.975207464788944170e-09
6.961761822671189122e-09
6.948343831488839404e-09
6.934953424461551102e-09
6.921590534808977822e-09
6.908255095750778131e-09
6.894947040506607288e-09
6.881666302296120553e-09
6.868412814338974011e-09
6.855186509854824577e-09
6.841987322063328336e-09
6.828815184184139721e-09
6.815670029436915645e-09
6.802551791041312194e-09
6.789460402216986282e-09
6.776395796183592340e-09
6.763357906160787283e-09
6.750346665368227196e-09
6.737362007025565685e-09
6.724403864352462971e-09
6.711472170568572660e-09
6.698566858893550010e-09
6.685687862547051108e-09
6.672835114748734521e-09
6.660008548718253028e-09
6.647208097675266023e-09
6.634433694839425457e-09
6.621685273430390724e-09
6.608962766667816257e-09
6.596266107771357314e-09
6.583595229960671638e-09
6.570950066455414485e-09
6.558330550475241944e-09
6.545736615239810100e-09
6.533168194123874713e-09
6.520625221122596855e-09
6.508107630386233962e-09
6.495615356065047606e-09
6.483148332309297706e-09
6.470706493269242526e-09
6.458289773095143637e-09
6.445898105937260131e-09
6.433531425945851926e-09
6.421189667271179766e-09
6.408872764063501089e-09
6.396580650473078294e-09
6.384313260650169644e-09
6.372070528745036712e-09
6.359852388907936108e-09
6.347658775289132712e-09
6.335489622038881479e-09
6.323344863307444810e-09
6.311224433245082621e-09
6.299128266002052350e-09
6.287056295728618050e-09
6.275008456575037158e-09
6.262984682691567110e-09
6.250984908228471961e-09
6.239009067336009974e-09
6.227057094164440240e-09
6.215128922864023503e-09
6.203224487585019683e-09
6.191343722477687043e-09
6.179486561692287982e-09
6.167652939379080764e-09
6.155842789688326134e-09
6.144056046770283184e-09
6.132292644775211003e-09
6.120552517853370338e-09
6.108835600155022760e-09
6.097141825830424879e-09
6.085471129029838267e-09
6.073823443903523670e-09
6.062198704601739351e-09
6.050596845274746055e-09
6.039017800072802046e-09
6.027461503146170552e-09
6.015927888645108180e-09
6.004416890719875677e-09
5.992928443520733787e-09
5.981462481197940774e-09
5.970018937901758211e-09
5.958597747782445189e-09
5.947198844990261625e-09
5.935822167717415191e-09
5.924467670323907050e-09
5.913135311211682810e-09
5.901825048782693871e-09
5.890536841438886667e-09
5.879270647582210116e-09
5.868026425614611479e-09
5.856804133938039674e-09
5.845603730954442791e-09
5.834425175065770574e-09
5.823268424673966976e-09
5.812133438180984223e-09
5.801020173988769577e-09
5.789928590499270302e-09
5.778858646114435314e-09
5.767810299236212703e-09
5.756783508266552212e-09
5.745778231607397796e-09
5.734794427660702508e-09
5.723832054828411128e-09
5.712891071512473401e-09
5.701971436114837417e-09
5.691073107037452091e-09
5.680196042682263033e-09
5.669340201451221641e-09
5.658505541746274350e-09
5.647692021969369250e-09
5.636899600522455258e-09
5.626128235807480463e-09
5.615377886226392129e-09
5.604648510181139999e-09
5.593940066073672163e-09
5.583252512305935883e-09
5.572585807279879250e-09
5.561939909397449525e-09
5.551314777060598108e-09
5.540710368671271433e-09
5.530126642631417590e-09
5.519563557342984670e-09
5.509021071207921588e-09
5.498499142628173954e-09
5.487997730005693992e-09
5.477516791742427312e-09
5.467056286240322829e-09
5.456616171901329461e-09
5.446196407127393643e-09
5.435796950320465119e-09
5.425417759882491152e-09
5.415058794215420659e-09
5.404720011721201729e-09
5.394401370545973539e-09
5.384102827812643749e-09
5.373824340388309451e-09
5.363565865140069391e-09
5.353327358935022318e-09
5.343108778640265322e-09
5.332910081122897151e-09
5.322731223250015724e-09
5.312572161888718961e-09
5.302432853906107262e-09
5.292313256169275239e-09
5.282213325545322465e-09
5.272133018901349342e-09
5.262072293104451307e-09
5.252031105021727108e-09
5.242009411520277144e-09
5.232007169467196028e-09
5.222024335729584159e-09
5.212060867174539458e-09
5.202116720669159017e-09
5.192191853080542410e-09
5.182286221275789211e-09
5.172399782121994030e-09
5.162532492486256441e-09
5.152684309235676019e-09
5.142855189237350683e-09
5.133045089358375870e-09
5.123253966465852809e-09
5.113481777426877765e-09
5.103728479108551140e-09
5.093994028377969198e-09
5.084278382102229859e-09
5.074581497148434351e-09
5.064903330383677285e-09
5.055243838675057408e-09
5.045602978889675120e-09
5.035980707894627515e-09
5.026376982557010856e-09
5.016791759743925546e-09
5.007224996322471158e-09
4.997676649159739822e-09
4.988146675122837728e-09
4.978635031078857006e-09
4.969141673894899712e-09
4.959666560438060456e-09
4.950209647575441293e-09
4.940770892174136835e-09
4.931350251101247483e-09
4.921947681223871155e-09
4.912563139409104945e-09
4.903196584503875444e-09
4.893847983274420623e-09
4.884517304466802988e-09
4.875204516827090010e-09
4.865909589101342541e-09
4.856632490035628878e-09
4.847373188376009875e-09
4.838131652868554655e-09
4.828907852259324070e-09
4.819701755294386419e-09
4.810513330719801726e-09
4.801342547281638289e-09
4.792189373725958615e-09
4.783053778798828519e-09
4.773935731246312162e-09
4.764835199814474534e-09
4.755752153249379794e-09
4.746686560297092933e-09
4.737638389703678110e-09
4.728607610215200315e-09
4.719594190577724536e-09
4.710598099537315761e-09
4.701619305840036498e-09
4.692657778231953389e-09
4.683713485459130595e-09
4.674786396267631451e-09
4.665876479403522600e-09
4.656983703612869029e-09
4.648108037641731592e-09
4.639249450236179412e-09
4.630407910142274170e-09
4.621583386106081681e-09
4.612775846873666107e-09
4.603985261191092436e-09
4.595211597804425656e-09
4.586454825459729929e-09
4.577714912903069416e-09
4.568991828880509932e-09
4.560285542138114812e-09
4.551596021421949872e-09
4.542923235478078445e-09
4.534267153052565520e-09
4.525627742891477740e-09
4.517004973740875958e-09
4.508398814346828469e-09
4.499809233455396956e-09
4.491236199812648059e-09
4.482679682164646768e-09
4.474139649257454762e-09
4.465616069837140339e-09
4.457108912267772344e-09
4.448618143385454904e-09
4.440143729644293521e-09
4.431685637498399490e-09
4.423243833401879965e-09
4.414818283808842933e-09
4.406408955173398030e-09
4.398015813949651587e-09
4.389638826591715724e-09
4.381277959553696771e-09
4.372933179289702712e-09
4.364604452253844012e-09
4.356291744900227001e-09
4.347995023682961317e-09
4.339714255056156600e-09
4.331449405473919179e-09
4.323200441390358692e-09
4.314967329259583124e-09
4.306750035535702940e-09
4.298548526672824469e-09
4.290362769125055697e-09
4.282192729346508743e-09
4.274038373791288282e-09
4.265899668913503953e-09
4.257776581167265395e-09
4.249669077006680591e-09
4.241577122885856699e-09
4.233500685258904184e-09
4.225439730579931030e-09
4.217394225303045222e-09
4.209364135882355570e-09
4.201349428771970886e-09
4.193350070425999982e-09
4.185366027298550014e-09
4.177397265843728966e-09
4.169443752515648131e-09
4.161505453768414667e-09
4.153582336056136557e-09
4.145674365832922612e-09
4.137781509552882472e-09
4.129903733670122465e-09
4.122041004638753058e-09
4.114193288912882234e-09
4.106360552946618805e-09
4.098542763194069928e-09
4.090739886109345242e-09
4.082951888146552730e-09
4.075178735759802030e-09
4.067420395403200301e-09
4.059676833530857180e-09
4.051948017596718673e-09
4.044233919054079565e-09
4.036534510356078453e-09
4.028849763955847315e-09
4.021179652306521438e-09
4.013524147861236112e-09
4.005883223073124969e-09
3.998256850395323298e-09
3.990645002280964731e-09
3.983047651183187866e-09
3.975464769555123026e-09
3.967896329849906327e-09
3.960342304520673057e-09
3.952802666020556849e-09
3.945277386802692991e-09
3.937766439320216771e-09
3.930269796026261822e-09
3.922787429373963432e-09
3.915319311816456889e-09
3.907865415806875827e-09
3.900425713798354705e-09
3.893000178244029639e-09
3.885588781597033435e-09
3.878191496310503863e-09
3.870808294837572075e-09
3.863439149631374184e-09
3.856084033145046308e-09
3.848742917831720423e-09
3.841415776144532646e-09
3.834102580536619092e-09
3.826803303461111739e-09
3.819517917371147530e-09
3.812246394719860098e-09
3.804988707960383904e-09
3.797744829545853408e-09
3.790514731929404726e-09
3.783298387564172318e-09
3.776095768903289817e-09
3.768906848399892512e-09
3.761731598507114035e-09
3.754569991678091329e-09
3.747422000365958028e-09
3.740287597023847764e-09
3.733166754104895826e-09
3.726059444062237502e-09
3.718965639349007665e-09
3.711885312418339949e-09
3.704818435723370056e-09
3.697764981717232032e-09
3.690724922853060752e-09
3.683698231270166210e-09
3.676684877852560950e-09
3.669684833170431808e-09
3.662698067793966860e-09
3.655724552293352943e-09
3.648764257238777308e-09
3.641817153200428031e-09
3.634883210748491949e-09
3.627962400453156311e-09
3.621054692884610435e-09
3.614160058613039504e-09
3.607278468208632007e-09
3.600409892241574782e-09
3.593554301282055492e-09
3.586711665900262214e-09
3.579881956666382197e-09
3.573065144150602279e-09
3.566261198923109295e-09
3.559470091554092564e-09
3.552691792613737266e-09
3.545926272672232308e-09
3.539173502299766179e-09
3.532433452066524061e-09
3.525706092542694445e-09
3.518991394298464167e-09
3.512289327904021718e-09
3.505599863929553107e-09
3.498922972945247653e-09
3.492258625521290536e-09
3.485606792227871489e-09
3.478967443635176520e-09
3.472340550313392466e-09
3.465726082832708644e-09
3.459124011763311479e-09
3.452534307675386977e-09
3.445956941139124872e-09
3.439391882724712413e-09
3.432839103002335609e-09
3.426298572542182537e-09
3.419770261914441275e-09
3.413254141689297831e-09
3.406750182436940696e-09
3.400258354727557534e-09
3.393778629131335181e-09
3.387310976218460887e-09
3.380855366559123142e-09
3.374411770723507542e-09
3.367980159281802992e-09
3.361560502804196742e-09
3.355152771860876040e-09
3.348756938444302335e-09
3.342372980236032211e-09
3.336000876339898515e-09
3.329640605859732443e-09
3.323292147899363948e-09
3.316955481562625878e-09
3.310630585953349016e-09
3.304317440175364142e-09
3.298016023332504518e-09
3.291726314528600098e-09
3.285448292867482076e-09
3.279181937452982475e-09
3.272927227388933315e-09
3.266684141779164137e-09
3.260452659727508204e-09
3.254232760337796710e-09
3.248024422713859195e-09
3.241827625959528921e-09
3.235642349178636670e-09
3.229468571475013635e-09
3.223306271952491426e-09
3.217155429714902063e-09
3.211016023866075915e-09
3.204888033509844588e-09
3.198771437750040105e-09
3.192666215690493247e-09
3.186572346435036035e-09
3.180489809087498836e-09
3.174418582751714087e-09
3.168358646531512567e-09
3.162309979530726299e-09
3.156272560853185650e-09
3.150246369602722228e-09
3.144231384883168467e-09
3.138227585798354737e-09
3.132234951452113471e-09
3.126253460948274623e-09
3.120283093390670629e-09
3.114323827883132684e-09
3.108375643529492394e-09
3.102438519433580129e-09
3.096512434699228322e-09
3.090597368430267755e-09
3.084693299730530863e-09
3.078800207703848014e-09
3.072918071454051228e-09
3.067046870084970460e-09
3.061186582700438973e-09
3.055337188404287547e-09
3.049498666300347376e-09
3.043670992852508521e-09
3.037854133964898570e-09
3.032048052901703150e-09
3.026252712927107889e-09
3.020468077305298828e-09
3.014694109300461592e-09
3.008930772176781397e-09
3.003178029198445522e-09
2.997435843629638769e-09
2.991704178734547591e-09
2.985982997777356788e-09
2.980272264022253642e-09
2.974571940733422952e-09
2.968881991175050760e-09
2.963202378611323105e-09
2.957533066306425616e-09
2.951874017524543918e-09
2.946225195529864880e-09
2.940586563586573303e-09
2.934958084958855225e-09
2.929339722910896275e-09
2.923731440706883321e-09
2.918133201611001162e-09
2.912544968887435425e-09
2.906966705800372978e-09
2.901398375613998621e-09
2.895839941592499636e-09
2.890291367000060409e-09
2.884752615100866980e-09
2.879223649159105803e-09
2.873704432438962507e-09
2.868194928204623545e-09
2.862695099720272889e-09
2.857204910250097822e-09
2.851724323058283970e-09
2.846253301409017374e-09
2.840791808566483660e-09
2.835339807794868044e-09
2.829897262358357392e-09
2.824464135521137331e-09
2.819040390547392661e-09
2.813625990701310251e-09
2.808220899247075727e-09
2.802825079448874716e-09
2.797438494570893673e-09
2.792061107877317810e-09
2.786692882632332343e-09
2.781333782100124965e-09
2.775983769544880062e-09
2.770642808230783677e-09
2.765310873037204742e-09
2.759987985304244182e-09
2.754674177987183747e-09
2.749369484041308909e-09
2.744073936421901004e-09
2.738787568084243850e-09
2.733510411983622091e-09
2.728242501075317065e-09
2.722983868314613415e-09
2.717734546656794132e-09
2.712494569057142208e-09
2.707263968470941459e-09
2.702042777853474463e-09
2.696831030160025451e-09
2.691628758345876587e-09
2.686435995366312101e-09
2.681252774176614984e-09
2.676079127732069054e-09
2.670915088987956062e-09
2.665760690899561478e-09
2.660615966422167053e-09
2.655480948511057018e-09
2.650355670121513537e-09
2.645240164208820840e-09
2.640134463728261919e-09
2.635038601635120590e-09
2.629952610884679432e-09
2.624876524432221848e-09
2.619810375233031243e-09
2.614754196242391434e-09
2.609708020415584997e-09
2.604671880707895338e-09
2.599645810074606274e-09
2.594629841471000796e-09
2.589624007852362307e-09
2.584628342173973385e-09
2.579642877391119088e-09
2.574667646459080753e-09
2.569702682333142610e-09
2.564748017968588065e-09
2.559803686320700106e-09
2.554869720344762553e-09
2.549946152996057569e-09
2.545033017229870212e-09
2.540130346001482231e-09
2.535238172266177446e-09
2.530356528979239259e-09
2.525485449095950661e-09
2.520624965571595884e-09
2.515775111361457092e-09
2.510935878387372793e-09
2.506107094437398201e-09
2.501288546266143221e-09
2.496480020628218170e-09
2.491681304278232539e-09
2.486892183970797475e-09
2.482112446460521227e-09
2.477341878502015768e-09
2.472580266849889349e-09
2.467827398258753528e-09
2.463083059483216556e-09
2.458347037277889992e-09
2.453619118397383327e-09
2.448899089596306466e-09
2.444186737629269313e-09
2.439481849250882187e-09
2.434784211215754579e-09
2.430093610278497220e-09
2.425409833193719189e-09
2.420732666716031217e-09
2.416061897600043208e-09
2.411397312600365068e-09
2.406738698471606702e-09
2.402085841968378013e-09
2.397438529845289734e-09
2.392796548856951356e-09
2.388159685757972370e-09
2.383527727302963922e-09
2.378900460246534261e-09
2.374277671343295361e-09
2.369659147347856299e-09
2.365044675014826979e-09
2.360434041098817721e-09
2.355827032354438842e-09
2.351223435536299006e-09
2.346623037399009359e-09
2.342025624697179805e-09
2.337430984185420250e-09
2.332838902618340597e-09
2.328249166750550752e-09
2.323661563336660619e-09
2.319075879131280930e-09
2.314491900889021176e-09
2.309909415364491262e-09
2.305328209312301506e-09
2.300748069487061814e-09
2.296168782643381261e-09
2.291590135535871408e-09
2.287011914919141333e-09
2.282433907547801352e-09
