# pt
4.092338636184316849e-09
4.891469551168093720e-09
5.261551855671800095e-09
5.402807027491900374e-09
5.419930976898390071e-09
5.368607247163972067e-09
5.270173660303831688e-09
5.139708407092859238e-09
4.994904874400760680e-09
4.852884449925672930e-09
4.716272012430174283e-09
4.583486013992837698e-09
4.452943911198788582e-09
4.323478781478759041e-09
4.194369408853808417e-09
4.066261782860698317e-09
3.940159620360017263e-09
3.817130341991954205e-09
3.698309257077279142e-09
3.585039525879477155e-09
3.478097619415164654e-09
3.375785400770760034e-09
3.276435910087375593e-09
3.180981503655101822e-09
3.090546611222165392e-09
3.004424640220364061e-09
2.921496388046032034e-09
2.840823234270087717e-09
2.761770663455250993e-09
2.684739997956864275e-09
2.610401526301769360e-09
2.539465563910176424e-09
2.472403931533091785e-09
2.408694444351336682e-09
2.347596329071072892e-09
2.288488464070009017e-09
2.230913770730656229e-09
2.174951690783187945e-09
2.120815796044691587e-09
2.068638113642205753e-09
2.018224491942566698e-09
1.969299234622562674e-09
1.921586645358979868e-09
1.874811027828605293e-09
1.828812286975814943e-09
1.783892732815336813e-09
1.740470276629487876e-09
1.698962829700584489e-09
1.659788303310943833e-09
1.623192370185101376e-09
1.588731748816467800e-09
1.555790919140672900e-09
1.523754361093345848e-09
1.492006554610116440e-09
1.460080330328550979e-09
1.428101921693961186e-09
1.396345912853595911e-09
1.365086887954704004e-09
1.334599431144533694e-09
1.305124744361203858e-09
1.276770500706311824e-09
1.249610991072325570e-09
1.223720506351712036e-09
1.199173337436938785e-09
1.175979084456629879e-09
1.153888584484033310e-09
1.132587983828555019e-09
1.111763428799599499e-09
1.091101065706571449e-09
1.070360655727312549e-09
1.049596419513409713e-09
1.028936192584884976e-09
1.008507810461762027e-09
9.884391086640633129e-10
9.688473926028914820e-10
9.498078472536670893e-10
9.313851274828898561e-10
9.136438881570602274e-10
8.966487841426778212e-10
8.804363198314303695e-10
8.649303977157559934e-10
8.500267698132801008e-10
8.356211881416285136e-10
8.216094047184266396e-10
8.079000771614749443e-10
7.944534854892728822e-10
7.812428153204947583e-10
7.682412522738147742e-10
7.554219819679073383e-10
7.427635520713208674e-10
7.302659584521014657e-10
7.179345590281692458e-10
7.057747117174445270e-10
6.937917744378475254e-10
6.819911051072987671e-10
6.703780616437180545e-10
6.589580019650260171e-10
6.477362839891427675e-10
6.367182656339885217e-10
6.259093048174837025e-10
6.153147594575485257e-10
6.049399874721031041e-10
5.947903467790677569e-10
5.848711952963629069e-10
5.751878909419087701e-10
5.657457916336253556e-10
5.565502552894331897e-10
5.476066398272523849e-10
5.389203031650033639e-10
5.304939641485728395e-10
5.223197853357139247e-10
5.143872902121463330e-10
5.066860022635898809e-10
4.992054449757640749e-10
4.919351418343885248e-10
4.848646163251832543e-10
4.779833919338677697e-10
4.712809921461616809e-10
4.647469404477847528e-10
4.583707603244567505e-10
4.521419752618972322e-10
4.460501087458259627e-10
4.400846842619626037e-10
4.342352252960269201e-10
4.284912553337385736e-10
4.228422978608171222e-10
4.172778763629824343e-10
4.117875143259540683e-10
4.063607352354518405e-10
4.009890663031028549e-10
3.956720496441645004e-10
3.904112310998015563e-10
3.852081565111790091e-10
3.800643717194614311e-10
3.749814225658138088e-10
3.699608548914011283e-10
3.650042145373880139e-10
3.601130473449394519e-10
3.552888991552201183e-10
3.505333158093949993e-10
3.458478431486288743e-10
3.412340270140865228e-10
3.366934132469329310e-10
3.322275476883328782e-10
3.278379761794511440e-10
3.235262445614526112e-10
3.192938986755021625e-10
3.151424843627645775e-10
3.110735474644047388e-10
3.070880907403491295e-10
3.031849446255707359e-10
2.993623964738044029e-10
2.956187336387848204e-10
2.919522434742466784e-10
2.883612133339247699e-10
2.848439305715536815e-10
2.813986825408683616e-10
2.780237565956032931e-10
2.747174400894934245e-10
2.714780203762732388e-10
2.683037848096777360e-10
2.651930207434414510e-10
2.621440155312990735e-10
2.591550565269856036e-10
2.562244310842354211e-10
2.533504265567834741e-10
2.505313302983644009e-10
2.477654296627129431e-10
2.450510120035638938e-10
2.423863646746518396e-10
2.397697750297116254e-10
2.371995304224779410e-10
2.346739182066854247e-10
2.321912257360689730e-10
2.297498696128579642e-10
2.273487834332610723e-10
2.249870300419816081e-10
2.226636722837230374e-10
2.203777730031887486e-10
2.181283950450820265e-10
2.159146012541064146e-10
2.137354544749651976e-10
2.115900175523618157e-10
2.094773533309996053e-10
2.073965246555820066e-10
2.053465943708123818e-10
2.033266253213941195e-10
2.013356803520306335e-10
1.993728223074252865e-10
1.974371140322814667e-10
1.955276183713026141e-10
1.936433981691920135e-10
1.917835162706531826e-10
1.899470355203894062e-10
1.881330187631041243e-10
1.863405288435007252e-10
1.845686286062825972e-10
1.828163808961530510e-10
1.810828485578156301e-10
1.793672411486721962e-10
1.776693550769190224e-10
1.759891334634510361e-10
1.743265194291630872e-10
1.726814560949499741e-10
1.710538865817066240e-10
1.694437540103278871e-10
1.678510015017086389e-10
1.662755721767436779e-10
1.647174091563279572e-10
1.631764555613562752e-10
1.616526545127234818e-10
1.601459491313245043e-10
1.586562825380541411e-10
1.571835978538072938e-10
1.557278381994788382e-10
1.542889466959635983e-10
1.528668664641564757e-10
1.514615406249522946e-10
1.500729122992459306e-10
1.487009246079322597e-10
1.473455206719061316e-10
1.460066436120624481e-10
1.446842365492960074e-10
1.433782426045016852e-10
1.420886048985743573e-10
1.408152665524088994e-10
1.395581706869001616e-10
1.383172604229430196e-10
1.370924788814322975e-10
1.358837691832628968e-10
1.346910744493297192e-10
1.335143378005275630e-10
1.323535023577512522e-10
1.312085112418957143e-10
1.300793075738558251e-10
1.289658344745264085e-10
1.278680350648023406e-10
1.267858524655784969e-10
1.257192297977497015e-10
1.246681101822108562e-10
1.236324367398568108e-10
1.226121525915824152e-10
1.216072008582825970e-10
1.206175246608521543e-10
1.196430671201859112e-10
1.186837713571787952e-10
1.177395804927256821e-10
1.168104376477213701e-10
1.158962859430607867e-10
1.149970368122553648e-10
1.141124749392829862e-10
1.132423533207381800e-10
1.123864249532154111e-10
1.115444428333091699e-10
1.107161599576139470e-10
1.099013293227242329e-10
1.090997039252345440e-10
1.083110367617393580e-10
1.075350808288331912e-10
1.067715891231104955e-10
1.060203146411657612e-10
1.052810103795935308e-10
1.045534293349882559e-10
1.038373245039444271e-10
1.031324488830565738e-10
1.024385554689191605e-10
1.017553972581266650e-10
1.010827272472736036e-10
1.004202984329544798e-10
9.976786381176374537e-11
9.912517638029595545e-11
9.849198913514554889e-11
9.786805507290701625e-11
9.725312719017487391e-11
9.664695848354362535e-11
9.604930194960773525e-11
9.545991058496172000e-11
9.487853738620003139e-11
9.430493534991722457e-11
9.373885747270773838e-11
9.318005675116608922e-11
9.262828618188676764e-11
9.208329876146426417e-11
9.154484748649304351e-11
9.101268535356767375e-11
9.048656535928258081e-11
8.996624050023226816e-11
8.945146377301122634e-11
8.894198817421398466e-11
8.843756670043498198e-11
8.793795234826876052e-11
8.744289811430978500e-11
8.695215699515253302e-11
8.646548198739154682e-11
8.598262608762127818e-11
8.550334229243621764e-11
8.502738359843088159e-11
8.455450300219973472e-11
8.408445350033730636e-11
8.361701142023334645e-11
8.315204641245888819e-11
8.268945145838015957e-11
8.222911953936347903e-11
8.177094363677508748e-11
8.131481673198129045e-11
8.086063180634836763e-11
8.040828184124259868e-11
7.995765981803023746e-11
7.950865871807761532e-11
7.906117152275094734e-11
7.861509121341656489e-11
7.817031077144072179e-11
7.772672317818969774e-11
7.728422141502979826e-11
7.684269846332727719e-11
7.640204730444842712e-11
7.596216091975951481e-11
7.552293229062683287e-11
7.508425439841664806e-11
7.464602022449522713e-11
7.420812275022890146e-11
7.377045495698391195e-11
7.333290982612652537e-11
7.289538033902306016e-11
7.245775947703977016e-11
7.201994022154294798e-11
7.158181555389886036e-11
7.114327845547379992e-11
7.070422190763403341e-11
7.026453889174585343e-11
6.982412238917551382e-11
6.938286538128932011e-11
6.894066084945355197e-11
6.849740177503447617e-11
6.805298113939838530e-11
6.760729192391154613e-11
6.716022710994025125e-11
6.671167967885076744e-11
6.626154261200938728e-11
6.580970889078237753e-11
6.535607149653603081e-11
6.490052341063660094e-11
6.444295761445039346e-11
6.398326708934368803e-11
6.352134481668275143e-11
6.305708377783385040e-11
6.259037695416330340e-11
6.212111732703736425e-11
6.164919787782232558e-11
6.117458958785310506e-11
6.069757543833932754e-11
6.021851641045920418e-11
5.973777348539102368e-11
5.925570764431298426e-11
5.877267986840338756e-11
5.828905113884047058e-11
5.780518243680245740e-11
5.732143474346763026e-11
5.683816904001423262e-11
5.635574630762050150e-11
5.587452752746469328e-11
5.539487368072505143e-11
5.491714574857985173e-11
5.444170471220731826e-11
5.396891155278571387e-11
5.349912725149328849e-11
5.303271278950827912e-11
5.257002914800894216e-11
5.211143730817354046e-11
5.165729825118031749e-11
5.120797295820751671e-11
5.076382241043339451e-11
5.032520758903619436e-11
4.989248947519416620e-11
4.946602905008557287e-11
4.904618729488866430e-11
4.863332519078167750e-11
4.822780371894285594e-11
4.782998386055048185e-11
4.744022659678277285e-11
4.705889290881799826e-11
4.668634377783440800e-11
4.632294018501024555e-11
4.596904311152374145e-11
4.562501353855318440e-11
4.529121244727681139e-11
4.496800081887286591e-11
4.465573963451959788e-11
4.435478987539525076e-11
4.406551252267808742e-11
4.378826855754636423e-11
4.352341896117831175e-11
4.327132471475219928e-11
4.303234679944627677e-11
4.280684619643876182e-11
4.259518388690794313e-11
4.239772085203205772e-11
4.221481807298934259e-11
4.204683653095807351e-11
4.189401725352343486e-11
4.175612145389849741e-11
4.163279039170323405e-11
4.152366532655766292e-11
4.142838751808180217e-11
4.134659822589561176e-11
4.127793870961913568e-11
4.122205022887236623e-11
4.117857404327529568e-11
4.114715141244794217e-11
4.112742359601030446e-11
4.111903185358236837e-11
4.112161744478415203e-11
4.113482162923566066e-11
4.115828566655688654e-11
4.119165081636786074e-11
4.123455833828854324e-11
4.128664949193895862e-11
4.134756553693911211e-11
4.141694773290901537e-11
4.149443733946864131e-11
4.157967561623802746e-11
4.167230382283715316e-11
4.177196321888603011e-11
4.187829506400465705e-11
4.199094061781304565e-11
4.210954113993119466e-11
4.223373788997909637e-11
4.236317212757676892e-11
4.249748511234420459e-11
4.263631810390141507e-11
4.277931236186839909e-11
4.292610914586516187e-11
4.307634971551170216e-11
4.322967533042801871e-11
4.338572725023412320e-11
4.354414673455002083e-11
4.370457504299571682e-11
4.386665343519119700e-11
4.403002317075647303e-11
4.419432550931154367e-11
4.435920171047642706e-11
4.452429303387112194e-11
4.468924073911561414e-11
4.485368608582991533e-11
4.501727033363404366e-11
4.517963474214797201e-11
4.534042057099173792e-11
4.549926907978532721e-11
4.565582152814873217e-11
4.580979702312492013e-11
4.596122606144865525e-11
4.611021698727763147e-11
4.625687814476957506e-11
4.640131787808218646e-11
4.654364453137317900e-11
4.668396644880026602e-11
4.682239197452114796e-11
4.695902945269355107e-11
4.709398722747517578e-11
4.722737364302373544e-11
4.735929704349692400e-11
4.748986577305247419e-11
4.761918817584809290e-11
4.774737259604148702e-11
4.787452737779036341e-11
4.800076086525244190e-11
4.812618140258541643e-11
4.825089733394701329e-11
4.837501700349493935e-11
4.849864875538690149e-11
4.862190093378060659e-11
4.874488188283377448e-11
4.886769994670411202e-11
4.899046346954932610e-11
4.911328079552713007e-11
4.923626026879523081e-11
4.935951023351134812e-11
4.948313903383316305e-11
4.960725501391843416e-11
4.973196651792484250e-11
4.985738189001009495e-11
4.998360947433191777e-11
5.011075761504801140e-11
5.023893465631607624e-11
5.036824894229384503e-11
5.049880881713901820e-11
5.063072262500930262e-11
5.076409871006241810e-11
5.089904541645606506e-11
5.103567108834794393e-11
5.117408406989579390e-11
5.131439270525729599e-11
5.145670533859018295e-11
5.160113031405216812e-11
5.174777597580093899e-11
5.189675066799420891e-11
5.204816273478971061e-11
5.220212052034513159e-11
5.235873236881819812e-11
5.251804100888207480e-11
5.267982670727179588e-11
5.284380411523784688e-11
5.300968788403074561e-11
5.317719266490095821e-11
5.334603310909899604e-11
5.351592386787535106e-11
5.368657959248052171e-11
5.385771493416498705e-11
5.402904454417925844e-11
5.420028307377381492e-11
5.437114517419915493e-11
5.454134549670578336e-11
5.471059869254418574e-11
5.487861941296486049e-11
5.504512230921830606e-11
5.520982203255500149e-11
5.537243323422544521e-11
5.553267056548014860e-11
5.569024867756959069e-11
5.584488222174426346e-11
5.599628584925467182e-11
5.614417421135130773e-11
5.628826195928465670e-11
5.642826374430522364e-11
5.656389421766350052e-11
5.669486803060997931e-11
5.682089983439515198e-11
5.694170428026951698e-11
5.705699601948356627e-11
5.716648970328780476e-11
5.726989998293270503e-11
5.736694150966878490e-11
5.745732893474652343e-11
5.754077690941640613e-11
5.761700008492895727e-11
5.768571311253465592e-11
5.774663064348398757e-11
5.779946732902745068e-11
5.784393782041555659e-11
5.787975676889877144e-11
5.790663882572761951e-11
5.792429864215257338e-11
5.793245086942413149e-11
5.793081015879279228e-11
5.791909116150904773e-11
5.789700852882338334e-11
5.786427691198632339e-11
5.782061096224833402e-11
5.776572533085991366e-11
5.769940649944656610e-11
5.762172827113377124e-11
5.753283627942203376e-11
5.743287615781185830e-11
5.732199353980372366e-11
5.720033405889812806e-11
5.706804334859556320e-11
5.692526704239654021e-11
5.677215077380152497e-11
5.660884017631104153e-11
5.643548088342556222e-11
5.625221852864559171e-11
5.605919874547162171e-11
5.585656716740414396e-11
5.564446942794366312e-11
5.542305116059067092e-11
5.519245799884565909e-11
5.495283557620911288e-11
5.470432952618154344e-11
5.444708548226342954e-11
5.418124907795527586e-11
5.390696594675758059e-11
5.362438172217083545e-11
5.333364203769551925e-11
5.303489252683214958e-11
5.272827882308120522e-11
5.241394655994319085e-11
5.209204137091859173e-11
5.176270888950790605e-11
5.142609474921163200e-11
5.108234458353026779e-11
5.073160402596428574e-11
5.037401871001421636e-11
5.000973426918051262e-11
4.963889633696370501e-11
4.926165054686426587e-11
4.887814253238271280e-11
4.848851792701950520e-11
4.809292236427517359e-11
4.769150147765018383e-11
4.728440090064504059e-11
4.687176626676024852e-11
4.645374320949629289e-11
4.603047736235367836e-11
4.560211435883287726e-11
4.516879983243440718e-11
4.473067941665874046e-11
4.428789874500640114e-11
4.384060345097785510e-11
4.338893916807361347e-11
4.293305235849217873e-11
4.247309279922412874e-11
4.200921109595803274e-11
4.154155785438250519e-11
4.107028368018610888e-11
4.059553917905743888e-11
4.011747495668507089e-11
3.963624161875760000e-11
3.915198977096361482e-11
3.866487001899170398e-11
3.817503296853044318e-11
3.768262922526841457e-11
3.718780939489421970e-11
3.669072408309643427e-11
3.619152389556364043e-11
3.569035943798443974e-11
3.518738131604740143e-11
3.468274013544112704e-11
3.417658650185419227e-11
3.366907102097517928e-11
3.316034429849268316e-11
3.265055694009529252e-11
3.213985955147157660e-11
3.162840273831013695e-11
3.111633710629954926e-11
3.060381326112841509e-11
3.009098180848530366e-11
2.957799335405881652e-11
2.906499850353751321e-11
2.855214786261001143e-11
2.803959203696487720e-11
2.752748163229070881e-11
2.701596725427607874e-11
2.650519950860958531e-11
2.599532900097980421e-11
2.548650633707532729e-11
2.497888212258474318e-11
2.447260696319662757e-11
2.396783146459957554e-11
2.346470623248217249e-11
2.296338187253300058e-11
2.246400899044064843e-11
2.196673819189370142e-11
2.147172008258074495e-11
2.097910526819036764e-11
2.048904435441114518e-11
2.000168794693167590e-11
1.951718665144054195e-11
1.903569107362632872e-11
1.855735181917762484e-11
1.808230196656486663e-11
1.761060448538592009e-11
1.714230481802050862e-11
1.667744840684835236e-11
1.621608069424916826e-11
1.575824712260267648e-11
1.530399313428859718e-11
1.485336417168665699e-11
1.440640567717657122e-11
1.396316309313806327e-11
1.352368186195084522e-11
1.308800742599464532e-11
1.265618522764918373e-11
1.222826070929417737e-11
1.180427931330934480e-11
1.138428648207441426e-11
1.096832765796909784e-11
1.055644828337312054e-11
1.014869380066620090e-11
9.745109652228057492e-12
9.345741280438415309e-12
8.950634127676994517e-12
8.559833636323508819e-12
8.173385248757683223e-12
7.791334407359237894e-12
7.413726554507891378e-12
7.040607132583367070e-12
6.672021583965382710e-12
6.308015351033659268e-12
5.948633876167919333e-12
5.593922601747876603e-12
5.243926970153259321e-12
4.898692423763782803e-12
4.558264404959168827e-12
4.222688356119138365e-12
3.892009719623410772e-12
3.566273937851706211e-12
3.245526453183744038e-12
2.929812707999248455e-12
2.619178144677936393e-12
2.313668205599527613e-12
2.013328333143744700e-12
1.718203969690307011e-12
1.428340557618934708e-12
1.143783539309348358e-12
8.645783571412677208e-13
5.907704534944133636e-13
3.224052707485061057e-13
5.952825128326560555e-14
-1.978151625215873931e-13
-4.496041129917621799e-13
-6.959160812746836339e-13
-9.368531332232068191e-13
-1.172517334690185613e-12
-1.403010751528474802e-12
-1.628435449590928970e-12
-1.848893494730402905e-12
-2.064486952799750381e-12
-2.275317889651825984e-12
-2.481488371139484702e-12
-2.683100463115580715e-12
-2.880256231432969012e-12
-3.073057741944503369e-12
-3.261607060503039179e-12
-3.446006252961429409e-12
-3.626357385172529857e-12
-3.802762522989195106e-12
-3.975323732264278933e-12
-4.144143078850635922e-12
-4.309322628601121063e-12
-4.470964447368587726e-12
-4.629170601005891709e-12
-4.784043155365888807e-12
-4.935684176301428355e-12
-5.084195729665370994e-12
-5.229679881310567674e-12
-5.372238697089873384e-12
-5.511974242856143112e-12
-5.648988584462230230e-12
-5.783383787760991342e-12
-5.915261918605279821e-12
-6.044725042847949040e-12
-6.171875226341855602e-12
-6.296814534939853688e-12
-6.419645034494794247e-12
-6.540468790859537114e-12
-6.659387869886934046e-12
-6.776504337429838417e-12
-6.891920259341107636e-12
-7.005737701473594271e-12
-7.118058729680151692e-12
-7.228985409813637312e-12
-7.338619807726902887e-12
-7.447063989272805831e-12
-7.554420020304199514e-12
-7.660789966673938117e-12
-7.766275894234874207e-12
-7.870979868839863577e-12
-7.975003956341762025e-12
-8.078450222593423731e-12
-8.181387991877599530e-12
-8.283755622196623647e-12
-8.385458729982731807e-12
-8.486402931668153274e-12
-8.586493843685122157e-12
-8.685637082465872567e-12
-8.783738264442635383e-12
-8.880703006047639869e-12
-8.976436923713124980e-12
-9.070845633871321598e-12
-9.163834752954458983e-12
-9.255309897394771248e-12
-9.345176683624494117e-12
-9.433340728075855239e-12
-9.519707647181088724e-12
-9.604183057372430297e-12
-9.686672575082109221e-12
-9.767081816742356377e-12
-9.845316398785407489e-12
-9.921281937643496668e-12
-9.994884049748853177e-12
-1.006602835153370951e-11
-1.013462045943029978e-11
-1.020056598987085648e-11
-1.026377055928761210e-11
-1.032413978411279914e-11
-1.038157928077864848e-11
-1.043599466571739584e-11
-1.048729155536126888e-11
-1.053537556614250654e-11
-1.058015231449333648e-11
-1.062152741684599280e-11
-1.065940648963270801e-11
-1.069369514928571620e-11
-1.072429901223724504e-11
-1.075112369491953347e-11
-1.077407481376481076e-11
-1.079305798520530940e-11
-1.080797882567326190e-11
-1.081874295160090235e-11
-1.082525597942046002e-11
-1.082742352556417064e-11
-1.082515120646426670e-11
-1.081834463855297909e-11
-1.080690943826254352e-11
-1.079075122202518764e-11
-1.076977560627314557e-11
-1.074388820743865304e-11
-1.071299464195393929e-11
-1.067700052625123845e-11
-1.063584470383575154e-11
-1.058959892650455209e-11
-1.053836817312768861e-11
-1.048225742257520156e-11
-1.042137165371713782e-11
-1.035581584542354109e-11
-1.028569497656445664e-11
-1.021111402600992654e-11
-1.013217797262999607e-11
-1.004899179529471375e-11
-9.961660472874118417e-12
-9.870288984238255352e-12
-9.774982308257171462e-12
-9.675845423800907188e-12
-9.572983309739512668e-12
-9.466500944943028342e-12
-9.356503308281499500e-12
-9.243095378624971431e-12
-9.126382134843484578e-12
-9.006468555807089076e-12
-8.883459620385823753e-12
-8.757460307449740359e-12
-8.628575595868876105e-12
-8.496910464513279513e-12
-8.362569892252992639e-12
-8.225658857958060773e-12
-8.086282340498529204e-12
-7.944545318744439991e-12
-7.800552771565840036e-12
-7.654409677832773015e-12
-7.506221016415282601e-12
-7.356091766183414082e-12
-7.204126906007211940e-12
-7.050431414756720656e-12
-6.895110271301981481e-12
-6.738268454513043742e-12
-6.580010943259949498e-12
-6.420442716412742421e-12
-6.259668752841467801e-12
-6.097794031416170927e-12
-5.934923531006893857e-12
-5.771162230483682688e-12
-5.606615108716583517e-12
-5.441387144575636786e-12
-5.275583316930890207e-12
-5.109308604652385030e-12
-4.942667986610168161e-12
-4.775766441674283273e-12
-4.608708948714776462e-12
-4.441600486601688979e-12
-4.274531899010244317e-12
-4.107537488836372326e-12
-3.940637423781181060e-12
-3.773851871545778572e-12
-3.607200999831272512e-12
-3.440704976338769723e-12
-3.274383968769378662e-12
-3.108258144824205768e-12
-2.942347672204361113e-12
-2.776672718610951137e-12
-2.611253451745083085e-12
-2.446110039307865011e-12
-2.281262649000404565e-12
-2.116731448523810205e-12
-1.952536605579187965e-12
-1.788698287867648322e-12
-1.625236663090295494e-12
-1.462171898948240159e-12
-1.299524163142588150e-12
-1.137313623374448329e-12
-9.755604473449275368e-13
-8.142848027551348383e-13
-6.535068573061758635e-13
-4.932467786991603829e-13
-3.335247346351942289e-13
-1.743608928153861622e-13
-1.577542094084436289e-14
1.422115132873239988e-13
2.995797421680117019e-13
4.563090980001099101e-13
6.123794130825120842e-13
7.677705197141098673e-13
9.224622501937961144e-13
1.076434436820462267e-12
1.229666911893000876e-12
1.382139507710304495e-12
1.533832056571265877e-12
1.684724390774776564e-12
1.834796342619728705e-12
1.984027744405014851e-12
2.132398428429527959e-12
2.279888226992159166e-12
2.426476972391801227e-12
2.572144496927347300e-12
2.716870632897688522e-12
2.860635212601718052e-12
3.003418068338326624e-12
3.145199032406407800e-12
3.285957937104854737e-12
3.425674614732557767e-12
3.564332453607391823e-12
3.701929066123155312e-12
3.838465620692631645e-12
3.973943285728600602e-12
4.108363229643843172e-12
4.241726620851139536e-12
4.374034627763273109e-12
4.505288418793024072e-12
4.635489162353172607e-12
4.764638026856499703e-12
4.892736180715788775e-12
5.019784792343817580e-12
5.145785030153370339e-12
5.270738062557227235e-12
5.394645057968167641e-12
5.517507184798976587e-12
5.639325611462431022e-12
5.760101506371312746e-12
5.879836037938405170e-12
5.998530374576487668e-12
6.116185684698342040e-12
6.232803136716749273e-12
6.348383899044490359e-12
6.462929140094344671e-12
6.576440028279097237e-12
6.688917732011526625e-12
6.800363419704413824e-12
6.910778259770541439e-12
7.020163420622687230e-12
7.128520070673636223e-12
7.235849378336168603e-12
7.342152512023064550e-12
7.447430640147105054e-12
7.551684931121071914e-12
7.654916553357746118e-12
7.757126675269908656e-12
7.858316465270340518e-12
7.958487091771822695e-12
8.057639723187137791e-12
8.155775527929065180e-12
8.252895674410384236e-12
8.349001331043880797e-12
8.444093666242332621e-12
8.538173848418523928e-12
8.631243045985230862e-12
8.723302427355239259e-12
8.814353160941326878e-12
8.904396415156276324e-12
8.993433358412870202e-12
9.081465159123886271e-12
9.168486845855899086e-12
9.254468887790628383e-12
9.339375614263600387e-12
9.423171354610326784e-12
9.505820438166320873e-12
9.587287194267104035e-12
9.667535952248189569e-12
9.746531041445095623e-12
9.824236791193337114e-12
9.900617530828433805e-12
9.975637589685897382e-12
1.004926129710124599e-11
1.012145298240999940e-11
1.019217697494766928e-11
1.026139760404977380e-11
1.032907919905183109e-11
1.039518608928935284e-11
1.045968260409786043e-11
1.052253307281286717e-11
1.058370182476989280e-11
1.064315318930444742e-11
1.070085149575205561e-11
1.075676107344823069e-11
1.081084625172848273e-11
1.086307135992833794e-11
1.091340072738330802e-11
1.096179868342890788e-11
1.100822955740065567e-11
1.105265767863406792e-11
1.109504737646466117e-11
1.113536298022795355e-11
1.117356881925945838e-11
1.120962922289469056e-11
1.124350852046917149e-11
1.127517104131841283e-11
1.130458111477793597e-11
1.133170307018325583e-11
1.135650123686988248e-11
1.137893994417334214e-11
1.139898352142914650e-11
1.141659629797280885e-11
1.143174260313985058e-11
1.144438676626578499e-11
1.145449311668613023e-11
1.146202598373640444e-11
1.146694969675211930e-11
1.146922858506879298e-11
1.146882697802194360e-11
1.146570920494708771e-11
1.145983959517974022e-11
1.145120047204674447e-11
1.143984613484025745e-11
1.142584887684376457e-11
1.140928099134074801e-11
1.139021477161468996e-11
1.136872251094907420e-11
1.134487650262738616e-11
1.131874903993311124e-11
1.129041241614972840e-11
1.125993892456072465e-11
1.122740085844958058e-11
1.119287051109978158e-11
1.115642017579481468e-11
1.111812214581815884e-11
1.107804871445329786e-11
1.103627217498371875e-11
1.099286482069290209e-11
1.094789894486433328e-11
1.090144684078149613e-11
1.085358080172787119e-11
1.080437312098694550e-11
1.075389609184220285e-11
1.070222200757712219e-11
1.064942316147519378e-11
1.059557184681989658e-11
1.054074035689471598e-11
1.048500098498313579e-11
1.042842602436863981e-11
1.037108776833471021e-11
1.031305851016483241e-11
1.025441054314248858e-11
1.019521616055116253e-11
1.013554765567434129e-11
1.007547732179550379e-11
1.001507745219813384e-11
9.954420340165718468e-12
9.893578278981739851e-12
9.832623561929680170e-12
9.771628482293026454e-12
9.710665333355259267e-12
9.649806408399862406e-12
9.589124000710319667e-12
9.528690403570118078e-12
9.468577910262736589e-12
9.408858814071660611e-12
9.349605408280375556e-12
9.290889986172363605e-12
9.232784841031106939e-12
9.175362266140090969e-12
9.118694554782799493e-12
9.062833827625161731e-12
9.007751514862898296e-12
8.953398874074170379e-12
8.899727162837144018e-12
8.846687638729986865e-12
8.794231559330860111e-12
8.742310182217929795e-12
8.690874764969360338e-12
8.639876565163317777e-12
8.589266840377964920e-12
8.538996848191469419e-12
8.489017846181992465e-12
8.439281091927701712e-12
8.389737843006759965e-12
8.340339356997333262e-12
8.291036891477589257e-12
8.241781704025687525e-12
8.192525052219794103e-12
8.143218193638076645e-12
8.093812385858696341e-12
8.044258886459819228e-12
7.994508953019612961e-12
7.944513843116238730e-12
7.894224814327862573e-12
7.843593124232650527e-12
7.792570030408763782e-12
7.741106790434369993e-12
7.689154661887635197e-12
7.636664902346720584e-12
7.583588769389793808e-12
7.529877520595019290e-12
7.475482413540559838e-12
7.420354705804583104e-12
7.364445654965251895e-12
7.307706518600730633e-12
7.250088554289185355e-12
7.191543019608779675e-12
7.132021172137682056e-12
7.071474269454052071e-12
7.009853569136058989e-12
6.947110328761863194e-12
6.883195805909632339e-12
6.818061258157531654e-12
6.751657943083724752e-12
6.683937118266376864e-12
6.614850041283653220e-12
6.544347969713716625e-12
6.472382161134733925e-12
6.398903873124869543e-12
6.323864363262287900e-12
6.247235108219402481e-12
6.169068461045624639e-12
6.089436993884616407e-12
6.008413278880034162e-12
5.926069888175538320e-12
5.842479393914790104e-12
5.757714368241449125e-12
5.671847383299174989e-12
5.584951011231628922e-12
5.497097824182468915e-12
5.408360394295354578e-12
5.318811293713947943e-12
5.228523094581907001e-12
5.137568369042893786e-12
5.046019689240566290e-12
4.953949627318584930e-12
4.861430755420608505e-12
4.768535645690299049e-12
4.675336870271315361e-12
4.581907001307318666e-12
4.488318610941966957e-12
4.394644271318920649e-12
4.300956554581840160e-12
4.207328032874385097e-12
4.113831278340214262e-12
4.020538863122989686e-12
3.927523359366370170e-12
3.834857339214016131e-12
3.742613374809585560e-12
3.650864038296742107e-12
3.559681901819142147e-12
3.469139537520447309e-12
3.379309517544316798e-12
3.290264414034410625e-12
3.202076799134388401e-12
3.114819244987911347e-12
3.028564323738637862e-12
2.943384607530228362e-12
2.859352668506343262e-12
2.776541078810642576e-12
2.695022410586784295e-12
2.614869235978430857e-12
2.536154127129241062e-12
2.458949656182874113e-12
2.383328395282991237e-12
2.309362916573251232e-12
2.237125792197314111e-12
2.166689594298840695e-12
2.098126895021490189e-12
2.031510266508922604e-12
1.966894841533763906e-12
1.904265995384504279e-12
1.843591663978599859e-12
1.784839783233508196e-12
1.727978289066683609e-12
1.672975117395583447e-12
1.619798204137663846e-12
1.568415485210381347e-12
1.518794896531192085e-12
1.470904374017552804e-12
1.424711853586918631e-12
1.380185271156746710e-12
1.337292562644493382e-12
1.296001663967614985e-12
1.256280511043567250e-12
1.218097039789807123e-12
1.181419186123790336e-12
1.146214885962973834e-12
1.112452075224813147e-12
1.080098689826765017e-12
1.049122665686285784e-12
1.019491938720831987e-12
9.911744448478595614e-13
9.641381199848244413e-13
9.383509000491835713e-13
9.137807209583930879e-13
8.903955186299091277e-13
8.681632289811880291e-13
8.470517879296861307e-13
8.270291313928599729e-13
8.080631952881652883e-13
7.901219155330590212e-13
7.731732280449971064e-13
7.571850687414358822e-13
7.421253735398314852e-13
7.279620783576408598e-13
7.146631191123193347e-13
7.021964317213238543e-13
6.905299521021105550e-13
6.796316161721357754e-13
6.694693598488558540e-13
6.600111190497270283e-13
6.512248296922057378e-13
6.430784276937479171e-13
6.355398489718103085e-13
6.285770294438489476e-13
6.221579050273199711e-13
6.162504116396802221e-13
6.108224851983853325e-13
6.058420616208922466e-13
6.012839082281513135e-13
5.971501179550918542e-13
5.934496151401371999e-13
5.901913241217111871e-13
5.873841692382371472e-13
5.850370748281387147e-13
5.831589652298394229e-13
5.817587647817630073e-13
5.808453978223329003e-13
5.804277886899727363e-13
5.805148617231059478e-13
5.811155412601561691e-13
5.822387516395470346e-13
5.838934171997019769e-13
5.860884622790447313e-13
5.888328112159988312e-13
5.921353883489875071e-13
5.960051180164348982e-13
6.004509245567640333e-13
6.054817323083988495e-13
6.111064656097627794e-13
6.173340487992793563e-13
6.241734062153723156e-13
6.316334621964648878e-13
6.397231410809810104e-13
6.484513672073440146e-13
6.578270649139774341e-13
6.678591585393050040e-13
6.785565724217502580e-13
6.899282308997366284e-13
7.019830583116878505e-13
7.147299789960275589e-13
7.281779172911788830e-13
7.423357975355659621e-13
7.572125440676118248e-13
7.728170812257405093e-13
7.891583333483753472e-13
8.062452247739397709e-13
8.240866798408576167e-13
8.426916228875524180e-13
8.620689782524474055e-13
8.822276702739664154e-13
9.031766232905331831e-13
9.249247616405710400e-13
9.474810096625036207e-13
9.708542916947543574e-13
9.950535320757468848e-13
1.020087655143905039e-12
1.045965585237651849e-12
1.072696246695411554e-12
1.100284356319815299e-12
1.128717800770327701e-12
1.157980259170621288e-12
1.188055410644368996e-12
1.218926934315242547e-12
1.250578509306915075e-12
1.282993814743059112e-12
1.316156529747346986e-12
1.350050333443451024e-12
1.384658904955044766e-12
1.419965923405799935e-12
1.455955067919389263e-12
1.492610017619485279e-12
1.529914451629760513e-12
1.567852049073887698e-12
1.606406489075539162e-12
1.645561450758387435e-12
1.685300613246105046e-12
1.725607655662365132e-12
1.766466257130839819e-12
1.807860096775201233e-12
1.849772853719122913e-12
1.892188207086276179e-12
1.935089836000334367e-12
1.978461419584970009e-12
2.022286636963855633e-12
2.066549167260663366e-12
2.111232689599066950e-12
2.156320883102736896e-12
2.201797426895347752e-12
2.247646000100570838e-12
2.293850281842079490e-12
2.340393951243545836e-12
2.387260687428642809e-12
2.434434169521042131e-12
2.481898076644416737e-12
2.529636087922439560e-12
2.577631882478783130e-12
2.625869139437119170e-12
2.674331537921121421e-12
2.723002757054460797e-12
2.771866475960811849e-12
2.820906373763846299e-12
2.870106129587235868e-12
2.919449422554655106e-12
2.968919931789774120e-12
3.018501336416266652e-12
3.068177315557805635e-12
3.117931548338062792e-12
3.167747713880711460e-12
3.217611096631391257e-12
3.267513402323617006e-12
3.317447942012867793e-12
3.367408026754625530e-12
3.417386967604371723e-12
3.467378075617586670e-12
3.517374661849752282e-12
3.567370037356348451e-12
3.617357513192857088e-12
3.667330400414760510e-12
3.717282010077537397e-12
3.767205653236670064e-12
3.817094640947639211e-12
3.866942284265927154e-12
3.916741894247013786e-12
3.966486781946379805e-12
4.016170258419507528e-12
4.065785634721877655e-12
4.115326221908970077e-12
4.164785331036267918e-12
4.214156273159251071e-12
4.263432359333400235e-12
4.312606900614197726e-12
4.361673208057122628e-12
4.410624592717658873e-12
4.459454365651286352e-12
4.508155837913484150e-12
4.556722320559737006e-12
4.605147124645522389e-12
4.653423561226323422e-12
4.701544941357621613e-12
4.749504576094896046e-12
4.797295776493630652e-12
4.844911853609303708e-12
4.892346118497397530e-12
4.939591882213393625e-12
4.986642455812772694e-12
5.033491150351015435e-12
5.080131276883603358e-12
5.126556146466017970e-12
5.172759070153738355e-12
5.218733359002249251e-12
5.264472324067028937e-12
5.309969276403558111e-12
5.355217527067319090e-12
5.400210387113794189e-12
5.444941167598461683e-12
5.489403179576803890e-12
5.533589734104303933e-12
5.577494142236440087e-12
5.621108174584666297e-12
5.664417439984320593e-12
5.707406006826715058e-12
5.750057943503161774e-12
5.792357318404968786e-12
5.834288199923448982e-12
5.875834656449912022e-12
5.916980756375669989e-12
5.957710568092030926e-12
5.998008159990311762e-12
6.037857600461817310e-12
6.077242957897859651e-12
6.116148300689752484e-12
6.154557697228804660e-12
6.192455215906326646e-12
6.229824925113630524e-12
6.266650893242025954e-12
6.302917188682825017e-12
6.338607879827338181e-12
6.373707035066875104e-12
6.408198722792747062e-12
6.442067011396267752e-12
6.475295969268745218e-12
6.507869664801489926e-12
6.539772166385814767e-12
6.570987542413029399e-12
6.601499861274445098e-12
6.631293191361372331e-12
6.660351601065121563e-12
6.688659158777005685e-12
6.716199932888332742e-12
6.742957991790416430e-12
6.768917403874565600e-12
6.794062237532092337e-12
6.818376561154307105e-12
6.841844443132520372e-12
6.864449951858043413e-12
6.886177155722186695e-12
6.907010123116261492e-12
6.926932922431579078e-12
6.945929622059447497e-12
6.963984290391182063e-12
6.981080995818091628e-12
6.997203806731486657e-12
7.012336791522678425e-12
7.026464018582978207e-12
7.039569556303694047e-12
7.051637473076141258e-12
7.062651837291628692e-12
7.072596717341466814e-12
7.081461750963674501e-12
7.089258853283103447e-12
7.096005508771311336e-12
7.101719201899859886e-12
7.106417417140302741e-12
7.110117638964203236e-12
7.112837351843119052e-12
7.114594040248607871e-12
7.115405188652230604e-12
7.115288281525545741e-12
7.114260803340110156e-12
7.112340238567483952e-12
7.109544071679226427e-12
7.105889787146896070e-12
7.101394869442051369e-12
7.096076803036251622e-12
7.089953072401056125e-12
7.083041162008022560e-12
7.075358556328711839e-12
7.066922739834680027e-12
7.057751196997488037e-12
7.047861412288695166e-12
7.037270870179857479e-12
7.025997055142535889e-12
7.014057451648289693e-12
7.001469544168675763e-12
6.988250817175256629e-12
6.974418755139587547e-12
6.959990842533227815e-12
6.944984563827737537e-12
6.929417403494676010e-12
6.913306846005600108e-12
6.896670375832070742e-12
6.879525477445644787e-12
6.861889635317882347e-12
6.843780333920342718e-12
6.825215057724585197e-12
6.806211291202165851e-12
6.786786518824645591e-12
6.766958225063584523e-12
6.746743894390537095e-12
6.726161011277067452e-12
6.705227060194731660e-12
6.683959525615089014e-12
6.662375892009697197e-12
6.640493643850117928e-12
6.618330265607906466e-12
6.595903241754625338e-12
6.573230056761830610e-12
6.550328195101083195e-12
6.527211389840369013e-12
6.503878368433395830e-12
6.480324106930294000e-12
6.456543581381203567e-12
6.432531767836252460e-12
6.408283642345579108e-12
6.383794180959314671e-12
6.359058359727597580e-12
6.334071154700557377e-12
6.308827541928331685e-12
6.283322497461053280e-12
6.257550997348856552e-12
6.231508017641875891e-12
6.205188534390244882e-12
6.178587523644099530e-12
6.151699961453572610e-12
6.124520823868799322e-12
6.097045086939912440e-12
6.069267726717047164e-12
6.041183719250337075e-12
6.012788040589917373e-12
5.984075666785921641e-12
5.955041573888485885e-12
5.925680737947740458e-12
5.895988135013823788e-12
5.865958741136867035e-12
5.835587532367006207e-12
5.804869484754374885e-12
5.773799574349107461e-12
5.742372777201338326e-12
5.710584069361201063e-12
5.678428426878830061e-12
5.645900825804360521e-12
5.612996242187926833e-12
5.579709652079660965e-12
5.546036031529698922e-12
5.511970356588174287e-12
5.477507603305223069e-12
5.442642747730976425e-12
5.407370765915571977e-12
5.371686633909140079e-12
5.335585327761818351e-12
5.299061823523740377e-12
5.262111097245038125e-12
5.224728124975849215e-12
5.186907882766305616e-12
5.148645346666541719e-12
5.109935492726692722e-12
5.070773296996891400e-12
5.031153735527274568e-12
4.991075131475284327e-12
4.950549196427614625e-12
4.909590989078266313e-12
4.868215568121241051e-12
4.826437992250541303e-12
4.784273320160168731e-12
4.741736610544126607e-12
4.698842922096416590e-12
4.655607313511040340e-12
4.612044843482000322e-12
4.568170570703298196e-12
4.523999553868936429e-12
4.479546851672918294e-12
4.434827522809243835e-12
4.389856625971916326e-12
4.344649219854939041e-12
4.299220363152311217e-12
4.253585114558036935e-12
4.207758532766117853e-12
4.161755676470556439e-12
4.115591604365355160e-12
4.069281375144515673e-12
4.022840047502038830e-12
3.976282680131927905e-12
3.929624331728186173e-12
3.882880060984814484e-12
3.836064926595814498e-12
3.789193987255188681e-12
3.742282301656939499e-12
3.695344928495069419e-12
3.648396926463580909e-12
3.601453354256473606e-12
3.554529270567752401e-12
3.507639734091418145e-12
3.460799803521472901e-12
3.414024537551919135e-12
3.367328994876759314e-12
3.320728234189995501e-12
3.274237314185628950e-12
3.227871293557662128e-12
3.181645231000097501e-12
3.135574185206937133e-12
3.089673214872182681e-12
3.043957378689837018e-12
2.998441735353901800e-12
2.953141343558379496e-12
2.908071261997271359e-12
2.863246549364580664e-12
2.818682264354308667e-12
2.774393465660458237e-12
2.730392875444448106e-12
2.686683869737368531e-12
2.643267488037725628e-12
2.600144769844027939e-12
2.557316754654779965e-12
2.514784481968490651e-12
2.472548991283665306e-12
2.430611322098812068e-12
2.388972513912437456e-12
2.347633606223049205e-12
2.306595638529153028e-12
2.265859650329255850e-12
2.225426681121865808e-12
2.185297770405488615e-12
2.145473957678632004e-12
2.105956282439802496e-12
2.066745784187506613e-12
2.027843502420252492e-12
1.989250476636545441e-12
1.950967746334894002e-12
1.912996351013803889e-12
1.875337330171782833e-12
1.837991723307337761e-12
1.800960569918974385e-12
1.764244909505200641e-12
1.727845781564523858e-12
1.691764225595450355e-12
1.656001281096487056e-12
1.620557987566140888e-12
1.585435384502918573e-12
1.550634511405327845e-12
1.516156407771874618e-12
1.482002113101066626e-12
1.448172666891410389e-12
1.414669108641412834e-12
1.381492477849581087e-12
1.348643814014421871e-12
1.316124156634442112e-12
1.283934545208148936e-12
1.252076019234049268e-12
1.220549618210649631e-12
1.189356381636457555e-12
1.158497349009979560e-12
1.127973559829722371e-12
1.097786053594193518e-12
1.067935869801899523e-12
1.038424047951347311e-12
1.009251627541044210e-12
9.804196480694965399e-13
9.519291490352116301e-13
9.237812960693767413e-13
8.959777593339014869e-13
8.685203351233756145e-13
8.414108197323893762e-13
8.146510094555323176e-13
7.882427005873947918e-13
7.621876894225666472e-13
7.364877722556376312e-13
7.111447453811978951e-13
6.861604050938374891e-13
6.615365476881460598e-13
6.372749694587137585e-13
6.133774667001306353e-13
5.898458357069864377e-13
5.666818727738712160e-13
5.438873741953751216e-13
5.214641362660876998e-13
4.994139552805993039e-13
4.777386275334997822e-13
4.564399493193788821e-13
4.355197169328268055e-13
4.149797266684335016e-13
3.948217748207886169e-13
3.750476576844825045e-13
3.556591715541049625e-13
3.366581127242458391e-13
3.180462774894952856e-13
2.998254621444431504e-13
2.819974629836794838e-13
2.645640763017940332e-13
2.475270983933770508e-13
2.308883255530181831e-13
2.146495540753076824e-13
1.988125802548352959e-13
1.833792003861910741e-13
1.683512107639649663e-13
1.537304076827469218e-13
1.395185874371268394e-13
1.257175463216947696e-13
1.123290806310406741e-13
9.935498665975440146e-14
8.679706070242601454e-14
7.465709905364546269e-14
6.293689800800263214e-14
5.163825386008759214e-14
4.076296290449017211e-14
3.031282143580039082e-14
2.028962574860824494e-14
1.069517213750362384e-14
1.531256897076539983e-15
-7.200640349375413196e-15
-1.550030666372380709e-14
-2.336784577913263997e-14
-3.080336142876579971e-14
-3.780695734578724828e-14
-4.437873726336095084e-14
-5.051880491465080629e-14
-5.622726403282079556e-14
-6.150421835103482384e-14
-6.634977160245680895e-14
-7.076402752025078231e-14
-7.474708983758059865e-14
-7.829906228761022625e-14
-8.142004860350362082e-14
-8.411015251842470017e-14
-8.636947776553740738e-14
-8.819812807800572336e-14
-8.959620718899355332e-14
-9.056381883166481508e-14
-9.110106673918345170e-14
-9.120805464471345675e-14
-9.088488628141874804e-14
-9.013166538246325601e-14
-8.894849568101088586e-14
-8.733548091022563115e-14
-8.529272480327140970e-14
-8.282033109331218981e-14
-7.991840351351191456e-14
-7.658704579703446389e-14
-7.282636167704380613e-14
-6.863645488670389694e-14
-6.401742915917864154e-14
-5.896938822763204610e-14
-5.349243582522796533e-14
-4.758667568513044327e-14
-4.125221154050334725e-14
-3.448914712451062035e-14
-2.729758617031624349e-14
-1.967763241108410924e-14
-1.162938957997814806e-14
-3.152961410162416603e-15
5.751548365199293527e-15
1.508403601294297615e-14
2.484439779990468190e-14
3.503252999292050558e-14
4.564832885882644100e-14
5.669169066445858928e-14
6.816251167665304521e-14
8.006068816224579632e-14
9.238611638807298159e-14
1.051368039077115304e-13
1.183032034217023671e-13
1.318738789173271874e-13
1.458373943818678891e-13
1.601823138026061553e-13
1.748972011668238207e-13
1.899706204618027199e-13
2.053911356748245865e-13
2.211473107931711543e-13
2.372277098041244092e-13
2.536208966949659335e-13
2.703154354529775870e-13
2.872998900654412801e-13
3.045628245196385698e-13
3.220928028028513664e-13
3.398783889023616813e-13
3.579081468054508694e-13
3.761706404994009926e-13
3.946544339714938602e-13
4.133480912090110797e-13
4.322401761992346624e-13
4.513192529294462662e-13
4.705738853869276501e-13
4.899926375589605729e-13
5.095640734328270964e-13
5.292767569958088282e-13
5.491192522351874765e-13
5.690801231382449518e-13
5.891479336922628615e-13
6.093112478845232169e-13
6.295586297023078274e-13
6.498786431328984014e-13
6.702598521635765463e-13
6.906908207816243745e-13
7.111601129743233925e-13
7.316562927289556114e-13
7.521679240328027399e-13
7.726835708731464862e-13
7.931917972372687607e-13
8.136811671124512718e-13
8.341402444859758290e-13
8.545575933451242416e-13
8.749217776771782180e-13
8.952213614694197695e-13
9.154449087091304026e-13
9.355809833835921287e-13
9.556181494800865551e-13
9.755449709858957943e-13
9.953500118883011506e-13
1.015021836174584938e-12
1.034551297733951851e-12
1.053938410063300745e-12
1.073185476561453663e-12
1.092294800627232851e-12
1.111268685659459947e-12
1.130109435056957398e-12
1.148819352218546643e-12
1.167400740543050127e-12
1.185855903429289895e-12
1.204187144276087989e-12
1.222396766482266048e-12
1.240487073446646722e-12
1.258460368568051246e-12
1.276318955245302673e-12
1.294065136877222036e-12
1.311701216862631984e-12
1.329229498600354359e-12
1.346652285489211203e-12
1.363971880928024358e-12
1.381190588315616472e-12
1.398310711050808580e-12
1.415334552532423532e-12
1.432264416159283372e-12
1.449102605330209535e-12
1.465851423444024269e-12
1.482513173899549817e-12
1.499090160095608022e-12
1.515584685431021329e-12
1.531999053304610975e-12
1.548335567115199608e-12
1.564596530261609070e-12
1.580784246142661201e-12
1.596901018157178854e-12
1.612949149703983060e-12
1.628930944181895864e-12
1.644848704989740116e-12
1.660704735526337254e-12
1.676501339190509523e-12
1.692240819381078763e-12
1.707925479496867422e-12
1.723557622936696534e-12
1.739139553099389353e-12
1.754673573383767316e-12
1.770161987188652467e-12
1.785607097912866849e-12
1.801011208955232505e-12
1.816376623714571276e-12
1.831705645589706013e-12
1.847000577979457345e-12
1.862263724282648529e-12
1.877495863578414572e-12
1.892691677667142753e-12
1.907844324029535539e-12
1.922946960146294992e-12
1.937992743498120346e-12
1.952974831565715281e-12
1.967886381829779837e-12
1.982720551771016079e-12
1.997470498870124856e-12
2.012129380607809038e-12
2.026690354464768265e-12
2.041146577921705405e-12
2.055491208459320503e-12
2.069717403558316833e-12
2.083818320699393628e-12
2.097787117363254567e-12
2.111616951030599693e-12
2.125300979182130664e-12
2.138832359298548735e-12
2.152204248860556775e-12
2.165409805348854020e-12
2.178442186244143744e-12
2.191294549027126393e-12
2.203960051178503626e-12
2.216431850178976697e-12
2.228703103509247669e-12
2.240766968650017795e-12
2.252616603081987523e-12
2.264245164285860127e-12
2.275645809742335649e-12
2.286811696932115748e-12
2.297735983335902082e-12
2.308411826434396310e-12
2.318832383708299281e-12
2.328990812638313059e-12
2.338880270705139302e-12
2.348493915389478053e-12
2.357824904172031777e-12
2.366866394533502133e-12
2.375611543954590376e-12
2.384053509915997356e-12
2.392185449898425540e-12
2.400000521382574969e-12
2.407491881849148919e-12
2.414652688778847432e-12
2.421476099652372569e-12
2.427955271950424779e-12
2.434083363153707335e-12
2.439853530742919875e-12
2.445258932198764866e-12
2.450294570997780177e-12
2.454962834599850140e-12
2.459267956460695294e-12
2.463214170036036990e-12
2.466805708781594961e-12
2.470046806153091768e-12
2.472941695606247549e-12
2.475494610596783652e-12
2.477709784580419812e-12
2.479591451012878589e-12
2.481143843349878910e-12
2.482371195047142526e-12
2.483277739560391597e-12
2.483867710345345450e-12
2.484145340857725032e-12
2.484114864553252096e-12
2.483780514887646779e-12
2.483146525316630430e-12
2.482217129295923995e-12
2.480996560281247612e-12
2.479489051728323437e-12
2.477698837092871608e-12
2.475630149830612262e-12
2.473287223397267557e-12
2.470674291248557630e-12
2.467795586840203831e-12
2.464655343627927508e-12
2.461257795067447991e-12
2.457607174614487438e-12
2.453707715724766793e-12
2.449563651854006195e-12
2.445179216457926589e-12
2.440558642992249323e-12
2.435706164912695343e-12
2.430626015674985192e-12
2.425322428734840217e-12
2.419799637547980960e-12
2.414061875570127963e-12
2.408113376257003384e-12
2.401958373064326550e-12
2.395601099447818813e-12
2.389045788863201521e-12
2.382296674766195619e-12
2.375357990612521649e-12
2.368233969857900556e-12
2.360928845958053690e-12
2.353446852368700380e-12
2.345792222545563187e-12
2.337969189944363056e-12
2.329981988020819722e-12
2.321834332959061259e-12
2.313527871856841832e-12
2.305063734540321527e-12
2.296443050835662042e-12
2.287666950569022654e-12
2.278736563566564659e-12
2.269653019654448544e-12
2.260417448658834394e-12
2.251030980405883503e-12
2.241494744721756361e-12
2.231809871432613454e-12
2.221977490364615271e-12
2.211998731343922300e-12
2.201874724196695027e-12
2.191606598749095154e-12
2.181195484827281956e-12
2.170642512257416729e-12
2.159948810865659960e-12
2.149115510478171734e-12
2.138143740921113750e-12
2.127034632020645284e-12
2.115789313602928037e-12
2.104408915494121687e-12
2.092894567520387531e-12
2.081247399507886056e-12
2.069468541282777347e-12
2.057559122671222699e-12
2.045520273499382196e-12
2.033353123593416326e-12
2.021058802779485981e-12
2.008638440883752052e-12
1.996093167732375027e-12
1.983424113151514991e-12
1.970632406967332431e-12
1.957719179005988643e-12
1.944685559093644115e-12
1.931532677056459334e-12
1.918261662720594789e-12
1.904873645912210967e-12
1.891369756457468356e-12
1.877751124182528252e-12
1.864018878913550739e-12
1.850174150476696305e-12
1.836218068698125437e-12
1.822151763403999027e-12
1.807976364420478170e-12
1.793693001573722343e-12
1.779302804689893043e-12
1.764806903595150557e-12
1.750206428115655373e-12
1.735502664588403399e-12
1.720697525393731220e-12
1.705793079422810641e-12
1.690791395566813868e-12
1.675694542716912100e-12
1.660504589764277948e-12
1.645223605600082408e-12
1.629853659115497891e-12
1.614396819201696199e-12
1.598855154749848935e-12
1.583230734651128105e-12
1.567525627796705310e-12
1.551741903077752960e-12
1.535881629385442253e-12
1.519946875610945194e-12
1.503939710645433993e-12
1.487862203380080249e-12
1.471716422706055768e-12
1.455504437514532151e-12
1.439228316696681807e-12
1.422890129143675935e-12
1.406491943746686945e-12
1.390035829396886236e-12
1.373523854985446015e-12
1.356958089403537886e-12
1.340340601542333853e-12
1.323673460293005519e-12
1.306958734546724688e-12
1.290198493194663566e-12
1.273394805127994160e-12
1.256549739237887466e-12
1.239665364415515894e-12
1.222743749552051045e-12
1.205786963538665329e-12
1.188797075266529944e-12
1.171776153626816896e-12
1.154726267510697988e-12
1.137649485809345631e-12
1.120547877413930618e-12
1.103423511215625763e-12
1.086278456105602265e-12
1.069114780975032329e-12
1.051934554715087762e-12
1.034739846216940163e-12
1.017532724371761540e-12
1.000315258070723696e-12
9.830895162049986361e-13
9.658575676657579631e-13
9.486214813441736825e-13
9.313833261314173960e-13
