# te
3.702954769134521484e+00
4.362759113311767578e+00
4.274701118469238281e+00
3.787302255630493164e+00
3.148912429809570312e+00
2.508610963821411133e+00
1.956306099891662598e+00
1.528774976730346680e+00
1.232278347015380859e+00
1.059169054031372070e+00
9.902022480964660645e-01
9.952103495597839355e-01
1.042292714118957520e+00
1.108762860298156738e+00
1.177534341812133789e+00
1.241513490676879883e+00
1.299055457115173340e+00
1.353558182716369629e+00
1.406217694282531738e+00
1.458724021911621094e+00
1.512555956840515137e+00
1.572757601737976074e+00
1.642780542373657227e+00
1.716067194938659668e+00
1.786276340484619141e+00
1.850734472274780273e+00
1.908240795135498047e+00
1.954693794250488281e+00
1.985600948333740234e+00
2.004127502441406250e+00
2.014441013336181641e+00
2.017210483551025391e+00
2.012576103210449219e+00
1.999019980430603027e+00
1.974726080894470215e+00
1.942209959030151367e+00
1.905608296394348145e+00
1.862367272377014160e+00
1.808056950569152832e+00
1.738856911659240723e+00
1.654208540916442871e+00
1.554386854171752930e+00
1.440558314323425293e+00
1.313964128494262695e+00
1.173794031143188477e+00
1.020915508270263672e+00
8.592726588249206543e-01
6.922147870063781738e-01
5.163067579269409180e-01
3.266721963882446289e-01
1.183025166392326355e-01
-1.119928956031799316e-01
-3.594339191913604736e-01
-6.191245317459106445e-01
-8.923439979553222656e-01
-1.178757429122924805e+00
-1.478859782218933105e+00
-1.793167352676391602e+00
-2.120763301849365234e+00
-2.460601806640625000e+00
-2.813505172729492188e+00
-3.180389404296875000e+00
-3.562394618988037109e+00
-3.960065841674804688e+00
-4.371586322784423828e+00
-4.794763565063476562e+00
-5.228608608245849609e+00
-5.672060012817382812e+00
-6.127473354339599609e+00
-6.597683429718017578e+00
-7.083502292633056641e+00
-7.584732055664062500e+00
-8.099693298339843750e+00
-8.626106262207031250e+00
-9.162692070007324219e+00
-9.709263801574707031e+00
-1.026737403869628906e+01
-1.083337211608886719e+01
-1.140881252288818359e+01
-1.199434947967529297e+01
-1.258928203582763672e+01
-1.319349479675292969e+01
-1.380539035797119141e+01
-1.442633914947509766e+01
-1.505546760559082031e+01
-1.569181251525878906e+01
-1.633514022827148438e+01
-1.698669624328613281e+01
-1.764327049255371094e+01
-1.830541038513183594e+01
-1.897233390808105469e+01
-1.964404296875000000e+01
-2.031905174255371094e+01
-2.099810791015625000e+01
-2.168046951293945312e+01
-2.236539268493652344e+01
-2.305065345764160156e+01
-2.373922538757324219e+01
-2.442664909362792969e+01
-2.511590194702148438e+01
-2.580475616455078125e+01
-2.649395751953125000e+01
-2.718053627014160156e+01
-2.786597824096679688e+01
-2.854954528808593750e+01
-2.922975158691406250e+01
-2.990734291076660156e+01
-3.058083915710449219e+01
-3.124875068664550781e+01
-3.191255569458007812e+01
-3.257144165039062500e+01
-3.322383499145507812e+01
-3.386890411376953125e+01
-3.450657653808593750e+01
-3.513601303100585938e+01
-3.575638961791992188e+01
-3.636836624145507812e+01
-3.696962738037109375e+01
-3.756009292602539062e+01
-3.813967514038085938e+01
-3.870754623413085938e+01
-3.926362228393554688e+01
-3.980485153198242188e+01
-4.033337020874023438e+01
-4.084836196899414062e+01
-4.134899139404296875e+01
-4.183443450927734375e+01
-4.230386734008789062e+01
-4.275646591186523438e+01
-4.319363784790039062e+01
-4.361243057250976562e+01
-4.401509475708007812e+01
-4.439719009399414062e+01
-4.476172637939453125e+01
-4.510499954223632812e+01
-4.542927169799804688e+01
-4.573308181762695312e+01
-4.601570892333984375e+01
-4.627792739868164062e+01
-4.651752853393554688e+01
-4.673527908325195312e+01
-4.693120956420898438e+01
-4.710459899902343750e+01
-4.725473022460937500e+01
-4.738162994384765625e+01
-4.748383712768554688e+01
-4.756286621093750000e+01
-4.761725616455078125e+01
-4.764480209350585938e+01
-4.764849853515625000e+01
-4.762685012817382812e+01
-4.757761764526367188e+01
-4.750302124023437500e+01
-4.740230178833007812e+01
-4.727545547485351562e+01
-4.712097930908203125e+01
-4.693960571289062500e+01
-4.673132705688476562e+01
-4.649464035034179688e+01
-4.623102188110351562e+01
-4.594046401977539062e+01
-4.562146377563476562e+01
-4.527550125122070312e+01
-4.490033721923828125e+01
-4.449744033813476562e+01
-4.406755065917968750e+01
-4.360842514038085938e+01
-4.312004852294921875e+01
-4.260390090942382812e+01
-4.205773925781250000e+01
-4.148304367065429688e+01
-4.087979507446289062e+01
-4.024798965454101562e+01
-3.958687591552734375e+01
-3.889644241333007812e+01
-3.817823410034179688e+01
-3.743081665039062500e+01
-3.665424728393554688e+01
-3.585006713867187500e+01
-3.501833724975585938e+01
-3.415763092041015625e+01
-3.326948928833007812e+01
-3.235322570800781250e+01
-3.141112518310546875e+01
-3.044027519226074219e+01
-2.944222450256347656e+01
-2.841850471496582031e+01
-2.736769676208496094e+01
-2.629208183288574219e+01
-2.518874549865722656e+01
-2.405997657775878906e+01
-2.290731620788574219e+01
-2.172858810424804688e+01
-2.052608680725097656e+01
-1.929911994934082031e+01
-1.804923248291015625e+01
-1.677573585510253906e+01
-1.547943210601806641e+01
-1.416111946105957031e+01
-1.282011318206787109e+01
-1.145796108245849609e+01
-1.007398414611816406e+01
-8.671216011047363281e+00
-7.247492790222167969e+00
-5.804140090942382812e+00
-4.341666221618652344e+00
-2.860654354095458984e+00
-1.361539006233215332e+00
1.547257155179977417e-01
1.688017725944519043e+00
3.237338542938232422e+00
4.802670478820800781e+00
6.382747650146484375e+00
7.976764202117919922e+00
9.585179328918457031e+00
1.120592498779296875e+01
1.283916187286376953e+01
1.448579502105712891e+01
1.614130401611328125e+01
1.780785751342773438e+01
1.948390769958496094e+01
2.117013740539550781e+01
2.286277008056640625e+01
2.456471824645996094e+01
2.627220344543457031e+01
2.798665428161621094e+01
2.970652580261230469e+01
3.143026542663574219e+01
3.315856552124023438e+01
3.489061355590820312e+01
3.662487030029296875e+01
3.835978698730468750e+01
4.009605026245117188e+01
4.183211135864257812e+01
4.356791687011718750e+01
4.530191802978515625e+01
4.703405761718750000e+01
4.876353073120117188e+01
5.048805236816406250e+01
5.220831298828125000e+01
5.392350387573242188e+01
5.563208007812500000e+01
5.733473587036132812e+01
5.902843093872070312e+01
6.071459960937500000e+01
6.239096069335937500e+01
6.405744934082031250e+01
6.571326446533203125e+01
6.735687255859375000e+01
6.898896026611328125e+01
7.060805511474609375e+01
7.221266937255859375e+01
7.380281829833984375e+01
7.537851715087890625e+01
7.693978118896484375e+01
7.847843933105468750e+01
8.000714111328125000e+01
8.151103973388671875e+01
8.300500488281250000e+01
8.446675109863281250e+01
8.591860198974609375e+01
8.735312652587890625e+01
8.876290130615234375e+01
9.014052581787109375e+01
9.150828552246093750e+01
9.284391784667968750e+01
9.416230010986328125e+01
9.545600128173828125e+01
9.672504425048828125e+01
9.796943664550781250e+01
9.918176269531250000e+01
1.003769149780273438e+02
1.015325851440429688e+02
1.026711044311523438e+02
1.037701873779296875e+02
1.048521347045898438e+02
1.058946685791015625e+02
1.069052429199218750e+02
1.078987350463867188e+02
1.088528594970703125e+02
1.097750625610351562e+02
1.106653747558593750e+02
1.115237808227539062e+02
1.123503189086914062e+02
1.131375656127929688e+02
1.139003982543945312e+02
1.146239776611328125e+02
1.153157272338867188e+02
1.159756927490234375e+02
1.165890045166015625e+02
1.171779785156250000e+02
1.177203445434570312e+02
1.182383956909179688e+02
1.187098693847656250e+02
1.191496124267578125e+02
1.195576858520507812e+02
1.199191970825195312e+02
1.202416381835937500e+02
1.205249786376953125e+02
1.207767181396484375e+02
1.209969024658203125e+02
1.211708068847656250e+02
1.212984848022460938e+02
1.213949127197265625e+02
1.214527664184570312e+02
1.214646911621093750e+02
1.214530868530273438e+02
1.213883361816406250e+02
1.212928009033203125e+02
1.211517410278320312e+02
1.209800796508789062e+02
1.207630920410156250e+02
1.205157165527343750e+02
1.202231674194335938e+02
1.198929901123046875e+02
1.195252914428710938e+02
1.191201477050781250e+02
1.186776504516601562e+02
1.182053298950195312e+02
1.176884155273437500e+02
1.171344451904296875e+02
1.165434951782226562e+02
1.159082489013671875e+02
1.152510833740234375e+02
1.145423507690429688e+02
1.138044509887695312e+02
1.130374832153320312e+02
1.122266693115234375e+02
1.113795318603515625e+02
1.105036087036132812e+02
1.095989761352539062e+02
1.086582870483398438e+02
1.076816558837890625e+02
1.066691589355468750e+02
1.056283187866210938e+02
1.045443649291992188e+02
1.034396972656250000e+02
1.022995223999023438e+02
1.011387939453125000e+02
9.993532562255859375e+01
9.870404815673828125e+01
9.744506072998046875e+01
9.615846252441406250e+01
9.484432220458984375e+01
9.351016998291015625e+01
9.214123535156250000e+01
9.074503326416015625e+01
8.932164001464843750e+01
8.787859344482421875e+01
8.640853881835937500e+01
8.491150665283203125e+01
8.340243530273437500e+01
8.185905456542968750e+01
8.029627990722656250e+01
7.872158050537109375e+01
7.712014770507812500e+01
7.550688171386718750e+01
7.386695861816406250e+01
7.221157073974609375e+01
7.053630828857421875e+01
6.884417724609375000e+01
6.713745117187500000e+01
6.541246795654296875e+01
6.367519760131835938e+01
6.192271041870117188e+01
6.015728759765625000e+01
5.838045120239257812e+01
5.659000778198242188e+01
5.479119873046875000e+01
5.298035430908203125e+01
5.116197586059570312e+01
4.933311462402343750e+01
4.749754333496093750e+01
4.565528488159179688e+01
4.380638504028320312e+01
4.195385742187500000e+01
4.009476470947265625e+01
3.823360061645507812e+01
3.636817550659179688e+01
3.450149536132812500e+01
3.263434219360351562e+01
3.076527214050292969e+01
2.889802742004394531e+01
2.703116798400878906e+01
2.516694831848144531e+01
2.330541038513183594e+01
2.144807624816894531e+01
1.959497833251953125e+01
1.774838256835937500e+01
1.590683650970458984e+01
1.407334709167480469e+01
1.224720668792724609e+01
1.043067741394042969e+01
8.622307777404785156e+00
6.825698852539062500e+00
5.039546012878417969e+00
3.265220403671264648e+00
1.503624916076660156e+00
-2.443232089281082153e-01
-1.978012204170227051e+00
-3.696610689163208008e+00
-5.399630546569824219e+00
-7.085617065429687500e+00
-8.755495071411132812e+00
-1.040713977813720703e+01
-1.204214572906494141e+01
-1.365616035461425781e+01
-1.525151920318603516e+01
-1.682758522033691406e+01
-1.838223838806152344e+01
-1.991632652282714844e+01
-2.142847061157226562e+01
-2.291878128051757812e+01
-2.438512992858886719e+01
-2.582911491394042969e+01
-2.725009727478027344e+01
-2.864521408081054688e+01
-3.001531410217285156e+01
-3.136050224304199219e+01
-3.267940521240234375e+01
-3.397286605834960938e+01
-3.523876953125000000e+01
-3.647796249389648438e+01
-3.768832015991210938e+01
-3.887069702148437500e+01
-4.002593994140625000e+01
-4.115043640136718750e+01
-4.224579238891601562e+01
-4.331209564208984375e+01
-4.434798049926757812e+01
-4.535429382324218750e+01
-4.632816696166992188e+01
-4.727267837524414062e+01
-4.818570709228515625e+01
-4.906735229492187500e+01
-4.991624069213867188e+01
-5.073247528076171875e+01
-5.151764678955078125e+01
-5.226888656616210938e+01
-5.298853302001953125e+01
-5.367445755004882812e+01
-5.432750701904296875e+01
-5.494630050659179688e+01
-5.553169250488281250e+01
-5.608228683471679688e+01
-5.660042572021484375e+01
-5.708472061157226562e+01
-5.753379440307617188e+01
-5.794997787475585938e+01
-5.833114242553710938e+01
-5.867966842651367188e+01
-5.899345779418945312e+01
-5.927414703369140625e+01
-5.952186965942382812e+01
-5.973008346557617188e+01
-5.991305923461914062e+01
-6.005234909057617188e+01
-6.016370010375976562e+01
-6.024131774902343750e+01
-6.028607559204101562e+01
-6.029217147827148438e+01
-6.027833557128906250e+01
-6.021496200561523438e+01
-6.013192749023437500e+01
-6.000707244873046875e+01
-5.985539627075195312e+01
-5.966961288452148438e+01
-5.945728683471679688e+01
-5.921112060546875000e+01
-5.893125915527343750e+01
-5.862526321411132812e+01
-5.828583908081054688e+01
-5.792055511474609375e+01
-5.752211761474609375e+01
-5.709288406372070312e+01
-5.664265441894531250e+01
-5.615298080444335938e+01
-5.564852142333984375e+01
-5.511009216308593750e+01
-5.454153442382812500e+01
-5.394892883300781250e+01
-5.333463668823242188e+01
-5.269284439086914062e+01
-5.202516555786132812e+01
-5.133396148681640625e+01
-5.061936569213867188e+01
-4.988075637817382812e+01
-4.911975860595703125e+01
-4.833575057983398438e+01
-4.753183364868164062e+01
-4.670739746093750000e+01
-4.586107254028320312e+01
-4.499671173095703125e+01
-4.411294937133789062e+01
-4.321140289306640625e+01
-4.229144668579101562e+01
-4.135617828369140625e+01
-4.040275955200195312e+01
-3.943576049804687500e+01
-3.845380783081054688e+01
-3.745690536499023438e+01
-3.644728088378906250e+01
-3.542344665527343750e+01
-3.438910293579101562e+01
-3.334201431274414062e+01
-3.228440093994140625e+01
-3.121551322937011719e+01
-3.013831329345703125e+01
-2.905204582214355469e+01
-2.795670127868652344e+01
-2.685375595092773438e+01
-2.574468612670898438e+01
-2.462947845458984375e+01
-2.350812339782714844e+01
-2.238209152221679688e+01
-2.125211715698242188e+01
-2.011892700195312500e+01
-1.898176574707031250e+01
-1.784359359741210938e+01
-1.670439529418945312e+01
-1.556415557861328125e+01
-1.442434692382812500e+01
-1.328569793701171875e+01
-1.214745044708251953e+01
-1.101181602478027344e+01
-9.879524230957031250e+00
-8.752044677734375000e+00
-7.627874374389648438e+00
-6.510712146759033203e+00
-5.397569179534912109e+00
-4.292143344879150391e+00
-3.194417476654052734e+00
-2.105117559432983398e+00
-1.024968743324279785e+00
4.604696482419967651e-02
1.106461167335510254e+00
2.155549049377441406e+00
3.192585706710815430e+00
4.216846466064453125e+00
5.228350162506103516e+00
6.224885940551757812e+00
7.206918239593505859e+00
8.173500061035156250e+00
9.124055862426757812e+00
1.005756378173828125e+01
1.097374629974365234e+01
1.187158203125000000e+01
1.275039100646972656e+01
1.360961151123046875e+01
1.444868659973144531e+01
1.526670646667480469e+01
1.606365776062011719e+01
1.683892822265625000e+01
1.759190940856933594e+01
1.832265853881835938e+01
1.902960395812988281e+01
1.971354484558105469e+01
2.037394332885742188e+01
2.100952339172363281e+01
2.162048912048339844e+01
2.220630645751953125e+01
2.276866912841796875e+01
2.330257987976074219e+01
2.381196022033691406e+01
2.429404449462890625e+01
2.474978256225585938e+01
2.517789077758789062e+01
2.558080673217773438e+01
2.595353317260742188e+01
2.629850196838378906e+01
2.661592102050781250e+01
2.690376281738281250e+01
2.716371726989746094e+01
2.739376258850097656e+01
2.759558296203613281e+01
2.776789474487304688e+01
2.791016197204589844e+01
2.802332878112792969e+01
2.810536575317382812e+01
2.815870475769042969e+01
2.818131828308105469e+01
2.817266273498535156e+01
2.813442230224609375e+01
2.806531333923339844e+01
2.796553802490234375e+01
2.783528900146484375e+01
2.767328262329101562e+01
2.748120117187500000e+01
2.725850105285644531e+01
2.700463485717773438e+01
2.671905326843261719e+01
2.640418815612792969e+01
2.605725860595703125e+01
2.568068695068359375e+01
2.527244377136230469e+01
2.483420372009277344e+01
2.436542129516601562e+01
2.386703109741210938e+01
2.333773994445800781e+01
2.277848052978515625e+01
2.218870162963867188e+01
2.157081794738769531e+01
2.092279052734375000e+01
2.024554634094238281e+01
1.953927612304687500e+01
1.880416488647460938e+01
1.804039764404296875e+01
1.724815750122070312e+01
1.642763137817382812e+01
1.557974433898925781e+01
1.470542240142822266e+01
1.380261707305908203e+01
1.287300109863281250e+01
1.191749382019042969e+01
1.093627929687500000e+01
9.929534912109375000e+00
8.896697044372558594e+00
7.840917587280273438e+00
6.760144233703613281e+00
5.655298233032226562e+00
4.526555061340332031e+00
3.376320600509643555e+00
2.203284025192260742e+00
1.007619619369506836e+00
-2.090124189853668213e-01
-1.446438789367675781e+00
-2.704486608505249023e+00
-3.982241392135620117e+00
-5.280274391174316406e+00
-6.595442295074462891e+00
-7.929805278778076172e+00
-9.280963897705078125e+00
-1.064874935150146484e+01
-1.203262329101562500e+01
-1.343174743652343750e+01
-1.484655189514160156e+01
-1.627471160888671875e+01
-1.771703147888183594e+01
-1.917174911499023438e+01
-2.063873291015625000e+01
-2.211704063415527344e+01
-2.360602760314941406e+01
-2.510486412048339844e+01
-2.661308670043945312e+01
-2.812986755371093750e+01
-2.965489768981933594e+01
-3.118608474731445312e+01
-3.272401046752929688e+01
-3.426703262329101562e+01
-3.581502914428710938e+01
-3.736727142333984375e+01
-3.892233657836914062e+01
-4.047953033447265625e+01
-4.203965759277343750e+01
-4.360129547119140625e+01
-4.516300582885742188e+01
-4.672559738159179688e+01
-4.828763961791992188e+01
-4.984844970703125000e+01
-5.140660095214843750e+01
-5.296364593505859375e+01
-5.451815032958984375e+01
-5.606795120239257812e+01
-5.761385345458984375e+01
-5.915443420410156250e+01
-6.068975448608398438e+01
-6.221913146972656250e+01
-6.374113845825195312e+01
-6.525436401367187500e+01
-6.676034545898437500e+01
-6.825766754150390625e+01
-6.974416351318359375e+01
-7.122064208984375000e+01
-7.268642425537109375e+01
-7.413934326171875000e+01
-7.558020782470703125e+01
-7.700833892822265625e+01
-7.842231750488281250e+01
-7.982221221923828125e+01
-8.120584869384765625e+01
-8.257479095458984375e+01
-8.392835235595703125e+01
-8.526437377929687500e+01
-8.658290863037109375e+01
-8.787512969970703125e+01
-8.915222167968750000e+01
-9.041204833984375000e+01
-9.164721679687500000e+01
-9.286524963378906250e+01
-9.405876922607421875e+01
-9.522782897949218750e+01
-9.637994384765625000e+01
-9.750030517578125000e+01
-9.859641265869140625e+01
-9.968320465087890625e+01
-1.007310104370117188e+02
-1.017547454833984375e+02
-1.027470703125000000e+02
-1.037154541015625000e+02
-1.046600036621093750e+02
-1.055661239624023438e+02
-1.064637985229492188e+02
-1.073161621093750000e+02
-1.081383743286132812e+02
-1.089381256103515625e+02
-1.097082748413085938e+02
-1.104342422485351562e+02
-1.111460342407226562e+02
-1.118216476440429688e+02
-1.124613647460937500e+02
-1.130803070068359375e+02
-1.136564636230468750e+02
-1.142049942016601562e+02
-1.147261734008789062e+02
-1.152128372192382812e+02
-1.156578445434570312e+02
-1.160837554931640625e+02
-1.164611358642578125e+02
-1.168199844360351562e+02
-1.171308441162109375e+02
-1.174088516235351562e+02
-1.176617355346679688e+02
-1.178823089599609375e+02
-1.180634231567382812e+02
-1.182053680419921875e+02
-1.183232650756835938e+02
-1.184025192260742188e+02
-1.184508590698242188e+02
-1.184610977172851562e+02
-1.184335098266601562e+02
-1.183683700561523438e+02
-1.182808074951171875e+02
-1.181413803100585938e+02
-1.179874877929687500e+02
-1.177822494506835938e+02
-1.175556564331054688e+02
-1.172782669067382812e+02
-1.169726104736328125e+02
-1.166389694213867188e+02
-1.162701721191406250e+02
-1.158590393066406250e+02
-1.154207153320312500e+02
-1.149405822753906250e+02
-1.144412002563476562e+02
-1.138856658935546875e+02
-1.133114013671875000e+02
-1.127038040161132812e+02
-1.120705490112304688e+02
-1.113970489501953125e+02
-1.106909637451171875e+02
-1.099451065063476562e+02
-1.091745681762695312e+02
-1.083647003173828125e+02
-1.075306015014648438e+02
-1.066650695800781250e+02
-1.057608871459960938e+02
-1.048257141113281250e+02
-1.038671951293945312e+02
-1.028781280517578125e+02
-1.018587341308593750e+02
-1.008092193603515625e+02
-9.972982025146484375e+01
-9.862818145751953125e+01
-9.748963928222656250e+01
-9.632928466796875000e+01
-9.513990783691406250e+01
-9.391427612304687500e+01
-9.267490386962890625e+01
-9.140714263916015625e+01
-9.011119842529296875e+01
-8.877985382080078125e+01
-8.743560791015625000e+01
-8.607124328613281250e+01
-8.467953491210937500e+01
-8.326811218261718750e+01
-8.182975769042968750e+01
-8.036467742919921875e+01
-7.888793182373046875e+01
-7.738486480712890625e+01
-7.587054443359375000e+01
-7.434516143798828125e+01
-7.278664398193359375e+01
-7.121002960205078125e+01
-6.962297821044921875e+01
-6.799593353271484375e+01
-6.636626434326171875e+01
-6.472673034667968750e+01
-6.307754135131835938e+01
-6.140401840209960938e+01
-5.971379470825195312e+01
-5.802192306518554688e+01
-5.630630493164062500e+01
-5.458942413330078125e+01
-5.285661315917968750e+01
-5.112292861938476562e+01
-4.937369537353515625e+01
-4.762397003173828125e+01
-4.586651229858398438e+01
-4.410150909423828125e+01
-4.233653640747070312e+01
-4.054927825927734375e+01
-3.877680969238281250e+01
-3.698933792114257812e+01
-3.520165252685546875e+01
-3.341368103027343750e+01
-3.162534904479980469e+01
-2.982914733886718750e+01
-2.803986358642578125e+01
-2.624256515502929688e+01
-2.444534492492675781e+01
-2.265258789062500000e+01
-2.086347579956054688e+01
-1.907570075988769531e+01
-1.729141616821289062e+01
-1.551054382324218750e+01
-1.373375034332275391e+01
-1.196170139312744141e+01
-1.019505977630615234e+01
-8.433750152587890625e+00
-6.680665016174316406e+00
-4.934239864349365234e+00
-3.195138692855834961e+00
-1.464026093482971191e+00
2.569478452205657959e-01
1.968605518341064453e+00
3.668796539306640625e+00
5.358343601226806641e+00
7.035839557647705078e+00
8.699135780334472656e+00
1.034979724884033203e+01
1.198641586303710938e+01
1.360833072662353516e+01
1.521562004089355469e+01
1.680687522888183594e+01
1.838217926025390625e+01
1.994012260437011719e+01
2.148078536987304688e+01
2.300424766540527344e+01
2.450835800170898438e+01
2.599170684814453125e+01
2.745734977722167969e+01
2.889941596984863281e+01
3.032170295715332031e+01
3.172131347656250000e+01
3.309780502319335938e+01
3.445155715942382812e+01
3.578070831298828125e+01
3.708596038818359375e+01
3.836627197265625000e+01
3.962115859985351562e+01
4.085049438476562500e+01
4.205384063720703125e+01
4.323008728027343750e+01
4.438049697875976562e+01
4.550351715087890625e+01
4.659870910644531250e+01
4.766636276245117188e+01
4.870753479003906250e+01
4.971954727172851562e+01
5.070269393920898438e+01
5.165802001953125000e+01
5.258359146118164062e+01
5.348045349121093750e+01
5.434666824340820312e+01
5.518327713012695312e+01
5.598983383178710938e+01
5.676662826538085938e+01
5.751321029663085938e+01
5.822912979125976562e+01
5.891394042968750000e+01
5.956867599487304688e+01
6.019213104248046875e+01
6.078386306762695312e+01
6.134564971923828125e+01
6.187627792358398438e+01
6.237455749511718750e+01
6.284151458740234375e+01
6.327744293212890625e+01
6.368187332153320312e+01
6.405361175537109375e+01
6.439366912841796875e+01
6.470085144042968750e+01
6.497767639160156250e+01
6.522143554687500000e+01
6.543315124511718750e+01
6.561312103271484375e+01
6.576086425781250000e+01
6.587664794921875000e+01
6.595927429199218750e+01
6.601123809814453125e+01
6.603206634521484375e+01
6.602055358886718750e+01
6.597696685791015625e+01
6.590381622314453125e+01
6.579837036132812500e+01
6.566240692138671875e+01
6.549543762207031250e+01
6.529698944091796875e+01
6.506880950927734375e+01
6.480967712402343750e+01
6.452057647705078125e+01
6.420102691650390625e+01
6.385127258300781250e+01
6.347156524658203125e+01
6.306214523315429688e+01
6.262326049804687500e+01
6.215589904785156250e+01
6.165882110595703125e+01
6.113449096679687500e+01
6.058092117309570312e+01
5.999985122680664062e+01
5.939075851440429688e+01
5.875537872314453125e+01
5.809320449829101562e+01
5.740372848510742188e+01
5.668941116333007812e+01
5.594826126098632812e+01
5.518199157714843750e+01
5.439010620117187500e+01
5.357355880737304688e+01
5.273333740234375000e+01
5.186966705322265625e+01
5.098202514648437500e+01
5.007139587402343750e+01
4.913948059082031250e+01
4.818502426147460938e+01
4.720898818969726562e+01
4.621308517456054688e+01
4.519605255126953125e+01
4.415959548950195312e+01
4.310393524169921875e+01
4.203003692626953125e+01
4.093885803222656250e+01
3.982839202880859375e+01
3.870182800292968750e+01
3.755863189697265625e+01
3.639976882934570312e+01
3.522545623779296875e+01
3.403664398193359375e+01
3.283355331420898438e+01
3.161713218688964844e+01
3.038833808898925781e+01
2.914664077758789062e+01
2.789373970031738281e+01
2.662983703613281250e+01
2.535663223266601562e+01
2.407359313964843750e+01
2.278241157531738281e+01
2.148255157470703125e+01
2.017566299438476562e+01
1.886246871948242188e+01
1.754216194152832031e+01
1.621616554260253906e+01
1.488441085815429688e+01
1.354683303833007812e+01
1.220559597015380859e+01
1.085914802551269531e+01
9.508906364440917969e+00
8.157034873962402344e+00
6.801236629486083984e+00
5.443672180175781250e+00
4.084273815155029297e+00
2.724460601806640625e+00
1.363420128822326660e+00
2.570295473560690880e-03
-1.358157515525817871e+00
-2.718089342117309570e+00
-4.075807571411132812e+00
-5.432867050170898438e+00
-6.787107944488525391e+00
-8.137857437133789062e+00
-9.485925674438476562e+00
-1.083063983917236328e+01
-1.216983890533447266e+01
-1.350433731079101562e+01
-1.483271503448486328e+01
-1.615518951416015625e+01
-1.747049522399902344e+01
-1.877884674072265625e+01
-2.007956695556640625e+01
-2.137169075012207031e+01
-2.265517997741699219e+01
-2.392936515808105469e+01
-2.519386482238769531e+01
-2.644773292541503906e+01
-2.769110679626464844e+01
-2.892287254333496094e+01
-3.014174842834472656e+01
-3.134922027587890625e+01
-3.254334640502929688e+01
-3.372419357299804688e+01
-3.489107894897460938e+01
-3.604258346557617188e+01
-3.717951583862304688e+01
-3.830045700073242188e+01
-3.940620803833007812e+01
-4.049386215209960938e+01
-4.156496810913085938e+01
-4.261884307861328125e+01
-4.365336608886718750e+01
-4.466952514648437500e+01
-4.566762161254882812e+01
-4.664646911621093750e+01
-4.760486984252929688e+01
-4.854460144042968750e+01
-4.946447753906250000e+01
-5.036404037475585938e+01
-5.124358749389648438e+01
-5.210266494750976562e+01
-5.294081878662109375e+01
-5.375982666015625000e+01
-5.455626296997070312e+01
-5.533263778686523438e+01
-5.608701705932617188e+01
-5.682043457031250000e+01
-5.753241729736328125e+01
-5.822252655029296875e+01
-5.889102935791015625e+01
-5.953747940063476562e+01
-6.016214752197265625e+01
-6.076458358764648438e+01
-6.134209060668945312e+01
-6.189866256713867188e+01
-6.242938232421875000e+01
-6.293897628784179688e+01
-6.342550659179687500e+01
-6.388774871826171875e+01
-6.432821655273437500e+01
-6.474494934082031250e+01
-6.513673400878906250e+01
-6.550904083251953125e+01
-6.585695648193359375e+01
-6.618073272705078125e+01
-6.648212432861328125e+01
-6.676066589355468750e+01
-6.701587677001953125e+01
-6.724801635742187500e+01
-6.745365142822265625e+01
-6.763822174072265625e+01
-6.779680633544921875e+01
-6.793411254882812500e+01
-6.804594421386718750e+01
-6.813628387451171875e+01
-6.820538330078125000e+01
-6.824606323242187500e+01
-6.827344512939453125e+01
-6.827292633056640625e+01
-6.824475097656250000e+01
-6.819659423828125000e+01
-6.812872314453125000e+01
-6.803392791748046875e+01
-6.791986083984375000e+01
-6.778675842285156250e+01
-6.762740325927734375e+01
-6.744946289062500000e+01
-6.724571990966796875e+01
-6.702383422851562500e+01
-6.677658081054687500e+01
-6.651162719726562500e+01
-6.622174072265625000e+01
-6.591458892822265625e+01
-6.558295440673828125e+01
-6.524190521240234375e+01
-6.487679290771484375e+01
-6.448783874511718750e+01
-6.407524871826171875e+01
-6.364666366577148438e+01
-6.320973205566406250e+01
-6.274979019165039062e+01
-6.226705932617187500e+01
-6.176174163818359375e+01
-6.124146652221679688e+01
-6.070644760131835938e+01
-6.015688705444335938e+01
-5.958555603027343750e+01
-5.900753021240234375e+01
-5.839327239990234375e+01
-5.778014755249023438e+01
-5.715348815917968750e+01
-5.650606918334960938e+01
-5.584551239013671875e+01
-5.517202758789062500e+01
-5.448580551147460938e+01
-5.377961349487304688e+01
-5.307593536376953125e+01
-5.233781814575195312e+01
-5.160260772705078125e+01
-5.084820175170898438e+01
-5.009709548950195312e+01
-4.931975173950195312e+01
-4.853865432739257812e+01
-4.774656677246093750e+01
-4.695111083984375000e+01
-4.615246963500976562e+01
-4.533597946166992188e+01
-4.450925445556640625e+01
-4.367992019653320312e+01
-4.284815979003906250e+01
-4.200672912597656250e+01
-4.116097640991210938e+01
-4.030866241455078125e+01
-3.945270156860351562e+01
-3.859156417846679688e+01
-3.772741699218750000e+01
-3.685871887207031250e+01
-3.598690795898437500e+01
-3.511266326904296875e+01
-3.423519515991210938e+01
-3.335592651367187500e+01
-3.247406387329101562e+01
-3.159177589416503906e+01
-3.070677566528320312e+01
-2.982197952270507812e+01
-2.893733215332031250e+01
-2.805202674865722656e+01
-2.716749763488769531e+01
-2.628219413757324219e+01
-2.539903450012207031e+01
-2.451721763610839844e+01
-2.363593482971191406e+01
-2.275810813903808594e+01
-2.188292884826660156e+01
-2.101033973693847656e+01
-2.014028358459472656e+01
-1.927492713928222656e+01
-1.841347312927246094e+01
-1.755734252929687500e+01
-1.670499610900878906e+01
-1.585860061645507812e+01
-1.501883983612060547e+01
-1.418417358398437500e+01
-1.335676860809326172e+01
-1.253582668304443359e+01
-1.172203159332275391e+01
-1.091755771636962891e+01
-1.011937332153320312e+01
-9.331139564514160156e+00
-8.550569534301757812e+00
-7.780581951141357422e+00
-7.019633293151855469e+00
-6.269157409667968750e+00
-5.529842376708984375e+00
-4.801635265350341797e+00
-4.084483623504638672e+00
-3.379078626632690430e+00
-2.686111450195312500e+00
-2.005532264709472656e+00
-1.338777065277099609e+00
-6.850535869598388672e-01
-4.501987248659133911e-02
5.808125734329223633e-01
1.191968202590942383e+00
1.790199756622314453e+00
2.373544216156005859e+00
2.941523313522338867e+00
3.495886802673339844e+00
4.034669876098632812e+00
4.558876991271972656e+00
5.066539764404296875e+00
5.560149669647216797e+00
6.037735939025878906e+00
6.499557018280029297e+00
6.945871829986572266e+00
7.376935482025146484e+00
7.791519165039062500e+00
8.189876556396484375e+00
8.573005676269531250e+00
8.938187599182128906e+00
9.288644790649414062e+00
9.621657371520996094e+00
9.938218116760253906e+00
1.023857688903808594e+01
1.052186775207519531e+01
1.078841018676757812e+01
1.103771018981933594e+01
1.127045726776123047e+01
1.148622703552246094e+01
1.168504047393798828e+01
1.186684417724609375e+01
1.203158092498779297e+01
1.217919540405273438e+01
1.230977916717529297e+01
1.242317581176757812e+01
1.251954174041748047e+01
1.259867668151855469e+01
1.266068935394287109e+01
1.270544433593750000e+01
1.273324871063232422e+01
1.274389171600341797e+01
1.273767757415771484e+01
1.271439361572265625e+01
1.267426967620849609e+01
1.261746025085449219e+01
1.254389667510986328e+01
1.245336055755615234e+01
1.234637546539306641e+01
1.222175407409667969e+01
1.208195114135742188e+01
1.192562866210937500e+01
1.175226306915283203e+01
1.156355381011962891e+01
1.135822010040283203e+01
1.113721275329589844e+01
1.089999485015869141e+01
1.064751434326171875e+01
1.037848854064941406e+01
1.009534931182861328e+01
9.796811103820800781e+00
9.482331275939941406e+00
9.152851104736328125e+00
8.809314727783203125e+00
8.451914787292480469e+00
8.079364776611328125e+00
7.692598819732666016e+00
7.291811943054199219e+00
6.877939701080322266e+00
6.449686050415039062e+00
6.009470939636230469e+00
5.555253028869628906e+00
5.088706493377685547e+00
4.608531951904296875e+00
4.117887496948242188e+00
3.613241672515869141e+00
3.097006559371948242e+00
2.570108175277709961e+00
2.031241178512573242e+00
1.482072353363037109e+00
9.212944507598876953e-01
3.513150513172149658e-01
-2.291745990514755249e-01
-8.185119032859802246e-01
-1.418750643730163574e+00
-2.026743650436401367e+00
-2.643803119659423828e+00
-3.269012928009033203e+00
-3.902944087982177734e+00
-4.544681072235107422e+00
-5.194053649902343750e+00
-5.849404335021972656e+00
-6.512050628662109375e+00
-7.179593563079833984e+00
-7.855059146881103516e+00
-8.534490585327148438e+00
-9.219353675842285156e+00
-9.907773017883300781e+00
-1.060114002227783203e+01
-1.129862308502197266e+01
-1.199916076660156250e+01
-1.270273685455322266e+01
-1.340907287597656250e+01
-1.411795806884765625e+01
-1.482876968383789062e+01
-1.554148387908935547e+01
-1.625599861145019531e+01
-1.697174453735351562e+01
-1.768872642517089844e+01
-1.840657615661621094e+01
-1.912507438659667969e+01
-1.984389114379882812e+01
-2.056286430358886719e+01
-2.128152656555175781e+01
-2.199992179870605469e+01
-2.271780204772949219e+01
-2.343469619750976562e+01
-2.415020561218261719e+01
-2.486438179016113281e+01
-2.557689666748046875e+01
-2.628698158264160156e+01
-2.699557685852050781e+01
-2.770109367370605469e+01
-2.840358352661132812e+01
-2.910309219360351562e+01
-2.979892158508300781e+01
-3.049037551879882812e+01
-3.117825126647949219e+01
-3.186110115051269531e+01
-3.253972244262695312e+01
-3.321266555786132812e+01
-3.388147354125976562e+01
-3.454321670532226562e+01
-3.519942474365234375e+01
-3.584940719604492188e+01
-3.649320983886718750e+01
-3.712938308715820312e+01
-3.775872802734375000e+01
-3.837979507446289062e+01
-3.899412536621093750e+01
-3.959877777099609375e+01
-4.019604110717773438e+01
-4.078446960449218750e+01
-4.136410140991210938e+01
-4.193498611450195312e+01
-4.249345397949218750e+01
-4.304400634765625000e+01
-4.358222198486328125e+01
-4.411112594604492188e+01
-4.462852478027343750e+01
-4.513520812988281250e+01
-4.562973022460937500e+01
-4.611216735839843750e+01
-4.658197402954101562e+01
-4.704088592529296875e+01
-4.748690795898437500e+01
-4.792176055908203125e+01
-4.834270858764648438e+01
-4.875073242187500000e+01
-4.914830398559570312e+01
-4.953118515014648438e+01
-4.990259552001953125e+01
-5.026052474975585938e+01
-5.060521697998046875e+01
-5.093763732910156250e+01
-5.125579071044921875e+01
-5.156139373779296875e+01
-5.185317993164062500e+01
-5.213212585449218750e+01
-5.239696884155273438e+01
-5.264941787719726562e+01
-5.288746643066406250e+01
-5.311282730102539062e+01
-5.332348251342773438e+01
-5.352040100097656250e+01
-5.370454025268554688e+01
-5.387389373779296875e+01
-5.403015518188476562e+01
-5.417280197143554688e+01
-5.429980850219726562e+01
-5.441436386108398438e+01
-5.451445770263671875e+01
-5.460027694702148438e+01
-5.467279434204101562e+01
-5.472997283935546875e+01
-5.477424621582031250e+01
-5.480434036254882812e+01
-5.481896591186523438e+01
-5.482055282592773438e+01
-5.480781555175781250e+01
-5.478169250488281250e+01
-5.474238204956054688e+01
-5.468785858154296875e+01
-5.461979293823242188e+01
-5.453763961791992188e+01
-5.444159698486328125e+01
-5.433110427856445312e+01
-5.420858764648437500e+01
-5.407126617431640625e+01
-5.392006683349609375e+01
-5.375518417358398438e+01
-5.357679367065429688e+01
-5.338509750366210938e+01
-5.317953109741210938e+01
-5.296101760864257812e+01
-5.272974395751953125e+01
-5.248515319824218750e+01
-5.222891235351562500e+01
-5.195823287963867188e+01
-5.167329025268554688e+01
-5.137798690795898438e+01
-5.106878280639648438e+01
-5.074809265136718750e+01
-5.041385650634765625e+01
-5.006998062133789062e+01
-4.971216964721679688e+01
-4.934209823608398438e+01
-4.896216583251953125e+01
-4.857032394409179688e+01
-4.816674041748046875e+01
-4.775159454345703125e+01
-4.732654571533203125e+01
-4.689028167724609375e+01
-4.644372177124023438e+01
-4.598702621459960938e+01
-4.551963424682617188e+01
-4.504319763183593750e+01
-4.455640029907226562e+01
-4.406089782714843750e+01
-4.355611419677734375e+01
-4.304221725463867188e+01
-4.252011489868164062e+01
-4.198849105834960938e+01
-4.144824981689453125e+01
-4.090103912353515625e+01
-4.034553909301757812e+01
-3.978265380859375000e+01
-3.921254348754882812e+01
-3.863536834716796875e+01
-3.805202865600585938e+01
-3.746120071411132812e+01
-3.686600875854492188e+01
-3.626438140869140625e+01
-3.565721511840820312e+01
-3.504466629028320312e+01
-3.442837524414062500e+01
-3.380626296997070312e+01
-3.318145370483398438e+01
-3.255186843872070312e+01
-3.191839599609375000e+01
-3.128192901611328125e+01
-3.064262199401855469e+01
-3.000058364868164062e+01
-2.935655975341796875e+01
-2.870976829528808594e+01
-2.806092453002929688e+01
-2.740999221801757812e+01
-2.675841712951660156e+01
-2.610468101501464844e+01
-2.544948959350585938e+01
-2.479281044006347656e+01
-2.413608741760253906e+01
-2.347780036926269531e+01
-2.281865310668945312e+01
-2.215935707092285156e+01
-2.149912452697753906e+01
-2.083940887451171875e+01
-2.018017196655273438e+01
-1.952212142944335938e+01
-1.886298942565917969e+01
-1.820571517944335938e+01
-1.754951477050781250e+01
-1.689435768127441406e+01
-1.624095153808593750e+01
-1.558925724029541016e+01
-1.493924808502197266e+01
-1.429162883758544922e+01
-1.364636993408203125e+01
-1.300343704223632812e+01
-1.236428737640380859e+01
-1.172666072845458984e+01
-1.109424209594726562e+01
-1.046403312683105469e+01
-9.838232994079589844e+00
-9.216073036193847656e+00
-8.598269462585449219e+00
-7.985538959503173828e+00
-7.378602504730224609e+00
-6.775205612182617188e+00
-6.179040908813476562e+00
-5.586371421813964844e+00
-5.000890731811523438e+00
-4.422577857971191406e+00
-3.849927902221679688e+00
-3.282920598983764648e+00
-2.723766803741455078e+00
-2.172448873519897461e+00
-1.627462983131408691e+00
-1.088792324066162109e+00
-5.608788728713989258e-01
-3.999140486121177673e-02
4.723994731903076172e-01
9.748517870903015137e-01
1.467526078224182129e+00
1.952840924263000488e+00
2.429499149322509766e+00
2.896203041076660156e+00
3.352398395538330078e+00
3.800502538681030273e+00
4.239217758178710938e+00
4.669474601745605469e+00
5.089232444763183594e+00
5.498677730560302734e+00
5.898741722106933594e+00
6.289611339569091797e+00
6.670731067657470703e+00
7.041544914245605469e+00
7.402982234954833984e+00
7.753743648529052734e+00
8.094758033752441406e+00
8.425469398498535156e+00
8.746806144714355469e+00
9.056722640991210938e+00
9.356891632080078125e+00
9.646012306213378906e+00
9.925752639770507812e+00
1.019481086730957031e+01
1.045262622833251953e+01
1.070086669921875000e+01
1.093822765350341797e+01
1.116466712951660156e+01
1.138080978393554688e+01
1.158638763427734375e+01
1.178135490417480469e+01
1.196559238433837891e+01
1.213920021057128906e+01
1.230205440521240234e+01
1.245440101623535156e+01
1.259596729278564453e+01
1.272692203521728516e+01
1.284706115722656250e+01
1.295658206939697266e+01
1.305531501770019531e+01
1.314340972900390625e+01
1.322077369689941406e+01
1.328744792938232422e+01
1.334346580505371094e+01
1.338890838623046875e+01
1.342370891571044922e+01
1.344787120819091797e+01
1.346154689788818359e+01
1.346466159820556641e+01
1.345744037628173828e+01
1.343952274322509766e+01
1.341121673583984375e+01
1.337275218963623047e+01
1.332391548156738281e+01
1.326493644714355469e+01
1.319589138031005859e+01
1.311656188964843750e+01
1.302724647521972656e+01
1.292779827117919922e+01
1.281910610198974609e+01
1.269908905029296875e+01
1.257086467742919922e+01
1.243234920501708984e+01
1.228517246246337891e+01
1.212724781036376953e+01
1.196094703674316406e+01
1.178641319274902344e+01
1.160081386566162109e+01
1.140726375579833984e+01
1.120515918731689453e+01
1.099389839172363281e+01
1.077436351776123047e+01
1.054595184326171875e+01
1.030954742431640625e+01
1.006528949737548828e+01
9.811832427978515625e+00
9.551544189453125000e+00
9.283824920654296875e+00
9.008069038391113281e+00
8.724418640136718750e+00
8.434501647949218750e+00
8.138459205627441406e+00
7.833459377288818359e+00
7.523360729217529297e+00
7.206076145172119141e+00
6.882490158081054688e+00
6.553489685058593750e+00
6.218474388122558594e+00
5.878329753875732422e+00
5.531713008880615234e+00
5.180997371673583984e+00
4.824096202850341797e+00
4.463382720947265625e+00
4.098256111145019531e+00
3.728117704391479492e+00
3.354595422744750977e+00
2.977089166641235352e+00
2.596484422683715820e+00
2.212179422378540039e+00
1.824292778968811035e+00
1.434334993362426758e+00
1.042307257652282715e+00
6.467236280441284180e-01
2.490697205066680908e-01
-1.513989120721817017e-01
-5.539415478706359863e-01
-9.578183889389038086e-01
-1.364519953727722168e+00
-1.773308515548706055e+00
-2.183447360992431641e+00
-2.595687389373779297e+00
-3.008550882339477539e+00
-3.422791004180908203e+00
-3.838419198989868164e+00
-4.253960609436035156e+00
-4.671658515930175781e+00
-5.089446544647216797e+00
-5.507786273956298828e+00
-5.926321983337402344e+00
-6.344477653503417969e+00
-6.763460636138916016e+00
-7.182099819183349609e+00
-7.600491046905517578e+00
-8.018357276916503906e+00
-8.435646057128906250e+00
-8.852155685424804688e+00
-9.267611503601074219e+00
-9.681960105895996094e+00
-1.009500217437744141e+01
-1.050653934478759766e+01
-1.091644191741943359e+01
-1.132451152801513672e+01
-1.173069572448730469e+01
-1.213464260101318359e+01
-1.253618907928466797e+01
-1.293540573120117188e+01
-1.333193492889404297e+01
-1.372555541992187500e+01
-1.411611270904541016e+01
-1.450341033935546875e+01
-1.488718414306640625e+01
-1.526752376556396484e+01
-1.564399528503417969e+01
-1.601623725891113281e+01
-1.638433074951171875e+01
-1.674798583984375000e+01
-1.710683822631835938e+01
-1.746096420288085938e+01
-1.781006622314453125e+01
-1.815387153625488281e+01
-1.849227905273437500e+01
-1.882558250427246094e+01
-1.915377235412597656e+01
-1.947572898864746094e+01
-1.979292297363281250e+01
-2.010475158691406250e+01
-2.040986061096191406e+01
-2.070987129211425781e+01
-2.100417137145996094e+01
-2.129215049743652344e+01
-2.157467460632324219e+01
-2.185113525390625000e+01
-2.212165451049804688e+01
-2.238561248779296875e+01
-2.264313888549804688e+01
-2.289435386657714844e+01
-2.313938140869140625e+01
-2.337834358215332031e+01
-2.361061859130859375e+01
-2.383632850646972656e+01
-2.405559730529785156e+01
-2.426853942871093750e+01
-2.447379875183105469e+01
-2.467297554016113281e+01
-2.486545181274414062e+01
-2.505060768127441406e+01
-2.522930526733398438e+01
-2.540018272399902344e+01
-2.556485176086425781e+01
-2.572194671630859375e+01
-2.587233924865722656e+01
-2.601540946960449219e+01
-2.615128326416015625e+01
-2.628008842468261719e+01
-2.640120887756347656e+01
-2.651626014709472656e+01
-2.662314224243164062e+01
-2.672272682189941406e+01
-2.681588554382324219e+01
-2.690126609802246094e+01
-2.697825431823730469e+01
-2.704921340942382812e+01
-2.711427116394042969e+01
-2.717058944702148438e+01
-2.721978759765625000e+01
-2.726050567626953125e+01
-2.729585266113281250e+01
-2.732372665405273438e+01
-2.734351730346679688e+01
-2.735758781433105469e+01
-2.736311340332031250e+01
-2.736099052429199219e+01
-2.735434532165527344e+01
-2.733812904357910156e+01
-2.731619834899902344e+01
-2.728721809387207031e+01
-2.725208091735839844e+01
-2.720944595336914062e+01
-2.716018486022949219e+01
-2.710519599914550781e+01
-2.704386138916015625e+01
-2.697483825683593750e+01
-2.689974212646484375e+01
-2.681870460510253906e+01
-2.673259353637695312e+01
-2.663856506347656250e+01
-2.653971099853515625e+01
-2.643392372131347656e+01
-2.632206344604492188e+01
-2.620572853088378906e+01
-2.608280563354492188e+01
-2.595414733886718750e+01
-2.581985664367675781e+01
-2.568004226684570312e+01
-2.553480720520019531e+01
-2.538425064086914062e+01
-2.522847175598144531e+01
-2.506756973266601562e+01
-2.490089416503906250e+01
-2.472928237915039062e+01
-2.455431175231933594e+01
-2.437310409545898438e+01
-2.418797874450683594e+01
-2.399828147888183594e+01
-2.380261421203613281e+01
-2.360329818725585938e+01
-2.340041923522949219e+01
-2.319184112548828125e+01
-2.297987747192382812e+01
-2.276461982727050781e+01
-2.254467201232910156e+01
-2.232086944580078125e+01
-2.209479141235351562e+01
-2.186355590820312500e+01
-2.163022994995117188e+01
-2.139342689514160156e+01
-2.115398597717285156e+01
-2.091052055358886719e+01
-2.066536140441894531e+01
-2.041710853576660156e+01
-2.016652488708496094e+01
-1.991436004638671875e+01
-1.965913581848144531e+01
-1.940160179138183594e+01
-1.914177322387695312e+01
-1.888114738464355469e+01
-1.861751174926757812e+01
-1.835236930847167969e+01
-1.808499526977539062e+01
-1.781540870666503906e+01
-1.754512214660644531e+01
-1.727341270446777344e+01
-1.699956321716308594e+01
-1.672582817077636719e+01
-1.645000457763671875e+01
-1.617360496520996094e+01
-1.589666271209716797e+01
-1.561845684051513672e+01
-1.534050369262695312e+01
-1.506134605407714844e+01
-1.478249645233154297e+01
-1.450323963165283203e+01
-1.422434425354003906e+01
-1.394509410858154297e+01
-1.366699886322021484e+01
-1.338859462738037109e+01
-1.311138820648193359e+01
-1.283465766906738281e+01
-1.255767726898193359e+01
-1.228343391418457031e+01
-1.200897026062011719e+01
-1.173652553558349609e+01
-1.146536636352539062e+01
-1.119475460052490234e+01
-1.092766857147216797e+01
-1.066113567352294922e+01
-1.039664363861083984e+01
-1.013492870330810547e+01
-9.875245094299316406e+00
-9.616839408874511719e+00
-9.362674713134765625e+00
-9.109765052795410156e+00
-8.860326766967773438e+00
-8.613599777221679688e+00
-8.369565963745117188e+00
-8.128948211669921875e+00
-7.891725540161132812e+00
-7.656390666961669922e+00
-7.425894260406494141e+00
-7.199449539184570312e+00
-6.974702358245849609e+00
-6.755227088928222656e+00
-6.538649559020996094e+00
-6.325571537017822266e+00
-6.115850925445556641e+00
-5.910090923309326172e+00
-5.708152294158935547e+00
-5.509898185729980469e+00
-5.314450740814208984e+00
-5.123163223266601562e+00
-4.935162067413330078e+00
-4.750321388244628906e+00
-4.570001125335693359e+00
-4.392595291137695312e+00
-4.219472885131835938e+00
-4.049033164978027344e+00
-3.882652521133422852e+00
-3.720967769622802734e+00
-3.561646938323974609e+00
-3.406821966171264648e+00
-3.256398200988769531e+00
-3.108056306838989258e+00
-2.965425491333007812e+00
-2.826195478439331055e+00
-2.690286874771118164e+00
-2.559855937957763672e+00
-2.432602405548095703e+00
-2.309945583343505859e+00
-2.191078424453735352e+00
-2.076683998107910156e+00
-1.966704487800598145e+00
-1.861085057258605957e+00
-1.759029984474182129e+00
-1.662717819213867188e+00
-1.570613861083984375e+00
-1.482670426368713379e+00
-1.401070713996887207e+00
-1.322796463966369629e+00
-1.250032186508178711e+00
-1.182732462882995605e+00
-1.119365453720092773e+00
-1.061371564865112305e+00
-1.008703351020812988e+00
-9.613125324249267578e-01
-9.184056520462036133e-01
-8.814167976379394531e-01
-8.488054275512695312e-01
-8.220008611679077148e-01
-8.009433150291442871e-01
-7.845250964164733887e-01
-7.738459706306457520e-01
-7.689572572708129883e-01
-7.683462500572204590e-01
-7.734693288803100586e-01
-7.837725281715393066e-01
-7.993671894073486328e-01
-8.199151754379272461e-01
-8.456692099571228027e-01
-8.765068054199218750e-01
-9.122279882431030273e-01
-9.530009031295776367e-01
-9.985446929931640625e-01
-1.048872947692871094e+00
-1.103848099708557129e+00
-1.163553237915039062e+00
-1.227548956871032715e+00
-1.295988917350769043e+00
-1.368802309036254883e+00
-1.445768952369689941e+00
-1.526816725730895996e+00
-1.611873149871826172e+00
-1.700791954994201660e+00
-1.793353080749511719e+00
-1.889709472656250000e+00
-1.989495396614074707e+00
-2.092644214630126953e+00
-2.199166297912597656e+00
-2.308777570724487305e+00
-2.421420097351074219e+00
-2.537040233612060547e+00
-2.655513763427734375e+00
-2.776571750640869141e+00
-2.900470733642578125e+00
-3.026580810546875000e+00
-3.155317306518554688e+00
-3.286283731460571289e+00
-3.419535636901855469e+00
-3.554836511611938477e+00
-3.692253589630126953e+00
-3.831562757492065430e+00
-3.972768545150756836e+00
-4.115808010101318359e+00
-4.260474681854248047e+00
-4.406865119934082031e+00
-4.554710865020751953e+00
-4.704268932342529297e+00
-4.855131149291992188e+00
-5.007416248321533203e+00
-5.161023616790771484e+00
-5.315942764282226562e+00
-5.472211360931396484e+00
-5.629734039306640625e+00
-5.788714885711669922e+00
-5.948987960815429688e+00
-6.110538482666015625e+00
-6.273575782775878906e+00
-6.438011646270751953e+00
-6.603981494903564453e+00
-6.771248340606689453e+00
-6.940093994140625000e+00
-7.110278129577636719e+00
-7.281854629516601562e+00
-7.454950332641601562e+00
-7.629463195800781250e+00
-7.805438518524169922e+00
-7.982615947723388672e+00
-8.161327362060546875e+00
-8.341228485107421875e+00
-8.522564888000488281e+00
-8.704980850219726562e+00
-8.888706207275390625e+00
-9.073446273803710938e+00
-9.259269714355468750e+00
-9.446014404296875000e+00
-9.633508682250976562e+00
-9.821801185607910156e+00
-1.001070594787597656e+01
-1.019995498657226562e+01
-1.038972091674804688e+01
-1.057957267761230469e+01
-1.076944446563720703e+01
-1.095926380157470703e+01
-1.114880275726318359e+01
-1.133797836303710938e+01
-1.152639961242675781e+01
-1.171419620513916016e+01
-1.190089511871337891e+01
-1.208646869659423828e+01
-1.227073574066162109e+01
-1.245328998565673828e+01
-1.263424301147460938e+01
-1.281303691864013672e+01
-1.298956298828125000e+01
-1.316378116607666016e+01
-1.333543586730957031e+01
-1.350426959991455078e+01
-1.367025375366210938e+01
-1.383291530609130859e+01
-1.399230861663818359e+01
0.000000000000000000e+00
0.000000000000000000e+00
0.000000000000000000e+00
0.000000000000000000e+00
0.000000000000000000e+00
0.000000000000000000e+00
0.000000000000000000e+00
0.000000000000000000e+00
0.000000000000000000e+00
0.000000000000000000e+00
0.000000000000000000e+00
0.000000000000000000e+00
0.000000000000000000e+00
0.000000000000000000e+00
0.000000000000000000e+00
0.000000000000000000e+00
0.000000000000000000e+00
0.000000000000000000e+00
0.000000000000000000e+00
0.000000000000000000e+00
0.000000000000000000e+00
0.000000000000000000e+00
0.000000000000000000e+00
0.000000000000000000e+00
0.000000000000000000e+00
0.000000000000000000e+00
0.000000000000000000e+00
0.000000000000000000e+00
0.000000000000000000e+00
0.000000000000000000e+00
0.000000000000000000e+00
0.000000000000000000e+00
0.000000000000000000e+00
0.000000000000000000e+00
0.000000000000000000e+00
0.000000000000000000e+00
0.000000000000000000e+00
0.000000000000000000e+00
0.000000000000000000e+00
0.000000000000000000e+00
0.000000000000000000e+00
0.000000000000000000e+00
0.000000000000000000e+00
0.000000000000000000e+00
0.000000000000000000e+00
0.000000000000000000e+00
0.000000000000000000e+00
0.000000000000000000e+00
0.000000000000000000e+00
0.000000000000000000e+00
0.000000000000000000e+00
0.000000000000000000e+00
0.000000000000000000e+00
0.000000000000000000e+00
0.000000000000000000e+00
0.000000000000000000e+00
0.000000000000000000e+00
0.000000000000000000e+00
0.000000000000000000e+00
0.000000000000000000e+00
0.000000000000000000e+00
0.000000000000000000e+00
0.000000000000000000e+00
0.000000000000000000e+00
0.000000000000000000e+00
0.000000000000000000e+00
0.000000000000000000e+00
0.000000000000000000e+00
0.000000000000000000e+00
0.000000000000000000e+00
0.000000000000000000e+00
0.000000000000000000e+00
0.000000000000000000e+00
0.000000000000000000e+00
0.000000000000000000e+00
0.000000000000000000e+00
0.000000000000000000e+00
0.000000000000000000e+00
0.000000000000000000e+00
0.000000000000000000e+00
0.000000000000000000e+00
0.000000000000000000e+00
0.000000000000000000e+00
0.000000000000000000e+00
0.000000000000000000e+00
0.000000000000000000e+00
0.000000000000000000e+00
0.000000000000000000e+00
0.000000000000000000e+00
0.000000000000000000e+00
0.000000000000000000e+00
0.000000000000000000e+00
0.000000000000000000e+00
0.000000000000000000e+00
0.000000000000000000e+00
0.000000000000000000e+00
0.000000000000000000e+00
0.000000000000000000e+00
0.000000000000000000e+00
0.000000000000000000e+00
