# tt
1.117226440429687500e+03
1.048903564453125000e+03
9.832894287109375000e+02
9.329539794921875000e+02
8.971601562500000000e+02
8.730777587890625000e+02
8.572509155273437500e+02
8.480052490234375000e+02
8.437764282226562500e+02
8.429057006835937500e+02
8.456542968750000000e+02
8.502357177734375000e+02
8.556948852539062500e+02
8.624562377929687500e+02
8.710529785156250000e+02
8.813696899414062500e+02
8.923961791992187500e+02
9.049461669921875000e+02
9.173497924804687500e+02
9.300003051757812500e+02
9.432090454101562500e+02
9.567544555664062500e+02
9.706589965820312500e+02
9.848917236328125000e+02
9.993021850585937500e+02
1.014133239746093750e+03
1.029244018554687500e+03
1.044722290039062500e+03
1.060494995117187500e+03
1.076359008789062500e+03
1.092490356445312500e+03
1.108927368164062500e+03
1.125553588867187500e+03
1.142363891601562500e+03
1.159298339843750000e+03
1.176333496093750000e+03
1.193740356445312500e+03
1.211516845703125000e+03
1.229424926757812500e+03
1.247600463867187500e+03
1.265814208984375000e+03
1.284209960937500000e+03
1.302634521484375000e+03
1.321454833984375000e+03
1.340592895507812500e+03
1.359899902343750000e+03
1.379302368164062500e+03
1.398875000000000000e+03
1.418841796875000000e+03
1.438980957031250000e+03
1.459517944335937500e+03
1.480084716796875000e+03
1.500610107421875000e+03
1.521320312500000000e+03
1.542441528320312500e+03
1.563903930664062500e+03
1.585712036132812500e+03
1.607722045898437500e+03
1.629938110351562500e+03
1.652661865234375000e+03
1.675301513671875000e+03
1.698082031250000000e+03
1.721302978515625000e+03
1.744594970703125000e+03
1.768253662109375000e+03
1.792114624023437500e+03
1.816454956054687500e+03
1.841032226562500000e+03
1.865974975585937500e+03
1.891123779296875000e+03
1.916502929687500000e+03
1.942071655273437500e+03
1.967862792968750000e+03
1.993983886718750000e+03
2.020385864257812500e+03
2.047136474609375000e+03
2.074294921875000000e+03
2.101698242187500000e+03
2.129479980468750000e+03
2.157551025390625000e+03
2.185970458984375000e+03
2.214648925781250000e+03
2.243645019531250000e+03
2.272795166015625000e+03
2.302162597656250000e+03
2.331975830078125000e+03
2.361800781250000000e+03
2.392018798828125000e+03
2.422491699218750000e+03
2.453154052734375000e+03
2.484155517578125000e+03
2.515495117187500000e+03
2.546948486328125000e+03
2.578737792968750000e+03
2.610564697265625000e+03
2.642874023437500000e+03
2.675441894531250000e+03
2.708118408203125000e+03
2.741125732421875000e+03
2.774314453125000000e+03
2.808054443359375000e+03
2.841750732421875000e+03
2.875699218750000000e+03
2.909824707031250000e+03
2.944200683593750000e+03
2.978528564453125000e+03
3.013253173828125000e+03
3.048151123046875000e+03
3.083146484375000000e+03
3.118312500000000000e+03
3.153647705078125000e+03
3.189224609375000000e+03
3.224892578125000000e+03
3.260798339843750000e+03
3.296717285156250000e+03
3.332945068359375000e+03
3.369331054687500000e+03
3.405724609375000000e+03
3.442272949218750000e+03
3.478825439453125000e+03
3.515454101562500000e+03
3.552157958984375000e+03
3.588934326171875000e+03
3.625708251953125000e+03
3.662551025390625000e+03
3.699386962890625000e+03
3.736214355468750000e+03
3.773105957031250000e+03
3.809985107421875000e+03
3.846850097656250000e+03
3.883775146484375000e+03
3.920610107421875000e+03
3.957429443359375000e+03
3.994231201171875000e+03
4.030866943359375000e+03
4.067485107421875000e+03
4.104009277343750000e+03
4.140291503906250000e+03
4.176627441406250000e+03
4.212719726562500000e+03
4.248789550781250000e+03
4.284763183593750000e+03
4.320491210937500000e+03
4.356046386718750000e+03
4.391651367187500000e+03
4.426859375000000000e+03
4.461893554687500000e+03
4.496826171875000000e+03
4.531435058593750000e+03
4.565866699218750000e+03
4.599970703125000000e+03
4.633894531250000000e+03
4.667560546875000000e+03
4.700966796875000000e+03
4.733962402343750000e+03
4.766843261718750000e+03
4.799383300781250000e+03
4.831581054687500000e+03
4.863507812500000000e+03
4.895162109375000000e+03
4.926467773437500000e+03
4.957569824218750000e+03
4.988170898437500000e+03
5.018563964843750000e+03
5.048599609375000000e+03
5.078349609375000000e+03
5.107589355468750000e+03
5.136464355468750000e+03
5.164972656250000000e+03
5.192964843750000000e+03
5.220511230468750000e+03
5.247536621093750000e+03
5.274187011718750000e+03
5.300386230468750000e+03
5.325983398437500000e+03
5.351126953125000000e+03
5.375742187500000000e+03
5.399829101562500000e+03
5.423535644531250000e+03
5.446638671875000000e+03
5.469212890625000000e+03
5.491182617187500000e+03
5.512697265625000000e+03
5.533682128906250000e+03
5.553764648437500000e+03
5.573613769531250000e+03
5.592857910156250000e+03
5.611422363281250000e+03
5.629753417968750000e+03
5.647106445312500000e+03
5.664001953125000000e+03
5.680217285156250000e+03
5.695974609375000000e+03
5.711050781250000000e+03
5.725445800781250000e+03
5.739307128906250000e+03
5.752561523437500000e+03
5.765208496093750000e+03
5.777247070312500000e+03
5.788603515625000000e+03
5.799352050781250000e+03
5.809420410156250000e+03
5.818735351562500000e+03
5.827445800781250000e+03
5.835404785156250000e+03
5.842761718750000000e+03
5.849294433593750000e+03
5.855152832031250000e+03
5.860337890625000000e+03
5.864850585937500000e+03
5.868543457031250000e+03
5.871640136718750000e+03
5.873993164062500000e+03
5.875678222656250000e+03
5.876621582031250000e+03
5.876972656250000000e+03
5.876584960937500000e+03
5.875532714843750000e+03
5.873816894531250000e+03
5.871439453125000000e+03
5.868400390625000000e+03
5.864552734375000000e+03
5.860194824218750000e+03
5.855104492187500000e+03
5.849356933593750000e+03
5.842878906250000000e+03
5.835819824218750000e+03
5.828107421875000000e+03
5.819666992187500000e+03
5.810500488281250000e+03
5.800757324218750000e+03
5.790364257812500000e+03
5.779173828125000000e+03
5.767409667968750000e+03
5.754924316406250000e+03
5.741792480468750000e+03
5.728016601562500000e+03
5.713670898437500000e+03
5.698533691406250000e+03
5.682902832031250000e+03
5.666631835937500000e+03
5.649721191406250000e+03
5.632171386718750000e+03
5.613983886718750000e+03
5.595233886718750000e+03
5.575922851562500000e+03
5.555977050781250000e+03
5.535545898437500000e+03
5.514482421875000000e+03
5.492936035156250000e+03
5.470685058593750000e+03
5.448103515625000000e+03
5.424895019531250000e+03
5.401135742187500000e+03
5.376901855468750000e+03
5.352194824218750000e+03
5.326941894531250000e+03
5.301219726562500000e+03
5.275103027343750000e+03
5.248445800781250000e+03
5.221249023437500000e+03
5.193886230468750000e+03
5.165913574218750000e+03
5.137406250000000000e+03
5.108588867187500000e+03
5.079240722656250000e+03
5.049511718750000000e+03
5.019254394531250000e+03
4.988768554687500000e+03
4.957832031250000000e+03
4.926669433593750000e+03
4.895060058593750000e+03
4.863153320312500000e+03
4.830876953125000000e+03
4.798381347656250000e+03
4.765444335937500000e+03
4.732291015625000000e+03
4.698848632812500000e+03
4.665118652343750000e+03
4.631251464843750000e+03
4.596951171875000000e+03
4.562516601562500000e+03
4.527874511718750000e+03
4.493027832031250000e+03
4.457902343750000000e+03
4.422574707031250000e+03
4.387120605468750000e+03
4.351466796875000000e+03
4.315689941406250000e+03
4.279791503906250000e+03
4.243475097656250000e+03
4.207336914062500000e+03
4.170933105468750000e+03
4.134636718750000000e+03
4.098077148437500000e+03
4.061479248046875000e+03
4.024696289062500000e+03
3.987952148437500000e+03
3.951099853515625000e+03
3.914215332031250000e+03
3.877373291015625000e+03
3.840500000000000000e+03
3.803595703125000000e+03
3.766735107421875000e+03
3.729844970703125000e+03
3.692999267578125000e+03
3.656198730468750000e+03
3.619518066406250000e+03
3.582809326171875000e+03
3.546221435546875000e+03
3.509754882812500000e+03
3.473335693359375000e+03
3.437038574218750000e+03
3.400864013671875000e+03
3.364812744140625000e+03
3.328884521484375000e+03
3.293080322265625000e+03
3.257474853515625000e+03
3.222068115234375000e+03
3.186786621093750000e+03
3.151705078125000000e+03
3.116823730468750000e+03
3.082143066406250000e+03
3.047738037109375000e+03
3.013459960937500000e+03
2.979458496093750000e+03
2.945733398437500000e+03
2.912211181640625000e+03
2.878966552734375000e+03
2.846073730468750000e+03
2.813385253906250000e+03
2.780975097656250000e+03
2.748918457031250000e+03
2.717067138671875000e+03
2.685569824218750000e+03
2.654427001953125000e+03
2.623564697265625000e+03
2.593132080078125000e+03
2.562980957031250000e+03
2.533111328125000000e+03
2.503672607421875000e+03
2.474590576171875000e+03
2.445940185546875000e+03
2.417572998046875000e+03
2.389637939453125000e+03
2.362061279296875000e+03
2.334917480468750000e+03
2.308132812500000000e+03
2.281781982421875000e+03
2.256013427734375000e+03
2.230454833984375000e+03
2.205402343750000000e+03
2.180706054687500000e+03
2.156513427734375000e+03
2.132748779296875000e+03
2.109411376953125000e+03
2.086573974609375000e+03
2.064086914062500000e+03
2.042097534179687500e+03
2.020530517578125000e+03
1.999458740234375000e+03
1.978807006835937500e+03
1.958648315429687500e+03
1.938907348632812500e+03
1.919656982421875000e+03
1.900896362304687500e+03
1.882475463867187500e+03
1.864690551757812500e+03
1.847317626953125000e+03
1.830355224609375000e+03
1.813876708984375000e+03
1.797880859375000000e+03
1.782366821289062500e+03
1.767258911132812500e+03
1.752704589843750000e+03
1.738628540039062500e+03
1.724955322265625000e+03
1.711758300781250000e+03
1.699110351562500000e+03
1.686861938476562500e+03
1.675011840820312500e+03
1.663707763671875000e+03
1.652948486328125000e+03
1.642509887695312500e+03
1.632614013671875000e+03
1.623111206054687500e+03
1.614074340820312500e+03
1.605502563476562500e+03
1.597394897460937500e+03
1.589750122070312500e+03
1.582492797851562500e+03
1.575770507812500000e+03
1.569433593750000000e+03
1.563481079101562500e+03
1.558060302734375000e+03
1.552947509765625000e+03
1.548364379882812500e+03
1.544161132812500000e+03
1.540337036132812500e+03
1.536965087890625000e+03
1.534044555664062500e+03
1.531500000000000000e+03
1.529330810546875000e+03
1.527610351562500000e+03
1.526189086914062500e+03
1.525214721679687500e+03
1.524612304687500000e+03
1.524454956054687500e+03
1.524593505859375000e+03
1.525175415039062500e+03
1.526051391601562500e+03
1.527294921875000000e+03
1.528830688476562500e+03
1.530806640625000000e+03
1.533072998046875000e+03
1.535629272460937500e+03
1.538548706054687500e+03
1.541830444335937500e+03
1.545399291992187500e+03
1.549328979492187500e+03
1.553544067382812500e+03
1.557969604492187500e+03
1.562679077148437500e+03
1.567745605468750000e+03
1.573094604492187500e+03
1.578650512695312500e+03
1.584487060546875000e+03
1.590529052734375000e+03
1.596924194335937500e+03
1.603523315429687500e+03
1.610250976562500000e+03
1.617329589843750000e+03
1.624535278320312500e+03
1.631941650390625000e+03
1.639622192382812500e+03
1.647501831054687500e+03
1.655505371093750000e+03
1.663780883789062500e+03
1.672178833007812500e+03
1.680772705078125000e+03
1.689413330078125000e+03
1.698322631835937500e+03
1.707351562500000000e+03
1.716499145507812500e+03
1.725690307617187500e+03
1.735073242187500000e+03
1.744498291015625000e+03
1.754113281250000000e+03
1.763843505859375000e+03
1.773613769531250000e+03
1.783424316406250000e+03
1.793423706054687500e+03
1.803389282226562500e+03
1.813395507812500000e+03
1.823591064453125000e+03
1.833679199218750000e+03
1.843882568359375000e+03
1.854127441406250000e+03
1.864413574218750000e+03
1.874667114257812500e+03
1.884962524414062500e+03
1.895225585937500000e+03
1.905456420898437500e+03
1.915655029296875000e+03
1.925896362304687500e+03
1.936180419921875000e+03
1.946358520507812500e+03
1.956505371093750000e+03
1.966695434570312500e+03
1.976631469726562500e+03
1.986685424804687500e+03
1.996634277343750000e+03
2.006552856445312500e+03
2.016440917968750000e+03
2.026150268554687500e+03
2.035755371093750000e+03
2.045330688476562500e+03
2.054802001953125000e+03
2.064169433593750000e+03
2.073433349609375000e+03
2.082667968750000000e+03
2.091650634765625000e+03
2.100455810546875000e+03
2.109306396484375000e+03
2.117979736328125000e+03
2.126476074218750000e+03
2.134795898437500000e+03
2.143012939453125000e+03
2.151127441406250000e+03
2.158917236328125000e+03
2.166679199218750000e+03
2.174264648437500000e+03
2.181674316406250000e+03
2.188833984375000000e+03
2.195817382812500000e+03
2.202625244140625000e+03
2.209257812500000000e+03
2.215789062500000000e+03
2.222071044921875000e+03
2.228029296875000000e+03
2.233962402343750000e+03
2.239574462890625000e+03
2.244941650390625000e+03
2.250288330078125000e+03
2.255243652343750000e+03
2.260106933593750000e+03
2.264656494140625000e+03
2.269042480468750000e+03
2.273117431640625000e+03
2.277105957031250000e+03
2.280786376953125000e+03
2.284309082031250000e+03
2.287600830078125000e+03
2.290663085937500000e+03
2.293497070312500000e+03
2.296030517578125000e+03
2.298412841796875000e+03
2.300645751953125000e+03
2.302581787109375000e+03
2.304222656250000000e+03
2.305643798828125000e+03
2.306921142578125000e+03
2.307981689453125000e+03
2.308678222656250000e+03
2.309234863281250000e+03
2.309727783203125000e+03
2.309860595703125000e+03
2.309783447265625000e+03
2.309423339843750000e+03
2.309079101562500000e+03
2.308305908203125000e+03
2.307328613281250000e+03
2.306147949218750000e+03
2.304765625000000000e+03
2.303182617187500000e+03
2.301475097656250000e+03
2.299420898437500000e+03
2.297244873046875000e+03
2.294873535156250000e+03
2.292234130859375000e+03
2.289476562500000000e+03
2.286453369140625000e+03
2.283314697265625000e+03
2.279913085937500000e+03
2.276398437500000000e+03
2.272623291015625000e+03
2.268738037109375000e+03
2.264669189453125000e+03
2.260417968750000000e+03
2.256060302734375000e+03
2.251447753906250000e+03
2.246729736328125000e+03
2.241832031250000000e+03
2.236755615234375000e+03
2.231500976562500000e+03
2.226142333984375000e+03
2.220606689453125000e+03
2.214894042968750000e+03
2.209153320312500000e+03
2.203088134765625000e+03
2.197070556640625000e+03
2.190877685546875000e+03
2.184584716796875000e+03
2.178117675781250000e+03
2.171551513671875000e+03
2.164886230468750000e+03
2.158122558593750000e+03
2.151187011718750000e+03
2.144228027343750000e+03
2.137097900390625000e+03
2.129871337890625000e+03
2.122622802734375000e+03
2.115278564453125000e+03
2.107839355468750000e+03
2.100379638671875000e+03
2.092751220703125000e+03
2.085103515625000000e+03
2.077436767578125000e+03
2.069750976562500000e+03
2.061824218750000000e+03
2.053954345703125000e+03
2.046066650390625000e+03
2.038162353515625000e+03
2.030241333007812500e+03
2.022230224609375000e+03
2.014277709960937500e+03
2.006235839843750000e+03
1.998179077148437500e+03
1.990107910156250000e+03
1.982097412109375000e+03
1.974073364257812500e+03
1.966036010742187500e+03
1.957911987304687500e+03
1.949849975585937500e+03
1.941924682617187500e+03
1.933987915039062500e+03
1.926263305664062500e+03
1.918453735351562500e+03
1.910634033203125000e+03
1.902878417968750000e+03
1.895186523437500000e+03
1.887482910156250000e+03
1.879989501953125000e+03
1.872482299804687500e+03
1.865109130859375000e+03
1.857571777343750000e+03
1.850314819335937500e+03
1.843188964843750000e+03
1.836044555664062500e+03
1.829029052734375000e+03
1.822141601562500000e+03
1.815232666015625000e+03
1.808524047851562500e+03
1.801865966796875000e+03
1.795332031250000000e+03
1.788995483398437500e+03
1.782706787109375000e+03
1.776464599609375000e+03
1.770491333007812500e+03
1.764488281250000000e+03
1.758677612304687500e+03
1.753058471679687500e+03
1.747480957031250000e+03
1.742018676757812500e+03
1.736744628906250000e+03
1.731657958984375000e+03
1.726683471679687500e+03
1.721894409179687500e+03
1.717141113281250000e+03
1.712571289062500000e+03
1.708258178710937500e+03
1.703977905273437500e+03
1.699952514648437500e+03
1.696106689453125000e+03
1.692290649414062500e+03
1.688726562500000000e+03
1.685339111328125000e+03
1.682127319335937500e+03
1.679090209960937500e+03
1.676226928710937500e+03
1.673462158203125000e+03
1.670943481445312500e+03
1.668669921875000000e+03
1.666492187500000000e+03
1.664483398437500000e+03
1.662791259765625000e+03
1.661117919921875000e+03
1.659759277343750000e+03
1.658566040039062500e+03
1.657537109375000000e+03
1.656671020507812500e+03
1.656114990234375000e+03
1.655644531250000000e+03
1.655332275390625000e+03
1.655325439453125000e+03
1.655473876953125000e+03
1.655701660156250000e+03
1.656304565429687500e+03
1.657058349609375000e+03
1.657961303710937500e+03
1.659086425781250000e+03
1.660357666015625000e+03
1.661847900390625000e+03
1.663481445312500000e+03
1.665331176757812500e+03
1.667395385742187500e+03
1.669524169921875000e+03
1.672013305664062500e+03
1.674563842773437500e+03
1.677397583007812500e+03
1.680289794921875000e+03
1.683462280273437500e+03
1.686764770507812500e+03
1.690270141601562500e+03
1.693902709960937500e+03
1.697735351562500000e+03
1.701766479492187500e+03
1.705920410156250000e+03
1.710344482421875000e+03
1.714888427734375000e+03
1.719551025390625000e+03
1.724479248046875000e+03
1.729448852539062500e+03
1.734532714843750000e+03
1.739803955078125000e+03
1.745335083007812500e+03
1.750902099609375000e+03
1.756652099609375000e+03
1.762509033203125000e+03
1.768546508789062500e+03
1.774688354492187500e+03
1.781007568359375000e+03
1.787354248046875000e+03
1.793949829101562500e+03
1.800644287109375000e+03
1.807436401367187500e+03
1.814324951171875000e+03
1.821308227539062500e+03
1.828459350585937500e+03
1.835702758789062500e+03
1.843037841796875000e+03
1.850463989257812500e+03
1.857980468750000000e+03
1.865513183593750000e+03
1.873209350585937500e+03
1.880920410156250000e+03
1.888868530273437500e+03
1.896756103515625000e+03
1.904805419921875000e+03
1.912867675781250000e+03
1.921016235351562500e+03
1.929325195312500000e+03
1.937496826171875000e+03
1.945827758789062500e+03
1.954243652343750000e+03
1.962669067382812500e+03
1.971103881835937500e+03
1.979622192382812500e+03
1.988074462890625000e+03
1.996757812500000000e+03
2.005300048828125000e+03
2.013923706054687500e+03
2.022554199218750000e+03
2.031190917968750000e+03
2.039907836914062500e+03
2.048555908203125000e+03
2.057209228515625000e+03
2.065866943359375000e+03
2.074454345703125000e+03
2.083194335937500000e+03
2.091788818359375000e+03
2.100460937500000000e+03
2.109061035156250000e+03
2.117663330078125000e+03
2.126118652343750000e+03
2.134649902343750000e+03
2.143033203125000000e+03
2.151416992187500000e+03
2.159726562500000000e+03
2.168036132812500000e+03
2.176270507812500000e+03
2.184429443359375000e+03
2.192587158203125000e+03
2.200594238281250000e+03
2.208450439453125000e+03
2.216229736328125000e+03
2.224005859375000000e+03
2.231704101562500000e+03
2.239250000000000000e+03
2.246717529296875000e+03
2.254107666015625000e+03
2.261347167968750000e+03
2.268437500000000000e+03
2.275528320312500000e+03
2.282323486328125000e+03
2.289195800781250000e+03
2.295774902343750000e+03
2.302359130859375000e+03
2.308727050781250000e+03
2.314953857421875000e+03
2.321188964843750000e+03
2.327137207031250000e+03
2.333021972656250000e+03
2.338696044921875000e+03
2.344309326171875000e+03
2.349714355468750000e+03
2.354986328125000000e+03
2.360126464843750000e+03
2.365061767578125000e+03
2.369867675781250000e+03
2.374471435546875000e+03
2.378947509765625000e+03
2.383223632812500000e+03
2.387449218750000000e+03
2.391328125000000000e+03
2.395084716796875000e+03
2.398868408203125000e+03
2.402234619140625000e+03
2.405481933593750000e+03
2.408611328125000000e+03
2.411474853515625000e+03
2.414223144531250000e+03
2.416782470703125000e+03
2.419079589843750000e+03
2.421264648437500000e+03
2.423189941406250000e+03
2.424930664062500000e+03
2.426488037109375000e+03
2.427937988281250000e+03
2.429132568359375000e+03
2.430146972656250000e+03
2.430908447265625000e+03
2.431417724609375000e+03
2.431750732421875000e+03
2.432056884765625000e+03
2.431965332031250000e+03
2.431700683593750000e+03
2.431263916015625000e+03
2.430656005859375000e+03
2.429803710937500000e+03
2.428634277343750000e+03
2.427446289062500000e+03
2.425944580078125000e+03
2.424353271484375000e+03
2.422450683593750000e+03
2.420312988281250000e+03
2.417941894531250000e+03
2.415487060546875000e+03
2.412727539062500000e+03
2.409738525390625000e+03
2.406596435546875000e+03
2.403228027343750000e+03
2.399783447265625000e+03
2.396041748046875000e+03
2.392003906250000000e+03
2.387820068359375000e+03
2.383565917968750000e+03
2.379020507812500000e+03
2.374333496093750000e+03
2.369357666015625000e+03
2.364243164062500000e+03
2.358917236328125000e+03
2.353306884765625000e+03
2.347636718750000000e+03
2.341684814453125000e+03
2.335527099609375000e+03
2.329313720703125000e+03
2.322822753906250000e+03
2.316204833984375000e+03
2.309386474609375000e+03
2.302369628906250000e+03
2.295229492187500000e+03
2.287818847656250000e+03
2.280362304687500000e+03
2.272563720703125000e+03
2.264721923828125000e+03
2.256689453125000000e+03
2.248393554687500000e+03
2.240058349609375000e+03
2.231536376953125000e+03
2.222829345703125000e+03
2.214012695312500000e+03
2.204938964843750000e+03
2.195833007812500000e+03
2.186621093750000000e+03
2.177304931640625000e+03
2.167811279296875000e+03
2.158067382812500000e+03
2.148371582031250000e+03
2.138427978515625000e+03
2.128385986328125000e+03
2.118245849609375000e+03
2.107934082031250000e+03
2.097451660156250000e+03
2.087021728515625000e+03
2.076348144531250000e+03
2.065579589843750000e+03
2.054717041015625000e+03
2.043835205078125000e+03
2.032786132812500000e+03
2.021645141601562500e+03
2.010412109375000000e+03
1.999088012695312500e+03
1.987525024414062500e+03
1.976243774414062500e+03
1.964650024414062500e+03
1.953041992187500000e+03
1.941345947265625000e+03
1.929562011718750000e+03
1.917765625000000000e+03
1.905882690429687500e+03
1.893913940429687500e+03
1.881934082031250000e+03
1.869869628906250000e+03
1.857721069335937500e+03
1.845711425781250000e+03
1.833470458984375000e+03
1.821295288085937500e+03
1.809112426757812500e+03
1.796848388671875000e+03
1.784577514648437500e+03
1.772374877929687500e+03
1.760018066406250000e+03
1.747656250000000000e+03
1.735364257812500000e+03
1.722994140625000000e+03
1.710769042968750000e+03
1.698318237304687500e+03
1.686013549804687500e+03
1.673781616210937500e+03
1.661548095703125000e+03
1.649239624023437500e+03
1.637079589843750000e+03
1.624845336914062500e+03
1.612686279296875000e+03
1.600528564453125000e+03
1.588521362304687500e+03
1.576516479492187500e+03
1.564514526367187500e+03
1.552664184570312500e+03
1.540816406250000000e+03
1.528895507812500000e+03
1.517272094726562500e+03
1.505573608398437500e+03
1.493947265625000000e+03
1.482466674804687500e+03
1.471130615234375000e+03
1.459789428710937500e+03
1.448442016601562500e+03
1.437235961914062500e+03
1.426095825195312500e+03
1.414797851562500000e+03
1.403935302734375000e+03
1.392986938476562500e+03
1.382248901367187500e+03
1.371497314453125000e+03
1.360954101562500000e+03
1.350469604492187500e+03
1.340042602539062500e+03
1.329820800781250000e+03
1.319580444335937500e+03
1.309468627929687500e+03
1.299484985351562500e+03
1.289702148437500000e+03
1.279896606445312500e+03
1.270290161132812500e+03
1.260807495117187500e+03
1.251373168945312500e+03
1.242135009765625000e+03
1.232943359375000000e+03
1.223945678710937500e+03
1.215066772460937500e+03
1.206305664062500000e+03
1.197661376953125000e+03
1.189207153320312500e+03
1.180793579101562500e+03
1.172568115234375000e+03
1.164529907226562500e+03
1.156529296875000000e+03
1.148713989257812500e+03
1.141008666992187500e+03
1.133561157226562500e+03
1.126221679687500000e+03
1.118989379882812500e+03
1.111937622070312500e+03
1.104991333007812500e+03
1.098074829101562500e+03
1.091484985351562500e+03
1.084997558593750000e+03
1.078685913085937500e+03
1.072548706054687500e+03
1.066510131835937500e+03
1.060642944335937500e+03
1.054871337890625000e+03
1.049268310546875000e+03
1.043906494140625000e+03
1.038561645507812500e+03
1.033529296875000000e+03
1.028585327148437500e+03
1.023728088378906250e+03
1.019104797363281250e+03
1.014639770507812500e+03
1.010331542968750000e+03
1.006104248046875000e+03
1.002105224609375000e+03
9.981843261718750000e+02
9.944143676757812500e+02
9.908684692382812500e+02
9.874708251953125000e+02
9.841455688476562500e+02
9.809657592773437500e+02
9.779299316406250000e+02
9.751110229492187500e+02
9.724333496093750000e+02
9.698955688476562500e+02
9.674962158203125000e+02
9.651597900390625000e+02
9.631076660156250000e+02
9.611155395507812500e+02
9.592565307617187500e+02
9.575292968750000000e+02
9.560065917968750000e+02
9.545386962890625000e+02
9.532728271484375000e+02
9.520590209960937500e+02
9.509701538085937500e+02
9.500794677734375000e+02
9.493111572265625000e+02
9.486640625000000000e+02
9.481367797851562500e+02
9.477279663085937500e+02
9.473621826171875000e+02
9.471866455078125000e+02
9.472001342773437500e+02
9.472527465820312500e+02
9.474175415039062500e+02
9.476932373046875000e+02
9.480786132812500000e+02
9.485722656250000000e+02
9.491732177734375000e+02
9.498065795898437500e+02
9.506204833984375000e+02
9.515402832031250000e+02
9.526398315429687500e+02
9.537700805664062500e+02
9.549306640625000000e+02
9.559724731445312500e+02
9.573409423828125000e+02
9.588129272460937500e+02
9.603135375976562500e+02
9.619167480468750000e+02
9.636221313476562500e+02
9.654293212890625000e+02
9.671893920898437500e+02
9.691246948242187500e+02
9.711607666015625000e+02
9.732227783203125000e+02
9.753102416992187500e+02
9.775716552734375000e+02
9.798578491210937500e+02
9.821685180664062500e+02
9.845775756835937500e+02
9.870103759765625000e+02
9.894664306640625000e+02
9.922428588867187500e+02
9.948188476562500000e+02
9.974171142578125000e+02
1.000111572265625000e+03
1.002827575683593750e+03
1.005416198730468750e+03
1.008248474121093750e+03
1.011026916503906250e+03
1.013974121093750000e+03
1.016866699218750000e+03
1.019778747558593750e+03
1.022709899902343750e+03
1.025734008789062500e+03
1.028776489257812500e+03
1.031688232421875000e+03
1.034766357421875000e+03
1.037787475585937500e+03
1.040825683593750000e+03
1.043954711914062500e+03
1.046951416015625000e+03
1.050038452148437500e+03
1.053140991210937500e+03
1.056110229492187500e+03
1.059168701171875000e+03
1.062167480468750000e+03
1.065180541992187500e+03
1.068208862304687500e+03
1.071104370117187500e+03
1.074016479492187500e+03
1.076871948242187500e+03
1.079745605468750000e+03
1.082638549804687500e+03
1.085625610351562500e+03
1.088484985351562500e+03
1.091291625976562500e+03
1.094046264648437500e+03
1.096824096679687500e+03
1.099403076171875000e+03
1.102081176757812500e+03
1.104710693359375000e+03
1.107217895507812500e+03
1.109826782226562500e+03
1.112314941406250000e+03
1.114757812500000000e+03
1.117230346679687500e+03
1.119510253906250000e+03
1.121821533203125000e+03
1.124164794921875000e+03
1.126317871093750000e+03
1.128504760742187500e+03
1.130577148437500000e+03
1.132684936523437500e+03
1.134605590820312500e+03
1.136488769531250000e+03
1.138409301757812500e+03
1.140145141601562500e+03
1.141845703125000000e+03
1.143511718750000000e+03
1.145143920898437500e+03
1.146668701171875000e+03
1.148161254882812500e+03
1.149547973632812500e+03
1.150829345703125000e+03
1.152080810546875000e+03
1.153228393554687500e+03
1.154347412109375000e+03
1.155438354492187500e+03
1.156353515625000000e+03
1.157093505859375000e+03
1.157956176757812500e+03
1.158645263671875000e+03
1.159235351562500000e+03
1.159801635742187500e+03
1.160270751953125000e+03
1.160642944335937500e+03
1.160919067382812500e+03
1.161249023437500000e+03
1.161336669921875000e+03
1.161406372070312500e+03
1.161310424804687500e+03
1.161198730468750000e+03
1.160998291015625000e+03
1.160710083007812500e+03
1.160261352539062500e+03
1.159801513671875000e+03
1.159183227539062500e+03
1.158630737304687500e+03
1.157847900390625000e+03
1.156984497070312500e+03
1.156115844726562500e+03
1.155168945312500000e+03
1.154070678710937500e+03
1.152896362304687500e+03
1.151721679687500000e+03
1.150398803710937500e+03
1.149003295898437500e+03
1.147536499023437500e+03
1.145924926757812500e+03
1.144318481445312500e+03
1.142569580078125000e+03
1.140753662109375000e+03
1.138871826171875000e+03
1.136925170898437500e+03
1.134914794921875000e+03
1.132693115234375000e+03
1.130558471679687500e+03
1.128289184570312500e+03
1.125886108398437500e+03
1.123498901367187500e+03
1.120980224609375000e+03
1.118405395507812500e+03
1.115775268554687500e+03
1.113091064453125000e+03
1.110353881835937500e+03
1.107490234375000000e+03
1.104575561523437500e+03
1.101611083984375000e+03
1.098597656250000000e+03
1.095387573242187500e+03
1.092279296875000000e+03
1.089050903320312500e+03
1.085777709960937500e+03
1.082386230468750000e+03
1.079026245117187500e+03
1.075550170898437500e+03
1.072107299804687500e+03
1.068475463867187500e+03
1.064952026367187500e+03
1.061314575195312500e+03
1.057637695312500000e+03
1.053847412109375000e+03
1.050018554687500000e+03
1.046225463867187500e+03
1.042394531250000000e+03
1.038377197265625000e+03
1.034471191406250000e+03
1.030453857421875000e+03
1.026399780273437500e+03
1.022383728027343750e+03
1.018257385253906250e+03
1.014020935058593750e+03
1.009897705078125000e+03
1.005665161132812500e+03
1.001472106933593750e+03
9.972445068359375000e+02
9.929086303710937500e+02
9.886130371093750000e+02
9.842841186523437500e+02
9.799218139648437500e+02
9.755266113281250000e+02
9.710245361328125000e+02
9.666386108398437500e+02
9.621463623046875000e+02
9.577711181640625000e+02
9.532900390625000000e+02
9.488521728515625000e+02
9.443090820312500000e+02
9.398097534179687500e+02
9.352802124023437500e+02
9.307949829101562500e+02
9.262800903320312500e+02
9.218100585937500000e+02
9.173109130859375000e+02
9.127830200195312500e+02
9.083009033203125000e+02
9.037905273437500000e+02
8.993265380859375000e+02
8.948349609375000000e+02
8.903903808593750000e+02
8.859929199218750000e+02
8.814945068359375000e+02
8.771182250976562500e+02
8.727158203125000000e+02
8.683617553710937500e+02
8.639821777343750000e+02
8.597257690429687500e+02
8.553690185546875000e+02
8.511342773437500000e+02
8.468720092773437500e+02
8.426559448242187500e+02
8.384853515625000000e+02
8.344338378906250000e+02
8.303519897460937500e+02
8.262391967773437500e+02
8.222433471679687500e+02
8.182150878906250000e+02
8.143023071289062500e+02
8.103557739257812500e+02
8.065233154296875000e+02
8.027299804687500000e+02
7.989750976562500000e+02
7.951091918945312500e+02
7.914290161132812500e+02
7.877107543945312500e+02
7.841024780273437500e+02
7.805291137695312500e+02
7.769900512695312500e+02
7.734844970703125000e+02
7.700118408203125000e+02
7.666457519531250000e+02
7.633110961914062500e+02
7.600816650390625000e+02
7.568080444335937500e+02
7.536383056640625000e+02
7.503488159179687500e+02
7.472360839843750000e+02
7.441508178710937500e+02
7.412410888671875000e+02
7.382832641601562500e+02
7.356482543945312500e+02
7.328895874023437500e+02
7.301551513671875000e+02
7.275186767578125000e+02
7.249052124023437500e+02
7.223141479492187500e+02
7.198934326171875000e+02
7.174196166992187500e+02
7.150405883789062500e+02
7.127557983398437500e+02
7.105646362304687500e+02
7.083921508789062500e+02
7.062378540039062500e+02
7.041753540039062500e+02
7.022041015625000000e+02
7.003235473632812500e+02
6.984586791992187500e+02
6.967572631835937500e+02
6.949952392578125000e+02
6.933203125000000000e+02
6.917314453125000000e+02
6.903020019531250000e+02
6.888822631835937500e+02
6.874713745117187500e+02
6.861426391601562500e+02
6.848948974609375000e+02
6.837274780273437500e+02
6.826392822265625000e+02
6.816292724609375000e+02
6.806223144531250000e+02
6.797660522460937500e+02
6.789108276367187500e+02
6.781301269531250000e+02
6.774304199218750000e+02
6.768107299804687500e+02
6.762330932617187500e+02
6.757335815429687500e+02
6.752816772460937500e+02
6.748764038085937500e+02
6.745466308593750000e+02
6.742766113281250000e+02
6.740579833984375000e+02
6.739046630859375000e+02
6.738084106445312500e+02
6.737756958007812500e+02
6.738057861328125000e+02
6.738901977539062500e+02
6.740355834960937500e+02
6.742335815429687500e+02
6.744908447265625000e+02
6.747915649414062500e+02
6.751497802734375000e+02
6.755645751953125000e+02
6.760352172851562500e+02
6.765533447265625000e+02
6.771181030273437500e+02
6.777360839843750000e+02
6.783989868164062500e+02
6.791060791015625000e+02
6.798712158203125000e+02
6.806714477539062500e+02
6.815133056640625000e+02
6.824033203125000000e+02
6.833333129882812500e+02
6.842950439453125000e+02
6.853099365234375000e+02
6.863624267578125000e+02
6.874446411132812500e+02
6.885637207031250000e+02
6.897193603515625000e+02
6.909111938476562500e+02
6.921240844726562500e+02
6.933875122070312500e+02
6.946787109375000000e+02
6.959901123046875000e+02
6.973436279296875000e+02
6.987166748046875000e+02
7.001461181640625000e+02
7.015796508789062500e+02
7.030466918945312500e+02
7.045321655273437500e+02
7.060505371093750000e+02
7.075942382812500000e+02
7.091479492187500000e+02
7.107265014648437500e+02
7.123219604492187500e+02
7.139341430664062500e+02
7.155703125000000000e+02
7.172226562500000000e+02
7.188909912109375000e+02
7.205675048828125000e+02
7.222669677734375000e+02
7.239592895507812500e+02
7.256814575195312500e+02
7.274034423828125000e+02
7.291324462890625000e+02
7.308756713867187500e+02
7.326104736328125000e+02
7.343591308593750000e+02
7.361063232421875000e+02
7.378518676757812500e+02
7.396030883789062500e+02
7.413521728515625000e+02
7.430914916992187500e+02
7.448356933593750000e+02
7.465695800781250000e+02
7.482930297851562500e+02
7.500058593750000000e+02
7.517151489257812500e+02
7.534131469726562500e+02
7.550849609375000000e+02
7.567525634765625000e+02
7.584082031250000000e+02
7.600368041992187500e+02
7.616605224609375000e+02
7.632492675781250000e+02
7.648252563476562500e+02
7.663666992187500000e+02
7.678964843750000000e+02
7.693928222656250000e+02
7.708787231445312500e+02
7.723397827148437500e+02
7.737692260742187500e+02
7.751602172851562500e+02
7.765281372070312500e+02
7.778513183593750000e+02
7.791675415039062500e+02
7.804326782226562500e+02
7.816770629882812500e+02
7.828640747070312500e+02
7.841058349609375000e+02
7.852393798828125000e+02
7.863395385742187500e+02
7.874812011718750000e+02
7.885162353515625000e+02
7.895195922851562500e+02
7.904917602539062500e+02
7.914332885742187500e+02
7.923446655273437500e+02
7.932265625000000000e+02
7.940793457031250000e+02
7.949036254882812500e+02
7.956999511718750000e+02
7.964688110351562500e+02
7.971363525390625000e+02
7.977775268554687500e+02
7.983927001953125000e+02
7.988339843750000000e+02
7.993988647460937500e+02
7.997907714843750000e+02
8.001588134765625000e+02
8.005034790039062500e+02
8.007509155273437500e+02
8.011246337890625000e+02
8.013277587890625000e+02
8.014352416992187500e+02
8.015961303710937500e+02
8.016622314453125000e+02
8.017084350585937500e+02
8.016608276367187500e+02
8.015942993164062500e+02
8.015092163085937500e+02
8.013319091796875000e+02
8.010626220703125000e+02
8.007763671875000000e+02
8.004734497070312500e+02
8.000800781250000000e+02
7.996715087890625000e+02
7.991742553710937500e+02
7.985890502929687500e+02
7.980654296875000000e+02
7.973812866210937500e+02
7.966119384765625000e+02
7.959809570312500000e+02
7.951177368164062500e+02
7.943203125000000000e+02
7.934408569335937500e+02
7.924802856445312500e+02
7.913650512695312500e+02
7.903189086914062500e+02
7.891940917968750000e+02
7.880656127929687500e+02
7.867858276367187500e+02
7.855039672851562500e+02
7.841466064453125000e+02
7.827887573242187500e+02
7.813570556640625000e+02
7.799263916015625000e+02
7.783490600585937500e+02
7.768486938476562500e+02
7.752031250000000000e+02
7.734874267578125000e+02
7.718509521484375000e+02
7.700714721679687500e+02
7.682241210937500000e+02
7.663838500976562500e+02
7.644771728515625000e+02
7.625046386718750000e+02
7.606157836914062500e+02
7.585883178710937500e+02
7.564971313476562500e+02
7.544173583984375000e+02
7.522009887695312500e+02
7.499974365234375000e+02
7.477330322265625000e+02
7.454826660156250000e+02
7.431729125976562500e+02
7.408041992187500000e+02
7.383773193359375000e+02
7.359672241210937500e+02
7.334260253906250000e+02
7.309772338867187500e+02
7.283242187500000000e+02
7.257649536132812500e+02
7.231514282226562500e+02
7.204843139648437500e+02
7.178384399414062500e+02
7.150656127929687500e+02
7.123146972656250000e+02
7.095859985351562500e+02
7.068054199218750000e+02
7.039733276367187500e+02
7.010156250000000000e+02
6.981555175781250000e+02
6.952447509765625000e+02
6.922834472656250000e+02
6.893462524414062500e+02
6.863592529296875000e+02
6.832481689453125000e+02
6.802364501953125000e+02
6.771013183593750000e+02
6.740659790039062500e+02
6.709078369140625000e+02
6.677756958007812500e+02
6.646699218750000000e+02
6.613677978515625000e+02
6.582411499023437500e+02
6.550673217773437500e+02
6.518466186523437500e+02
6.485050048828125000e+02
6.452656860351562500e+02
6.419802246093750000e+02
6.387233276367187500e+02
6.354208984375000000e+02
6.321475830078125000e+02
6.288291625976562500e+02
6.254735717773437500e+02
6.221552124023437500e+02
6.188076171875000000e+02
6.154829101562500000e+02
6.121295166015625000e+02
6.087698364257812500e+02
6.054041748046875000e+02
6.020551757812500000e+02
5.986784057617187500e+02
5.953113403320312500e+02
5.919467773437500000e+02
5.885924682617187500e+02
5.852336425781250000e+02
5.818781738281250000e+02
5.785336303710937500e+02
5.751928710937500000e+02
5.718561401367187500e+02
5.685385131835937500e+02
5.652254028320312500e+02
5.619244995117187500e+02
5.586358032226562500e+02
5.553591918945312500e+02
5.521015014648437500e+02
5.488549194335937500e+02
5.456189575195312500e+02
5.424006958007812500e+02
5.391996459960937500e+02
5.360153198242187500e+02
5.328398437500000000e+02
5.296951293945312500e+02
5.265510864257812500e+02
5.234293212890625000e+02
5.203222045898437500e+02
5.172440185546875000e+02
5.142019042968750000e+02
5.111580810546875000e+02
5.081419372558593750e+02
5.051456298828125000e+02
5.021687011718750000e+02
4.992255859375000000e+02
4.962936401367187500e+02
4.933797912597656250e+02
4.904984436035156250e+02
4.876345214843750000e+02
4.847948608398437500e+02
4.819866027832031250e+02
4.792018432617187500e+02
4.764402465820312500e+02
4.737088317871093750e+02
4.710072631835937500e+02
4.683276977539062500e+02
4.656846008300781250e+02
4.630628051757812500e+02
4.604767761230468750e+02
4.579187622070312500e+02
4.553883666992187500e+02
4.529001770019531250e+02
4.504464111328125000e+02
4.479895019531250000e+02
4.455886535644531250e+02
4.432212829589843750e+02
4.408869323730468750e+02
4.385780334472656250e+02
4.363090209960937500e+02
4.340796508789062500e+02
4.318747558593750000e+02
4.297088928222656250e+02
4.275892333984375000e+02
4.255005798339843750e+02
4.234575500488281250e+02
4.214375305175781250e+02
4.194696350097656250e+02
4.175309753417968750e+02
4.156357116699218750e+02
4.137684631347656250e+02
4.119508666992187500e+02
4.101673889160156250e+02
4.084248962402343750e+02
4.067301635742187500e+02
4.050677490234375000e+02
4.034221496582031250e+02
4.018150634765625000e+02
4.002533264160156250e+02
3.987362670898437500e+02
3.972633361816406250e+02
3.958190002441406250e+02
3.944026794433593750e+02
3.930286254882812500e+02
3.917036437988281250e+02
3.904122924804687500e+02
3.891613769531250000e+02
3.879354248046875000e+02
3.867486877441406250e+02
3.856154174804687500e+02
3.845052795410156250e+02
3.834325561523437500e+02
3.823965759277343750e+02
3.813968505859375000e+02
3.804400634765625000e+02
3.795034790039062500e+02
3.786012268066406250e+02
3.777476806640625000e+02
3.769124450683593750e+02
3.761246948242187500e+02
3.753540954589843750e+02
3.746298217773437500e+02
3.739363708496093750e+02
3.732806701660156250e+02
3.726472778320312500e+02
3.720430297851562500e+02
3.714822082519531250e+02
3.709420166015625000e+02
3.704367065429687500e+02
3.699509277343750000e+02
3.695064086914062500e+02
3.690951843261718750e+02
3.687018737792968750e+02
3.683407897949218750e+02
3.680040283203125000e+02
3.676984863281250000e+02
3.674162902832031250e+02
3.671496582031250000e+02
3.669281005859375000e+02
3.667215881347656250e+02
3.665447692871093750e+02
3.663899536132812500e+02
3.662568969726562500e+02
3.661453857421875000e+02
3.660700073242187500e+02
3.660157470703125000e+02
3.659749450683593750e+02
3.659696044921875000e+02
3.659698791503906250e+02
3.660052185058593750e+02
3.660606384277343750e+02
3.661284484863281250e+02
3.662233276367187500e+02
3.663376464843750000e+02
3.664563598632812500e+02
3.666164245605468750e+02
3.667879638671875000e+02
3.669781799316406250e+02
3.671794433593750000e+02
3.674064636230468750e+02
3.676516113281250000e+02
3.679072265625000000e+02
3.681731567382812500e+02
3.684566040039062500e+02
3.687574157714843750e+02
3.690753784179687500e+02
3.693879699707031250e+02
3.697321472167968750e+02
3.700854187011718750e+02
3.704623718261718750e+02
3.708331909179687500e+02
3.712198181152343750e+02
3.716146850585937500e+02
3.720100708007812500e+02
3.724280700683593750e+02
3.728461303710937500e+02
3.732640075683593750e+02
3.736962890625000000e+02
3.741279296875000000e+02
3.745586242675781250e+02
3.749955444335937500e+02
3.754309692382812500e+02
3.758795471191406250e+02
3.763261108398437500e+02
3.767704162597656250e+02
3.772121276855468750e+02
3.776511230468750000e+02
3.780949401855468750e+02
3.785289306640625000e+02
3.789607543945312500e+02
3.793981628417968750e+02
3.798264160156250000e+02
3.802383728027343750e+02
3.806639404296875000e+02
3.810810852050781250e+02
3.814826354980468750e+02
3.818911132812500000e+02
3.822843933105468750e+02
3.826776428222656250e+02
3.830562438964843750e+02
3.834352416992187500e+02
3.838075256347656250e+02
3.841658630371093750e+02
3.845253906250000000e+02
3.848714904785156250e+02
3.852044677734375000e+02
3.855393981933593750e+02
3.858617248535156250e+02
3.861642456054687500e+02
3.864695739746093750e+02
3.867482604980468750e+02
3.870303039550781250e+02
3.873011169433593750e+02
3.875461730957031250e+02
3.877879638671875000e+02
3.880194396972656250e+02
3.882408447265625000e+02
3.884376525878906250e+02
3.886324157714843750e+02
3.888106384277343750e+02
3.889799499511718750e+02
3.891333007812500000e+02
3.892635498046875000e+02
3.893932189941406250e+02
3.894929199218750000e+02
3.895778198242187500e+02
3.896556396484375000e+02
3.897191467285156250e+02
3.897612915039062500e+02
3.897822875976562500e+02
3.897973022460937500e+02
3.897917175292968750e+02
3.897583007812500000e+02
3.897196655273437500e+02
3.896611633300781250e+02
3.895830383300781250e+02
3.894780883789062500e+02
3.893690795898437500e+02
3.892342834472656250e+02
3.890815124511718750e+02
3.889113464355468750e+02
3.887168273925781250e+02
3.885132446289062500e+02
3.882861938476562500e+02
3.880435791015625000e+02
3.877783813476562500e+02
3.874909973144531250e+02
3.871968078613281250e+02
3.868738403320312500e+02
3.865299682617187500e+02
3.861655578613281250e+02
3.857958984375000000e+02
3.853990478515625000e+02
3.849753723144531250e+02
3.845401000976562500e+02
3.840936279296875000e+02
3.836214294433593750e+02
3.831386718750000000e+02
3.826309204101562500e+02
3.820984497070312500e+02
3.815491027832031250e+02
3.809831848144531250e+02
3.804010314941406250e+02
3.797955932617187500e+02
3.791820068359375000e+02
3.785309448242187500e+02
3.778724365234375000e+02
3.771920166015625000e+02
3.764974365234375000e+02
3.757816467285156250e+02
3.750449523925781250e+02
3.742951965332031250e+02
3.735252990722656250e+02
3.727355957031250000e+02
3.719414062500000000e+02
3.711133117675781250e+02
3.702889404296875000e+02
3.694314575195312500e+02
3.685635681152343750e+02
3.676782836914062500e+02
3.667759704589843750e+02
3.658571166992187500e+02
3.649294738769531250e+02
3.639786987304687500e+02
3.630125732421875000e+02
3.620316162109375000e+02
3.610361938476562500e+02
3.600340576171875000e+02
3.590180969238281250e+02
3.579886169433593750e+02
3.569458923339843750e+02
3.558977050781250000e+02
3.548294677734375000e+02
3.537414855957031250e+02
3.526563720703125000e+02
3.515521240234375000e+02
3.504364318847656250e+02
3.493096923828125000e+02
3.481794738769531250e+02
3.470462036132812500e+02
3.458877258300781250e+02
3.447267150878906250e+02
3.435559082031250000e+02
3.423756103515625000e+02
3.411934814453125000e+02
3.399949035644531250e+02
3.387949523925781250e+02
3.375938110351562500e+02
3.363694152832031250e+02
3.351517028808593750e+02
3.339259643554687500e+02
3.326997985839843750e+02
3.314510803222656250e+02
3.302096862792968750e+02
3.289609069824218750e+02
3.277122802734375000e+02
3.264639282226562500e+02
3.251936950683593750e+02
3.239313659667968750e+02
3.226770629882812500e+02
3.214085693359375000e+02
3.201408691406250000e+02
3.188739929199218750e+02
3.176080322265625000e+02
3.163356018066406250e+02
3.150567932128906250e+02
3.137865295410156250e+02
3.125174255371093750e+02
3.112346801757812500e+02
3.099680480957031250e+02
3.087028198242187500e+02
3.074092712402343750e+02
3.061543884277343750e+02
3.048861694335937500e+02
3.036196594238281250e+02
3.023623046875000000e+02
3.011141357421875000e+02
2.998749694824218750e+02
2.986296997070312500e+02
2.973779907226562500e+02
2.961344909667968750e+02
2.949064331054687500e+02
2.936712646484375000e+02
2.924436645507812500e+02
2.912233581542968750e+02
2.900102233886718750e+02
2.887892456054687500e+02
2.875824584960937500e+02
2.863823852539062500e+02
2.851813659667968750e+02
2.839942016601562500e+02
2.828133544921875000e+02
2.816312255859375000e+02
2.804552001953125000e+02
2.792703247070312500e+02
2.781136779785156250e+02
2.769703369140625000e+02
2.758253784179687500e+02
2.747159423828125000e+02
2.735899353027343750e+02
2.724770202636718750e+02
2.713697204589843750e+02
2.702829284667968750e+02
2.691942749023437500e+02
2.681186218261718750e+02
2.670558776855468750e+02
2.660060424804687500e+02
2.649616394042968750e+02
2.639375000000000000e+02
2.629261474609375000e+02
2.619200439453125000e+02
2.609266357421875000e+02
2.599532470703125000e+02
2.589923400878906250e+02
2.580364379882812500e+02
2.571076965332031250e+02
2.561911926269531250e+02
2.552867736816406250e+02
2.543943176269531250e+02
2.535210876464843750e+02
2.526818389892578125e+02
2.518317871093750000e+02
2.510078735351562500e+02
2.501951293945312500e+02
2.494007110595703125e+02
2.486244506835937500e+02
2.478437805175781250e+02
2.471103057861328125e+02
2.463715362548828125e+02
2.456567535400390625e+02
2.449580688476562500e+02
2.442823791503906250e+02
2.436143798828125000e+02
2.429610137939453125e+02
2.423292388916015625e+02
2.417036437988281250e+02
2.411060943603515625e+02
2.405212097167968750e+02
2.399336395263671875e+02
2.393800811767578125e+02
2.388303375244140625e+02
2.383061828613281250e+02
2.377775115966796875e+02
2.372735290527343750e+02
2.367864227294921875e+02
2.363083038330078125e+02
2.358387451171875000e+02
2.353922576904296875e+02
2.349535522460937500e+02
2.345296936035156250e+02
2.341203613281250000e+02
2.337177429199218750e+02
2.333290100097656250e+02
2.329463806152343750e+02
2.325844879150390625e+02
2.322355804443359375e+02
2.318994293212890625e+02
2.315684204101562500e+02
2.312571563720703125e+02
2.309580383300781250e+02
2.306708984375000000e+02
2.303881378173828125e+02
2.301170349121093750e+02
2.298723449707031250e+02
2.296241912841796875e+02
2.293948059082031250e+02
2.291840972900390625e+02
2.289770660400390625e+02
2.287811279296875000e+02
2.286036224365234375e+02
2.284296417236328125e+02
2.282739715576171875e+02
2.281365814208984375e+02
2.280025177001953125e+02
2.278866271972656250e+02
2.277739562988281250e+02
0.000000000000000000e+00
0.000000000000000000e+00
0.000000000000000000e+00
0.000000000000000000e+00
0.000000000000000000e+00
0.000000000000000000e+00
0.000000000000000000e+00
0.000000000000000000e+00
0.000000000000000000e+00
0.000000000000000000e+00
0.000000000000000000e+00
0.000000000000000000e+00
0.000000000000000000e+00
0.000000000000000000e+00
0.000000000000000000e+00
0.000000000000000000e+00
0.000000000000000000e+00
0.000000000000000000e+00
0.000000000000000000e+00
0.000000000000000000e+00
0.000000000000000000e+00
0.000000000000000000e+00
0.000000000000000000e+00
0.000000000000000000e+00
0.000000000000000000e+00
0.000000000000000000e+00
0.000000000000000000e+00
0.000000000000000000e+00
0.000000000000000000e+00
0.000000000000000000e+00
0.000000000000000000e+00
0.000000000000000000e+00
0.000000000000000000e+00
0.000000000000000000e+00
0.000000000000000000e+00
0.000000000000000000e+00
0.000000000000000000e+00
0.000000000000000000e+00
0.000000000000000000e+00
0.000000000000000000e+00
0.000000000000000000e+00
0.000000000000000000e+00
0.000000000000000000e+00
0.000000000000000000e+00
0.000000000000000000e+00
0.000000000000000000e+00
0.000000000000000000e+00
0.000000000000000000e+00
0.000000000000000000e+00
0.000000000000000000e+00
0.000000000000000000e+00
0.000000000000000000e+00
0.000000000000000000e+00
0.000000000000000000e+00
0.000000000000000000e+00
0.000000000000000000e+00
0.000000000000000000e+00
0.000000000000000000e+00
0.000000000000000000e+00
0.000000000000000000e+00
0.000000000000000000e+00
0.000000000000000000e+00
0.000000000000000000e+00
0.000000000000000000e+00
0.000000000000000000e+00
0.000000000000000000e+00
0.000000000000000000e+00
0.000000000000000000e+00
0.000000000000000000e+00
0.000000000000000000e+00
0.000000000000000000e+00
0.000000000000000000e+00
0.000000000000000000e+00
0.000000000000000000e+00
0.000000000000000000e+00
0.000000000000000000e+00
0.000000000000000000e+00
0.000000000000000000e+00
0.000000000000000000e+00
0.000000000000000000e+00
0.000000000000000000e+00
0.000000000000000000e+00
0.000000000000000000e+00
0.000000000000000000e+00
0.000000000000000000e+00
0.000000000000000000e+00
0.000000000000000000e+00
0.000000000000000000e+00
0.000000000000000000e+00
0.000000000000000000e+00
0.000000000000000000e+00
0.000000000000000000e+00
0.000000000000000000e+00
0.000000000000000000e+00
0.000000000000000000e+00
0.000000000000000000e+00
0.000000000000000000e+00
0.000000000000000000e+00
0.000000000000000000e+00
0.000000000000000000e+00
