# k_h
1.040270490193506703e-05
1.149254512711195275e-05
1.269656331714941189e-05
1.402672114636516199e-05
1.549623266328126192e-05
1.711969707685057074e-05
1.891324427560903132e-05
2.089469307975377887e-05
2.308372859260998666e-05
2.550209865148644894e-05
2.817383028741460294e-05
3.112546619377098978e-05
3.438632847974076867e-05
3.798881880356930196e-05
4.196872032480314374e-05
4.636558151105418801e-05
5.122307629790157080e-05
5.658946975017897785e-05
6.251807644730433822e-05
6.906779162818565965e-05
7.630368781974539161e-05
8.429765148321166635e-05
9.312910697190091014e-05
1.028857877827249467e-04
1.136646314989775419e-04
1.255727256648242474e-04
1.387283700751140714e-04
1.532622700324282050e-04
1.693188096396625042e-04
1.870575215434655547e-04
2.066546294372528791e-04
2.283048233948647976e-04
2.522232243791222572e-04
2.786474069580435753e-04
3.078399458900094032e-04
3.400908317416906357e-04
3.757204976864159107e-04
4.150829336140304804e-04
4.585691494867205620e-04
5.066111916676163673e-04
5.596863920800387859e-04
6.183219957165420055e-04
6.831006030552089214e-04
7.546657579950988293e-04
8.337284089066088200e-04
9.210740681737661362e-04
1.017570495605468750e-03
1.124176429584622383e-03
1.241950900293886662e-03
1.372064114548265934e-03
1.515808631666004658e-03
1.674612518399953842e-03
1.850053551606833935e-03
2.043874701485037804e-03
2.258001361042261124e-03
2.494561253115534782e-03
2.755904337391257286e-03
3.044627141207456589e-03
3.363597905263304710e-03
3.715985687449574471e-03
4.105291329324245453e-03
4.535382613539695740e-03
5.010532680898904800e-03
5.535461939871311188e-03
6.115385331213474274e-03
6.756064482033252716e-03
7.463864982128143311e-03
8.245817385613918304e-03
9.109691716730594635e-03
1.006407011300325394e-02
1.111843343824148178e-02
1.228325814008712769e-02
1.357011497020721436e-02
1.499179005622863770e-02
1.656240783631801605e-02
1.829756982624530792e-02
2.021451853215694427e-02
2.233229391276836395e-02
2.467194013297557831e-02
2.725669927895069122e-02
3.011225163936614990e-02
3.326696529984474182e-02
3.675218299031257629e-02
4.060253128409385681e-02
4.466278478503227234e-02
4.872303828597068787e-02
5.278329178690910339e-02
5.684354528784751892e-02
6.090379878878593445e-02
6.496405601501464844e-02
6.902430951595306396e-02
7.308456301689147949e-02
7.714480906724929810e-02
8.120506256818771362e-02
8.526531606912612915e-02
9.128064662218093872e-02
9.729596972465515137e-02
1.033112928271293640e-01
1.093266159296035767e-01
1.153419464826583862e-01
1.213572695851325989e-01
1.273725926876068115e-01
1.333879232406616211e-01
1.394032388925552368e-01
1.454185694456100464e-01
1.514338999986648560e-01
1.574492156505584717e-01
1.634645462036132812e-01
1.694798618555068970e-01
1.754951924085617065e-01
1.815105229616165161e-01
1.875258386135101318e-01
1.935411691665649414e-01
1.995564848184585571e-01
2.055718153715133667e-01
2.115871459245681763e-01
2.176024615764617920e-01
2.236177921295166016e-01
2.296331226825714111e-01
2.356484383344650269e-01
2.416637688875198364e-01
2.476790845394134521e-01
2.536944150924682617e-01
2.597097456455230713e-01
2.657250761985778809e-01
2.717403769493103027e-01
2.777557075023651123e-01
2.837710380554199219e-01
2.897863686084747314e-01
2.958016991615295410e-01
3.018169999122619629e-01
3.078323304653167725e-01
3.138476610183715820e-01
3.198629915714263916e-01
3.258783221244812012e-01
3.318936526775360107e-01
3.379089534282684326e-01
3.439242839813232422e-01
3.499396145343780518e-01
3.559549450874328613e-01
3.619702756404876709e-01
3.679855763912200928e-01
3.740009069442749023e-01
3.800162374973297119e-01
3.860315680503845215e-01
3.920468986034393311e-01
3.980621993541717529e-01
4.040775299072265625e-01
4.100928604602813721e-01
4.161081910133361816e-01
5.799389481544494629e-01
8.093699812889099121e-01
1.129566788673400879e+00
1.576437473297119141e+00
2.200095653533935547e+00
3.070481061935424805e+00
4.285201549530029297e+00
5.980480194091796875e+00
8.346432685852050781e+00
1.164838504791259766e+01
1.625663185119628906e+01
2.268795585632324219e+01
3.166359329223632812e+01
4.419010543823242188e+01
6.167226028442382812e+01
8.607057189941406250e+01
