# ee
5.780886486172676086e-02
8.858592808246612549e-02
9.313921630382537842e-02
7.660668343305587769e-02
5.203395336866378784e-02
3.052259050309658051e-02
1.693955250084400177e-02
1.065693330019712448e-02
8.567328564822673798e-03
7.808643393218517303e-03
7.044693920761346817e-03
5.999133456498384476e-03
5.261832848191261292e-03
4.976193420588970184e-03
5.094755906611680984e-03
5.473483353853225708e-03
5.811873823404312134e-03
6.128835026174783707e-03
6.573975551873445511e-03
7.233003620058298111e-03
8.226992562413215637e-03
9.522942826151847839e-03
1.103121880441904068e-02
1.276101544499397278e-02
1.470152940601110458e-02
1.682737283408641815e-02
1.913731917738914490e-02
2.162690646946430206e-02
2.429900877177715302e-02
2.714966796338558197e-02
3.017080016434192657e-02
3.339294344186782837e-02
3.686616569757461548e-02
4.063165560364723206e-02
4.471819847822189331e-02
4.908109456300735474e-02
5.367813631892204285e-02
5.852247402071952820e-02
6.364665180444717407e-02
6.908152252435684204e-02
7.483104616403579712e-02
8.089230209589004517e-02
8.724748343229293823e-02
9.388919919729232788e-02
1.008150503039360046e-01
1.080292463302612305e-01
1.155446767807006836e-01
1.233519986271858215e-01
1.314343512058258057e-01
1.397693604230880737e-01
1.484384238719940186e-01
1.575842946767807007e-01
1.671936064958572388e-01
1.772381812334060669e-01
1.875696480274200439e-01
1.980792731046676636e-01
2.087759375572204590e-01
2.196982353925704956e-01
2.308996468782424927e-01
2.424739897251129150e-01
2.544089257717132568e-01
2.666656076908111572e-01
2.792571485042572021e-01
2.921595275402069092e-01
3.053057491779327393e-01
3.186943531036376953e-01
3.323626220226287842e-01
3.462662100791931152e-01
3.604422807693481445e-01
3.748766183853149414e-01
3.895416557788848877e-01
4.044027328491210938e-01
4.194476604461669922e-01
4.346863925457000732e-01
4.501190185546875000e-01
4.657357037067413330e-01
4.815612435340881348e-01
4.975387156009674072e-01
5.136705636978149414e-01
5.299050807952880859e-01
5.462629795074462891e-01
5.627179145812988281e-01
5.792659521102905273e-01
5.958809852600097656e-01
6.125740408897399902e-01
6.293126940727233887e-01
6.461091637611389160e-01
6.629459261894226074e-01
6.797832846641540527e-01
6.966114640235900879e-01
7.134140729904174805e-01
7.301825284957885742e-01
7.468782663345336914e-01
7.635002732276916504e-01
7.800322771072387695e-01
7.964582443237304688e-01
8.127695918083190918e-01
8.289277553558349609e-01
8.449317216873168945e-01
8.608394861221313477e-01
8.765014410018920898e-01
8.919906020164489746e-01
9.073056578636169434e-01
9.223712086677551270e-01
9.372603297233581543e-01
9.518231153488159180e-01
9.661327004432678223e-01
9.801136851310729980e-01
9.937648773193359375e-01
1.007159233093261719e+00
1.020221710205078125e+00
1.032951235771179199e+00
1.045272707939147949e+00
1.057333588600158691e+00
1.068910360336303711e+00
1.080076217651367188e+00
1.090978860855102539e+00
1.101468920707702637e+00
1.111396789550781250e+00
1.121058702468872070e+00
1.130156636238098145e+00
1.138764023780822754e+00
1.146954298019409180e+00
1.154652237892150879e+00
1.161931157112121582e+00
1.168641686439514160e+00
1.174931526184082031e+00
1.180651187896728516e+00
1.185799598693847656e+00
1.190525174140930176e+00
1.194679856300354004e+00
1.198339104652404785e+00
1.201503753662109375e+00
1.204100966453552246e+00
1.206131577491760254e+00
1.207671046257019043e+00
1.208646297454833984e+00
1.209206700325012207e+00
1.209130644798278809e+00
1.208493590354919434e+00
1.207370758056640625e+00
1.205763220787048340e+00
1.203597903251647949e+00
1.201024532318115234e+00
1.197821021080017090e+00
1.194211602210998535e+00
1.190048575401306152e+00
1.185407519340515137e+00
1.180363655090332031e+00
1.174844145774841309e+00
1.168777227401733398e+00
1.162314653396606445e+00
1.155459284782409668e+00
1.148213982582092285e+00
1.140581965446472168e+00
1.132565975189208984e+00
1.124243378639221191e+00
1.115468382835388184e+00
1.106392741203308105e+00
1.097093462944030762e+00
1.087425112724304199e+00
1.077464818954467773e+00
1.067289829254150391e+00
1.056828856468200684e+00
1.046233415603637695e+00
1.035283565521240234e+00
1.024353623390197754e+00
1.013149261474609375e+00
1.001896500587463379e+00
9.905982613563537598e-01
9.791830182075500488e-01
9.676537513732910156e-01
9.563105702400207520e-01
9.448592066764831543e-01
9.335258603096008301e-01
9.222412109375000000e-01
9.112333655357360840e-01
9.002107381820678711e-01
8.894014358520507812e-01
8.788108229637145996e-01
8.685185909271240234e-01
8.584557771682739258e-01
8.487018942832946777e-01
8.394110798835754395e-01
8.304473161697387695e-01
8.219571113586425781e-01
8.139309883117675781e-01
8.064113259315490723e-01
7.994554042816162109e-01
7.930908799171447754e-01
7.873451709747314453e-01
7.822682857513427734e-01
7.778950929641723633e-01
7.742680311203002930e-01
7.714294195175170898e-01
7.694290876388549805e-01
7.682946324348449707e-01
7.680682539939880371e-01
7.687849402427673340e-01
7.705093026161193848e-01
7.732540965080261230e-01
7.770839333534240723e-01
7.820265293121337891e-01
7.881315946578979492e-01
7.954416275024414062e-01
8.039841055870056152e-01
8.138162493705749512e-01
8.249655961990356445e-01
8.374893665313720703e-01
8.514224290847778320e-01
8.667996525764465332e-01
8.836709260940551758e-01
9.020338058471679688e-01
9.220867156982421875e-01
9.436489343643188477e-01
9.668818116188049316e-01
9.917902350425720215e-01
1.018379449844360352e+00
1.046803236007690430e+00
1.076992034912109375e+00
1.109099745750427246e+00
1.143057227134704590e+00
1.178869366645812988e+00
1.216689825057983398e+00
1.256523728370666504e+00
1.298375964164733887e+00
1.342251658439636230e+00
1.388230204582214355e+00
1.436316370964050293e+00
1.486589789390563965e+00
1.538980722427368164e+00
1.593717336654663086e+00
1.650655984878540039e+00
1.709875941276550293e+00
1.771382331848144531e+00
1.835253953933715820e+00
1.901570558547973633e+00
1.970188498497009277e+00
2.041186571121215820e+00
2.114718675613403320e+00
2.190641164779663086e+00
2.269107580184936523e+00
2.350048542022705078e+00
2.433543205261230469e+00
2.519596815109252930e+00
2.608139514923095703e+00
2.699548244476318359e+00
2.793307542800903320e+00
2.889868259429931641e+00
2.988936901092529297e+00
3.090734958648681641e+00
3.195037841796875000e+00
3.302139759063720703e+00
3.411741495132446289e+00
3.524211883544921875e+00
3.639103174209594727e+00
3.756783962249755859e+00
3.877103805541992188e+00
4.000060081481933594e+00
4.125576019287109375e+00
4.253872394561767578e+00
4.384724140167236328e+00
4.518202781677246094e+00
4.654231548309326172e+00
4.793031692504882812e+00
4.934228897094726562e+00
5.078192234039306641e+00
5.224622249603271484e+00
5.373590946197509766e+00
5.525021553039550781e+00
5.679209709167480469e+00
5.835557460784912109e+00
5.994657993316650391e+00
6.155988216400146484e+00
6.319768428802490234e+00
6.485997676849365234e+00
6.654598236083984375e+00
6.825493335723876953e+00
6.998681545257568359e+00
7.174234867095947266e+00
7.351853847503662109e+00
7.531757354736328125e+00
7.713871955871582031e+00
7.898193359375000000e+00
8.084570884704589844e+00
8.273002624511718750e+00
8.463487625122070312e+00
8.655947685241699219e+00
8.850233078002929688e+00
9.047082901000976562e+00
9.245384216308593750e+00
9.444759368896484375e+00
9.646695137023925781e+00
9.849701881408691406e+00
1.005526447296142578e+01
1.026115131378173828e+01
1.046959018707275391e+01
1.067983627319335938e+01
1.089039993286132812e+01
1.110276603698730469e+01
1.131617832183837891e+01
1.153136825561523438e+01
1.174832439422607422e+01
1.196554660797119141e+01
1.218376636505126953e+01
1.240297126770019531e+01
1.262463474273681641e+01
1.284577369689941406e+01
1.306711578369140625e+01
1.329088115692138672e+01
1.351408290863037109e+01
1.373819637298583984e+01
1.396320915222167969e+01
1.418762207031250000e+01
1.441290950775146484e+01
1.463757419586181641e+01
1.486383342742919922e+01
1.508944320678710938e+01
1.531513786315917969e+01
1.554164505004882812e+01
1.576672649383544922e+01
1.599185466766357422e+01
1.621776390075683594e+01
1.644072341918945312e+01
1.666517829895019531e+01
1.688889312744140625e+01
1.711110687255859375e+01
1.733329963684082031e+01
1.755397224426269531e+01
1.777385139465332031e+01
1.799367332458496094e+01
1.821193695068359375e+01
1.842937850952148438e+01
1.864449501037597656e+01
1.885876274108886719e+01
1.907217216491699219e+01
1.928322219848632812e+01
1.949413108825683594e+01
1.970266151428222656e+01
1.990879821777343750e+01
2.011476135253906250e+01
2.031756401062011719e+01
2.051868438720703125e+01
2.071736717224121094e+01
2.091508674621582031e+01
2.110960006713867188e+01
2.130164146423339844e+01
2.149194335937500000e+01
2.167900657653808594e+01
2.186430931091308594e+01
2.204709243774414062e+01
2.222660255432128906e+01
2.240357589721679688e+01
2.257799720764160156e+01
2.274985694885253906e+01
2.291839790344238281e+01
2.308287239074707031e+01
2.324474906921386719e+01
2.340402030944824219e+01
2.355993270874023438e+01
2.371247100830078125e+01
2.386236953735351562e+01
2.400739097595214844e+01
2.414974975585937500e+01
2.428869438171386719e+01
2.442272567749023438e+01
2.455406379699707031e+01
2.468195343017578125e+01
2.480564117431640625e+01
2.492511558532714844e+01
2.504110717773437500e+01
2.515286827087402344e+01
2.526112365722656250e+01
2.536512374877929688e+01
2.546559906005859375e+01
2.556105422973632812e+01
2.565221977233886719e+01
2.573982810974121094e+01
2.582386970520019531e+01
2.590061759948730469e+01
2.597525978088378906e+01
2.604481887817382812e+01
2.610927963256835938e+01
2.617086029052734375e+01
2.622732162475585938e+01
2.627865600585937500e+01
2.632559204101562500e+01
2.636589050292968750e+01
2.640474128723144531e+01
2.643767547607421875e+01
2.646765518188476562e+01
2.649169731140136719e+01
2.651127624511718750e+01
2.652563667297363281e+01
2.653551483154296875e+01
2.654089546203613281e+01
2.654102516174316406e+01
2.653664016723632812e+01
2.652772331237792969e+01
2.651352691650390625e+01
2.649404907226562500e+01
2.647078132629394531e+01
2.644223785400390625e+01
2.640842437744140625e+01
2.637082672119140625e+01
2.632796287536621094e+01
2.628058052062988281e+01
2.622942161560058594e+01
2.617226409912109375e+01
2.611133575439453125e+01
2.604589843750000000e+01
2.597595405578613281e+01
2.590150260925292969e+01
2.582329559326171875e+01
2.573984527587890625e+01
2.565264129638671875e+01
2.555945396423339844e+01
2.546326446533203125e+01
2.536332511901855469e+01
2.525889778137207031e+01
2.514998626708984375e+01
2.503659057617187500e+01
2.491945648193359375e+01
2.479784393310546875e+01
2.467324066162109375e+01
2.454416084289550781e+01
2.441135025024414062e+01
2.427481269836425781e+01
2.413529205322265625e+01
2.399130439758300781e+01
2.384359169006347656e+01
2.369364356994628906e+01
2.353923416137695312e+01
2.338259315490722656e+01
2.322223472595214844e+01
2.305816268920898438e+01
2.289111900329589844e+01
2.272185134887695312e+01
2.254887199401855469e+01
2.237292480468750000e+01
2.219401359558105469e+01
2.201288223266601562e+01
2.182952880859375000e+01
2.164172935485839844e+01
2.145319938659667969e+01
2.126245117187500000e+01
2.106800079345703125e+01
2.087207794189453125e+01
2.067468452453613281e+01
2.047433853149414062e+01
2.027253913879394531e+01
2.006930541992187500e+01
1.986391258239746094e+01
1.965712165832519531e+01
1.944820785522460938e+01
1.923867225646972656e+01
1.902779388427734375e+01
1.881632804870605469e+01
1.860281181335449219e+01
1.838874435424804688e+01
1.817340278625488281e+01
1.795829200744628906e+01
1.774268341064453125e+01
1.752659225463867188e+01
1.730929946899414062e+01
1.709230232238769531e+01
1.687562179565429688e+01
1.665778541564941406e+01
1.644104385375976562e+01
1.622540855407714844e+01
1.600941658020019531e+01
1.579382228851318359e+01
1.557938671112060547e+01
1.536464309692382812e+01
1.515183544158935547e+01
1.493949699401855469e+01
1.472763919830322266e+01
1.451776885986328125e+01
1.430915737152099609e+01
1.410182285308837891e+01
1.389652442932128906e+01
1.369253349304199219e+01
1.349061203002929688e+01
1.329003143310546875e+01
1.309229564666748047e+01
1.289667701721191406e+01
1.270244789123535156e+01
1.251111221313476562e+01
1.232268524169921875e+01
1.213643932342529297e+01
1.195313549041748047e+01
1.177130126953125000e+01
1.159392642974853516e+01
1.141879653930664062e+01
1.124741649627685547e+01
1.107905578613281250e+01
1.091298866271972656e+01
1.075146007537841797e+01
1.059225749969482422e+01
1.043762493133544922e+01
1.028683567047119141e+01
1.013916110992431641e+01
9.995361328125000000e+00
9.856193542480468750e+00
9.721078872680664062e+00
9.589736938476562500e+00
9.463222503662109375e+00
9.340584754943847656e+00
9.222510337829589844e+00
9.108713150024414062e+00
8.999658584594726562e+00
8.895137786865234375e+00
8.795461654663085938e+00
8.700573921203613281e+00
8.610564231872558594e+00
8.525596618652343750e+00
8.445535659790039062e+00
8.370622634887695312e+00
8.300798416137695312e+00
8.236150741577148438e+00
8.176920890808105469e+00
8.122974395751953125e+00
8.074327468872070312e+00
8.031144142150878906e+00
7.993438720703125000e+00
7.961229324340820312e+00
7.934530735015869141e+00
7.913656234741210938e+00
7.898397445678710938e+00
7.888697624206542969e+00
7.884868621826171875e+00
7.886778831481933594e+00
7.894517421722412109e+00
7.908174991607666016e+00
7.927619457244873047e+00
7.952941417694091797e+00
7.984304904937744141e+00
8.021429061889648438e+00
8.064776420593261719e+00
8.113916397094726562e+00
8.169089317321777344e+00
8.230386734008789062e+00
8.297674179077148438e+00
8.370969772338867188e+00
8.450065612792968750e+00
8.535203933715820312e+00
8.626399993896484375e+00
8.723670005798339844e+00
8.827031135559082031e+00
8.936497688293457031e+00
9.052071571350097656e+00
9.172267913818359375e+00
9.300056457519531250e+00
9.433208465576171875e+00
9.572466850280761719e+00
9.717089653015136719e+00
9.868560791015625000e+00
1.002465152740478516e+01
1.018610763549804688e+01
1.035366821289062500e+01
1.052733707427978516e+01
1.070562648773193359e+01
1.089076614379882812e+01
1.107978439331054688e+01
1.127491188049316406e+01
1.147466278076171875e+01
1.168052291870117188e+01
1.189175224304199219e+01
1.210760593414306641e+01
1.232882976531982422e+01
1.255468177795410156e+01
1.278516292572021484e+01
1.302101802825927734e+01
1.326076030731201172e+01
1.350588035583496094e+01
1.375563430786132812e+01
1.400928115844726562e+01
1.426831054687500000e+01
1.453123664855957031e+01
1.479806041717529297e+01
1.506953048706054688e+01
1.534490299224853516e+01
1.562417888641357422e+01
1.590736484527587891e+01
1.619371795654296875e+01
1.648472404479980469e+01
1.677890396118164062e+01
1.707700347900390625e+01
1.737753677368164062e+01
1.768273735046386719e+01
1.798963546752929688e+01
1.830120658874511719e+01
1.861522483825683594e+01
1.893095207214355469e+01
1.925136184692382812e+01
1.957199859619140625e+01
1.989658546447753906e+01
2.022363662719726562e+01
2.055315780639648438e+01
2.088514900207519531e+01
2.121810531616210938e+01
2.155423927307128906e+01
2.189130401611328125e+01
2.223002052307128906e+01
2.257037162780761719e+01
2.291233634948730469e+01
2.325589752197265625e+01
2.359954833984375000e+01
2.394401741027832031e+01
2.429002189636230469e+01
2.463755226135253906e+01
2.498286628723144531e+01
2.533041000366210938e+01
2.567719268798828125e+01
2.602542114257812500e+01
2.637359428405761719e+01
2.672169303894042969e+01
2.707044219970703125e+01
2.741685676574707031e+01
2.776388359069824219e+01
2.811002349853515625e+01
2.845451545715332031e+01
2.879808425903320312e+01
2.914071083068847656e+01
2.948238182067871094e+01
2.982233428955078125e+01
3.016055297851562500e+01
3.049701881408691406e+01
3.083171463012695312e+01
3.116462135314941406e+01
3.149498367309570312e+01
3.182426643371582031e+01
3.214948272705078125e+01
3.247358703613281250e+01
3.279582214355468750e+01
3.311319351196289062e+01
3.342940139770507812e+01
3.374146270751953125e+01
3.405158233642578125e+01
3.435825729370117188e+01
3.466073226928710938e+01
3.496121978759765625e+01
3.525598144531250000e+01
3.554797744750976562e+01
3.583644485473632812e+01
3.612063217163085938e+01
3.640125656127929688e+01
3.667681884765625000e+01
3.694804382324218750e+01
3.721640014648437500e+01
3.747964096069335938e+01
3.773700714111328125e+01
3.799070739746093750e+01
3.823998641967773438e+01
3.848407745361328125e+01
3.872296142578125000e+01
3.895737075805664062e+01
3.918653869628906250e+01
3.940970611572265625e+01
3.962759399414062500e+01
3.984093093872070312e+01
4.004895782470703125e+01
4.025016784667968750e+01
4.044602584838867188e+01
4.063652038574218750e+01
4.082088088989257812e+01
4.099984359741210938e+01
4.117263793945312500e+01
4.133925247192382812e+01
4.150114440917968750e+01
4.165533447265625000e+01
4.180476760864257812e+01
4.194720077514648438e+01
4.208335876464843750e+01
4.221322250366210938e+01
4.233677291870117188e+01
4.245323944091796875e+01
4.256410598754882812e+01
4.266859817504882812e+01
4.276595687866210938e+01
4.285616683959960938e+01
4.294143295288085938e+01
4.301802444458007812e+01
4.308889007568359375e+01
4.315252685546875000e+01
4.321040344238281250e+01
4.326026535034179688e+01
4.330358505249023438e+01
4.334108734130859375e+01
4.336977005004882812e+01
4.339333724975585938e+01
4.340953826904296875e+01
4.341835403442382812e+01
4.342198944091796875e+01
4.341744995117187500e+01
4.340621185302734375e+01
4.338750457763671875e+01
4.336278915405273438e+01
4.333056259155273438e+01
4.329155731201171875e+01
4.324649810791015625e+01
4.319390487670898438e+01
4.313525772094726562e+01
4.306906509399414062e+01
4.299681091308593750e+01
4.291774749755859375e+01
4.283261871337890625e+01
4.274067306518554688e+01
4.264191055297851562e+01
4.253705978393554688e+01
4.242612838745117188e+01
4.230836486816406250e+01
4.218524932861328125e+01
4.205529022216796875e+01
4.191922378540039062e+01
4.177779769897460938e+01
4.163024902343750000e+01
4.147509384155273438e+01
4.131530380249023438e+01
4.115086364746093750e+01
4.097954177856445312e+01
4.080356216430664062e+01
4.062142944335937500e+01
4.043462753295898438e+01
4.024389266967773438e+01
4.004623794555664062e+01
3.984240722656250000e+01
3.963462066650390625e+01
3.942212677001953125e+01
3.920343017578125000e+01
3.898224639892578125e+01
3.875484085083007812e+01
3.852344512939453125e+01
3.828656005859375000e+01
3.804566192626953125e+01
3.780148696899414062e+01
3.755328750610351562e+01
3.730030441284179688e+01
3.704328155517578125e+01
3.678145599365234375e+01
3.651854324340820312e+01
3.625230026245117188e+01
3.598123168945312500e+01
3.570681762695312500e+01
3.542978668212890625e+01
3.514864730834960938e+01
3.486561203002929688e+01
3.457770919799804688e+01
3.428863525390625000e+01
3.399616241455078125e+01
3.370252609252929688e+01
3.340476989746093750e+01
3.310588836669921875e+01
3.280440521240234375e+01
3.250108337402343750e+01
3.219668197631835938e+01
3.188972663879394531e+01
3.158097648620605469e+01
3.127119445800781250e+01
3.096039199829101562e+01
3.064858627319335938e+01
3.033653640747070312e+01
3.002276802062988281e+01
2.970804405212402344e+01
2.939385986328125000e+01
2.907949256896972656e+01
2.876420974731445312e+01
2.844802856445312500e+01
2.813319015502929688e+01
2.781822776794433594e+01
2.750389289855957031e+01
2.719020271301269531e+01
2.687717056274414062e+01
2.656481170654296875e+01
2.625388145446777344e+01
2.594365119934082031e+01
2.563488006591796875e+01
2.532757759094238281e+01
2.502027511596679688e+01
2.471669960021972656e+01
2.441389083862304688e+01
2.411335372924804688e+01
2.381509590148925781e+01
2.351839065551757812e+01
2.322399330139160156e+01
2.293266105651855469e+01
2.264291763305664062e+01
2.235478019714355469e+01
2.207197761535644531e+01
2.179080200195312500e+01
2.151350021362304688e+01
2.124008560180664062e+01
2.096982574462890625e+01
2.070199203491210938e+01
2.043882369995117188e+01
2.017810821533203125e+01
1.992208480834960938e+01
1.967002677917480469e+01
1.942119979858398438e+01
1.917710685729980469e+01
1.893702697753906250e+01
1.870023536682128906e+01
1.846898651123046875e+01
1.824181747436523438e+01
1.801874732971191406e+01
1.780128669738769531e+01
1.758871459960937500e+01
1.738105392456054688e+01
1.717832565307617188e+01
1.698055267333984375e+01
1.678924751281738281e+01
1.660145759582519531e+01
1.642017936706542969e+01
1.624394798278808594e+01
1.607353019714355469e+01
1.590820789337158203e+01
1.574948692321777344e+01
1.559590911865234375e+01
1.544823741912841797e+01
1.530575466156005859e+01
1.517071056365966797e+01
1.504090404510498047e+01
1.491784286499023438e+01
1.480006504058837891e+01
1.468982410430908203e+01
1.458491611480712891e+01
1.448684978485107422e+01
1.439565181732177734e+01
1.431060218811035156e+01
1.423172760009765625e+01
1.415905189514160156e+01
1.409334373474121094e+01
1.403388500213623047e+01
1.398218631744384766e+01
1.393604564666748047e+01
1.389697551727294922e+01
1.386499977111816406e+01
1.383940124511718750e+01
1.382169532775878906e+01
1.380967617034912109e+01
1.380411529541015625e+01
1.380578041076660156e+01
1.381470108032226562e+01
1.382941532135009766e+01
1.385292434692382812e+01
1.388154029846191406e+01
1.391751861572265625e+01
1.396014404296875000e+01
1.401019001007080078e+01
1.406693363189697266e+01
1.413112926483154297e+01
1.420129108428955078e+01
1.427891159057617188e+01
1.436325263977050781e+01
1.445282936096191406e+01
1.454987716674804688e+01
1.465514373779296875e+01
1.476417541503906250e+01
1.488069343566894531e+01
1.500395870208740234e+01
1.513323593139648438e+01
1.526927185058593750e+01
1.541058635711669922e+01
1.555867290496826172e+01
1.571279239654541016e+01
1.587369918823242188e+01
1.603990936279296875e+01
1.621217536926269531e+01
1.638976097106933594e+01
1.657341384887695312e+01
1.676314735412597656e+01
1.695822143554687500e+01
1.715939140319824219e+01
1.736443328857421875e+01
1.757632827758789062e+01
1.779286003112792969e+01
1.801403045654296875e+01
1.824134254455566406e+01
1.847331428527832031e+01
1.870921325683593750e+01
1.895053672790527344e+01
1.919729614257812500e+01
1.944726943969726562e+01
1.970269966125488281e+01
1.996285438537597656e+01
2.022625541687011719e+01
2.049514579772949219e+01
2.076656341552734375e+01
2.104349327087402344e+01
2.132371902465820312e+01
2.160725212097167969e+01
2.189558982849121094e+01
2.218651390075683594e+01
2.248078346252441406e+01
2.277915191650390625e+01
2.308089256286621094e+01
2.338527297973632812e+01
2.369304847717285156e+01
2.400349235534667969e+01
2.431661224365234375e+01
2.463239860534667969e+01
2.495083808898925781e+01
2.527117347717285156e+01
2.559487915039062500e+01
2.591971015930175781e+01
2.624639892578125000e+01
2.657493019104003906e+01
2.690529251098632812e+01
2.723821830749511719e+01
2.757071495056152344e+01
2.790575027465820312e+01
2.824107742309570312e+01
2.857743072509765625e+01
2.891479873657226562e+01
2.925242042541503906e+01
2.959177398681640625e+01
2.993062210083007812e+01
3.026968765258789062e+01
3.060896301269531250e+01
3.094843482971191406e+01
3.128735351562500000e+01
3.162570381164550781e+01
3.196421623229980469e+01
3.230139541625976562e+01
3.263871383666992188e+01
3.297467422485351562e+01
3.331001281738281250e+01
3.364397048950195312e+01
3.397579574584960938e+01
3.430770874023437500e+01
3.463671875000000000e+01
3.496430969238281250e+01
3.529120635986328125e+01
3.561516952514648438e+01
3.593693923950195312e+01
3.625724029541015625e+01
3.657532119750976562e+01
3.688968658447265625e+01
3.720254898071289062e+01
3.751241683959960938e+01
3.781927490234375000e+01
3.812311935424804688e+01
3.842393112182617188e+01
3.872096252441406250e+01
3.901568984985351562e+01
3.930660629272460938e+01
3.959519577026367188e+01
3.987847518920898438e+01
4.015866088867187500e+01
4.043573760986328125e+01
4.070895004272460938e+01
4.097680282592773438e+01
4.124150466918945312e+01
4.150156021118164062e+01
4.175769424438476562e+01
4.200840377807617188e+01
4.225442123413085938e+01
4.249721908569335938e+01
4.273454666137695312e+01
4.296713638305664062e+01
4.319497299194335938e+01
4.341803741455078125e+01
4.363557815551757812e+01
4.384831619262695312e+01
4.405623626708984375e+01
4.425932693481445312e+01
4.445533752441406250e+01
4.464648437500000000e+01
4.483274841308593750e+01
4.501337051391601562e+01
4.518759536743164062e+01
4.535614395141601562e+01
4.551974105834960938e+01
4.567763137817382812e+01
4.582830429077148438e+01
4.597398376464843750e+01
4.611389160156250000e+01
4.624802398681640625e+01
4.637561416625976562e+01
4.649590301513671875e+01
4.661183547973632812e+01
4.672117614746093750e+01
4.682241439819335938e+01
4.691924285888671875e+01
4.700941848754882812e+01
4.709291839599609375e+01
4.717121124267578125e+01
4.724204254150390625e+01
4.730986022949218750e+01
4.736795043945312500e+01
4.742000579833984375e+01
4.746526718139648438e+01
4.750519561767578125e+01
4.753828811645507812e+01
4.756303787231445312e+01
4.758387756347656250e+01
4.759707260131835938e+01
4.760408782958984375e+01
4.760490417480468750e+01
4.759875106811523438e+01
4.758561706542968750e+01
4.756697082519531250e+01
4.754131698608398438e+01
4.750938034057617188e+01
4.747039794921875000e+01
4.742510604858398438e+01
4.737347793579101562e+01
4.731550979614257812e+01
4.725192260742187500e+01
4.718270111083984375e+01
4.710634231567382812e+01
4.702505874633789062e+01
4.693660354614257812e+01
4.684319305419921875e+01
4.674257659912109375e+01
4.663696670532226562e+01
4.652412033081054688e+01
4.640699005126953125e+01
4.628183746337890625e+01
4.615162658691406250e+01
4.601633453369140625e+01
4.587445449829101562e+01
4.572671127319335938e+01
4.557457733154296875e+01
4.541579437255859375e+01
4.525332641601562500e+01
4.508491516113281250e+01
4.491054534912109375e+01
4.473168563842773438e+01
4.454756927490234375e+01
4.435668945312500000e+01
4.416199874877929688e+01
4.396347045898437500e+01
4.375886535644531250e+01
4.354889297485351562e+01
4.333502578735351562e+01
4.311724090576171875e+01
4.289402770996093750e+01
4.266610717773437500e+01
4.243494033813476562e+01
4.219827651977539062e+01
4.195758438110351562e+01
4.171208572387695312e+01
4.146473693847656250e+01
4.121179962158203125e+01
4.095473098754882812e+01
4.069425201416015625e+01
4.043033599853515625e+01
4.016222000122070312e+01
3.989061737060546875e+01
3.961554336547851562e+01
3.933700180053710938e+01
3.905574798583984375e+01
3.877178955078125000e+01
3.848439788818359375e+01
3.819431686401367188e+01
3.790230560302734375e+01
3.760688400268554688e+01
3.730879974365234375e+01
3.700955581665039062e+01
3.670766830444335938e+01
3.640389251708984375e+01
3.609823226928710938e+01
3.578994750976562500e+01
3.548054504394531250e+01
3.517002105712890625e+01
3.485764312744140625e+01
3.454490661621093750e+01
3.422958755493164062e+01
3.391466140747070312e+01
3.359790802001953125e+01
3.328082275390625000e+01
3.296340942382812500e+01
3.264418411254882812e+01
3.232538986206054688e+01
3.200628662109375000e+01
3.168762207031250000e+01
3.136791419982910156e+01
3.104791450500488281e+01
3.072986030578613281e+01
3.041152191162109375e+01
3.009291076660156250e+01
2.977551460266113281e+01
2.945859527587890625e+01
2.914290237426757812e+01
2.882844543457031250e+01
2.851299476623535156e+01
2.820027542114257812e+01
2.788880538940429688e+01
2.757784080505371094e+01
2.726814079284667969e+01
2.696118927001953125e+01
2.665476417541503906e+01
2.635184478759765625e+01
2.604872131347656250e+01
2.574836730957031250e+01
2.545079421997070312e+01
2.515526008605957031e+01
2.486251831054687500e+01
2.457108497619628906e+01
2.428246307373046875e+01
2.399666976928710938e+01
2.371446418762207031e+01
2.343437385559082031e+01
2.315642166137695312e+01
2.288210487365722656e+01
2.260995483398437500e+01
2.233924674987792969e+01
2.207445716857910156e+01
2.181262969970703125e+01
2.155377960205078125e+01
2.129941558837890625e+01
2.104732322692871094e+01
2.079974937438964844e+01
2.055596923828125000e+01
2.031600189208984375e+01
2.008061027526855469e+01
1.984832191467285156e+01
1.962064743041992188e+01
1.939685821533203125e+01
1.917697715759277344e+01
1.896250724792480469e+01
1.875123977661132812e+01
1.854468154907226562e+01
1.834285163879394531e+01
1.814502525329589844e+01
1.795271301269531250e+01
1.776519012451171875e+01
1.758173370361328125e+01
1.740310859680175781e+01
1.722933578491210938e+01
1.706118202209472656e+01
1.689717864990234375e+01
1.673809242248535156e+01
1.658468818664550781e+01
1.643550300598144531e+01
1.629278755187988281e+01
1.615359115600585938e+01
1.602091217041015625e+01
1.589179611206054688e+01
1.576924228668212891e+01
1.565104389190673828e+01
1.553796672821044922e+01
1.543151950836181641e+01
1.532949924468994141e+01
1.523341560363769531e+01
1.514180660247802734e+01
1.505618000030517578e+01
1.497582149505615234e+01
1.490075016021728516e+01
1.483098125457763672e+01
1.476726913452148438e+01
1.470888328552246094e+01
1.465583229064941406e+01
1.460738945007324219e+01
1.456430721282958984e+01
1.452734184265136719e+01
1.449502182006835938e+01
1.446884155273437500e+01
1.444733333587646484e+01
1.443125057220458984e+01
1.442060756683349609e+01
1.441541671752929688e+01
1.441495132446289062e+01
1.441996765136718750e+01
1.442973709106445312e+01
1.444501972198486328e+01
1.446508216857910156e+01
1.448994541168212891e+01
1.452036476135253906e+01
1.455561542510986328e+01
1.459571266174316406e+01
1.463992786407470703e+01
1.468902492523193359e+01
1.474301815032958984e+01
1.480266952514648438e+01
1.486576747894287109e+01
1.493530178070068359e+01
1.500906276702880859e+01
1.508632564544677734e+01
1.516859531402587891e+01
1.525514793395996094e+01
1.534526348114013672e+01
1.544118785858154297e+01
1.554071521759033203e+01
1.564460659027099609e+01
1.575214385986328125e+01
1.586408901214599609e+01
1.597972202301025391e+01
1.609980583190917969e+01
1.622362518310546875e+01
1.635120010375976562e+01
1.648255348205566406e+01
1.661771011352539062e+01
1.675743675231933594e+01
1.689952850341796875e+01
1.704549407958984375e+01
1.719461822509765625e+01
1.734766769409179688e+01
1.750317573547363281e+01
1.766337585449218750e+01
1.782603836059570312e+01
1.799190521240234375e+01
1.815948867797851562e+01
1.833101654052734375e+01
1.850500297546386719e+01
1.868219184875488281e+01
1.886109542846679688e+01
1.904245758056640625e+01
1.922701835632324219e+01
1.941329383850097656e+01
1.960128784179687500e+01
1.979247856140136719e+01
1.998464393615722656e+01
2.017926597595214844e+01
2.037560653686523438e+01
2.057440567016601562e+01
2.077343368530273438e+01
2.097417831420898438e+01
2.117589569091796875e+01
2.138007354736328125e+01
2.158522796630859375e+01
2.178986740112304688e+01
2.199696922302246094e+01
2.220430183410644531e+01
2.241260910034179688e+01
2.262189102172851562e+01
2.283140373229980469e+01
2.304114913940429688e+01
2.325186920166015625e+01
2.346207809448242188e+01
2.367400360107421875e+01
2.388467407226562500e+01
2.409631919860839844e+01
2.430670928955078125e+01
2.451733207702636719e+01
2.472818374633789062e+01
2.493778038024902344e+01
2.514760971069335938e+01
2.535618209838867188e+01
2.556572914123535156e+01
2.577253723144531250e+01
2.598031806945800781e+01
2.618684577941894531e+01
2.639137458801269531e+01
2.659539604187011719e+01
2.679816436767578125e+01
2.700116729736328125e+01
2.720142936706542969e+01
2.739969825744628906e+01
2.759819221496582031e+01
2.779391860961914062e+01
2.798761367797851562e+01
2.818074607849121094e+01
2.837107276916503906e+01
2.856007385253906250e+01
2.874624061584472656e+01
2.893105125427246094e+01
2.911300659179687500e+01
2.929357528686523438e+01
2.947201156616210938e+01
2.964755058288574219e+01
2.982092666625976562e+01
2.999137878417968750e+01
3.015964698791503906e+01
3.032422637939453125e+01
3.048807907104492188e+01
3.064673042297363281e+01
3.080314254760742188e+01
3.095730400085449219e+01
3.110845375061035156e+01
3.125584220886230469e+01
3.139945220947265625e+01
3.154075622558593750e+01
3.167899894714355469e+01
3.181416511535644531e+01
3.194550132751464844e+01
3.207299423217773438e+01
3.219810485839843750e+01
3.231934356689453125e+01
3.243669128417968750e+01
3.255087280273437500e+01
3.266112899780273438e+01
3.276819229125976562e+01
3.287055969238281250e+01
3.296969223022460938e+01
3.306483459472656250e+01
3.315671539306640625e+01
3.324382019042968750e+01
3.332762908935546875e+01
3.340587997436523438e+01
3.348227691650390625e+01
3.355382919311523438e+01
3.362125015258789062e+01
3.368526840209960938e+01
3.374511718750000000e+01
3.380077362060546875e+01
3.385221862792968750e+01
3.389867782592773438e+01
3.394236755371093750e+01
3.398104095458984375e+01
3.401541900634765625e+01
3.404624557495117188e+01
3.407200622558593750e+01
3.409491729736328125e+01
3.411273956298828125e+01
3.412619781494140625e+01
3.413452911376953125e+01
3.413994979858398438e+01
3.414095306396484375e+01
3.413827514648437500e+01
3.413039779663085938e+01
3.411880111694335938e+01
3.410346221923828125e+01
3.408287811279296875e+01
3.406000137329101562e+01
3.403110504150390625e+01
3.399839401245117188e+01
3.396185302734375000e+01
3.392220687866210938e+01
3.387646102905273438e+01
3.382757568359375000e+01
3.377478408813476562e+01
3.371807098388671875e+01
3.365741729736328125e+01
3.359354400634765625e+01
3.352569961547851562e+01
3.345311355590820312e+01
3.337651443481445312e+01
3.329662704467773438e+01
3.321268844604492188e+01
3.312467956542968750e+01
3.303407287597656250e+01
3.293862152099609375e+01
3.284053039550781250e+01
3.273755645751953125e+01
3.263191223144531250e+01
3.252209091186523438e+01
3.240955734252929688e+01
3.229430007934570312e+01
3.217481231689453125e+01
3.205181503295898438e+01
3.192529487609863281e+01
3.179671859741210938e+01
3.166383171081542969e+01
3.152811050415039062e+01
3.138953018188476562e+01
3.124658584594726562e+01
3.110223007202148438e+01
3.095421981811523438e+01
3.080328941345214844e+01
3.065093231201171875e+01
3.049491691589355469e+01
3.033598518371582031e+01
3.017561912536621094e+01
3.001159477233886719e+01
2.984539222717285156e+01
2.967701530456542969e+01
2.950793838500976562e+01
2.933444976806640625e+01
2.915951728820800781e+01
2.898239135742187500e+01
2.880381393432617188e+01
2.862303543090820312e+01
2.844005012512207031e+01
2.825485229492187500e+01
2.806966400146484375e+01
2.788150978088378906e+01
2.769260597229003906e+01
2.750220108032226562e+01
2.731029129028320312e+01
2.711761093139648438e+01
2.692340087890625000e+01
2.672765541076660156e+01
2.653110885620117188e+01
2.633449172973632812e+01
2.613482284545898438e+01
2.593654441833496094e+01
2.573518943786621094e+01
2.553446006774902344e+01
2.533285903930664062e+01
2.513037490844726562e+01
2.492773437500000000e+01
2.472418403625488281e+01
2.452045249938964844e+01
2.431652832031250000e+01
2.411165428161621094e+01
2.390656089782714844e+01
2.370197677612304688e+01
2.349714660644531250e+01
2.329205703735351562e+01
2.308744049072265625e+01
2.288253974914550781e+01
2.267733955383300781e+01
2.247332000732421875e+01
2.226897811889648438e+01
2.206430435180664062e+01
2.186151504516601562e+01
2.165837478637695312e+01
0.000000000000000000e+00
0.000000000000000000e+00
0.000000000000000000e+00
0.000000000000000000e+00
0.000000000000000000e+00
0.000000000000000000e+00
0.000000000000000000e+00
0.000000000000000000e+00
0.000000000000000000e+00
0.000000000000000000e+00
0.000000000000000000e+00
0.000000000000000000e+00
0.000000000000000000e+00
0.000000000000000000e+00
0.000000000000000000e+00
0.000000000000000000e+00
0.000000000000000000e+00
0.000000000000000000e+00
0.000000000000000000e+00
0.000000000000000000e+00
0.000000000000000000e+00
0.000000000000000000e+00
0.000000000000000000e+00
0.000000000000000000e+00
0.000000000000000000e+00
0.000000000000000000e+00
0.000000000000000000e+00
0.000000000000000000e+00
0.000000000000000000e+00
0.000000000000000000e+00
0.000000000000000000e+00
0.000000000000000000e+00
0.000000000000000000e+00
0.000000000000000000e+00
0.000000000000000000e+00
0.000000000000000000e+00
0.000000000000000000e+00
0.000000000000000000e+00
0.000000000000000000e+00
0.000000000000000000e+00
0.000000000000000000e+00
0.000000000000000000e+00
0.000000000000000000e+00
0.000000000000000000e+00
0.000000000000000000e+00
0.000000000000000000e+00
0.000000000000000000e+00
0.000000000000000000e+00
0.000000000000000000e+00
0.000000000000000000e+00
0.000000000000000000e+00
0.000000000000000000e+00
0.000000000000000000e+00
0.000000000000000000e+00
0.000000000000000000e+00
0.000000000000000000e+00
0.000000000000000000e+00
0.000000000000000000e+00
0.000000000000000000e+00
0.000000000000000000e+00
0.000000000000000000e+00
0.000000000000000000e+00
0.000000000000000000e+00
0.000000000000000000e+00
0.000000000000000000e+00
0.000000000000000000e+00
0.000000000000000000e+00
0.000000000000000000e+00
0.000000000000000000e+00
0.000000000000000000e+00
0.000000000000000000e+00
0.000000000000000000e+00
0.000000000000000000e+00
0.000000000000000000e+00
0.000000000000000000e+00
0.000000000000000000e+00
0.000000000000000000e+00
0.000000000000000000e+00
0.000000000000000000e+00
0.000000000000000000e+00
0.000000000000000000e+00
0.000000000000000000e+00
0.000000000000000000e+00
0.000000000000000000e+00
0.000000000000000000e+00
0.000000000000000000e+00
0.000000000000000000e+00
0.000000000000000000e+00
0.000000000000000000e+00
0.000000000000000000e+00
0.000000000000000000e+00
0.000000000000000000e+00
0.000000000000000000e+00
0.000000000000000000e+00
0.000000000000000000e+00
0.000000000000000000e+00
0.000000000000000000e+00
0.000000000000000000e+00
0.000000000000000000e+00
0.000000000000000000e+00
