# pe
-2.314653392083640958e-11
-3.264522114568113570e-11
-3.479369775788780103e-11
-3.090372709415311339e-11
-2.302259206430416324e-11
-1.336117184105384534e-11
-3.979723186741008627e-12
3.469504835464041208e-12
8.080100991152947560e-12
9.789385208940932040e-12
9.047491881641362987e-12
6.441444607292771930e-12
2.654414655816129489e-12
-1.296642785553210243e-12
-4.431516161933601293e-12
-6.250752365172603947e-12
-6.544142306429520751e-12
-5.777694527381401667e-12
-4.504927465570650762e-12
-2.953181511483343135e-12
-1.305129394282675806e-12
1.090487551033323125e-13
9.495463559440114772e-13
9.855584300629099891e-13
1.424957108618005760e-13
-1.138369824498864687e-12
-2.344711263130910539e-12
-3.195843192993946689e-12
-3.542485840342921421e-12
-3.529340483766340029e-12
-3.335833238510797124e-12
-2.986308514121673429e-12
-2.467000632155880759e-12
-1.766785267917663122e-12
-9.392437348690436975e-13
-2.941385453558272854e-13
-1.147771574825740011e-13
-3.224656135050833929e-13
-7.480096017169649557e-13
-1.236816463765842360e-12
-1.692700154715393703e-12
-2.034076282983311966e-12
-2.179360456987289522e-12
-2.046968285145018747e-12
-1.593839813456547636e-12
-9.310128382513450640e-13
-2.080495934412351462e-13
4.254876870619582524e-13
8.200367693464109140e-13
8.705671079528966341e-13
6.501749112325834588e-13
2.764880759892366902e-13
-1.328655009733780162e-13
-4.602579228514948029e-13
-6.165067109387847301e-13
-6.262110589186659233e-13
-5.424155785719931732e-13
-4.181648816796212705e-13
-3.065035800224049556e-13
-2.491047223918994479e-13
-2.421551056224602183e-13
-2.704699635591431662e-13
-3.188645300470041407e-13
-3.721540389310988899e-13
-4.175748744100482076e-13
-4.520480220967324643e-13
-4.749156179575968747e-13
-4.855197979590869559e-13
-4.832026980676476700e-13
-4.680647152053505581e-13
-4.432392901167705503e-13
-4.126181245021084993e-13
-3.800929200615654600e-13
-3.495553784953421843e-13
-3.250226788973334423e-13
-3.110139099362082087e-13
-3.121736376743296280e-13
-3.331464281740603902e-13
-3.785768474977632864e-13
-4.501703306900627214e-13
-5.378757887246274854e-13
-6.287030015573885882e-13
-7.096617491442761308e-13
-7.677618114412208201e-13
-7.933158239400949791e-13
-7.898478442765386071e-13
-7.641847856221337234e-13
-7.231535611484621453e-13
-6.735810840271054882e-13
-6.212174251050388923e-13
-5.675052859308081645e-13
-5.128105257283523335e-13
-4.574990037216101252e-13
-4.019365791345203663e-13
-3.464891111910219342e-13
-2.915224591150539081e-13
-2.374024821305547614e-13
-1.844950394614637752e-13
-1.331659903317194231e-13
-8.378119396526085993e-14
-3.670650958602677369e-14
7.692203582043933068e-15
4.904908631501234519e-14
8.699827938893969897e-14
1.211739235798870161e-13
1.512101596639156087e-13
1.767411284170863975e-13
1.974009706154607576e-13
2.128238270350996097e-13
2.227713310044359861e-13
2.275150860613895470e-13
2.274541882962520136e-13
2.229877337993147283e-13
2.145148186608693368e-13
2.024345389712072320e-13
1.871459908206201098e-13
1.690482702993993885e-13
1.485404734978366126e-13
1.260216965062233770e-13
1.018910354148511127e-13
7.654758631401143989e-14
5.039044529399577678e-14
2.381870844509574991e-14
-2.768528142397146721e-15
-2.897216837819135600e-14
-5.439311617199540918e-14
-7.863227543351771761e-14
-1.012905500724668251e-13
-1.219688439985511116e-13
-1.403564323410240956e-13
-1.564960751073188799e-13
-1.705189035244137436e-13
-1.825560488192868147e-13
-1.927386422189162464e-13
-2.011978149502802169e-13
-2.080646982403569047e-13
-2.134704233161244881e-13
-2.175461214045610951e-13
-2.204229237326449544e-13
-2.222319615273541687e-13
-2.231043660156669670e-13
-2.231712684245614517e-13
-2.225637999810158265e-13
-2.214130919120083204e-13
-2.198502754445170359e-13
-2.180064818055201261e-13
-2.160128422219958199e-13
-2.140004879209222705e-13
-2.121005501292776057e-13
-2.104158298760356277e-13
-2.089358073981527100e-13
-2.076216327345807236e-13
-2.064344559242716658e-13
-2.053354270061774328e-13
-2.042856960192499210e-13
-2.032464130024411023e-13
-2.021787279947029488e-13
-2.010437910349873568e-13
-1.998027521622463236e-13
-1.984167614154316949e-13
-1.968469688334954428e-13
-1.950545244553895140e-13
-1.930005783200658553e-13
-1.906462804664763883e-13
-1.879527809335730092e-13
-1.848812297603077406e-13
-1.813927769856324788e-13
-1.774485726484991199e-13
-1.730097667878596614e-13
-1.680375094426659994e-13
-1.624929506518701061e-13
-1.563372404544239029e-13
-1.495315288892793114e-13
-1.420369659953882531e-13
-1.338296561373424583e-13
-1.249455209822924886e-13
-1.154354365230287647e-13
-1.053502787523416065e-13
-9.474092366302138436e-14
-8.365824724785846849e-14
-7.215312549964321663e-14
-6.027643441116601171e-14
-4.807904997521717988e-14
-3.561184818458710405e-14
-2.292570503206614824e-14
-1.007149651044466541e-14
2.899901387487004891e-15
1.593761266893845055e-14
2.899076134111932727e-14
4.200847141123930499e-14
5.493986688650799129e-14
6.773407177413501586e-14
8.034021008133005888e-14
9.270740581530271216e-14
1.047847829832626559e-13
1.165214655924194945e-13
1.278665776499828577e-13
1.387692431631624003e-13
1.491785861391677774e-13
1.590541590227397206e-13
1.683972280087432684e-13
1.772194877295747885e-13
1.855326328176303709e-13
1.933483579053062319e-13
2.006783576249986128e-13
2.075343266091037048e-13
2.139279594900177997e-13
2.198709509001369876e-13
2.253749954718575100e-13
2.304517878375756335e-13
2.351130226296875240e-13
2.393703944805894480e-13
2.432355980226775210e-13
2.467203278883480095e-13
2.498362787099971298e-13
2.525951451200210982e-13
2.550086217508160805e-13
2.570884032347783937e-13
2.588461842043041026e-13
2.602936592917895751e-13
2.614425231296308757e-13
2.623044703502242714e-13
2.628911955859659781e-13
2.632143934692522123e-13
2.632857586324791902e-13
2.631169857080431278e-13
2.627197693283402416e-13
2.621058041257666467e-13
2.612867847327187109e-13
2.602744057815924989e-13
2.590803619047843783e-13
2.577163477346904141e-13
2.561940579037068223e-13
2.545251870442299202e-13
2.527214297886558736e-13
2.507944807693808481e-13
2.487560346188011611e-13
2.466177859693128772e-13
2.443914294533123641e-13
2.420886597031956362e-13
2.397211713513591115e-13
2.373006590301989055e-13
2.348388173721111837e-13
2.323473410094922129e-13
2.298379245747382599e-13
2.273222627002453894e-13
2.248120500184099439e-13
2.223189811616281142e-13
2.198547507622960663e-13
2.174284153403932053e-13
2.150384789662315915e-13
2.126808075977065246e-13
2.103512671927132541e-13
2.080457237091470292e-13
2.057600431049030739e-13
2.034900913378766880e-13
2.012317343659631461e-13
1.989808381470576217e-13
1.967332686390554904e-13
1.944848917998519257e-13
1.922315735873421517e-13
1.899691799594215439e-13
1.876935768739852758e-13
1.854006302889286725e-13
1.830862061621469076e-13
1.807461704515352809e-13
1.783763891149890668e-13
1.759727281104034389e-13
1.735310533956737728e-13
1.710472309286952673e-13
1.685171266673631970e-13
1.659366065695727857e-13
1.633015365932193083e-13
1.606077826961980390e-13
1.578512108364042273e-13
1.550276869717331225e-13
1.521330770600799991e-13
1.491632470593400811e-13
1.461140629274086683e-13
1.429813906221809849e-13
1.397610961015523053e-13
1.364490453234178788e-13
1.330411042456729799e-13
1.295331388262128581e-13
1.259210150229327625e-13
1.222005987937279424e-13
1.183677560964936725e-13
1.144183528891252273e-13
1.103482551295178181e-13
1.061533287755667321e-13
1.018294397851672440e-13
9.737245411621457764e-14
9.277823772660398246e-14
8.804265657423075821e-14
8.316157661699015418e-14
7.813086381277738181e-14
7.294638411948775350e-14
6.760400349501650592e-14
6.209958789725890101e-14
5.643337841728648874e-14
5.062311667887611648e-14
4.469091943898087549e-14
3.865890345455392014e-14
3.254918548254832276e-14
2.638388227991727558e-14
2.018511060361386985e-14
1.397498721059122209e-14
7.775628857802480336e-15
1.609152302200748482e-15
-4.502325699260850664e-15
-1.053668838962916273e-14
-1.647181901195109647e-14
-2.228560080927352274e-14
-2.795591702464328719e-14
-3.346065090110731748e-14
-3.877768568171243401e-14
-4.388490460950555183e-14
-4.876019092753351658e-14
-5.338142787884326222e-14
-5.772649870648154606e-14
-6.177328665349539042e-14
-6.549967496293153996e-14
-6.888354687783695391e-14
-7.190278564125850315e-14
-7.453527449624302068e-14
-7.675889668583737739e-14
-7.855153545308851988e-14
-7.989107404104326854e-14
-8.075539569274849424e-14
-8.112238365125106787e-14
-8.096992115959791078e-14
-8.027589146083588123e-14
-7.901817779801182485e-14
-7.717466341417268825e-14
-7.472323155236525395e-14
-7.164176545563643069e-14
-6.790814836703310198e-14
-6.350026352960217655e-14
-5.839599418639046216e-14
-5.257322358044493068e-14
-4.600983495481235200e-14
-3.868371155253963487e-14
-3.057273661667367540e-14
-2.165479339026130660e-14
-1.190776511634949401e-14
-1.309535037985058029e-15
1.016201360178518727e-14
2.252899755991425111e-14
3.581353359335535727e-14
5.001930792288696214e-14
6.507628462458939278e-14
8.089599723836818992e-14
9.738997930412912778e-14
1.144697643617778039e-13
1.320468859512197906e-13
1.500328776123608620e-13
1.683392728851065779e-13
1.868776053093626240e-13
2.055594084250347621e-13
2.242962157720284761e-13
2.429995608902494013e-13
2.615809773196033498e-13
2.799519985999958813e-13
2.980241582713326564e-13
3.157089898735193863e-13
3.329180269464616306e-13
3.495628030300649490e-13
3.655548516642352546e-13
3.808057063888781069e-13
3.952269007438989142e-13
4.087299682692037411e-13
4.212264425046978948e-13
4.326278569902871368e-13
4.428457452658772288e-13
4.517916408713738314e-13
4.593770773466824538e-13
4.655135882317086557e-13
4.701127070663582491e-13
4.730859673905367937e-13
4.743449027441502530e-13
4.738010466671037829e-13
4.713659326993034479e-13
4.669510943806546056e-13
4.604680652510633206e-13
4.518283788504346478e-13
4.409435687186747525e-13
4.277251683956888916e-13
4.120847114213831295e-13
3.939337313356627230e-13
3.731837616784338377e-13
3.497463359896014778e-13
3.235329878090716068e-13
2.944552506767499864e-13
2.624246581325419239e-13
2.273527437163535846e-13
1.891510409680903517e-13
1.477310834276576584e-13
1.030044046349615820e-13
5.488253812990735394e-14
3.316894994720699095e-15
-5.158160351909471703e-14
-1.096621586177146914e-13
-1.707739715073160054e-13
-2.347662433940746139e-13
-3.014881754841664400e-13
-3.707889689837684797e-13
-4.425178250990563154e-13
-5.165239450362065392e-13
-5.926565300013957433e-13
-6.707647812007994091e-13
-7.506978998405941792e-13
-8.323050871269562923e-13
-9.154355442660623910e-13
-9.999384724640878053e-13
-1.085663072927209986e-12
-1.172458546861604060e-12
-1.260174095473446974e-12
-1.348658919968914461e-12
-1.437762221554183669e-12
-1.527333201435429524e-12
-1.617221060818829577e-12
-1.707275000910559361e-12
-1.797344222916795214e-12
-1.887277928043713679e-12
-1.976925317497491096e-12
-2.066135592484303399e-12
-2.154757954210325919e-12
-2.242641603881736410e-12
-2.329635742704711008e-12
-2.415589571885425449e-12
-2.500352292630055465e-12
-2.583773106144778811e-12
-2.665701213635770411e-12
-2.745985816309206809e-12
-2.824476115371264545e-12
-2.901021312028119757e-12
-2.975470607485948986e-12
-3.047673202950927968e-12
-3.117478299629232839e-12
-3.184735098727040545e-12
-3.249292801450527223e-12
-3.311000609005869012e-12
-3.369707722599241645e-12
-3.425263343436821665e-12
-3.477516672724786419e-12
-3.526316911669310027e-12
-3.571513261476569839e-12
-3.612954923352743606e-12
-3.650491098504005045e-12
-3.684011529428763211e-12
-3.713568123794348741e-12
-3.739253330560325997e-12
-3.761159598686257727e-12
-3.779379377131705871e-12
-3.794005114856235599e-12
-3.805129260819408044e-12
-3.812844263980786759e-12
-3.817242573299935301e-12
-3.818416637736417224e-12
-3.816458906249793661e-12
-3.811461827799628974e-12
-3.803517851345487526e-12
-3.792719425846929641e-12
-3.779159000263519682e-12
-3.762929023554821205e-12
-3.744121944680396956e-12
-3.722830212599809683e-12
-3.699146276272622134e-12
-3.673162584658398671e-12
-3.644971586716701233e-12
-3.614665731407093377e-12
-3.582337467689137849e-12
-3.548079244522396993e-12
-3.511983510866435979e-12
-3.474142715680815940e-12
-3.434649307925101239e-12
-3.393595736558854217e-12
-3.351074450541637221e-12
-3.307177898833015419e-12
-3.261998530392549944e-12
-3.215628794179804351e-12
-3.168161139154342194e-12
-3.119688014275725819e-12
-3.070301868503519183e-12
-3.020095150797284630e-12
-2.969160310116585715e-12
-2.917589795420985186e-12
-2.865476055670046193e-12
-2.812911539823331889e-12
-2.759988696840404616e-12
-2.706799975680828737e-12
-2.653437825304166193e-12
-2.599994694669980538e-12
-2.546563032737835327e-12
-2.493235288467292904e-12
-2.440103910817916016e-12
-2.387261348749268219e-12
-2.334800051220913471e-12
-2.282812467192413308e-12
-2.231372134542513498e-12
-2.180476946826683816e-12
-2.130105886519579481e-12
-2.080237936095852075e-12
-2.030852078030154800e-12
-1.981927294797139641e-12
-1.933442568871461413e-12
-1.885376882727771702e-12
-1.837709218840723301e-12
-1.790418559684969814e-12
-1.743483887735164440e-12
-1.696884185465959167e-12
-1.650598435352007800e-12
-1.604605619867962528e-12
-1.558884721488476753e-12
-1.513414722688203472e-12
-1.468174605941795277e-12
-1.423143353723905168e-12
-1.378299948509186140e-12
-1.333623372772291393e-12
-1.289092608987873319e-12
-1.244686639630585722e-12
-1.200384447175080591e-12
-1.156165014096011326e-12
-1.112007322868030723e-12
-1.067890355965791778e-12
-1.023793095863947490e-12
-9.796945250371508560e-13
-9.355736259600546707e-13
-8.914093811073116287e-13
-8.471807729535750302e-13
-8.028667839734977717e-13
-7.584463966417328504e-13
-7.138985934329327587e-13
-6.692023568217508978e-13
-6.243366692828399621e-13
-5.792805132908530498e-13
-5.340128713204428555e-13
-4.885127258462626791e-13
-4.427590593429651143e-13
-3.967308542852033601e-13
-3.504070931476301111e-13
-3.037667584048984653e-13
-2.567888325316611679e-13
-2.094522980025713926e-13
-1.617361372922819602e-13
-1.136193328754458174e-13
-6.508086722671584790e-14
-1.609972282074508062e-14
3.334511786781364495e-14
8.326719092335803797e-14
1.336501066664888228e-13
1.844699939768572536e-13
2.357029817341148748e-13
2.873251988179129153e-13
3.393127741079027049e-13
3.916418364837356998e-13
4.442885148250632549e-13
4.972289380115367760e-13
5.504392349228076182e-13
6.038955344385270355e-13
6.575739654383465345e-13
7.114506568019174198e-13
7.655017374088909962e-13
8.197033361389186691e-13
8.740315818716520461e-13
9.284626034867423308e-13
9.829725298638406260e-13
1.037537489882598640e-12
1.092133612422667476e-12
1.146737026363698640e-12
1.201323860585343638e-12
1.255870243967253776e-12
1.310352305389080156e-12
1.364746173730474689e-12
1.419027977871088073e-12
1.473173846690572218e-12
1.527159909068578026e-12
1.580962293884757205e-12
1.634557130018761060e-12
1.687920546350240894e-12
1.741028671758848418e-12
1.793857635124234329e-12
1.846383565326050942e-12
1.898582591243947946e-12
1.950430841757578866e-12
2.001904445746593595e-12
2.052979532090643638e-12
2.103632229669380906e-12
2.153838667362456906e-12
2.203574974049521932e-12
2.252817278610228299e-12
2.301541709924227513e-12
2.349724396871169869e-12
2.397341468330707682e-12
2.444369053182492054e-12
2.490783280306174088e-12
2.536560278581405695e-12
2.581676176887837572e-12
2.626107104105122035e-12
2.669834059138665619e-12
2.712857520996899006e-12
2.755182838714009123e-12
2.796815361324182894e-12
2.837760437861607242e-12
2.878023417360467477e-12
2.917609648854952139e-12
2.956524481379246536e-12
2.994773263967538401e-12
3.032361345654013850e-12
3.069294075472859403e-12
3.105576802458262390e-12
3.141214875644408925e-12
3.176213644065485935e-12
3.210578456755679939e-12
3.244314662749178266e-12
3.277427611080167032e-12
3.309922650782832757e-12
3.341805130891362771e-12
3.373080400439943189e-12
3.403753808462761339e-12
3.433830703994003743e-12
3.463316436067856517e-12
3.492216353718506181e-12
3.520535805980141276e-12
3.548280141886947109e-12
3.575454710473109394e-12
3.602064860772817479e-12
3.628115941820255056e-12
3.653613302649611474e-12
3.678562292295072041e-12
3.702968259790823278e-12
3.726836554171052512e-12
3.750172524469946265e-12
3.772981519721691057e-12
3.795268888960473409e-12
3.817039981220480648e-12
3.838300145535899295e-12
3.859054730940915871e-12
3.879309086469718512e-12
3.899068561156489698e-12
3.918338504035420798e-12
3.937124264140697525e-12
3.955431190506503974e-12
3.973264632167029091e-12
3.990629938156459395e-12
4.007532457508981407e-12
4.023977539258780032e-12
4.039970532440046637e-12
4.055516786086962896e-12
4.070621207298558021e-12
4.085286935433214218e-12
4.099516667914156387e-12
4.113313102164608617e-12
4.126678935607795000e-12
4.139616865666937202e-12
4.152129589765259314e-12
4.164219805325987850e-12
4.175890209772342862e-12
4.187143500527550864e-12
4.197982375014834330e-12
4.208409530657417351e-12
4.218427664878523210e-12
4.228039475101375191e-12
4.237247658749198190e-12
4.246054913245215491e-12
4.254463936012651185e-12
4.262477424474726939e-12
4.270098076054669266e-12
4.277328588175701450e-12
4.284171658261045157e-12
4.290629983733925287e-12
4.296706262017566738e-12
4.302403190535192791e-12
4.307723466710025115e-12
4.312669787965288608e-12
4.317244851724208976e-12
4.321451355410007887e-12
4.325291996445908622e-12
4.328769472255135273e-12
4.331886480260912738e-12
4.334645717886465108e-12
4.337049882555013242e-12
4.339101671689782846e-12
4.340803782713998011e-12
4.342158913050881211e-12
4.343169760123658154e-12
4.343839021355549698e-12
4.344169394169782357e-12
4.344163575989577799e-12
4.343824264238160114e-12
4.343154156338755009e-12
4.342155949714584150e-12
4.340832341788870820e-12
4.339186029984839918e-12
4.337219711725715535e-12
4.334936084434720144e-12
4.332337845535078646e-12
4.329427692450013514e-12
4.326208322602750455e-12
4.322681336041195782e-12
4.318843943312000048e-12
4.314692257586496027e-12
4.310222392036018110e-12
4.305430459831899881e-12
4.300312574145474921e-12
4.294864848148077622e-12
4.289083395011039950e-12
4.282964327905697913e-12
4.276503760003384285e-12
4.269697804475433456e-12
4.262542574493177394e-12
4.255034183227951297e-12
4.247168743851089557e-12
4.238942369533924140e-12
4.230351173447791052e-12
4.221391268764021453e-12
4.212058768653952157e-12
4.202349786288914323e-12
4.192260434840242343e-12
4.181786827479269798e-12
4.170925077377332696e-12
4.159671297705762194e-12
4.148021601635892686e-12
4.135972102339058560e-12
4.123518912986593399e-12
4.110658146749830787e-12
4.097385916800103499e-12
4.083698336308746733e-12
4.069591518447094879e-12
4.055061576386480713e-12
4.040104623298237009e-12
4.024716772353698159e-12
4.008894136724199361e-12
3.992632829581072582e-12
3.975928964095653020e-12
3.958778653439272643e-12
3.941178010783267457e-12
3.923123149298970236e-12
3.904610182157713757e-12
3.885635222530832410e-12
3.866194383589660585e-12
3.846283778505531864e-12
3.825899520449779832e-12
3.805037722593738879e-12
3.783694498108740971e-12
3.761865960166120500e-12
3.739548221937213471e-12
3.716737396593351045e-12
3.693429597305868420e-12
3.669621827524191835e-12
3.645314651810123820e-12
3.620509525003558348e-12
3.595207901944391816e-12
3.569411237472517794e-12
3.543120986427831469e-12
3.516338603650228024e-12
3.489065543979602647e-12
3.461303262255850118e-12
3.433053213318866028e-12
3.404316852008544754e-12
3.375095633164781077e-12
3.345391011627470184e-12
3.315204442236506856e-12
3.284537379831787087e-12
3.253391279253204850e-12
3.221767595340654926e-12
3.189667782934034119e-12
3.157093296873234784e-12
3.124045591998153321e-12
3.090526123148684914e-12
3.056536345164724345e-12
3.022077712886165993e-12
2.987151681152906253e-12
2.951759704804838293e-12
2.915903238681857702e-12
2.879583737623860473e-12
2.842802656470740984e-12
2.805561450062393209e-12
2.767861573238713142e-12
2.729704480839596775e-12
2.691091627704936872e-12
2.652024468674629828e-12
2.612504458588570427e-12
2.572533052286652642e-12
2.532111704608773273e-12
2.491241870394825892e-12
2.449925004484706491e-12
2.408162561718308641e-12
2.365955996935529143e-12
2.323306764976261162e-12
2.280216320680401096e-12
2.236686118887843324e-12
2.192717614438482625e-12
2.148312262172214591e-12
2.103471516928933599e-12
2.058196833548534835e-12
2.012489666870913483e-12
1.966351471735964327e-12
1.919783702983582147e-12
1.872792474651352212e-12
1.825402537567618105e-12
1.777643301758413289e-12
1.729544177249771632e-12
1.681134574067726598e-12
1.632443902238311649e-12
1.583501571787560856e-12
1.534336992741507278e-12
1.484979575126184985e-12
1.435458728967627642e-12
1.385803864291868309e-12
1.336044391124941056e-12
1.286209719492878941e-12
1.236329259421716439e-12
1.186432420937486407e-12
1.136548614066223319e-12
1.086707248833959830e-12
1.036937735266729808e-12
9.872694833905673225e-13
9.377319032315054329e-13
8.883544048155781079e-13
8.391663981688189121e-13
7.901972933172613090e-13
7.414765002869388632e-13
6.930334291038854423e-13
6.448974897941346108e-13
5.970980923837196304e-13
5.496646468986745706e-13
5.026265633650327939e-13
4.560132518088282690e-13
4.098541222560938534e-13
3.641785847328638692e-13
3.190160492651716790e-13
2.743959258790507969e-13
2.303476246005349388e-13
1.869005554556578714e-13
1.440841284704529068e-13
1.019277536709538116e-13
6.046084108319415021e-14
1.971280073320770194e-14
-2.028695735297222110e-14
-5.950902314931176403e-14
-9.792398662977742537e-14
-1.355024377683355143e-13
-1.722149665389524537e-13
-2.080321629155947041e-13
-2.429246168722286000e-13
-2.768629183828204758e-13
-3.098176574213367670e-13
-3.417594239617438585e-13
-3.726675199100434102e-13
-4.025560949003778292e-13
-4.314480104989249994e-13
-4.593661282718626027e-13
-4.863333097853684223e-13
-5.123724166056202411e-13
-5.375063102987957411e-13
-5.617578524310725034e-13
-5.851499045686287148e-13
-6.077053282776418554e-13
-6.294469851242897083e-13
-6.503977366747500564e-13
-6.705804444952005817e-13
-6.900179701518190672e-13
-7.087331752107833969e-13
-7.267489212382710509e-13
-7.440880698004600141e-13
-7.607734824635279685e-13
-7.768280207936527981e-13
-7.922745463570119830e-13
-8.071359207197835081e-13
-8.214350054481450554e-13
-8.351946621082743069e-13
-8.484377522663489447e-13
-8.611871374885469537e-13
-8.734656793410460160e-13
-8.852962393900241164e-13
-8.967016792016584321e-13
-9.077048603421269481e-13
-9.183286443776075483e-13
-9.285958928742780157e-13
-9.385294673983161333e-13
-9.481522295158994822e-13
-9.574870407932058453e-13
-9.665567627964128037e-13
-9.753842570916985444e-13
-9.839923852452406482e-13
-9.924040088232166963e-13
-1.000641989391804674e-12
-1.008729188517182161e-12
-1.016688467765526942e-12
-1.024542688703016799e-12
-1.032314712895829314e-12
-1.040027401910142672e-12
-1.047703617312134254e-12
-1.055366220667981842e-12
-1.063038073543863422e-12
-1.070742037505956573e-12
-1.078500974120438878e-12
-1.086337744953488523e-12
-1.094270004588033343e-12
-1.102294579674002789e-12
-1.110403089878076769e-12
-1.118587154866934787e-12
-1.126838394307257154e-12
-1.135148427865723373e-12
-1.143508875209013555e-12
-1.151911356003806999e-12
-1.160347489916783816e-12
-1.168808896614624318e-12
-1.177287195764007401e-12
-1.185774007031613377e-12
-1.194260950084122153e-12
-1.202739644588213436e-12
-1.211201710210566526e-12
-1.219638766617862340e-12
-1.228042433476779979e-12
-1.236404330453999147e-12
-1.244716077216199955e-12
-1.252969293430061905e-12
-1.261155598762265107e-12
-1.269266612879489873e-12
-1.277293955448414897e-12
-1.285229246135720491e-12
-1.293064104608086968e-12
-1.300790150532193627e-12
-1.308399003574720175e-12
-1.315882283402346721e-12
-1.323231609681752970e-12
-1.330438602079618830e-12
-1.337494880262623805e-12
-1.344392063897448205e-12
-1.351121772650771737e-12
-1.357675626189273701e-12
-1.364045244179634409e-12
-1.370222246288533567e-12
-1.376198252182651283e-12
-1.381964881528666658e-12
-1.387513753993260003e-12
-1.392836489243111427e-12
-1.397924706944899625e-12
-1.402770026765305516e-12
-1.407364068371008804e-12
-1.411698451428688993e-12
-1.415764795605025789e-12
-1.419554720566699502e-12
-1.423059845980389435e-12
-1.426271791512775696e-12
-1.429182176830537789e-12
-1.431782621600356026e-12
-1.434066621655692868e-12
-1.436035177497144622e-12
-1.437691165792089345e-12
-1.439037463207906302e-12
-1.440076946411973751e-12
-1.440812492071671563e-12
-1.441246976854377388e-12
-1.441383277427470697e-12
-1.441224270458330350e-12
-1.440772832614334807e-12
-1.440031840562862930e-12
-1.439004170971293380e-12
-1.437692700507005624e-12
-1.436100305837377718e-12
-1.434229863629788524e-12
-1.432084250551617511e-12
-1.429666343270243137e-12
-1.426979018453043456e-12
-1.424025152767398543e-12
-1.420807622880686049e-12
-1.417329305460285846e-12
-1.413593077173576191e-12
-1.409601814687935743e-12
-1.405358394670743366e-12
-1.400865693789378124e-12
-1.396126588711218476e-12
-1.391143956103643486e-12
-1.385920672634032017e-12
-1.380459614969762526e-12
-1.374763659778214281e-12
-1.368835683726765943e-12
-1.362678563482795766e-12
-1.356295175713683221e-12
-1.349688397086806968e-12
-1.342861104269545465e-12
-1.335816173929278180e-12
-1.328556482733383168e-12
-1.321084907349239898e-12
-1.313404324444226626e-12
-1.305517610685722417e-12
-1.297427642741106133e-12
-1.289137297277756232e-12
-1.280649450963052184e-12
-1.271966980464372042e-12
-1.263092762449095275e-12
-1.254029673584600140e-12
-1.244780590538265499e-12
-1.235348389977470417e-12
-1.225735948569593958e-12
-1.215946142982014176e-12
-1.205981798355598977e-12
-1.195845533725171016e-12
-1.185539916599040984e-12
-1.175067514485520578e-12
-1.164430894892920085e-12
-1.153632625329551001e-12
-1.142675273303724621e-12
-1.131561406323751836e-12
-1.120293591897943941e-12
-1.108874397534611828e-12
-1.097306390742066992e-12
-1.085592139028620123e-12
-1.073734209902582516e-12
-1.061735170872265466e-12
-1.049597589445979662e-12
-1.037324033132036803e-12
-1.024917069438747578e-12
-1.012379265874423080e-12
-9.997131899473746038e-13
-9.869214091659130406e-13
-9.740064910383498872e-13
-9.609710030729958327e-13
-9.478175127781625760e-13
-9.345485876621606042e-13
-9.211667952333012122e-13
-9.076747029998956951e-13
-8.940748784702552467e-13
-8.803698891526905561e-13
-8.665623025555130194e-13
-8.526546861870337294e-13
-8.386496075555637792e-13
-8.245496341694144636e-13
-8.103573335368966739e-13
-7.960752731663216038e-13
-7.817060205660001445e-13
-7.672521432442439948e-13
-7.527162087093636418e-13
-7.381007844696704815e-13
-7.234084380334757079e-13
-7.086417369090903128e-13
-6.938032486048252885e-13
-6.788955406289920307e-13
-6.639211804899015315e-13
-6.488827356958648839e-13
-6.337827737551931809e-13
-6.186238621761976164e-13
-6.034085684671891825e-13
-5.881394601364791742e-13
-5.728191046923786843e-13
-5.574500696431986040e-13
-5.420357169367670182e-13
-5.265825862789785667e-13
-5.110980118152446791e-13
-4.955893276909769872e-13
-4.800638680515869205e-13
-4.645289670424858079e-13
-4.489919588090852306e-13
-4.334601774967967192e-13
-4.179409572510315520e-13
-4.024416322172015626e-13
-3.869695365407178778e-13
-3.715320043669920284e-13
-3.561363698414356964e-13
-3.407899671094601097e-13
-3.255001303164768999e-13
-3.102741936078975977e-13
-2.951194911291334309e-13
-2.800433570255960311e-13
-2.650531254426968281e-13
-2.501561305258474536e-13
-2.353597064204591857e-13
-2.206711872719435805e-13
-2.060979072257121686e-13
-1.916472004271763041e-13
-1.773264010217474670e-13
-1.631428431548371882e-13
-1.491038609718570236e-13
-1.352167886182183018e-13
-1.214889602393326042e-13
-1.079277099806113351e-13
-9.454037198746597484e-14
-8.133428040530802878e-14
-6.831676937954900239e-14
-5.549517305560028123e-14
-4.287682557887340231e-14
-3.046906109477985213e-14
-1.827921374873104780e-14
-6.314617686138494775e-15
5.417392947586333056e-15
1.690948400703190499e-14
2.815432134678686074e-14
3.914457082143963804e-14
4.987289828557878194e-14
6.033196959379283115e-14
7.051445060067028655e-14
8.041300716079971839e-14
9.002030512876960863e-14
9.932901035916848966e-14
1.083317887065849065e-13
1.170213060256073538e-13
1.253922487061492892e-13
1.334473852794237333e-13
1.411915048119686571e-13
1.486293963703219813e-13
1.557658490210216265e-13
1.626056518306056144e-13
1.691535938656118149e-13
1.754144641925782245e-13
1.813930518780427133e-13
1.870941459885433029e-13
1.925225355906179139e-13
1.976830097508044922e-13
2.025803575356410088e-13
2.072193680116653340e-13
2.116048302454154893e-13
2.157415333034293448e-13
2.196342662522449221e-13
2.232878181584000662e-13
2.267069780884328237e-13
2.298965351088811407e-13
2.328612782862828620e-13
2.356059966871760345e-13
2.381354793780985534e-13
2.404545154255883647e-13
2.425678938961834142e-13
2.444804038564216479e-13
2.461968343728410114e-13
2.477219745119794508e-13
2.490606133403749119e-13
2.502175399245653405e-13
2.511975433310886825e-13
2.520054126264828838e-13
2.526459368772858902e-13
2.531239051500356475e-13
2.534441065112700513e-13
2.536113300275270977e-13
2.536303647653447327e-13
2.535059997912609022e-13
2.532430241718135519e-13
2.528462269735405773e-13
2.523203972629799747e-13
2.516703241066696395e-13
2.509007965711476186e-13
2.500166037229517062e-13
2.490225346286199998e-13
2.479233783546903948e-13
2.467239239677006854e-13
2.454289605341890196e-13
2.440432771206932927e-13
2.425716627937514001e-13
2.410180443792442271e-13
2.393828997404240128e-13
2.376658444998860873e-13
2.358664942802256798e-13
2.339844647040380194e-13
2.320193713939182845e-13
2.299708299724617044e-13
2.278384560622636092e-13
2.256218652859191521e-13
2.233206732660235876e-13
2.209344956251721447e-13
2.184629479859600525e-13
2.159056459709825654e-13
2.132622052028348620e-13
2.105322413041121967e-13
2.077153698974098489e-13
2.048112066053229974e-13
2.018193670504468965e-13
1.987394668553767500e-13
1.955711216427078124e-13
1.923139470350352873e-13
1.889675586549544797e-13
1.855315721250605935e-13
1.820056030679487819e-13
1.783892671062143246e-13
1.746821798624525265e-13
1.708839569592585408e-13
1.669942140192275714e-13
1.630125666649549485e-13
1.589386305190358254e-13
1.547720212040654564e-13
1.505123543426390959e-13
1.461592455573519224e-13
1.417123104707992156e-13
1.371711647055762047e-13
1.325354238842780933e-13
1.278047036295001359e-13
1.229786195638375616e-13
1.180567873098855995e-13
1.130388224902394786e-13
1.079243407274944281e-13
1.027129576442457024e-13
9.740428886308849256e-14
9.199795000661804044e-14
8.649355669742961296e-14
8.089072455811842660e-14
7.518906921127968522e-14
6.938820627950865578e-14
6.348775138540054215e-14
5.748732015155059867e-14
5.138692766496667162e-14
4.518818687030706975e-14
3.889311017664277581e-14
3.250370999304471573e-14
2.602199872858384069e-14
1.944998879233110819e-14
1.278969259335746152e-14
6.043122540733850289e-15
-7.877089564687853706e-16
-7.700789489179484807e-15
-1.469410664832730157e-14
-2.176564802484128606e-14
-2.891340120965050129e-14
-3.613535379368398345e-14
-4.342949336787078137e-14
-5.079380752313995647e-14
-5.822628385042058284e-14
-6.572490994064165878e-14
-7.328767338473225206e-14
-8.091256177362145567e-14
-8.859756269823826162e-14
-9.634066374951176292e-14
-1.041398525183710273e-13
-1.119931165957450216e-13
-1.198984435725628765e-13
-1.278538210397536600e-13
-1.358572365882463135e-13
-1.439066778089699678e-13
-1.520001322928536529e-13
-1.601355876308264491e-13
-1.683110314138174115e-13
-1.765244512327555197e-13
-1.847738346785699295e-13
-1.930571693421895953e-13
-2.013724428145435721e-13
-2.097176426865610413e-13
-2.180907565491708560e-13
-2.264897719933022229e-13
-2.349126766098841971e-13
-2.433574579898456570e-13
-2.518221037241158344e-13
-2.603046014036237088e-13
-2.688029386192983604e-13
-2.773151029620688193e-13
-2.858390820228641657e-13
-2.943728633926133286e-13
-3.029144346622454893e-13
-3.114617834226896777e-13
-3.200128972648749742e-13
-3.285657637797303077e-13
-3.371184648613958756e-13
-3.456694596168557883e-13
-3.542173014563053236e-13
-3.627605437899396586e-13
-3.712977400279540206e-13
-3.798274435805435361e-13
-3.883482078579035840e-13
-3.968585862702291896e-13
-4.053571322277157320e-13
-4.138423991405583880e-13
-4.223129404189522841e-13
-4.307673094730925973e-13
-4.392040597131747063e-13
-4.476217445493937881e-13
-4.560189173919449187e-13
-4.643941316510235275e-13
-4.727459407368246399e-13
-4.810728980595433824e-13
-4.893735570293752852e-13
-4.976464710565153740e-13
-5.058901935511587751e-13
-5.141032779235009178e-13
-5.222842775837368277e-13
-5.304317459420617322e-13
-5.385442364086710607e-13
-5.466203023937597375e-13
-5.546584973075231922e-13
-5.626573745601565511e-13
-5.706154875618548398e-13
-5.785313897228135885e-13
-5.864036344532279237e-13
-5.942307751632929719e-13
-6.020113652632039605e-13
-6.097439581631561168e-13
-6.174271072733446683e-13
-6.250593660039648425e-13
-6.326392877652118667e-13
-6.401654259672807665e-13
-6.476363340203670720e-13
-6.550505653346657080e-13
-6.624066733203720027e-13
-6.697032113876811835e-13
-6.769387329467886799e-13
-6.841117914078891134e-13
-6.912209401811783172e-13
-6.982647326768511149e-13
-7.052417223051028350e-13
-7.121504624761287047e-13
-7.189895066001240525e-13
-7.257574080872839039e-13
-7.324524645926507102e-13
-7.390719507506561217e-13
-7.456128854405784065e-13
-7.520722875416965400e-13
-7.584471759332890932e-13
-7.647345694946344355e-13
-7.709314871050116429e-13
-7.770349476436989837e-13
-7.830419699899753322e-13
-7.889495730231194614e-13
-7.947547756224095387e-13
-8.004545966671246402e-13
-8.060460550365432362e-13
-8.115261696099439988e-13
-8.168919592666053982e-13
-8.221404428858067126e-13
-8.272686393468258064e-13
-8.322735675289415536e-13
-8.371522463114329294e-13
-8.419016945735782022e-13
-8.465189311946562460e-13
-8.510009750539457330e-13
-8.553448450307249316e-13
-8.595475600042728168e-13
-8.636061388538680610e-13
-8.675176004587892352e-13
-8.712789636983149107e-13
-8.748872474517237598e-13
-8.783394705982943536e-13
-8.816326520173055663e-13
-8.847638105880358681e-13
-8.877299651897639313e-13
-8.905281347017686299e-13
-8.931553380033280304e-13
-8.956085939737214108e-13
-8.978849214922270393e-13
-8.999813394381237902e-13
-9.018948666906900327e-13
-9.036225221292047419e-13
-9.051613246329462871e-13
-9.065082930811933405e-13
-9.076604463532246753e-13
-9.086148033283189636e-13
-9.093683828857546758e-13
-9.099182039048106859e-13
-9.102612852647652623e-13
-9.103946458448974811e-13
-9.103153045244857115e-13
-9.100202801828087267e-13
-9.095065916991450980e-13
-9.087723506464188463e-13
-9.078200393721355898e-13
-9.066532329174458919e-13
-9.052755063235009213e-13
-9.036904346314513423e-13
-9.019015928824478190e-13
-8.999125561176416214e-13
-8.977268993781832116e-13
-8.953481977052236576e-13
-8.927800261399138256e-13
-8.900259597234043796e-13
-8.870895734968460848e-13
-8.839744425013902112e-13
-8.806841417781872208e-13
-8.772222463683880809e-13
-8.735923313131437583e-13
-8.697979716536048163e-13
-8.658427424309222219e-13
-8.617302186862471441e-13
-8.574639754607298431e-13
-8.530475877955216900e-13
-8.484846307317731468e-13
-8.437786793106352815e-13
-8.389333085732586575e-13
-8.339520935607946455e-13
-8.288386093143936068e-13
-8.235964308752066094e-13
-8.182291332843845194e-13
-8.127402915830778999e-13
-8.071334808124378190e-13
-8.014122760136151428e-13
-7.955802522277607372e-13
-7.896409844960253675e-13
-7.835980478595600006e-13
-7.774550173595150988e-13
-7.712154680370420330e-13
-7.648829749332911643e-13
-7.584611130894137628e-13
-7.519534575465602907e-13
-7.453635833458820179e-13
-7.386950655285293056e-13
-7.319514791356534237e-13
-7.251363992084049356e-13
-7.182534007879349090e-13
-7.113060589153939074e-13
-7.042979486319329985e-13
-6.972326449787029476e-13
-6.901137229968546207e-13
-6.829447577275388839e-13
-6.757293242119065023e-13
-6.684704310083329283e-13
-6.611688207440919602e-13
-6.538246695636819822e-13
-6.464381536116012781e-13
-6.390094490323480302e-13
-6.315387319704208251e-13
-6.240261785703177443e-13
-6.164719649765373743e-13
-6.088762673335777965e-13
-6.012392617859377995e-13
-5.935611244781151619e-13
-5.858420315546084700e-13
-5.780821591599161084e-13
-5.702816834385363607e-13
-5.624407805349675102e-13
-5.545596265937081435e-13
-5.466383977592562411e-13
-5.386772701761102886e-13
-5.306764199887684684e-13
-5.226360233417295690e-13
-5.145562563794913690e-13
-5.064372952465527577e-13
-4.982793160874117157e-13
-4.900824950465664257e-13
-4.818470082685155749e-13
-4.735730318977573460e-13
-4.652607420787902244e-13
-4.569103149561122917e-13
-4.485219266742220334e-13
-4.400957533776177833e-13
-4.316319712107978756e-13
-4.231307563182605433e-13
-4.145922848445043224e-13
-4.060167329340272943e-13
-3.974042767313279951e-13
-3.887550923809047587e-13
-3.800693560272557678e-13
-3.713472438148794572e-13
-3.625889318882742114e-13
-3.537945963919383141e-13
-3.449644134703699981e-13
-3.360985592680677996e-13
-3.271972099295299514e-13
-3.182605415992547371e-13
-3.092887304217406422e-13
-3.002819525414857988e-13
-2.912403841029886417e-13
-2.821642012507475555e-13
-2.730535801292608743e-13
-2.639086968830268814e-13
-2.547298119190616843e-13
-2.455175226944525335e-13
-2.362725109288043521e-13
-2.269954583417221641e-13
-2.176870466528109178e-13
-2.083479575816756118e-13
-1.989788728479211945e-13
-1.895804741711526897e-13
-1.801534432709750711e-13
-1.706984618669933120e-13
-1.612162116788123608e-13
-1.517073744260372162e-13
-1.421726318282729021e-13
-1.326126656051243416e-13
-1.230281574761965081e-13
-1.134197891610944257e-13
-1.037882423794230426e-13
-9.413419885078733220e-14
-8.445834029479230597e-14
-7.476134843104289951e-14
-6.504390497914412417e-14
-5.530669165870097870e-14
-4.555039018931838608e-14
-3.577568229060137032e-14
-2.598324968215487334e-14
-1.617377408358389703e-14
-6.347937214493456705e-15
3.493579205511530156e-15
1.335009345682607192e-14
2.322092381984515170e-14
3.310538857496383387e-14
4.300280600257712600e-14
5.291249438308002306e-14
6.283377199686757678e-14
7.276595712433479474e-14
8.270836804587670346e-14
9.266032304188831680e-14
1.026211403927646739e-13
1.125901383789007761e-13
1.225666352806916623e-13
1.325499493785322962e-13
1.425393989528177924e-13
1.525343022839430767e-13
1.625339776523032510e-13
1.725377433382932916e-13
1.825449176223082502e-13
1.925548187847430774e-13
2.025667651059928252e-13
2.125800748664526209e-13
2.225940663465173396e-13
