# pp
1.613058568525253561e-07
2.466667915967927636e-07
3.216516903213056045e-07
3.872371665356395039e-07
4.445556162000599017e-07
4.948738462169122325e-07
5.392105278905924916e-07
5.784417066540798259e-07
6.131714643524352100e-07
6.441245581437990269e-07
6.715892873705761218e-07
6.959562973050930690e-07
7.176421652116634530e-07
7.369173471765511223e-07
7.540166020662517211e-07
7.691780210462384473e-07
7.826154112528775892e-07
7.944421114071318322e-07
8.047623676761059052e-07
8.137445244268774795e-07
8.215527878833900825e-07
8.282707134970774042e-07
8.339673664462274090e-07
8.387345015890572203e-07
8.426649733836356115e-07
8.458333450075101731e-07
8.482988717729516839e-07
8.500778688116437995e-07
8.511911741523146931e-07
8.517206575924562491e-07
8.517508222665876897e-07
8.513156728885728187e-07
8.504390725632865507e-07
8.491548163803041914e-07
8.474978382851996241e-07
8.454976956628385361e-07
8.431809120380862375e-07
8.405672520565159967e-07
8.376747906438777802e-07
8.345217741342417129e-07
8.311271344949596111e-07
8.275099751017033436e-07
8.236893993301449907e-07
8.196845105559564211e-07
8.155133390577648582e-07
8.111896227260175669e-07
8.067260263541170612e-07
8.021352147354660666e-07
7.974298526634666736e-07
7.926218266427227962e-07
7.877199100226417265e-07
7.827320978638322627e-07
7.776663852269026735e-07
7.725307671724615455e-07
7.673326806538842461e-07
7.620773301956128439e-07
7.567693622148562942e-07
7.514134231288232350e-07
7.460141593547228334e-07
7.405765868765115286e-07
7.351071999451371767e-07
7.296128623782950115e-07
7.241004379936810080e-07
7.185767906089904001e-07
7.130481522157018790e-07
7.075182275004269056e-07
7.019900893235597632e-07
6.964668105454953701e-07
6.909514640266277975e-07
6.854467021589388911e-07
6.799534954607579940e-07
6.744723939820021175e-07
6.690039477725876377e-07
6.635487068824312486e-07
6.581075473062083963e-07
6.526826488176286904e-07
6.472765171351611281e-07
6.418916579772742830e-07
6.365305770624365172e-07
6.311956297978655570e-07
6.258885703457738332e-07
6.206110025571229294e-07
6.153645302828741112e-07
6.101507573739889623e-07
6.049711335114555705e-07
5.998264916963697360e-07
5.947175107598536575e-07
5.896448695330295336e-07
5.846092468470198808e-07
5.796112364077109682e-07
5.746510914200450292e-07
5.697289799637281560e-07
5.648450701184666523e-07
5.599995299639661870e-07
5.551925275799333813e-07
5.504242310460741158e-07
5.456948084420946942e-07
5.410044278477012087e-07
5.363532573425996456e-07
5.317414650064962027e-07
5.271692189190971841e-07
5.226366871601084701e-07
5.181440378092364703e-07
5.136914389461872770e-07
5.092790586506667706e-07
5.049070650023812547e-07
5.005756260810368217e-07
4.962849099663397754e-07
4.920350847379961019e-07
4.878262518507948861e-07
4.836582462598563355e-07
4.795308362953838625e-07
4.754437902875806671e-07
4.713968765666499499e-07
4.673898634627949641e-07
4.634225193062190687e-07
4.594946124271253583e-07
4.556059111557172449e-07
4.517561838221978230e-07
4.479451987567703988e-07
4.441727242896381197e-07
4.404385287510043977e-07
4.367423804710723273e-07
4.330840477800452677e-07
4.294632990081264192e-07
4.258799024855189820e-07
4.223336265424262625e-07
4.188242395090515139e-07
4.153515097155978835e-07
4.119151884032367181e-07
4.085149584570113679e-07
4.051504856729331706e-07
4.018214358470135168e-07
3.985274747752637444e-07
3.952682682536952439e-07
3.920434820783194590e-07
3.888527820451475687e-07
3.856958339501911754e-07
3.825723035894614050e-07
3.794818567589698600e-07
3.764241592547277193e-07
3.733988768727464795e-07
3.704056754090374253e-07
3.674442206596120005e-07
3.645141784204815427e-07
3.616152144876574426e-07
3.587469946571509850e-07
3.559091847249736136e-07
3.531014504871367189e-07
3.503234678915473937e-07
3.475749534936962788e-07
3.448556340009695055e-07
3.421652361207535227e-07
3.395034865604346202e-07
3.368701120273990881e-07
3.342648392290332694e-07
3.316873948727235068e-07
3.291375056658559317e-07
3.266148983158170457e-07
3.241192995299932447e-07
3.216504360157705011e-07
3.192080344805354225e-07
3.167918216316742989e-07
3.144015241765733673e-07
3.120368688226189177e-07
3.096975822771972931e-07
3.073833912476948364e-07
3.050940224414978375e-07
3.028292025659926924e-07
3.005886583285655321e-07
2.983721164366029115e-07
2.961793035974909616e-07
2.940099465186160254e-07
2.918637719073644458e-07
2.897405086985051266e-07
2.876398947363373740e-07
2.855616700925430019e-07
2.835055748388037716e-07
2.814713490468018146e-07
2.794587327882186804e-07
2.774674661347363947e-07
2.754972891580368245e-07
2.735479419298017840e-07
2.716191645217131400e-07
2.697106970054527596e-07
2.678222794527024039e-07
2.659536519351441516e-07
2.641045545244597110e-07
2.622747272923308960e-07
2.604639103104396265e-07
2.586718436504678226e-07
2.568982673840972454e-07
2.551429215830097617e-07
2.534055463188873975e-07
2.516858816634117021e-07
2.499836676882648601e-07
2.482986444651284738e-07
2.466305520656845690e-07
2.449791305616149068e-07
2.433441374105356200e-07
2.417253996137999573e-07
2.401227615586952215e-07
2.385360676325089270e-07
2.369651622225285354e-07
2.354098897160412965e-07
2.338700945003347776e-07
2.323456209626963875e-07
2.308363134904135348e-07
2.293420164707736809e-07
2.278625742910641815e-07
2.263978313385724983e-07
2.249476320005860662e-07
2.235118206643922940e-07
2.220902417172785901e-07
2.206827395465324692e-07
2.192891585394412339e-07
2.179093430832923457e-07
2.165431375653732928e-07
2.151903863729714572e-07
2.138509338933742741e-07
2.125246245138691785e-07
2.112113026217435260e-07
2.099108126042848047e-07
2.086229988487804233e-07
2.073477057425178432e-07
2.060847776727844731e-07
2.048340590268677216e-07
2.035953941920549444e-07
2.023686275556337353e-07
2.011536035048913706e-07
1.999501664271153384e-07
1.987581607095930472e-07
1.975774307396119586e-07
1.964078209044594283e-07
1.952491755914229443e-07
1.941013391877899152e-07
1.929641560808477762e-07
1.918374706578839357e-07
1.907211273061858289e-07
1.896149704130408908e-07
1.885188443657364772e-07
1.874325935515601026e-07
1.863560623577991490e-07
1.852890951717410515e-07
1.842315363806732188e-07
1.831832303718830860e-07
1.821440215326580881e-07
1.811137542502856866e-07
1.800922729120532373e-07
1.790794351485664834e-07
1.780751515637043736e-07
1.770793460046640328e-07
1.760919423186427709e-07
1.751128643528376861e-07
1.741420359544460355e-07
1.731793809706650231e-07
1.722248232486918265e-07
1.712782866357236763e-07
1.703396949789578031e-07
1.694089721255913315e-07
1.684860419228215450e-07
1.675708282178455948e-07
1.666632548578607115e-07
1.657632456900640990e-07
1.648707245616529616e-07
1.639856153198244504e-07
1.631078418117758488e-07
1.622373278847043344e-07
1.613739973858070850e-07
1.605177741622813310e-07
1.596685820613243030e-07
1.588263449301330992e-07
1.579909866159050296e-07
1.571624309658372717e-07
1.563406018271270298e-07
1.555254230469714814e-07
1.547168184725678835e-07
1.539147119511133608e-07
1.531190273298051703e-07
1.523296884558405161e-07
1.515466191764166024e-07
1.507697433387306067e-07
1.499989847899797860e-07
1.492342673773612650e-07
1.484755149480723273e-07
1.477226513493101240e-07
1.469756004282718856e-07
1.462342860321547897e-07
1.454986320081560669e-07
1.447685622034729214e-07
1.440440004653025571e-07
1.433248706408421517e-07
1.426110965772889357e-07
1.419026021218400868e-07
1.411993111216928885e-07
1.405011474240443861e-07
1.398080348760919423e-07
1.391198973250326820e-07
1.384366586180638357e-07
1.377582488050167065e-07
1.370846227462589940e-07
1.364157415047926025e-07
1.357515661436193307e-07
1.350920577257410564e-07
1.344371773141595520e-07
1.337868859718766687e-07
1.331411447618942847e-07
1.324999147472142249e-07
1.318631569908383408e-07
1.312308325557684840e-07
1.306029025050064001e-07
1.299793279015540729e-07
1.293600698084131952e-07
1.287450892885857242e-07
1.281343474050734322e-07
1.275278052208781971e-07
1.269254237990017910e-07
1.263271642024461183e-07
1.257329874942130305e-07
1.251428547373042998e-07
1.245567269947218041e-07
1.239745653294674214e-07
1.233963308045428973e-07
1.228219844829501363e-07
1.222514874276909898e-07
1.216848007017672830e-07
1.211218853681808144e-07
1.205627024899334354e-07
1.200072131300270241e-07
1.194553783514634055e-07
1.189071592172444047e-07
1.183625167903718863e-07
1.178214121338476622e-07
1.172838063106735575e-07
1.167496603838514500e-07
1.162189354163831781e-07
1.156915924712705404e-07
1.151675926115154412e-07
1.146468969001196527e-07
1.141294664000850264e-07
1.136152621744134403e-07
1.131042452861067194e-07
1.125963767981666887e-07
1.120916177735951866e-07
1.115899292753940512e-07
1.110912723665651341e-07
1.105956081101102868e-07
1.101028975690313344e-07
1.096131018063300886e-07
1.091261851767568932e-07
1.086421252020558891e-07
1.081609026957197360e-07
1.076824984712410537e-07
1.072068933421124623e-07
1.067340681218266344e-07
1.062640036238761637e-07
1.057966806617536965e-07
1.053320800489518527e-07
1.048701825989633184e-07
1.044109691252806606e-07
1.039544204413965390e-07
1.035005173608036131e-07
1.030492406969944764e-07
1.026005712634617754e-07
1.021544898736981828e-07
1.017109773411962525e-07
1.012700144794486837e-07
1.008315821019480699e-07
1.003956610221870840e-07
9.996223205365833270e-08
9.953127600985446235e-08
9.910277370426809289e-08
9.867670595039185747e-08
9.825305356171840249e-08
9.783179735174034788e-08
9.741291813395035326e-08
9.699639672184101209e-08
9.658221392890498401e-08
9.617035056863491539e-08
9.576078745452339970e-08
9.535350540006310980e-08
9.494848521874666562e-08
9.454570772406668708e-08
9.414515372951580734e-08
9.374680404858667279e-08
9.335063949477192983e-08
9.295664088156419838e-08
9.256478902245609837e-08
9.217506473094027619e-08
9.178744882050936500e-08
9.140192210465599796e-08
9.101846539687280823e-08
9.063705951065242897e-08
9.025768525948750657e-08
8.988032345687064772e-08
8.950495491629449882e-08
8.913156045125170626e-08
8.876012087523487672e-08
8.839061700173666985e-08
8.802303115530898344e-08
8.765735170474086654e-08
8.729356852988061960e-08
8.693167151057660924e-08
8.657165052667710944e-08
8.621349545803043391e-08
8.585719618448493602e-08
8.550274258588892946e-08
8.515012454209072792e-08
8.479933193293863186e-08
8.445035463828100790e-08
8.410318253796613002e-08
8.375780551184233838e-08
8.341421343975793343e-08
8.307239620156125533e-08
8.273234367710065748e-08
8.239404574622438737e-08
8.205749228878079842e-08
8.172267318461821753e-08
8.138957831358497163e-08
8.105819755552933470e-08
8.072852079029968661e-08
8.040053789774432781e-08
8.007423875771153227e-08
7.974961325004969310e-08
7.942665125460709752e-08
7.910534265123204597e-08
7.878567731977287861e-08
7.846764514007789590e-08
7.815123599199545123e-08
7.783643975537384504e-08
7.752324631006140427e-08
7.721164553590644260e-08
7.690162731275727371e-08
7.659318152046221130e-08
7.628629803886959552e-08
7.598096674782775329e-08
7.567717752718498506e-08
7.537492025678961777e-08
7.507418481648996508e-08
7.477496108613434070e-08
7.447723894557107155e-08
7.418100827464851101e-08
7.388625895321493306e-08
7.359298086111866464e-08
7.330116387820803266e-08
7.301079788433133758e-08
7.272187275933695925e-08
7.243437838307315843e-08
7.214830463538828851e-08
7.186364187737104248e-08
7.158038239507184241e-08
7.129851895578143669e-08
7.101804432679065317e-08
7.073895127539022703e-08
7.046123256887097287e-08
7.018488097452366557e-08
6.990988925963910649e-08
6.963625019150808377e-08
6.936395653742138552e-08
6.909300106466977340e-08
6.882337654054403554e-08
6.855507573233498654e-08
6.828809140733340127e-08
6.802241633283005464e-08
6.775804327611574799e-08
6.749496500448126947e-08
6.723317428521736748e-08
6.697266388561488310e-08
6.671342657296457797e-08
6.645545511455721376e-08
6.619874227768363153e-08
6.594328082963456646e-08
6.568906353770083315e-08
6.543608316917320649e-08
6.518433249134248784e-08
6.493380427149945209e-08
6.468449127693487412e-08
6.443638627493955531e-08
6.418948203280428378e-08
6.394377131781984764e-08
6.369924689727702180e-08
6.345590153846660761e-08
6.321372800867936672e-08
6.297271907520610050e-08
6.273286750533761031e-08
6.249416606636467104e-08
6.225660752557804434e-08
6.202018465026855804e-08
6.178489020772697379e-08
6.155071696524407974e-08
6.131765769011066399e-08
6.108570514961752790e-08
6.085485211105543315e-08
6.062509134171519431e-08
6.039641560888755981e-08
6.016881767986334424e-08
5.994229032193333574e-08
5.971682630238830918e-08
5.949241838851905932e-08
5.926905976802348921e-08
5.904674531022802786e-08
5.882547030486622582e-08
5.860523004167164026e-08
5.838601981037781511e-08
5.816783490071828770e-08
5.795067060242662181e-08
5.773452220523637461e-08
5.751938499888109666e-08
5.730525427309431867e-08
5.709212531760960441e-08
5.687999342216051106e-08
5.666885387648058256e-08
5.645870197030334961e-08
5.624953299336239584e-08
5.604134223539125859e-08
5.583412498612348839e-08
5.562787653529262258e-08
5.542259217263223817e-08
5.521826718787585925e-08
5.501489687075704960e-08
5.481247651100935317e-08
5.461100139836633374e-08
5.441046682256153525e-08
5.421086807332848840e-08
5.401220044040077683e-08
5.381445921351193786e-08
5.361763968239550219e-08
5.342173713678504685e-08
5.322674686641410915e-08
5.303266416101625289e-08
5.283948431032500214e-08
5.264720260407394055e-08
5.245581433199659882e-08
5.226531478382652088e-08
5.207569924929727715e-08
5.188696301814239832e-08
5.169910138009545479e-08
5.151210962488997728e-08
5.132598304225952957e-08
5.114071692193764898e-08
5.095630655365791253e-08
5.077274722715383769e-08
5.059003423215898825e-08
5.040816285840693461e-08
5.022712839563119425e-08
5.004692613356533756e-08
4.986755136194290848e-08
4.968899937049746418e-08
4.951126544896254199e-08
4.933434505619970071e-08
4.915823432758245277e-08
4.898292956761233869e-08
4.880842708079086592e-08
4.863472317161956174e-08
4.846181414459993361e-08
4.828969630423353529e-08
4.811836595502185436e-08
4.794781940146642474e-08
4.777805294806878035e-08
4.760906289933041538e-08
4.744084555975288360e-08
4.727339723383767261e-08
4.710671422608633616e-08
4.694079284100037509e-08
4.677562938308132330e-08
4.661122015683068162e-08
4.644756146675000381e-08
4.628464961734078409e-08
4.612248091310454973e-08
4.596105165854283467e-08
4.580035815815714634e-08
4.564039671644901864e-08
4.548116363791995241e-08
4.532265522707149480e-08
4.516486778840514662e-08
4.500779762642244841e-08
4.485144104562490762e-08
4.469579435051404490e-08
4.454085384559139419e-08
4.438661583535845630e-08
4.423307662431677176e-08
4.408023251696785464e-08
4.392807981781323884e-08
4.377661483135441857e-08
4.362583386209294760e-08
4.347573321453032014e-08
4.332630919316806347e-08
4.317755810250771813e-08
4.302947624705078495e-08
4.288205993129878459e-08
4.273530545975326421e-08
4.258920913691571802e-08
4.244376726728767992e-08
4.229897615537067059e-08
4.215483210566620410e-08
4.201133142267580774e-08
4.186847041090100218e-08
4.172624537484330810e-08
4.158465261900425280e-08
4.144368859012163085e-08
4.130335030387833903e-08
4.116363491819356787e-08
4.102453959098649467e-08
4.088606148017628348e-08
4.074819774368213808e-08
4.061094553942322913e-08
4.047430202531873393e-08
4.033826435928783639e-08
4.020282969924971382e-08
4.006799520312355011e-08
3.993375802882850934e-08
3.980011533428380187e-08
3.966706427740857855e-08
3.953460201612202989e-08
3.940272570834334643e-08
3.927143251199169884e-08
3.914071958498625781e-08
3.901058408524622047e-08
3.888102317069075089e-08
3.875203399923904622e-08
3.862361372881026389e-08
3.849575951732360768e-08
3.836846852269824163e-08
3.824173790285336291e-08
3.811556481570812895e-08
3.798994641918173028e-08
3.786487987119335743e-08
3.774036232966216784e-08
3.761639095250735866e-08
3.749296289764810057e-08
3.737007532300358410e-08
3.724772538649298654e-08
3.712591024603547856e-08
3.700462705955024409e-08
3.688387298495647365e-08
3.676364518017333792e-08
3.664394080312000757e-08
3.652475701171568637e-08
3.640609096387953177e-08
3.628793981753073428e-08
3.617030073058847121e-08
3.605317086097192647e-08
3.593654736660027736e-08
3.582042740539270778e-08
3.570480813526838179e-08
3.558968671414649655e-08
3.547506029994623596e-08
3.536092605058675747e-08
3.524728112398726484e-08
3.513412277773760005e-08
3.502144866811032341e-08
3.490925655104867973e-08
3.479754418249590063e-08
3.468630931839521109e-08
3.457554971468985593e-08
3.446526312732308000e-08
3.435544731223809504e-08
3.424610002537815912e-08
3.413721902268650385e-08
3.402880206010634758e-08
3.392084689358094838e-08
3.381335127905353125e-08
3.370631297246732777e-08
3.359972972976557617e-08
3.349359930689152789e-08
3.338791945978839469e-08
3.328268794439942802e-08
3.317790251666785947e-08
3.307356093253692726e-08
3.296966094794984977e-08
3.286620031884988505e-08
3.276317680118025148e-08
3.266058815088420711e-08
3.255843212390496371e-08
3.245670647618576611e-08
3.235540896366985251e-08
3.225453734230046114e-08
3.215408936802081699e-08
3.205406279677416488e-08
3.195445538450372980e-08
3.185526488715276320e-08
3.175648906066449007e-08
3.165812566098214199e-08
3.156017244404897043e-08
3.146262716580820037e-08
3.136548758220307002e-08
3.126875144917680437e-08
3.117241652267266149e-08
3.107648055863385312e-08
3.098094131300362410e-08
3.088579654172521926e-08
3.079104400074186358e-08
3.069668144599679529e-08
3.060270663343325260e-08
3.050911731899446049e-08
3.041591125862367041e-08
3.032308620826411397e-08
3.023063992385901614e-08
3.013857016135162177e-08
3.004687475342414386e-08
2.995555183971471445e-08
2.986459963660044701e-08
2.977401636045845828e-08
2.968380022766584851e-08
2.959394945459973444e-08
2.950446225763722953e-08
2.941533685315544724e-08
2.932657145753150102e-08
2.923816428714250102e-08
2.915011355836555077e-08
2.906241748757777695e-08
2.897507429115627979e-08
2.888808218547817936e-08
2.880143938692057919e-08
2.871514411186060265e-08
2.862919457667535328e-08
2.854358899774194123e-08
2.845832559143747994e-08
2.837340257413909281e-08
2.828881816222388004e-08
2.820457057206895841e-08
2.812065802005143143e-08
2.803707872254842581e-08
2.795383089593703845e-08
2.787091275659439274e-08
2.778832252089759551e-08
2.770605840522376021e-08
2.762411862594999368e-08
2.754250139945341931e-08
2.746120494211113401e-08
2.738022747030026446e-08
2.729956720039791750e-08
2.721922234878120659e-08
2.713919113182722864e-08
2.705947176591312027e-08
2.698006246741597507e-08
2.690096145271290981e-08
2.682216693818104456e-08
2.674367714019747955e-08
2.666549027513933154e-08
2.658760455938371728e-08
2.651001820930774032e-08
2.643272944128852071e-08
2.635573647170316531e-08
2.627903751692878425e-08
2.620263079334249098e-08
2.612651451732140559e-08
2.605068690524263161e-08
2.597514617348328578e-08
2.589989060645269882e-08
2.582491876068912339e-08
2.575022926076302606e-08
2.567582073124488666e-08
2.560169179670516186e-08
2.552784108171433478e-08
2.545426721084286872e-08
2.538096880866124350e-08
2.530794449973991908e-08
2.523519290864937529e-08
2.516271265996008535e-08
2.509050237824250921e-08
2.501856068806713002e-08
2.494688621400440775e-08
2.487547758062482554e-08
2.480433341249884665e-08
2.473345233419694431e-08
2.466283297028959502e-08
2.459247394534725545e-08
2.452237388394040874e-08
2.445253141063952146e-08
2.438294515001507346e-08
2.431361372663752470e-08
2.424453576507735169e-08
2.417570988990502434e-08
2.410713472569101254e-08
2.403880889700579612e-08
2.397073102841983175e-08
2.390289974450359593e-08
2.383531366982756519e-08
2.376797142896220941e-08
2.370087164647799851e-08
2.363401294694540239e-08
2.356739395493489423e-08
2.350101329501693734e-08
2.343486959176201815e-08
2.336896146974059332e-08
2.330328755352314268e-08
2.323784646768012951e-08
2.317263683678203695e-08
2.310765728539932165e-08
2.304290643810247007e-08
2.297838291946194547e-08
2.291408535404821446e-08
2.285001236643175685e-08
2.278616258118303924e-08
2.272253462287253152e-08
2.265912711607071021e-08
2.259593868534804190e-08
2.253296795527499980e-08
2.247021361465080857e-08
2.240767460918971526e-08
2.234534994883471506e-08
2.228323864352881641e-08
2.222133970321501117e-08
2.215965213783630449e-08
2.209817495733568824e-08
2.203690717165617085e-08
2.197584779074074752e-08
2.191499582453242336e-08
2.185435028297419357e-08
2.179391017600905335e-08
2.173367451358001443e-08
2.167364230563006870e-08
2.161381256210221135e-08
2.155418429293946074e-08
2.149475650808479552e-08
2.143552821748122412e-08
2.137649843107175165e-08
2.131766615879937332e-08
2.125903041060708431e-08
2.120059019643788975e-08
2.114234452623479144e-08
2.108429240994078459e-08
2.102643285749887432e-08
2.096876487885205250e-08
2.091128748394332095e-08
2.085399968271568810e-08
2.079690048511214584e-08
2.073998890107569598e-08
2.068326394054933701e-08
2.062672461347607075e-08
2.057036992979889902e-08
2.051419889946081370e-08
2.045821053240482321e-08
2.040240383857392276e-08
2.034677782791111415e-08
2.029133151035939920e-08
2.023606389586177309e-08
2.018097399436123765e-08
2.012606081580079468e-08
2.007132337012343938e-08
2.001676066727217686e-08
1.996237171719000233e-08
1.990815552981992090e-08
1.985411111510492446e-08
1.980023748298802143e-08
1.974653364341220702e-08
1.969299860632048303e-08
1.963963138165584796e-08
1.958643103059396241e-08
1.953339681924113529e-08
1.948052806493633098e-08
1.942782408501852711e-08
1.937528419682668806e-08
1.932290771769977822e-08
1.927069396497677189e-08
1.921864225599663346e-08
1.916675190809833394e-08
1.911502223862084433e-08
1.906345256490312569e-08
1.901204220428415235e-08
1.896079047410289200e-08
1.890969669169831563e-08
1.885876017440938764e-08
1.880798023957508234e-08
1.875735620453436410e-08
1.870688738662620063e-08
1.865657310318956292e-08
1.860641267156342199e-08
1.855640540908673889e-08
1.850655063309848795e-08
1.845684766093764017e-08
1.840729580994315993e-08
1.835789439745401493e-08
1.830864274080917617e-08
1.825954015734761465e-08
1.821058596440829475e-08
1.816177947933018417e-08
1.811312001945226053e-08
1.806460690211348160e-08
1.801623944465281837e-08
1.796801696440924847e-08
1.791993877872173298e-08
1.787200420492923628e-08
1.782421256037073598e-08
1.777656316238519649e-08
1.772905532831158547e-08
1.768168837548887726e-08
1.763446162125603292e-08
1.758737438295202346e-08
1.754042597791581988e-08
1.749361572348639318e-08
1.744694293700270774e-08
1.740040693580373127e-08
1.735400703722843476e-08
1.730774255861577928e-08
1.726161281730475239e-08
1.721561713063430193e-08
1.716975481594341213e-08
1.712402522934712713e-08
1.707842788206484981e-08
1.703296232409204623e-08
1.698762810542421558e-08
1.694242477605682722e-08
1.689735188598536711e-08
1.685240898520530462e-08
1.680759562371213231e-08
1.676291135150132618e-08
1.671835571856837216e-08
1.667392827490873964e-08
1.662962857051791787e-08
1.658545615539138284e-08
1.654141057952461388e-08
1.649749139291309691e-08
1.645369814555231125e-08
1.641003038743773622e-08
1.636648766856484781e-08
1.632306953892913196e-08
1.627977554852607130e-08
1.623660524735113521e-08
1.619355818539981955e-08
1.615063391266759372e-08
1.610783197914993701e-08
1.606515193484234199e-08
1.602259332974027473e-08
1.598015571383922447e-08
1.593783863713467385e-08
1.589564164962208892e-08
1.585356430129696556e-08
1.581160614215477978e-08
1.576976672219101087e-08
1.572804559140113817e-08
1.568644229978064429e-08
1.564495639732500854e-08
1.560358743402971025e-08
1.556233495989023534e-08
1.552119852490205651e-08
1.548017767906065969e-08
1.543927197236152089e-08
1.539848095480012604e-08
1.535780417637195446e-08
1.531724118707248215e-08
1.527679153689719173e-08
1.523645477584156251e-08
1.519623045390108044e-08
1.515611812107122152e-08
1.511611732734746836e-08
1.507622762272529698e-08
1.503644855720019330e-08
1.499677970510165907e-08
1.495722073809529893e-08
1.491777135218073666e-08
1.487843124335760761e-08
1.483920010762553387e-08
1.480007764098414089e-08
1.476106353943306070e-08
1.472215749897192037e-08
1.468335921560034863e-08
1.464466838531796925e-08
1.460608470412441263e-08
1.456760786801930582e-08
1.452923757300227426e-08
1.449097351507294833e-08
1.445281539023095676e-08
1.441476289447592663e-08
1.437681572380748170e-08
1.433897357422525402e-08
1.430123614172886900e-08
1.426360312231795372e-08
1.422607421199213857e-08
1.418864910675105063e-08
1.415132750259431200e-08
1.411410909552155803e-08
1.407699358153241084e-08
1.403998065662650247e-08
1.400307001680345834e-08
1.396626135806290552e-08
1.392955437640446944e-08
1.389294876782778544e-08
1.385644422833247233e-08
1.382004045391816381e-08
1.378373714058448529e-08
1.374753398433106551e-08
1.371143068115752657e-08
1.367542692706350383e-08
1.363952241804862271e-08
1.360371685011250698e-08
1.356800991925479032e-08
1.353240132147509486e-08
1.349689075277304932e-08
1.346147790914828410e-08
1.342616248660042791e-08
1.339094418112910287e-08
1.335582268873394268e-08
1.332079770541456779e-08
1.328586892717061025e-08
1.325103605000169713e-08
1.321629876990746046e-08
1.318165678288751906e-08
1.314710979585702335e-08
1.311265755939317903e-08
1.307829983498871353e-08
1.304403638413635095e-08
1.300986696832881704e-08
1.297579134905883590e-08
1.294180928781913329e-08
1.290792054610243331e-08
1.287412488540146171e-08
1.284042206720894591e-08
1.280681185301760835e-08
1.277329400432017314e-08
1.273986828260936933e-08
1.270653444937791937e-08
1.267329226611854737e-08
1.264014149432398405e-08
1.260708189548694853e-08
1.257411323110016824e-08
1.254123526265636562e-08
1.250844775164827304e-08
1.247575045956860633e-08
1.244314314791009952e-08
1.241062557816547009e-08
1.237819751182744876e-08
1.234585871038875798e-08
1.231360893534212185e-08
1.228144794818026943e-08
1.224937551039592152e-08
1.221739138348180553e-08
1.218549532893064720e-08
1.215368710823517230e-08
1.212196648288810328e-08
1.209033321438216589e-08
1.205878706421008753e-08
1.202732779386458736e-08
1.199595516483840269e-08
1.196466893862424606e-08
1.193346887671484653e-08
1.190235474060293151e-08
1.187132629178122675e-08
1.184038329174245305e-08
1.180952550197933947e-08
1.177875268398460680e-08
1.174806459925098742e-08
1.171746100927120046e-08
1.168694167553797168e-08
1.165650635954402684e-08
1.162615482278209500e-08
1.159588682674489364e-08
1.156570213292515514e-08
1.153560050611819995e-08
1.150558172432974550e-08
1.147564556886810723e-08
1.144579182104160720e-08
1.141602026215855754e-08
1.138633067352727535e-08
1.135672283645607441e-08
1.132719653225327678e-08
1.129775154222719624e-08
1.126838764768615154e-08
1.123910462993845315e-08
1.120990227029242314e-08
1.118078035005637530e-08
1.115173865053863001e-08
1.112277695304749942e-08
1.109389503889130227e-08
1.106509268937835566e-08
1.103636968581697336e-08
1.100772580951547580e-08
1.097916084178217508e-08
1.095067456392538832e-08
1.092226675725343922e-08
1.089393720307463494e-08
1.086568568269729590e-08
1.083751197742973753e-08
1.080941586858028023e-08
1.078139713745723614e-08
1.075345556536892400e-08
1.072559093362365760e-08
1.069780302352976064e-08
1.067009161639553865e-08
1.064245649352931699e-08
1.061489743623940945e-08
1.058741422583412980e-08
1.056000664362179846e-08
1.053267447091073252e-08
1.050541748900924410e-08
1.047823547922565526e-08
1.045112822286827815e-08
1.042409550124542984e-08
1.039713709566542743e-08
1.037025278743658802e-08
1.034344235786722871e-08
1.031670558826566492e-08
1.029004225994021211e-08
1.026345215419918902e-08
1.023693505235091108e-08
1.021049073570369540e-08
1.018411898556585741e-08
1.015781958324571587e-08
1.013159231252812194e-08
1.010543696710408467e-08
1.007935334314114551e-08
1.005334123680685090e-08
1.002740044426874065e-08
1.000153076169436282e-08
9.975731985251257243e-09
9.950003911106970334e-09
9.924346335429046869e-09
9.898759054385031619e-09
9.873241864142462741e-09
9.847794560868886659e-09
9.822416940731849803e-09
9.797108799898895288e-09
9.771869934537564581e-09
9.746700140815404106e-09
9.721599214899955328e-09
9.696566952958761365e-09
9.671603151159370298e-09
9.646707605669321937e-09
9.621880112656162708e-09
9.597120468287437384e-09
9.572428468730685774e-09
9.547803910153452652e-09
9.523246588723282788e-09
9.498756300607722610e-09
9.474332841974313582e-09
9.449976008990597168e-09
9.425685597824119794e-09
9.401461404642424579e-09
9.377303225613057948e-09
9.353210856903561367e-09
9.329184094681477954e-09
9.305222735114354134e-09
9.281326574369729717e-09
9.257495408615152786e-09
9.233729034018163148e-09
9.210027246746307231e-09
9.186389842967129807e-09
9.162816618848173995e-09
9.139307370556981258e-09
9.115861894261098023e-09
9.092479986128065754e-09
9.069161442325432531e-09
9.045906059020736511e-09
9.022713632381525774e-09
8.999583958575343438e-09
8.976516833769730967e-09
8.953512054132234788e-09
8.930569415830398019e-09
8.907688719936402180e-09
8.884869787140980745e-09
8.862112443039503934e-09
8.839416513227341969e-09
8.816781823299866726e-09
8.794208198852448425e-09
8.771695465480458942e-09
8.749243448779268499e-09
8.726851974344247315e-09
8.704520867770767267e-09
8.682249954654198576e-09
8.660039060589911464e-09
8.637888011173277804e-09
8.615796631999669474e-09
8.593764748664453385e-09
8.571792186763004722e-09
8.549878771890692051e-09
8.528024329642887248e-09
8.506228685614960535e-09
8.484491665402282131e-09
8.462813094600223913e-09
8.441192798804156102e-09
8.419630603609450574e-09
8.398126334611475894e-09
8.376679817405603939e-09
8.355290877587208238e-09
8.333959340751655705e-09
8.312685032494319868e-09
8.291467778410569294e-09
8.270307404095775860e-09
8.249203735145311440e-09
8.228156597154546255e-09
8.207165815718850528e-09
8.186231216433594478e-09
8.165352624894149982e-09
8.144529866695890569e-09
8.123762767434181497e-09
8.103051152704397951e-09
8.082394848101908497e-09
8.061793679222085011e-09
8.041247471660297713e-09
8.020756051011916826e-09
8.000319242872315879e-09
7.979936872836863438e-09
7.959608766500929726e-09
7.939334749459886616e-09
7.919114647309105986e-09
7.898948285643958055e-09
7.878835490059813046e-09
7.858776086152041178e-09
7.838769901001084770e-09
7.818816767627666246e-09
7.798916520537578473e-09
7.779068994236617627e-09
7.759274023230571611e-09
7.739531442025236602e-09
7.719841085126402156e-09
7.700202787039866104e-09
7.680616382271421314e-09
7.661081705326858996e-09
7.641598590711970363e-09
7.622166872932551592e-09
7.602786386494395549e-09
7.583456965903293446e-09
7.564178445665038150e-09
7.544950660285427490e-09
7.525773444270251026e-09
7.506646632125299969e-09
7.487570058356370495e-09
7.468543557469253816e-09
7.449566963969745281e-09
7.430640112363636102e-09
7.411762837156719973e-09
7.392934972854788933e-09
7.374156353963637504e-09
7.355426814989059380e-09
7.336746190436845773e-09
7.318114314812791204e-09
7.299531022622686886e-09
7.280996148372328167e-09
7.262509526567507087e-09
7.244070991714017339e-09
7.225680378317650963e-09
7.207337520884202480e-09
7.189042253919461449e-09
7.170794411929226527e-09
7.152593829419287270e-09
7.134440340895438202e-09
7.116333780863470533e-09
7.098273983829178786e-09
7.080260784298354999e-09
7.062294016776793694e-09
7.044373515770287738e-09
7.026499115784629170e-09
7.008670651325612512e-09
6.990887956899028976e-09
6.973150867010672255e-09
6.955459216166337698e-09
6.937812838871815691e-09
6.920211569632900755e-09
6.902655250154224475e-09
6.885143750935779939e-09
6.867676949676396467e-09
6.850254724074907521e-09
6.832876951830142424e-09
6.815543510640932152e-09
6.798254278206108512e-09
6.781009132224503308e-09
6.763807950394945864e-09
6.746650610416270465e-09
6.729536989987303955e-09
6.712466966806880620e-09
6.695440418573829782e-09
6.678457222986984902e-09
6.661517257745174475e-09
6.644620400547233616e-09
6.627766529091988338e-09
6.610955521078272929e-09
6.594187254204918367e-09
6.577461606170754801e-09
6.560778454674613210e-09
6.544137677415327053e-09
6.527539152091725653e-09
6.510982756402639161e-09
6.494468368046900210e-09
6.477995864723339777e-09
6.461565124130789666e-09
6.445176023968080030e-09
6.428828441934040190e-09
6.412522255727505261e-09
6.396257343047304566e-09
6.380033581592267429e-09
6.363850849061228135e-09
6.347709023153016837e-09
6.331607981566462856e-09
6.315547602000399654e-09
6.299527762153657379e-09
6.283548339725067837e-09
6.267609212413460352e-09
6.251710257917668382e-09
6.235851353936520425e-09
6.220032378168849939e-09
6.204253208313487902e-09
6.188513722069264465e-09
6.172813797135011433e-09
6.157153311209559783e-09
6.141532141991740494e-09
6.125950167180384543e-09
6.110407264474323735e-09
6.094903311572388221e-09
6.079438188732369131e-09
6.064011786447887453e-09
6.048623997771528465e-09
6.033274715755872479e-09
6.017963833453499810e-09
6.002691243916994906e-09
5.987456840198938909e-09
5.972260515351912133e-09
5.957102162428499853e-09
5.941981674481281558e-09
5.926898944562839213e-09
5.911853865725755616e-09
5.896846331022612733e-09
5.881876233505992533e-09
5.866943466228475330e-09
5.852047922242646399e-09
5.837189494601084401e-09
5.822368076356372131e-09
5.807583560561093211e-09
5.792835840267827127e-09
5.778124808529157501e-09
5.763450358397667130e-09
5.748812382925935499e-09
5.734210775166544577e-09
5.719645428172079639e-09
5.705116234995118519e-09
5.690623088688246493e-09
5.676165882304043875e-09
5.661744508895090978e-09
5.647358861513973906e-09
5.633008833213272145e-09
5.618694317045566010e-09
5.604415206063441604e-09
5.590171393319477587e-09
5.575962771866255926e-09
5.561789234756360243e-09
5.547650675042372508e-09
5.533546985776872206e-09
5.519478060012444614e-09
5.505443790801669218e-09
5.491444071197127987e-09
5.477478794251405370e-09
5.463547853017079199e-09
5.449651140546736406e-09
5.435788549892955649e-09
5.421959974108318896e-09
5.408165306245408943e-09
5.394404439356806930e-09
5.380677266495096481e-09
5.366983680712858735e-09
5.353323571995924219e-09
5.339696818063121830e-09
5.326103293566529849e-09
5.312542873158226558e-09
5.299015431490288585e-09
5.285520843214794212e-09
5.272058982983822549e-09
5.258629725449449394e-09
5.245232945263753858e-09
5.231868517078815049e-09
5.218536315546707942e-09
5.205236215319512471e-09
5.191968091049306920e-09
5.178731817388167087e-09
5.165527268988172911e-09
5.152354320501401018e-09
5.139212846579930517e-09
5.126102721875836382e-09
5.113023821041201031e-09
5.099976018728097781e-09
5.086959189588608225e-09
5.073973208274808989e-09
5.061017949438776702e-09
5.048093287732590471e-09
5.035199097808326926e-09
5.022335254318066829e-09
5.009501631913885980e-09
4.996698105247861008e-09
4.983924548972071849e-09
4.971180837738595956e-09
4.958466846199510786e-09
4.945782449006894620e-09
4.933127520812825740e-09
4.920501936269380773e-09
4.907905570028638829e-09
4.895338296742676535e-09
4.882799991063573001e-09
4.870290527643405681e-09
4.857809781134252856e-09
4.845357626188191983e-09
4.832933937457300515e-09
4.820538589593656735e-09
4.808171457249338924e-09
4.795832415076423710e-09
4.783521337726991029e-09
4.771238099853117509e-09
4.758982576106879778e-09
4.746754641140357771e-09
4.734554169605629771e-09
4.722381036154771578e-09
4.710235147419778995e-09
4.698116537952314599e-09
4.686025274283956833e-09
4.673961422946288277e-09
4.661925050470883238e-09
4.649916223389325122e-09
4.637935008233190719e-09
4.625981471534061782e-09
4.614055679823515925e-09
4.602157699633133248e-09
4.590287597494492193e-09
4.578445439939173685e-09
4.566631293498756169e-09
4.554845224704818087e-09
4.543087300088940364e-09
4.531357586182701444e-09
4.519656149517682251e-09
4.507983056625458749e-09
4.496338374037613515e-09
4.484722168285724994e-09
4.473134505901372457e-09
4.461575453416135172e-09
4.450045077361592413e-09
4.438543444269323448e-09
4.427070620670907549e-09
4.415626673097924813e-09
4.404211668081954512e-09
4.392825672154575915e-09
4.381468751847366639e-09
4.370140973691907609e-09
4.358842404219779750e-09
4.347573109962559851e-09
4.336333157451828837e-09
4.325122613219165152e-09
4.313941543796147238e-09
4.302790015714356022e-09
4.291668095505371600e-09
4.280575849700771589e-09
4.269513344832136914e-09
4.258480647431045192e-09
4.247477824029076519e-09
4.236504941157810167e-09
4.225562065348825406e-09
4.214649263133703162e-09
4.203766601044021050e-09
4.192914145611358342e-09
4.182091963367294307e-09
4.171300120843410698e-09
4.160538684571284305e-09
4.149807721082495224e-09
4.139107184022309286e-09
4.128436575490743518e-09
4.117795284701495719e-09
4.107182700868271129e-09
4.096598213204770028e-09
4.086041210924693521e-09
4.075511083241744369e-09
4.065007219369622023e-09
4.054529008522030897e-09
4.044075839912672098e-09
4.033647102755245903e-09
4.023242186263454247e-09
4.012860479650999062e-09
4.002501372131583935e-09
3.992164252918907492e-09
3.981848511226674972e-09
3.971553536268583348e-09
3.961278717258337859e-09
3.951023443409638786e-09
3.940787103936188060e-09
3.930569088051687616e-09
3.920368784969839385e-09
3.910185583904343647e-09
3.900018874068903162e-09
3.889868044677219863e-09
3.879732484942994856e-09
3.869611584079929246e-09
3.859504731301725794e-09
3.849411315822084779e-09
3.839330726854710615e-09
3.829262353613302753e-09
3.819205585311561472e-09
3.809159811163192015e-09
3.799124420381893831e-09
3.789098802181368028e-09
3.779082345775319020e-09
3.769074440377445431e-09
3.759074475201450849e-09
3.749081839461035552e-09
3.739095922369902300e-09
3.729116113141752200e-09
3.719141800990287597e-09
3.709172375129209185e-09
3.699207224772219722e-09
3.689245739133019903e-09
3.679287307425312073e-09
3.669331318862796924e-09
3.659377162659177217e-09
3.649424228028154057e-09
3.639471904183429378e-09
