# pt
4.503565191935231092e-09
5.362889223704042524e-09
5.753478958080269916e-09
5.894828360625694859e-09
5.899122356639244955e-09
5.828872495524856442e-09
5.710039330298291229e-09
5.557944783897055626e-09
5.388000018834132448e-09
5.218458102847075849e-09
5.057221884839101849e-09
4.904777562437169368e-09
4.759556420941222999e-09
4.616524766660697146e-09
4.471623094719008551e-09
4.328153634486001083e-09
4.190267477483890481e-09
4.058149429597928841e-09
3.930979719854702829e-09
3.807886555483102664e-09
3.688374028989729282e-09
3.573501795789732025e-09
3.464443040098957663e-09
3.361269498427497148e-09
3.263600740081874098e-09
3.170349113260108510e-09
3.080509113194613412e-09
2.994111044363883753e-09
2.911310102689951214e-09
2.831725240622906286e-09
2.754841612374877630e-09
2.680145422678079498e-09
2.607258250761258258e-09
2.536342123319206432e-09
2.467876375570779070e-09
2.403069129365046760e-09
2.342807580545542233e-09
2.285966434303438296e-09
2.230917273166818400e-09
2.176399608208908478e-09
2.122624664683511862e-09
2.070171596389576026e-09
2.019619557126047614e-09
1.971547700691874514e-09
1.926336173067725744e-09
1.883569088961158158e-09
1.842631555261452430e-09
1.802908678857887993e-09
1.763785566639743867e-09
1.724799468117985018e-09
1.686096203290314401e-09
1.647973734776119471e-09
1.610730025194788303e-09
1.574663037165708558e-09
1.540015841541064055e-09
1.506811942104223658e-09
1.475019950871352186e-09
1.444608479858615281e-09
1.415546141082177139e-09
1.387752823018459231e-09
1.360953519984905510e-09
1.334824502759216583e-09
1.309042042119092644e-09
1.283282408842233886e-09
1.257330672190941425e-09
1.231407095365917794e-09
1.205840740052467687e-09
1.180960667935894145e-09
1.157095940701500831e-09
1.134499250767252132e-09
1.113117813481753480e-09
1.092822474926270207e-09
1.073484081182068265e-09
1.054973478330413400e-09
1.037154599263144098e-09
1.019863724114391258e-09
1.002930219828858107e-09
9.861834533512482853e-10
9.694527916262652264e-10
9.526163251043306689e-10
9.357470382587379169e-10
9.189666390684992005e-10
9.023968355126259221e-10
8.861593355701297946e-10
8.703545073108421655e-10
8.549973591678716796e-10
8.400815596651464099e-10
8.256007773265950494e-10
8.115486806761452575e-10
7.979173635879275437e-10
7.846926213368796839e-10
7.718586745481416837e-10
7.593997438468535489e-10
7.473000498581548717e-10
7.355438132071857613e-10
7.241152545190862234e-10
7.129985944189957468e-10
7.021780535320548543e-10
6.916378524834027244e-10
6.813622118981798800e-10
6.713353524015259131e-10
6.615414946185808297e-10
6.519648591744843251e-10
6.425896666943766121e-10
6.334001378033973862e-10
6.243804931266866531e-10
6.155149532893842118e-10
6.067877389166299647e-10
5.981830706335639176e-10
5.896879659163090032e-10
5.813006296449206895e-10
5.730220635504371646e-10
5.648532693638969268e-10
5.567952488163385778e-10
5.488490036388005126e-10
5.410155355623212295e-10
5.332958463179390200e-10
5.256909376366921756e-10
5.182018112496194015e-10
5.108294688877591960e-10
5.035749122821498506e-10
4.964391431638297603e-10
4.894231632638373199e-10
4.825279743132112347e-10
4.757545780429897960e-10
4.691039761842113989e-10
4.625771704679145416e-10
4.561751626251375158e-10
4.498989543869190265e-10
4.437489344774916736e-10
4.377230395938660666e-10
4.318185934262469679e-10
4.260329196648393471e-10
4.203633419998478633e-10
4.148071841214774860e-10
4.093617697199331329e-10
4.040244224854195149e-10
3.987924661081416015e-10
3.936632242783042070e-10
3.886340206861121973e-10
3.837021790217702836e-10
3.788650229754835384e-10
3.741198762374567763e-10
3.694640624978947080e-10
3.648949054470023548e-10
3.604097287749843759e-10
3.560058561720458441e-10
3.516806113283915219e-10
3.474313179342261721e-10
3.432555278177712993e-10
3.391517053593143416e-10
3.351185430771592210e-10
3.311547334896100659e-10
3.272589691149709016e-10
3.234299424715455464e-10
3.196663460776381806e-10
3.159668724515527776e-10
3.123302141115932075e-10
3.087550635760636506e-10
3.052401133632680286e-10
3.017840559915103151e-10
2.983855839790945868e-10
2.950433898443248173e-10
2.917561661055049283e-10
2.885226052809389967e-10
2.853413998889310994e-10
2.822112424477851581e-10
2.791308254758051979e-10
2.760988414912951925e-10
2.731139830125590634e-10
2.701749425579010428e-10
2.672804126456249489e-10
2.644290857940348586e-10
2.616196545214347454e-10
2.588509167221121073e-10
2.561220917942883848e-10
2.534325045121684397e-10
2.507814796499571854e-10
2.481683419818595869e-10
2.455924162820803510e-10
2.430530273248245978e-10
2.405494998842971373e-10
2.380811587347028312e-10
2.356473286502466963e-10
2.332473344051334910e-10
2.308805007735682319e-10
2.285461525297557551e-10
2.262436144479009739e-10
2.239722113022087759e-10
2.217312678668841002e-10
2.195201089161318345e-10
2.173380592241568147e-10
2.151844435651640316e-10
2.130585867133583470e-10
2.109598134429446485e-10
2.088874485281278753e-10
2.068408167431128891e-10
2.048192428621046032e-10
2.028220516593079313e-10
2.008486510125624564e-10
1.988987812142465966e-10
1.969722656603735431e-10
1.950689277469563320e-10
1.931885908700081029e-10
1.913310784255419953e-10
1.894962138095711746e-10
1.876838204181087027e-10
1.858937216471677451e-10
1.841257408927614671e-10
1.823797015509028532e-10
1.806554270176051464e-10
1.789527406888814343e-10
1.772714659607448567e-10
1.756114262292085012e-10
1.739724448902855850e-10
1.723543453399891443e-10
1.707569509743322668e-10
1.691800851893281955e-10
1.676235713809899408e-10
1.660872329453307454e-10
1.645708932783636714e-10
1.630743757761018325e-10
1.615975038345583682e-10
1.601401008497463664e-10
1.587019902176789925e-10
1.572829953343694375e-10
1.558829395958306603e-10
1.545016463980759036e-10
1.531389391371182813e-10
1.517946412089709068e-10
1.504685760096469199e-10
1.491605669351594083e-10
1.478704373815215116e-10
1.465980107447463692e-10
1.453431104208470950e-10
1.441055598058368284e-10
1.428851822957286572e-10
1.416818012865357468e-10
1.404952401742711851e-10
1.393253223549480858e-10
1.381718712245796659e-10
1.370347101791789875e-10
1.359136626147591383e-10
1.348085519273332837e-10
1.337192015129145892e-10
1.326454347675160908e-10
1.315870750871509798e-10
1.305439458678323441e-10
1.295158705055733489e-10
1.285026666033863258e-10
1.275041285922809164e-10
1.265200451102657733e-10
1.255502047953497819e-10
1.245943962855416723e-10
1.236524082188503039e-10
1.227240292332844328e-10
1.218090479668528149e-10
1.209072530575643356e-10
1.200184331434277509e-10
1.191423768624518168e-10
1.182788728526453669e-10
1.174277097520171572e-10
1.165886761985760471e-10
1.157615608303307798e-10
1.149461522852901888e-10
1.141422392014629914e-10
1.133496102168580469e-10
1.125680539694841374e-10
1.117973590973500187e-10
1.110373142384645503e-10
1.102877080308364883e-10
1.095483291124746275e-10
1.088189661213877626e-10
1.080994076955847013e-10
1.073894424730742257e-10
1.066888590918651174e-10
1.059974461899661844e-10
1.053149924053862342e-10
1.046412863761340229e-10
1.039761167402183841e-10
1.033192721356480867e-10
1.026705412004319385e-10
1.020297125725787213e-10
1.013965748900972170e-10
1.007709167909962851e-10
1.001525269132846299e-10
9.954119389497111073e-11
9.893670637406449662e-11
9.833885298857356944e-11
9.774742237650713689e-11
9.716220317587400673e-11
9.658298402468294789e-11
9.600955356094275517e-11
9.544170042266224923e-11
9.487921324785019902e-11
9.432188067451538641e-11
9.376949134066664499e-11
9.322183388431274370e-11
9.267869694346249026e-11
9.213988086444591318e-11
9.160523282687809201e-11
9.107461171869539173e-11
9.054787642783409975e-11
9.002488584223056811e-11
8.950549884982111006e-11
8.898957433854209058e-11
8.847697119632982292e-11
8.796754831112062034e-11
8.746116457085083489e-11
8.695767886345679276e-11
8.645695007687480720e-11
8.595883709904124317e-11
8.546319881789241395e-11
8.496989412136464572e-11
8.447878189739429052e-11
8.398972103391764867e-11
8.350257041887107224e-11
8.301718894019088739e-11
8.253343548581342032e-11
8.205116894367501014e-11
8.157024820171199596e-11
8.109053214786067812e-11
8.061187967005740867e-11
8.013414965623852670e-11
7.965720099434034550e-11
7.918089257229920415e-11
7.870508327805142887e-11
7.822963199953335875e-11
7.775439762468133291e-11
7.727923904143165170e-11
7.680401513772068006e-11
7.632858480148473127e-11
7.585280692066013151e-11
7.537654038318320697e-11
7.489964407699033554e-11
7.442197689001779171e-11
7.394339771020194043e-11
7.346376542547908205e-11
7.298293892378558153e-11
7.250077709305775213e-11
7.201713882123193297e-11
7.153188299624443730e-11
7.104486850603161717e-11
7.055595423852979876e-11
7.006499908167529534e-11
6.957186192340445894e-11
6.907640165165362868e-11
6.857847715435911782e-11
6.807794731945723962e-11
6.757474653872587140e-11
6.706911121930879772e-11
6.656135327219144473e-11
6.605178460835910935e-11
6.554071713879715310e-11
6.502846277449091169e-11
6.451533342642577248e-11
6.400164100558703239e-11
6.348769742296005296e-11
6.297381458953022157e-11
6.246030441628283513e-11
6.194747881420328103e-11
6.143564969427688202e-11
6.092512896748899964e-11
6.041622854482496958e-11
5.990926033727016629e-11
5.940453625580989962e-11
5.890236821142954402e-11
5.840306811511443517e-11
5.790694787784995400e-11
5.741431941062140389e-11
5.692549462441415928e-11
5.644078543021355588e-11
5.596050373900495520e-11
5.548496146177369294e-11
5.501447050950512417e-11
5.454934279318459750e-11
5.408989022379745507e-11
5.363642471232905197e-11
5.318925816976474325e-11
5.274870250708985169e-11
5.231506963528975820e-11
5.188867146534978555e-11
5.146981990825529527e-11
5.105882687499162950e-11
5.065600427654413040e-11
5.026166402389816596e-11
4.987611802803906541e-11
4.949967819995220320e-11
4.913265645062289563e-11
4.877536469103649132e-11
4.842811483217837764e-11
4.809121878503386444e-11
4.776498846058831325e-11
4.744973576982707267e-11
4.714577262373549132e-11
4.685341093329891134e-11
4.657296260950269428e-11
4.630473956333217581e-11
4.604905370577271101e-11
4.580613022882921227e-11
4.557584744858488588e-11
4.535799696214249546e-11
4.515237036660482401e-11
4.495875925907461575e-11
4.477695523665466660e-11
4.460674989644774019e-11
4.444793483555659366e-11
4.430030165108399708e-11
4.416364194013273992e-11
4.403774729980557933e-11
4.392240932720527246e-11
4.381741961943460877e-11
4.372256977359635188e-11
4.363765138679327186e-11
4.356245605612813232e-11
4.349677537870370980e-11
4.344040095162277438e-11
4.339312437198808967e-11
4.335473723690243221e-11
4.332503114346856561e-11
4.330379768878925994e-11
4.329082846996729174e-11
4.328591508410542464e-11
4.328884912830642869e-11
4.329942219967307398e-11
4.331742589530813704e-11
4.334265181231437503e-11
4.337489154779456449e-11
4.341393669885147548e-11
4.345957886258787808e-11
4.351160963610653592e-11
4.356982061651023844e-11
4.363400340090172987e-11
4.370394958638377384e-11
4.377945077005918564e-11
4.386029854903069012e-11
4.394628452040107028e-11
4.403720028127310266e-11
4.413283742874957025e-11
4.423298755993319790e-11
4.433744227192679446e-11
4.444599316183311707e-11
4.455843182675494227e-11
4.467454986379502722e-11
4.479413887005614844e-11
4.491699044264106310e-11
4.504289617865257358e-11
4.517164767519341764e-11
4.530303652936637829e-11
4.543688882516612436e-11
4.557316859415490044e-11
4.571187435478686277e-11
4.585300462551617408e-11
4.599655792479697771e-11
4.614253277108341700e-11
4.629092768282966113e-11
4.644174117848985345e-11
4.659497177651814374e-11
4.675061799536870120e-11
4.690867835349564978e-11
4.706915136935315867e-11
4.723203556139537765e-11
4.739732944807646947e-11
4.756503154785056453e-11
4.773514037917183202e-11
4.790765446049442173e-11
4.808257231027246409e-11
4.825989244696014766e-11
4.843961338901160932e-11
4.862173365488097948e-11
4.880625176302245319e-11
4.899316623189014145e-11
4.918247557993822639e-11
4.937417832562083842e-11
4.956827298739213380e-11
4.976475808370628172e-11
4.996363213301742551e-11
5.016489365377969559e-11
5.036854116444728053e-11
5.057457318347431075e-11
5.078298822931494250e-11
5.099378482042332558e-11
5.120696147525360981e-11
5.142251671225995142e-11
5.164044904989651317e-11
5.186075700661743837e-11
5.208343910087687036e-11
5.230849385112897188e-11
5.253591977582789918e-11
5.276571539342778914e-11
5.299787922238279802e-11
5.323240978114708855e-11
5.346930558817481052e-11
5.370856516192010081e-11
5.395018702083713507e-11
5.419416968338004371e-11
5.444051166800299591e-11
5.468921149316013503e-11
5.494026767730561731e-11
5.519362786830843211e-11
5.544903623169693988e-11
5.570618606241435358e-11
5.596477065540387968e-11
5.622448330560870525e-11
5.648501730797204971e-11
5.674606595743711307e-11
5.700732254894710181e-11
5.726848037744522239e-11
5.752923273787467484e-11
5.778927292517866563e-11
5.804829423430038830e-11
5.830598996018306873e-11
5.856205339776988755e-11
5.881617784200407060e-11
5.906805658782881791e-11
5.931738293018732950e-11
5.956385016402279244e-11
5.980715158427844552e-11
6.004698048589747585e-11
6.028303016382307050e-11
6.051499391299846826e-11
6.074256502836685622e-11
6.096543680487143440e-11
6.118330253745540280e-11
6.139585552106198730e-11
6.160278905063438790e-11
6.180379642111580461e-11
6.199857092744939869e-11
6.218680586457844769e-11
6.236819452744612577e-11
6.254243021099562002e-11
6.270920621017016923e-11
6.286821581991294757e-11
6.301915233516715504e-11
6.316170905087603044e-11
6.329557926198276086e-11
6.342045626343053337e-11
6.353603335016258678e-11
6.364200381712208232e-11
6.373806095925227170e-11
6.382389807149632909e-11
6.389920844879746742e-11
6.396368538609888672e-11
6.401702217834378698e-11
6.405891212047539408e-11
6.408904850743689511e-11
6.410712463417150299e-11
6.411283379562240483e-11
6.410586928673282648e-11
6.408601265768734385e-11
6.405339847963603634e-11
6.400824957897039805e-11
6.395078878208188427e-11
6.388123891536197617e-11
6.379982280520211612e-11
6.370676327799382405e-11
6.360228316012852941e-11
6.348660527799772630e-11
6.335995245799287000e-11
6.322254752650544168e-11
6.307461330992690957e-11
6.291637263464874189e-11
6.274804832706241980e-11
6.256986321355939860e-11
6.238204012053115946e-11
6.218480187436918352e-11
6.197837130146490024e-11
6.176297122820984247e-11
6.153882448099542675e-11
6.130615388621314715e-11
6.106518227025448484e-11
6.081613245951090802e-11
6.055922728037385910e-11
6.029468955923483215e-11
6.002274212248529539e-11
5.974360779651672999e-11
5.945750940772057832e-11
5.916466978248834738e-11
5.886531174721147956e-11
5.855965812828144309e-11
5.824793175208974497e-11
5.793035544502782759e-11
5.760715203348717208e-11
5.727854434385922731e-11
5.694475520253550027e-11
5.660600743590743981e-11
5.626252387036650123e-11
5.591452733230419799e-11
5.556224064811196602e-11
5.520588664418128647e-11
5.484568814690364695e-11
5.448186798267048986e-11
5.411464897787330279e-11
5.374425395890356046e-11
5.337090575215271815e-11
5.299482718401225057e-11
5.261624108087364533e-11
5.223537026912836420e-11
5.185243757516786894e-11
5.146763302708603703e-11
5.108101545978631180e-11
5.069261090987451999e-11
5.030244541395653356e-11
4.991054500863817924e-11
4.951693573052528376e-11
4.912164361622372555e-11
4.872469470233931842e-11
4.832611502547791494e-11
4.792593062224535476e-11
4.752416752924747756e-11
4.712085178309012943e-11
4.671600942037915650e-11
4.630966647772038549e-11
4.590184899171966900e-11
4.549258299898286605e-11
4.508189453611579045e-11
4.466980963972428833e-11
4.425635434641421872e-11
4.384155469279141481e-11
4.342543671546172272e-11
4.300802645103098211e-11
4.258934993610502617e-11
4.216943320728970102e-11
4.174830230119085922e-11
4.132598325441433399e-11
4.090250210356597789e-11
4.047788488525161765e-11
4.005215763607709940e-11
3.962534639264826925e-11
3.919747719157097978e-11
3.876857606945105772e-11
3.833866906289434919e-11
3.790778220850670029e-11
3.747594154289393777e-11
3.704317310266192067e-11
3.660950292441649510e-11
3.617495704476349425e-11
3.573956150030875778e-11
3.530334232765813826e-11
3.486632556341745598e-11
3.442853724419258288e-11
3.399000340658933278e-11
3.355075008721357119e-11
3.311080332267112482e-11
3.267018914956783980e-11
3.222893360450956871e-11
3.178706272410213828e-11
3.134460254495140108e-11
3.090157910366319678e-11
3.045802794677583541e-11
3.001402266055750214e-11
2.956964634120885898e-11
2.912498208493057442e-11
2.868011298792328460e-11
2.823512214638765802e-11
2.779009265652435345e-11
2.734510761453403291e-11
2.690025011661734549e-11
2.645560325897495644e-11
2.601125013780752129e-11
2.556727384931569239e-11
2.512375748970013497e-11
2.468078415516150135e-11
2.423843694190045355e-11
2.379679894611765035e-11
2.335595326401374731e-11
2.291598299178940320e-11
2.247697122564527035e-11
2.203900106178201400e-11
2.160215559640028971e-11
2.116651792570075625e-11
2.073217114588406919e-11
2.029919835315089053e-11
1.986768264370187260e-11
1.943770711373767417e-11
1.900935485945895404e-11
1.858270897706637745e-11
1.815785256276059025e-11
1.773486871274225770e-11
1.731384052321203534e-11
1.689485109037058196e-11
1.647798351041855310e-11
1.606332087955661403e-11
1.565094629398540735e-11
1.524094284990561125e-11
1.483339364351786835e-11
1.442838177102284228e-11
1.402599032862118698e-11
1.362630241251356930e-11
1.322940111890063350e-11
1.283536954398304966e-11
1.244429078396147010e-11
1.205624793503655362e-11
1.167132409340896059e-11
1.128960235527934498e-11
1.091116581684836393e-11
1.053609757431667785e-11
1.016448072388494714e-11
9.796398361753825738e-12
9.431915304459778781e-12
9.071023249882501693e-12
8.713695616237494641e-12
8.359905821740257792e-12
8.009627284606291310e-12
7.662833423051095362e-12
7.319497655290171729e-12
6.979593399539023002e-12
6.643094074013146114e-12
6.309973096928045271e-12
5.980203886499216600e-12
5.653759860942163497e-12
5.330614438472386938e-12
5.010741037305385471e-12
4.694113075656664111e-12
4.380703971741718176e-12
4.070487143776052678e-12
3.763436009975164554e-12
3.459523988554557199e-12
3.158724497729729165e-12
2.861010955716183041e-12
2.566356780729418993e-12
2.274735390984936378e-12
1.986120204698237788e-12
1.700484640084821165e-12
1.417802115360188695e-12
1.138046048739842767e-12
8.611898584392806173e-13
5.872069626740058454e-13
3.160707796595173048e-13
4.775472761131556527e-14
-2.177677752550977935e-13
-4.805233107242225045e-13
-7.405384605805579979e-13
-9.978398066086031988e-13
-1.252453930592857537e-12
-1.504407414317821655e-12
-1.753726839567994579e-12
-2.000438788127874123e-12
-2.244569841781959717e-12
-2.486146582314753215e-12
-2.725195591510752027e-12
-2.961743451154455583e-12
-3.195816743030363718e-12
-3.427442048922975054e-12
-3.656645950616791039e-12
-3.883455029896307067e-12
-4.107895868546026200e-12
-4.329995048350447467e-12
-4.549779151094068277e-12
-4.767256401372058746e-12
-4.982361595022268505e-12
-5.195011170693214232e-12
-5.405121567033416649e-12
-5.612609222691391628e-12
-5.817390576315658272e-12
-6.019382066554736494e-12
-6.218500132057142166e-12
-6.414661211471395199e-12
-6.607781743446015506e-12
-6.797778166629518959e-12
-6.984566919670424661e-12
-7.168064441217252526e-12
-7.348187169918520040e-12
-7.524851544422743885e-12
-7.697974003378444780e-12
-7.867470985434139405e-12
-8.033258929238347673e-12
-8.195254273439589494e-12
-8.353373456686378319e-12
-8.507532917627237289e-12
-8.657649094910683086e-12
-8.803638427185234006e-12
-8.945417353099406729e-12
-9.082902311301722782e-12
-9.216009740440700462e-12
-9.344656079164856449e-12
-9.468757766122709038e-12
-9.588231239962778143e-12
-9.702992939333580443e-12
-9.812959302883635850e-12
-9.918046769261461044e-12
-1.001817177711557755e-11
-1.011325076509450044e-11
-1.020320017184674962e-11
-1.028793643602084501e-11
-1.036737599626530327e-11
-1.044143529122864110e-11
-1.051003075955938164e-11
-1.057307883990603834e-11
-1.063049597091713433e-11
-1.068219859124118307e-11
-1.072810313952670609e-11
-1.076812605442222168e-11
-1.080218377457624652e-11
-1.083019273863730214e-11
-1.085206938525390199e-11
-1.086773015307456921e-11
-1.087709148074782210e-11
-1.088006980692217573e-11
-1.087662000762827511e-11
-1.086685070842525609e-11
-1.085090897225438446e-11
-1.082894186205692277e-11
-1.080109644077412713e-11
-1.076751977134726818e-11
-1.072835891671760362e-11
-1.068376093982639604e-11
-1.063387290361490798e-11
-1.057884187102440363e-11
-1.051881490499614393e-11
-1.045393906847138983e-11
-1.038436142439140712e-11
-1.031022903569745514e-11
-1.023168896533079805e-11
-1.014888827623269682e-11
-1.006197403134441561e-11
-9.971093293607213762e-12
-9.876393125962358678e-12
-9.778020591351108077e-12
-9.676122752714726136e-12
-9.570846672994475418e-12
-9.462339415131618484e-12
-9.350748042067416282e-12
-9.236219616743131375e-12
-9.118901202100027939e-12
-8.998939861079368537e-12
-8.876482656622414116e-12
-8.751676651670425623e-12
-8.624668909164665621e-12
-8.495606492046401517e-12
-8.364636463256891028e-12
-8.231905885737396717e-12
-8.097561822429184376e-12
-7.961751336273510106e-12
-7.824621490211642931e-12
-7.686319347184840567e-12
-7.546991970134367192e-12
-7.406786422001486984e-12
-7.265849765727460081e-12
-7.124329064253548239e-12
-6.982371380521015635e-12
-6.840123777471124024e-12
-6.697733318045135161e-12
-6.555347065184311607e-12
-6.413112081829916732e-12
-6.271175430923211485e-12
-6.129684175405460042e-12
-5.988785378217922542e-12
-5.848626102301863972e-12
-5.709323765812718506e-12
-5.570877207762616466e-12
-5.433255622377864633e-12
-5.296428203884765749e-12
-5.160364146509624980e-12
-5.025032644478745874e-12
-4.890402892018434407e-12
-4.756444083354994934e-12
-4.623125412714729392e-12
-4.490416074323946983e-12
-4.358285262408948026e-12
-4.226702171196038496e-12
-4.095635994911522749e-12
-3.965055927781705952e-12
-3.834931164032892461e-12
-3.705230897891385826e-12
-3.575924323583491214e-12
-3.446980635335513386e-12
-3.318369027373756698e-12
-3.190058693924525510e-12
-3.062018829214123775e-12
-2.934218627468857465e-12
-2.806627282915029727e-12
-2.679213989778945323e-12
-2.551947942286909015e-12
-2.424798334665225562e-12
-2.297734361140199325e-12
-2.170725215938134255e-12
-2.043740093285335519e-12
-1.916748187408107070e-12
-1.789718692532753872e-12
-1.662620802885580081e-12
-1.535423712692890862e-12
-1.408096616180989967e-12
-1.280608707576182157e-12
-1.152929181104771992e-12
-1.025027230993064234e-12
-8.968720514673625339e-13
-7.684328367539724602e-13
-6.396787810791977653e-13
-5.105790786693433115e-13
-3.811029237507137091e-13
-2.512195105496130633e-13
-1.208980332923461356e-13
9.892313794782679978e-15
1.411823364854687560e-13
2.730028405534074493e-13
4.053846317722946655e-13
5.383585159158255675e-13
6.719552987576958985e-13
8.061931899284379361e-13
9.410400144859328215e-13
1.076451001344898028e-12
1.212381379420052241e-12
1.348786377626112328e-12
1.485621224877796772e-12
1.622841150089823855e-12
1.760401382176910646e-12
1.898257150053775628e-12
2.036363682635136476e-12
2.174676208835711069e-12
2.313149957570217687e-12
2.451740157753374208e-12
2.590402038299897701e-12
2.729090828124506448e-12
2.867761756141919134e-12
3.006370051266852827e-12
3.144870942414025810e-12
3.283219658498155961e-12
3.421371428433961155e-12
3.559281481136158867e-12
3.696905045519467379e-12
3.834197350498604970e-12
3.971113624988288711e-12
4.107609097903237288e-12
4.243638998158168577e-12
4.379158554667800455e-12
4.514122996346849993e-12
4.648487552110035068e-12
4.782207450872075172e-12
4.915237921547686568e-12
5.047534193051588749e-12
5.179051494298497167e-12
5.309745054203132933e-12
5.439570101680210692e-12
5.568481865644450744e-12
5.696435575010570968e-12
5.823386458693286817e-12
5.949289745607319400e-12
6.074100664667384171e-12
6.197774444788199815e-12
6.320266314884484209e-12
6.441531503870956038e-12
6.561525240662333180e-12
6.680202754173331897e-12
6.797519273318671682e-12
6.913430027013068796e-12
7.027890244171243540e-12
7.140855153707912176e-12
7.252279984537793389e-12
7.362127483156670107e-12
7.470390466384593539e-12
7.577069268622678331e-12
7.682164224272041549e-12
7.785675667733798646e-12
7.887603933409065074e-12
7.987949355698954670e-12
8.086712269004587733e-12
8.183893007727078099e-12
8.279491906267541221e-12
8.373509299027092551e-12
8.465945520406849156e-12
8.556800904807928105e-12
8.646075786631441618e-12
8.733770500278508379e-12
8.819885380150243840e-12
8.904420760647763454e-12
8.987376976172184288e-12
9.068754361124618563e-12
9.148553249906188194e-12
9.226773976918002170e-12
9.303416876561182407e-12
9.378482283236842740e-12
9.451970531346095391e-12
9.523881955290062275e-12
9.594216889469857228e-12
9.662975668286595703e-12
9.730158626141389919e-12
9.795766097435360178e-12
9.859798416569623545e-12
9.922255917945292242e-12
9.983138935963484954e-12
1.004244780502531552e-11
1.010018285953190099e-11
1.015634443388435361e-11
1.021093286248379529e-11
1.026394847973133985e-11
1.031539162002810275e-11
1.036526261777519784e-11
1.041356180737374378e-11
1.046028952322485443e-11
1.050544609972965008e-11
1.054903187128923971e-11
1.059104717230474201e-11
1.063149233717727567e-11
1.067036770030795452e-11
1.070767359609789402e-11
1.074341035894821122e-11
1.077757832326001998e-11
1.081017782343443896e-11
1.084120955032531801e-11
1.087067562059746224e-11
1.089857850736840629e-11
1.092492068375569451e-11
1.094970462287685994e-11
1.097293279784944368e-11
1.099460768179098684e-11
1.101473174781902246e-11
1.103330746905109487e-11
1.105033731860474035e-11
1.106582376959749516e-11
1.107976929514690202e-11
1.109217636837049719e-11
1.110304746238582018e-11
1.111238505031040885e-11
1.112019160526180595e-11
1.112646960035754773e-11
1.113122150871516883e-11
1.113444980345221038e-11
1.113615695768621671e-11
1.113634544453471924e-11
1.113501773711526070e-11
1.113217630854537735e-11
1.112782363194261029e-11
1.112196218042449419e-11
1.111459442710857338e-11
1.110572284511238412e-11
1.109534990755346107e-11
1.108347808754935018e-11
1.107010985821758448e-11
1.105524769267570509e-11
1.103889406404125150e-11
1.102105144543176159e-11
1.100172230996477323e-11
1.098090913075782432e-11
1.095861438092845595e-11
1.093484053359420601e-11
1.090959006187261239e-11
1.088286543888121618e-11
1.085466913773755527e-11
1.082500363155916430e-11
1.079387139346358601e-11
1.076127489656835828e-11
1.072721661399102220e-11
1.069169901884911244e-11
1.065472458426016849e-11
1.061629578334172823e-11
1.057641508921133761e-11
1.053508497498652643e-11
1.049230791378483581e-11
1.044809248324100332e-11
1.040247167905855073e-11
1.035548460145819628e-11
1.030717035066066467e-11
1.025756802688666766e-11
1.020671673035692997e-11
1.015465556129216659e-11
1.010142361991310223e-11
1.004706000644045511e-11
9.991603821094943480e-12
9.935094164097287184e-12
9.877570135668204459e-12
9.819070836028418389e-12
9.759635365398647209e-12
9.699302823999607540e-12
9.638112312052020848e-12
9.576102929776606986e-12
9.513313777394085804e-12
9.449783955125175539e-12
9.385552563190597658e-12
9.320658701811068781e-12
9.255141471207313606e-12
9.189039971600045523e-12
9.122393303209984382e-12
9.055240566257856499e-12
8.987620860964373645e-12
8.919573287550260521e-12
8.851136946236233745e-12
8.782350937243014785e-12
8.713254360791321877e-12
8.643886317101873257e-12
8.574285906395392007e-12
8.504492228892594749e-12
8.434544384814204563e-12
8.364481474380933225e-12
8.294342597813508663e-12
8.224166855332647498e-12
8.153993347159067966e-12
8.083861173513491534e-12
8.013809434616636437e-12
7.943877230689219296e-12
7.874103661951968041e-12
7.804527828625592829e-12
7.735188830930819974e-12
7.666125769088366097e-12
7.597377743318949433e-12
7.528983853843291450e-12
7.460983200882112000e-12
7.393414884656129317e-12
7.326318005386063253e-12
7.259721259887508777e-12
7.193611731355555668e-12
7.127966099580174476e-12
7.062761044351329291e-12
6.997973245458986622e-12
6.933579382693114597e-12
6.869556135843678113e-12
6.805880184700645297e-12
6.742528209053981851e-12
6.679476888693655904e-12
6.616702903409632352e-12
6.554182932991878513e-12
6.491893657230362515e-12
6.429811755915048446e-12
6.367913908835905241e-12
6.306176795782900219e-12
6.244577096545996661e-12
6.183091490915163501e-12
6.121696658680366444e-12
6.060369279631574425e-12
5.999086033558751531e-12
5.937823600251866697e-12
5.876558659500884820e-12
5.815267891095770795e-12
5.753927974826496789e-12
5.692515590483025274e-12
5.631007417855324377e-12
5.569380136733361417e-12
5.507610426907098868e-12
5.445674968166509703e-12
5.383550440301556395e-12
5.321213523102207071e-12
5.258640896358429857e-12
5.195809239860187227e-12
5.132695233397448924e-12
5.069275556760182266e-12
5.005526889738352150e-12
4.941425912121925895e-12
4.876949303700870820e-12
4.812073744265151821e-12
4.746775913604737834e-12
4.681032491509594562e-12
4.614820157769687708e-12
4.548115592174986209e-12
4.480895474515454151e-12
4.413136484581060470e-12
4.344815302161770870e-12
4.275908607047551861e-12
4.206393079028369957e-12
4.136245397894192476e-12
4.065453163561021115e-12
3.994047656448998320e-12
3.922071077104304143e-12
3.849565626073115407e-12
3.776573503901609741e-12
3.703136911135967200e-12
3.629298048322365010e-12
3.555099116006981205e-12
3.480582314735994626e-12
3.405789845055583712e-12
3.330763907511926497e-12
3.255546702651200207e-12
3.180180431019584491e-12
3.104707293163257384e-12
3.029169489628396920e-12
2.953609220961181536e-12
2.878068687707788864e-12
2.802590090414397744e-12
2.727215629627186615e-12
2.651987505892333511e-12
2.576947919756016062e-12
2.502139071764414725e-12
2.427603162463705112e-12
2.353382392400066871e-12
2.279518962119677633e-12
2.206055072168716240e-12
2.133032923093360726e-12
2.060494715439789529e-12
1.988482649754180683e-12
1.917038926582713029e-12
1.846205746471563795e-12
1.776025309966912023e-12
1.706539817614935951e-12
1.637791469961813611e-12
1.569822467553723240e-12
1.502675010936843277e-12
1.436391300657352158e-12
1.371013537261427312e-12
1.306583921295248389e-12
1.243144653304992615e-12
1.180737933836838227e-12
1.119405963436964267e-12
1.059190942651548770e-12
1.000135072026769164e-12
9.422805521088046955e-13
8.856695834438333978e-13
8.303443665780331033e-13
7.763471020575825528e-13
7.237199904286599823e-13
6.725052322374435269e-13
6.227361302855611426e-13
5.744103963964395639e-13
5.275168446489553464e-13
4.820442891219850457e-13
4.379815438944047124e-13
3.953174230450910031e-13
3.540407406529203723e-13
3.141403107967693755e-13
2.756049475555140634e-13
2.384234650080314460e-13
2.025846772331975233e-13
1.680773983098887501e-13
1.348904423169817827e-13
1.030126233333529244e-13
7.243275543787862963e-14
4.313965270943550445e-14
1.512212922689970051e-14
-1.163100093085212567e-14
-3.713092368494372149e-14
-6.138882495649848091e-14
-8.441589066663999985e-14
-1.062233067364917733e-13
-1.268222590871775990e-13
-1.462239336398207701e-13
-1.644395163155450087e-13
-1.814801930354738350e-13
-1.973571497207307691e-13
-2.120815722924394070e-13
-2.256646466717232436e-13
-2.381175587797060263e-13
-2.494514945375109977e-13
-2.596776398662620312e-13
-2.688071806870826220e-13
-2.768513029210960629e-13
-2.838211924894263034e-13
-2.897280353131965858e-13
-2.945830173135307586e-13
-2.983973244115521148e-13
-3.011821425283844017e-13
-3.029486575851509629e-13
-3.037080555029756467e-13
-3.034715222029818470e-13
-3.022502436062931093e-13
-3.000554056340329791e-13
-2.968981942073250522e-13
-2.927897952472929751e-13
-2.877413946750601922e-13
-2.817641784117502995e-13
-2.748693323784868928e-13
-2.670680424963934672e-13
-2.583709655258211160e-13
-2.487866415840306704e-13
-2.383230816275105599e-13
-2.269882966127491131e-13
-2.147902974962346588e-13
-2.017370952344558031e-13
-1.878367007839005971e-13
-1.730971251010576217e-13
-1.575263791424152056e-13
-1.411324738644616269e-13
-1.239234202236854414e-13
-1.059072291765748010e-13
-8.709191167961823638e-14
-6.748547868930400032e-14
-4.709594116212059816e-14
-2.593131005455638378e-14
-3.999596323099559551e-15
1.869118907576126821e-14
4.213303518553789711e-14
6.631793104974192280e-14
9.123786571188494094e-14
1.168848282154785219e-13
1.432508076040345139e-13
1.703277929210642852e-13
1.981077732100796588e-13
2.265827375145922050e-13
2.557446748781135953e-13
2.855855743441550971e-13
3.160974249562288614e-13
3.472722157578462567e-13
3.791019357925189544e-13
4.115785741037586259e-13
4.446941197350768415e-13
4.784405617299851717e-13
5.128098891319951869e-13
5.477940909846188614e-13
5.833851563313676647e-13
6.195750742157530660e-13
6.563558336812867370e-13
6.937194237714804498e-13
7.316578335298455730e-13
7.701630519998942828e-13
8.092270682251374429e-13
8.488418712490873303e-13
8.889994501152553137e-13
9.296917938671529634e-13
9.709108915482918498e-13
1.012648732202183846e-12
1.054897304872340725e-12
1.097648598602273451e-12
1.140893397554416429e-12
1.184617666366892981e-12
1.228806164796748253e-12
1.273443652601027795e-12
1.318514889536777361e-12
1.364004635361041693e-12
1.409897649830867552e-12
1.456178692703299279e-12
1.502832523735382422e-12
1.549843902684163543e-12
1.597197589306686980e-12
1.644878343359998284e-12
1.692870924601143812e-12
1.741160092787168308e-12
1.789730607675116918e-12
1.838567229022036809e-12
1.887654716584971510e-12
1.936977830120967381e-12
1.986521329387069770e-12
2.036269974140324429e-12
2.086208524137776707e-12
2.136321739136471548e-12
2.186594378893455109e-12
2.237011203165772335e-12
2.287556971710470189e-12
2.338216444284591597e-12
2.388974380645184734e-12
2.439815540549292929e-12
2.490724683753962743e-12
2.541686570016239121e-12
2.592685959093168218e-12
2.643707610741795383e-12
2.694736284719165561e-12
2.745756740782324908e-12
2.796753738688317964e-12
2.847712038194190887e-12
2.898616399056989428e-12
2.949451581033758936e-12
3.000202343881543951e-12
3.050853447357391035e-12
3.101389651218345535e-12
3.151795715221452800e-12
3.202056399123758178e-12
3.252156462682306614e-12
3.302080665654144669e-12
3.351813767796317690e-12
3.401340528865870219e-12
3.450645708619848008e-12
3.499714066815297617e-12
3.548530363209263587e-12
3.597081362149658552e-12
3.645361846347863084e-12
3.693368603106125444e-12
3.741098419726694295e-12
3.788548083511816283e-12
3.835714381763738054e-12
3.882594101784710292e-12
3.929184030876978026e-12
3.975480956342791940e-12
4.021481665484397873e-12
4.067182945604044085e-12
4.112581584003978836e-12
4.157674367986450389e-12
4.202458084853703772e-12
4.246929521907989669e-12
4.291085466451556342e-12
4.334922705786649628e-12
4.378438027215517788e-12
4.421628218040409083e-12
4.464490065563571773e-12
4.507020357087253312e-12
4.549215879913701153e-12
4.591073421345164364e-12
4.632589768683887975e-12
4.673761709232122670e-12
4.714586030292115095e-12
4.755059519166114319e-12
4.795178963156366986e-12
4.834941149565119741e-12
4.874342865694622462e-12
4.913380898847122602e-12
4.952052036324866804e-12
4.990353065430105755e-12
5.028280773465083676e-12
5.065831947732049635e-12
5.103003375533252701e-12
5.139791844170941134e-12
5.176194140947359158e-12
5.212207053164758264e-12
5.247827368125385096e-12
5.283051873131486301e-12
5.317877355485312563e-12
5.352300602489108911e-12
5.386318401445124414e-12
5.419927539655607333e-12
5.453124804422804313e-12
5.485906983048963616e-12
5.518270862836334308e-12
5.550213231087162229e-12
5.581730875103696447e-12
5.612819876797197542e-12
5.643473496514979416e-12
5.673684289213369904e-12
5.703444809848696842e-12
5.732747613377284835e-12
5.761585254755463335e-12
5.789950288939557754e-12
5.817835270885896737e-12
5.845232755550807311e-12
5.872135297890616505e-12
5.898535452861651348e-12
5.924425775420238059e-12
5.949798820522706090e-12
5.974647143125380046e-12
5.998963298184589379e-12
6.022739840656659501e-12
6.045969325497919057e-12
6.068644307664692651e-12
6.090757342113310542e-12
6.112300983800098144e-12
6.133267787681383293e-12
6.153650308713493823e-12
6.173441101852755957e-12
6.192632722055495914e-12
6.211217724278042338e-12
6.229188663476721450e-12
6.246538094607862701e-12
6.263258572627790696e-12
6.279342652492832464e-12
6.294782889159317456e-12
6.309571837583571893e-12
6.323702052721921187e-12
6.337166089530696405e-12
6.349956502966219729e-12
6.362065847984821419e-12
6.373486679542829311e-12
6.384211552596568817e-12
6.394233022102366965e-12
6.403543643016552399e-12
6.412135970295451341e-12
6.420002558895390817e-12
6.427135963772698664e-12
6.433528739883702719e-12
6.439173442184728394e-12
6.444062625632103524e-12
6.448188845182155947e-12
6.451544655791210266e-12
6.454122612415599165e-12
6.455915270011644018e-12
6.456915183535675083e-12
6.457118816081682335e-12
6.456538263294318034e-12
6.455189528955891730e-12
6.453088616848721052e-12
6.450251530755117167e-12
6.446694274457393664e-12
6.442432851737867364e-12
6.437483266378848625e-12
6.431861522162652654e-12
6.425583622871594655e-12
6.418665572287984180e-12
6.411123374194139664e-12
6.402973032372371467e-12
6.394230550604995601e-12
6.384911932674324041e-12
6.375033182362671184e-12
6.364610303452352236e-12
6.353659299725677556e-12
6.342196174964965579e-12
6.330236932952525856e-12
6.317797577470673594e-12
6.304894112301723997e-12
6.291542541227988232e-12
6.277758868031780696e-12
6.263559096495418211e-12
6.248959230401209519e-12
6.233975273531473056e-12
6.218623229668518374e-12
6.202919102594661486e-12
6.186878896092217597e-12
6.170518613943497874e-12
6.153854259930816713e-12
6.136901837836489322e-12
6.119677351442826057e-12
6.102196804532143740e-12
6.084476200886755153e-12
6.066531544288975502e-12
6.048378838521115952e-12
6.030034087365491710e-12
6.011513294604416364e-12
5.992832464020202697e-12
5.974007599395166723e-12
5.955054704511618799e-12
5.935989783151877362e-12
5.916828839098251155e-12
5.897587876133057807e-12
5.878282898038606869e-12
5.858929908597217585e-12
5.839544911591198698e-12
5.820143910802867836e-12
