# te
3.939769744873046875e+00
4.736015796661376953e+00
4.722724914550781250e+00
4.260559082031250000e+00
3.612688064575195312e+00
2.940836906433105469e+00
2.339532613754272461e+00
1.850964665412902832e+00
1.492187500000000000e+00
1.264025926589965820e+00
1.155301928520202637e+00
1.133522391319274902e+00
1.163021564483642578e+00
1.222889900207519531e+00
1.297533631324768066e+00
1.374674081802368164e+00
1.445890665054321289e+00
1.508118867874145508e+00
1.558624863624572754e+00
1.604983210563659668e+00
1.654703378677368164e+00
1.709631085395812988e+00
1.769936323165893555e+00
1.834676504135131836e+00
1.903374075889587402e+00
1.971317172050476074e+00
2.034270048141479492e+00
2.089012145996093750e+00
2.131908416748046875e+00
2.162971735000610352e+00
2.182298421859741211e+00
2.186822175979614258e+00
2.175368547439575195e+00
2.154447078704833984e+00
2.129483222961425781e+00
2.097743511199951172e+00
2.057018995285034180e+00
2.006511926651000977e+00
1.945573687553405762e+00
1.873225331306457520e+00
1.787985563278198242e+00
1.688266158103942871e+00
1.573370814323425293e+00
1.442677259445190430e+00
1.294009447097778320e+00
1.128858447074890137e+00
9.522889852523803711e-01
7.687713503837585449e-01
5.759910941123962402e-01
3.700082004070281982e-01
1.460123658180236816e-01
-9.917310625314712524e-02
-3.607542812824249268e-01
-6.338212490081787109e-01
-9.197543859481811523e-01
-1.218780159950256348e+00
-1.532069087028503418e+00
-1.860814571380615234e+00
-2.204775333404541016e+00
-2.563436269760131836e+00
-2.937566757202148438e+00
-3.327885150909423828e+00
-3.735332965850830078e+00
-4.160256862640380859e+00
-4.600575923919677734e+00
-5.053559780120849609e+00
-5.517618179321289062e+00
-5.991086006164550781e+00
-6.475715637207031250e+00
-6.973965167999267578e+00
-7.487174987792968750e+00
-8.015904426574707031e+00
-8.559226036071777344e+00
-9.115617752075195312e+00
-9.684389114379882812e+00
-1.026528453826904297e+01
-1.085961627960205078e+01
-1.146350383758544922e+01
-1.207826232910156250e+01
-1.270430564880371094e+01
-1.334066963195800781e+01
-1.398697185516357422e+01
-1.464134311676025391e+01
-1.530488777160644531e+01
-1.597652912139892578e+01
-1.665538024902343750e+01
-1.734134101867675781e+01
-1.803580093383789062e+01
-1.873569107055664062e+01
-1.944166755676269531e+01
-2.015294837951660156e+01
-2.086950874328613281e+01
-2.158983612060546875e+01
-2.231464767456054688e+01
-2.304317665100097656e+01
-2.377465057373046875e+01
-2.450681686401367188e+01
-2.524262237548828125e+01
-2.597758293151855469e+01
-2.671464157104492188e+01
-2.745154953002929688e+01
-2.818902206420898438e+01
-2.892405700683593750e+01
-2.965812110900878906e+01
-3.039044380187988281e+01
-3.111951446533203125e+01
-3.184604835510253906e+01
-3.256853485107421875e+01
-3.328546142578125000e+01
-3.399827957153320312e+01
-3.470613098144531250e+01
-3.540740966796875000e+01
-3.610124588012695312e+01
-3.678752136230468750e+01
-3.746536254882812500e+01
-3.813391113281250000e+01
-3.879378128051757812e+01
-3.944262313842773438e+01
-4.008031082153320312e+01
-4.070672225952148438e+01
-4.132099151611328125e+01
-4.192299652099609375e+01
-4.250964355468750000e+01
-4.308303451538085938e+01
-4.364230728149414062e+01
-4.418659210205078125e+01
-4.471503067016601562e+01
-4.522675323486328125e+01
-4.572089004516601562e+01
-4.619882965087890625e+01
-4.665752029418945312e+01
-4.709915924072265625e+01
-4.751922607421875000e+01
-4.792065429687500000e+01
-4.829967117309570312e+01
-4.865846252441406250e+01
-4.899549102783203125e+01
-4.930996704101562500e+01
-4.960258102416992188e+01
-4.987105941772460938e+01
-5.011609268188476562e+01
-5.033763885498046875e+01
-5.053490066528320312e+01
-5.070708847045898438e+01
-5.085415649414062500e+01
-5.097457122802734375e+01
-5.106976318359375000e+01
-5.113820266723632812e+01
-5.117761611938476562e+01
-5.119092941284179688e+01
-5.117661666870117188e+01
-5.113240432739257812e+01
-5.106050109863281250e+01
-5.096011734008789062e+01
-5.083121490478515625e+01
-5.067227935791015625e+01
-5.048401641845703125e+01
-5.026638031005859375e+01
-5.001786041259765625e+01
-4.973990631103515625e+01
-4.943247604370117188e+01
-4.909404754638671875e+01
-4.872607803344726562e+01
-4.832629394531250000e+01
-4.789615249633789062e+01
-4.743636322021484375e+01
-4.694465255737304688e+01
-4.642098617553710938e+01
-4.586682128906250000e+01
-4.527989196777343750e+01
-4.466164016723632812e+01
-4.401203918457031250e+01
-4.333105087280273438e+01
-4.261789703369140625e+01
-4.187254714965820312e+01
-4.109650421142578125e+01
-4.028829193115234375e+01
-3.944793319702148438e+01
-3.857692718505859375e+01
-3.767529678344726562e+01
-3.674157333374023438e+01
-3.577725982666015625e+01
-3.478162765502929688e+01
-3.375692367553710938e+01
-3.270019912719726562e+01
-3.161295509338378906e+01
-3.049669265747070312e+01
-2.934994697570800781e+01
-2.817496681213378906e+01
-2.696879196166992188e+01
-2.573366928100585938e+01
-2.447110557556152344e+01
-2.317889022827148438e+01
-2.185926628112792969e+01
-2.051150894165039062e+01
-1.913712120056152344e+01
-1.773537826538085938e+01
-1.630704116821289062e+01
-1.485286808013916016e+01
-1.337214946746826172e+01
-1.186646556854248047e+01
-1.033518218994140625e+01
-8.781383514404296875e+00
-7.202947616577148438e+00
-5.601248741149902344e+00
-3.976840734481811523e+00
-2.330354213714599609e+00
-6.622694730758666992e-01
1.026412487030029297e+00
2.735523700714111328e+00
4.464018344879150391e+00
6.211832523345947266e+00
7.977653980255126953e+00
9.760631561279296875e+00
1.156117630004882812e+01
1.337717342376708984e+01
1.520873928070068359e+01
1.705672836303710938e+01
1.891658020019531250e+01
2.079041099548339844e+01
2.267663002014160156e+01
2.457587051391601562e+01
2.648431205749511719e+01
2.840481758117675781e+01
3.033357238769531250e+01
3.227194595336914062e+01
3.421834564208984375e+01
3.617118835449218750e+01
3.813110351562500000e+01
4.009724044799804688e+01
4.206801223754882812e+01
4.404182434082031250e+01
4.601931762695312500e+01
4.799889755249023438e+01
4.998045730590820312e+01
5.196240997314453125e+01
5.394464492797851562e+01
5.592631912231445312e+01
5.790509796142578125e+01
5.988162231445312500e+01
6.185504150390625000e+01
6.382376480102539062e+01
6.578843688964843750e+01
6.774597167968750000e+01
6.969776153564453125e+01
7.164147186279296875e+01
7.357699584960937500e+01
7.550348663330078125e+01
7.741936492919921875e+01
7.932526397705078125e+01
8.121957397460937500e+01
8.310070037841796875e+01
8.496851348876953125e+01
8.682289886474609375e+01
8.866374969482421875e+01
9.048276519775390625e+01
9.229245758056640625e+01
9.407784271240234375e+01
9.585367584228515625e+01
9.759754180908203125e+01
9.933161163330078125e+01
1.010483474731445312e+02
1.027401962280273438e+02
1.043996124267578125e+02
1.060487594604492188e+02
1.076652450561523438e+02
1.092638015747070312e+02
1.108368911743164062e+02
1.123843917846679688e+02
1.139061889648437500e+02
1.153947372436523438e+02
1.168647766113281250e+02
1.182938995361328125e+02
1.197042922973632812e+02
1.210735549926757812e+02
1.224238357543945312e+02
1.237327423095703125e+02
1.250075912475585938e+02
1.262631225585937500e+02
1.274769439697265625e+02
1.286563568115234375e+02
1.298012542724609375e+02
1.309114990234375000e+02
1.319870147705078125e+02
1.330202331542968750e+02
1.340259094238281250e+02
1.349890594482421875e+02
1.359169921875000000e+02
1.368096160888671875e+02
1.376519470214843750e+02
1.384661560058593750e+02
1.392298431396484375e+02
1.399651794433593750e+02
1.406497650146484375e+02
1.412983245849609375e+02
1.419107818603515625e+02
1.424721527099609375e+02
1.429897460937500000e+02
1.434634246826171875e+02
1.439005737304687500e+02
1.443011322021484375e+02
1.446502532958984375e+02
1.449479370117187500e+02
1.452090454101562500e+02
1.454261169433593750e+02
1.455917510986328125e+02
1.457282409667968750e+02
1.458058471679687500e+02
1.458468627929687500e+02
1.458364410400390625e+02
1.457894134521484375e+02
1.456909332275390625e+02
1.455558471679687500e+02
1.453693084716796875e+02
1.451387329101562500e+02
1.448641357421875000e+02
1.445454864501953125e+02
1.441828002929687500e+02
1.437835235595703125e+02
1.433327484130859375e+02
1.428379364013671875e+02
1.422990722656250000e+02
1.417087249755859375e+02
1.410891876220703125e+02
1.404107208251953125e+02
1.396956176757812500e+02
1.389438934326171875e+02
1.381406402587890625e+02
1.372933349609375000e+02
1.364093780517578125e+02
1.354887542724609375e+02
1.345240325927734375e+02
1.335152282714843750e+02
1.324623260498046875e+02
1.313727416992187500e+02
1.302316284179687500e+02
1.290612335205078125e+02
1.278467330932617188e+02
1.266029510498046875e+02
1.253075942993164062e+02
1.239755325317382812e+02
1.226067504882812500e+02
1.212012252807617188e+02
1.197589797973632812e+02
1.182874069213867188e+02
1.167716445922851562e+02
1.152191238403320312e+02
1.136298294067382812e+02
1.120111846923828125e+02
1.103557739257812500e+02
1.086637115478515625e+02
1.069499816894531250e+02
1.051924285888671875e+02
1.034060516357421875e+02
1.015984191894531250e+02
9.975479125976562500e+01
9.789017486572265625e+01
9.598983764648437500e+01
9.406504821777343750e+01
9.211148834228515625e+01
9.013226318359375000e+01
8.812973022460937500e+01
8.610031127929687500e+01
8.405006408691406250e+01
8.197616577148437500e+01
7.988096618652343750e+01
7.776608276367187500e+01
7.562941741943359375e+01
7.347630310058593750e+01
7.130314636230468750e+01
6.911454010009765625e+01
6.690763854980468750e+01
6.468627929687500000e+01
6.245060729980468750e+01
6.020072555541992188e+01
5.793975067138671875e+01
5.566483306884765625e+01
5.338055801391601562e+01
5.108481597900390625e+01
4.878071594238281250e+01
4.646911621093750000e+01
4.414866256713867188e+01
4.182319259643554688e+01
3.949134445190429688e+01
3.715546798706054688e+01
3.481569671630859375e+01
3.247363662719726562e+01
3.012940597534179688e+01
2.778536224365234375e+01
2.544014167785644531e+01
2.309683799743652344e+01
2.075482749938964844e+01
1.841646575927734375e+01
1.608038902282714844e+01
1.375028038024902344e+01
1.142492675781250000e+01
9.105785369873046875e+00
6.793846607208251953e+00
4.490115642547607422e+00
2.195317506790161133e+00
-8.948848396539688110e-02
-2.363559961318969727e+00
-4.625188350677490234e+00
-6.875042438507080078e+00
-9.110746383666992188e+00
-1.133363819122314453e+01
-1.353911113739013672e+01
-1.572924995422363281e+01
-1.790316200256347656e+01
-2.005847167968750000e+01
-2.219577598571777344e+01
-2.431344413757324219e+01
-2.641132926940917969e+01
-2.848705291748046875e+01
-3.054195976257324219e+01
-3.257515716552734375e+01
-3.458352661132812500e+01
-3.656767272949218750e+01
-3.852744674682617188e+01
-4.046121215820312500e+01
-4.236957168579101562e+01
-4.425015258789062500e+01
-4.610354614257812500e+01
-4.792738723754882812e+01
-4.972226333618164062e+01
-5.148878097534179688e+01
-5.322307586669921875e+01
-5.492648696899414062e+01
-5.659887695312500000e+01
-5.823861312866210938e+01
-5.984629058837890625e+01
-6.141878509521484375e+01
-6.295893859863281250e+01
-6.446436309814453125e+01
-6.593492889404296875e+01
-6.736898803710937500e+01
-6.876640319824218750e+01
-7.012850952148437500e+01
-7.145220184326171875e+01
-7.273955535888671875e+01
-7.398818969726562500e+01
-7.519870758056640625e+01
-7.636948394775390625e+01
-7.750110626220703125e+01
-7.859193420410156250e+01
-7.964406585693359375e+01
-8.065586853027343750e+01
-8.162569427490234375e+01
-8.255563354492187500e+01
-8.344332885742187500e+01
-8.429098510742187500e+01
-8.509633636474609375e+01
-8.586087799072265625e+01
-8.658457183837890625e+01
-8.726073455810546875e+01
-8.790345764160156250e+01
-8.849414062500000000e+01
-8.904838562011718750e+01
-8.956022644042968750e+01
-9.003038024902343750e+01
-9.045291137695312500e+01
-9.084634399414062500e+01
-9.118096160888671875e+01
-9.148646545410156250e+01
-9.174053955078125000e+01
-9.195801544189453125e+01
-9.213146972656250000e+01
-9.226829528808593750e+01
-9.236104583740234375e+01
-9.240969848632812500e+01
-9.242166900634765625e+01
-9.238949584960937500e+01
-9.232060241699218750e+01
-9.220751953125000000e+01
-9.205246734619140625e+01
-9.186508178710937500e+01
-9.162675476074218750e+01
-9.136199188232421875e+01
-9.105144500732421875e+01
-9.069880676269531250e+01
-9.030999755859375000e+01
-8.988722991943359375e+01
-8.942451477050781250e+01
-8.892333221435546875e+01
-8.838587188720703125e+01
-8.781210327148437500e+01
-8.720127105712890625e+01
-8.655482482910156250e+01
-8.587199401855468750e+01
-8.515572357177734375e+01
-8.440523529052734375e+01
-8.361901855468750000e+01
-8.280075073242187500e+01
-8.194893646240234375e+01
-8.106500244140625000e+01
-8.014820098876953125e+01
-7.920144653320312500e+01
-7.822174835205078125e+01
-7.721353149414062500e+01
-7.617530059814453125e+01
-7.510713958740234375e+01
-7.401139831542968750e+01
-7.288671112060546875e+01
-7.173690032958984375e+01
-7.055985260009765625e+01
-6.935791778564453125e+01
-6.813045501708984375e+01
-6.688056182861328125e+01
-6.560758972167968750e+01
-6.431166076660156250e+01
-6.299436950683593750e+01
-6.165731811523437500e+01
-6.030061721801757812e+01
-5.892436218261718750e+01
-5.753016281127929688e+01
-5.611886596679687500e+01
-5.469131851196289062e+01
-5.324689865112304688e+01
-5.178866958618164062e+01
-5.031674194335937500e+01
-4.883122634887695312e+01
-4.733370971679687500e+01
-4.582504272460937500e+01
-4.430459213256835938e+01
-4.277468109130859375e+01
-4.123616409301757812e+01
-3.969062423706054688e+01
-3.813668823242187500e+01
-3.657815933227539062e+01
-3.501218414306640625e+01
-3.344256591796875000e+01
-3.186941719055175781e+01
-3.029357337951660156e+01
-2.871588325500488281e+01
-2.713644409179687500e+01
-2.555684089660644531e+01
-2.397792053222656250e+01
-2.240052604675292969e+01
-2.082549667358398438e+01
-1.925292778015136719e+01
-1.768515396118164062e+01
-1.612182426452636719e+01
-1.456400203704833984e+01
-1.301237964630126953e+01
-1.146809673309326172e+01
-9.931544303894042969e+00
-8.403861999511718750e+00
-6.885844230651855469e+00
-5.378167152404785156e+00
-3.881544828414916992e+00
-2.397199153900146484e+00
-9.254993796348571777e-01
5.325921773910522461e-01
1.976112604141235352e+00
3.404768228530883789e+00
4.816630363464355469e+00
6.212149143218994141e+00
7.590435981750488281e+00
8.949860572814941406e+00
1.029027843475341797e+01
1.161080169677734375e+01
1.291277217864990234e+01
1.419084453582763672e+01
1.544858741760253906e+01
1.668288803100585938e+01
1.789434051513671875e+01
1.908132171630859375e+01
2.024590873718261719e+01
2.138275909423828125e+01
2.249395942687988281e+01
2.357936286926269531e+01
2.463659667968750000e+01
2.566700363159179688e+01
2.666820907592773438e+01
2.764155387878417969e+01
2.858541107177734375e+01
2.949888801574707031e+01
3.038258361816406250e+01
3.123412704467773438e+01
3.205559921264648438e+01
3.284462738037109375e+01
3.360032272338867188e+01
3.432402420043945312e+01
3.501410293579101562e+01
3.567041015625000000e+01
3.629279708862304688e+01
3.687963867187500000e+01
3.743227005004882812e+01
3.794979858398437500e+01
3.843133544921875000e+01
3.887598800659179688e+01
3.928584289550781250e+01
3.965777587890625000e+01
3.999386978149414062e+01
4.029174041748046875e+01
4.055273056030273438e+01
4.077593994140625000e+01
4.096197128295898438e+01
4.110918045043945312e+01
4.121817779541015625e+01
4.128816604614257812e+01
4.132131576538085938e+01
4.131536483764648438e+01
4.127100753784179688e+01
4.118819427490234375e+01
4.106688690185546875e+01
4.090703201293945312e+01
4.070858383178710938e+01
4.047148895263671875e+01
4.019645309448242188e+01
3.988416290283203125e+01
3.953234100341796875e+01
3.914241790771484375e+01
3.871509552001953125e+01
3.825031280517578125e+01
3.774802398681640625e+01
3.720742797851562500e+01
3.663144683837890625e+01
3.601779556274414062e+01
3.536716461181640625e+01
3.467949295043945312e+01
3.395695877075195312e+01
3.319802093505859375e+01
3.240261077880859375e+01
3.157216453552246094e+01
3.070662498474121094e+01
2.980592346191406250e+01
2.887075042724609375e+01
2.790029716491699219e+01
2.689747810363769531e+01
2.585999870300292969e+01
2.479002380371093750e+01
2.368749046325683594e+01
2.255270767211914062e+01
2.138627624511718750e+01
2.018753433227539062e+01
1.895857238769531250e+01
1.769835853576660156e+01
1.640841484069824219e+01
1.508864402770996094e+01
1.373975276947021484e+01
1.236215305328369141e+01
1.095644283294677734e+01
9.522848129272460938e+00
8.061964988708496094e+00
6.573869228363037109e+00
5.060418128967285156e+00
3.520795822143554688e+00
1.956411480903625488e+00
3.672183752059936523e-01
-1.245975136756896973e+00
-2.881589889526367188e+00
-4.538790225982666016e+00
-6.218227863311767578e+00
-7.918325901031494141e+00
-9.637506484985351562e+00
-1.137642478942871094e+01
-1.313350486755371094e+01
-1.490791511535644531e+01
-1.669808387756347656e+01
-1.850540542602539062e+01
-2.032831192016601562e+01
-2.216448593139648438e+01
-2.401458358764648438e+01
-2.587704086303710938e+01
-2.775176811218261719e+01
-2.963793945312500000e+01
-3.153399085998535156e+01
-3.343835067749023438e+01
-3.535242080688476562e+01
-3.727463912963867188e+01
-3.920269775390625000e+01
-4.113725280761718750e+01
-4.307748794555664062e+01
-4.502109527587890625e+01
-4.696874237060546875e+01
-4.891960144042968750e+01
-5.087211608886718750e+01
-5.282620620727539062e+01
-5.477957153320312500e+01
-5.673361968994140625e+01
-5.868753051757812500e+01
-6.063900756835937500e+01
-6.258797073364257812e+01
-6.452543640136718750e+01
-6.646247100830078125e+01
-6.839677429199218750e+01
-7.032085418701171875e+01
-7.224204254150390625e+01
-7.415287017822265625e+01
-7.605325317382812500e+01
-7.795054626464843750e+01
-7.982981872558593750e+01
-8.169844055175781250e+01
-8.357119750976562500e+01
-8.541828918457031250e+01
-8.725452423095703125e+01
-8.907238769531250000e+01
-9.087924957275390625e+01
-9.267503356933593750e+01
-9.444474792480468750e+01
-9.621799468994140625e+01
-9.795748138427734375e+01
-9.967794799804687500e+01
-1.013866806030273438e+02
-1.030761413574218750e+02
-1.047313079833984375e+02
-1.063817901611328125e+02
-1.080051727294921875e+02
-1.096013107299804688e+02
-1.111849288940429688e+02
-1.127336273193359375e+02
-1.142621154785156250e+02
-1.157702865600585938e+02
-1.172505493164062500e+02
-1.186953506469726562e+02
-1.201268615722656250e+02
-1.215152206420898438e+02
-1.228900146484375000e+02
-1.242213973999023438e+02
-1.255240707397460938e+02
-1.268053817749023438e+02
-1.280577239990234375e+02
-1.292735443115234375e+02
-1.304527130126953125e+02
-1.316099548339843750e+02
-1.327302856445312500e+02
-1.338209838867187500e+02
-1.348744964599609375e+02
-1.358906707763671875e+02
-1.368693695068359375e+02
-1.378253479003906250e+02
-1.387287139892578125e+02
-1.396165008544921875e+02
-1.404514160156250000e+02
-1.412630462646484375e+02
-1.420214996337890625e+02
-1.427489776611328125e+02
-1.434452972412109375e+02
-1.441029357910156250e+02
-1.447142791748046875e+02
-1.452940521240234375e+02
-1.458272705078125000e+02
-1.463360748291015625e+02
-1.467831726074218750e+02
-1.472055511474609375e+02
-1.475882415771484375e+02
-1.479385223388671875e+02
-1.482413635253906250e+02
-1.485040893554687500e+02
-1.487191772460937500e+02
-1.489014129638671875e+02
-1.490358886718750000e+02
-1.491373901367187500e+02
-1.491983795166015625e+02
-1.492114257812500000e+02
-1.491838378906250000e+02
-1.491229858398437500e+02
-1.490213623046875000e+02
-1.488789215087890625e+02
-1.486955566406250000e+02
-1.484712066650390625e+02
-1.482132415771484375e+02
-1.479067077636718750e+02
-1.475663909912109375e+02
-1.471847686767578125e+02
-1.467543640136718750e+02
-1.462973785400390625e+02
-1.457988433837890625e+02
-1.452587127685546875e+02
-1.446694793701171875e+02
-1.440533142089843750e+02
-1.434027404785156250e+02
-1.427102203369140625e+02
-1.419831085205078125e+02
-1.412138671875000000e+02
-1.404024353027343750e+02
-1.395635833740234375e+02
-1.386823425292968750e+02
-1.377734985351562500e+02
-1.368369598388671875e+02
-1.358503265380859375e+02
-1.348283996582031250e+02
-1.337784729003906250e+02
-1.326707458496093750e+02
-1.315422821044921875e+02
-1.303855438232421875e+02
-1.292004394531250000e+02
-1.279720077514648438e+02
-1.267075653076171875e+02
-1.254218750000000000e+02
-1.240925521850585938e+02
-1.227417678833007812e+02
-1.213545761108398438e+02
-1.199457015991210938e+02
-1.185002059936523438e+02
-1.170328369140625000e+02
-1.155360336303710938e+02
-1.140096969604492188e+02
-1.124611968994140625e+02
-1.108682250976562500e+02
-1.092680511474609375e+02
-1.076309814453125000e+02
-1.059719619750976562e+02
-1.042910385131835938e+02
-1.025882644653320312e+02
-1.008562850952148438e+02
-9.911001586914062500e+01
-9.733464813232421875e+01
-9.553840637207031250e+01
-9.372582244873046875e+01
-9.189619445800781250e+01
-9.004735565185546875e+01
-8.818157958984375000e+01
-8.629892730712890625e+01
-8.440018463134765625e+01
-8.248616027832031250e+01
-8.055764007568359375e+01
-7.861466979980468750e+01
-7.666027832031250000e+01
-7.469303131103515625e+01
-7.271371459960937500e+01
-7.072312164306640625e+01
-6.872353363037109375e+01
-6.671424865722656250e+01
-6.469754028320312500e+01
-6.267271804809570312e+01
-6.064130783081054688e+01
-5.860559082031250000e+01
-5.656412506103515625e+01
-5.451843261718750000e+01
-5.246931076049804688e+01
-5.041679763793945312e+01
-4.836242294311523438e+01
-4.630623626708984375e+01
-4.424975585937500000e+01
-4.219302749633789062e+01
-4.013609313964843750e+01
-3.808122634887695312e+01
-3.602995300292968750e+01
-3.397933959960937500e+01
-3.193536949157714844e+01
-2.989436912536621094e+01
-2.785935211181640625e+01
-2.583087921142578125e+01
-2.380868530273437500e+01
-2.179474830627441406e+01
-1.978848648071289062e+01
-1.779104804992675781e+01
-1.580308055877685547e+01
-1.382507991790771484e+01
-1.185789489746093750e+01
-9.903048515319824219e+00
-7.959682464599609375e+00
-6.029763698577880859e+00
-4.114145278930664062e+00
-2.212933540344238281e+00
-3.254953026771545410e-01
1.545089364051818848e+00
3.398711919784545898e+00
5.236007690429687500e+00
7.054638862609863281e+00
8.855239868164062500e+00
1.063547420501708984e+01
1.239597415924072266e+01
1.413589096069335938e+01
1.585511302947998047e+01
1.755279159545898438e+01
1.922807121276855469e+01
2.088010215759277344e+01
2.250951576232910156e+01
2.411471557617187500e+01
2.569485092163085938e+01
2.725129508972167969e+01
2.878244781494140625e+01
3.028671646118164062e+01
3.176472854614257812e+01
3.321636962890625000e+01
3.464078903198242188e+01
3.603638076782226562e+01
3.740377807617187500e+01
3.874137496948242188e+01
4.005128097534179688e+01
4.133042144775390625e+01
4.257940673828125000e+01
4.379812622070312500e+01
4.498571395874023438e+01
4.614205169677734375e+01
4.726552963256835938e+01
4.835826492309570312e+01
4.941938018798828125e+01
5.044726562500000000e+01
5.144180679321289062e+01
5.240509796142578125e+01
5.333404541015625000e+01
5.423000717163085938e+01
5.509210968017578125e+01
5.591948699951171875e+01
5.671348190307617188e+01
5.747249984741210938e+01
5.819720077514648438e+01
5.888675308227539062e+01
5.954110336303710938e+01
6.016016387939453125e+01
6.074386215209960938e+01
6.129211807250976562e+01
6.180560302734375000e+01
6.228274154663085938e+01
6.272569274902343750e+01
6.313214111328125000e+01
6.350349807739257812e+01
6.383893203735351562e+01
6.413984680175781250e+01
6.440541839599609375e+01
6.463481140136718750e+01
6.483017730712890625e+01
6.498919677734375000e+01
6.511326599121093750e+01
6.520156097412109375e+01
6.525473022460937500e+01
6.527342987060546875e+01
6.525756072998046875e+01
6.520629882812500000e+01
6.512030029296875000e+01
6.500093841552734375e+01
6.484664916992187500e+01
6.465807342529296875e+01
6.443660736083984375e+01
6.418067169189453125e+01
6.389163970947265625e+01
6.356942749023437500e+01
6.321467590332031250e+01
6.282802581787109375e+01
6.240715026855468750e+01
6.195491790771484375e+01
6.147047805786132812e+01
6.095448303222656250e+01
6.040681838989257812e+01
5.982812500000000000e+01
5.921829605102539062e+01
5.857796478271484375e+01
5.790777587890625000e+01
5.720685577392578125e+01
5.647660064697265625e+01
5.571688079833984375e+01
5.492908477783203125e+01
5.411234283447265625e+01
5.326803588867187500e+01
5.239529037475585938e+01
5.149551391601562500e+01
5.056943893432617188e+01
4.961634445190429688e+01
4.863774108886718750e+01
4.763365173339843750e+01
4.660409164428710938e+01
4.555130767822265625e+01
4.447382736206054688e+01
4.337315750122070312e+01
4.225153732299804688e+01
4.110675048828125000e+01
3.994103622436523438e+01
3.875440597534179688e+01
3.754835510253906250e+01
3.632214736938476562e+01
3.507727432250976562e+01
3.381374359130859375e+01
3.253230285644531250e+01
3.123443603515625000e+01
2.991866874694824219e+01
2.858722496032714844e+01
2.724085044860839844e+01
2.587880134582519531e+01
2.450181961059570312e+01
2.311213302612304688e+01
2.170899581909179688e+01
2.029388999938964844e+01
1.886666488647460938e+01
1.742865180969238281e+01
1.597969913482666016e+01
1.452054405212402344e+01
1.305222034454345703e+01
1.157482242584228516e+01
1.008908462524414062e+01
8.595448493957519531e+00
7.094922065734863281e+00
5.587423801422119141e+00
4.074136257171630859e+00
2.556388616561889648e+00
1.032762765884399414e+00
-4.947426021099090576e-01
-2.026134490966796875e+00
-3.560677289962768555e+00
-5.096891880035400391e+00
-6.635528564453125000e+00
-8.175107002258300781e+00
-9.716378211975097656e+00
-1.125637626647949219e+01
-1.279659461975097656e+01
-1.433629417419433594e+01
-1.587323760986328125e+01
-1.740809249877929688e+01
-1.894076347351074219e+01
-2.046967506408691406e+01
-2.199324989318847656e+01
-2.351287460327148438e+01
-2.502697944641113281e+01
-2.653472137451171875e+01
-2.803601264953613281e+01
-2.953001022338867188e+01
-3.101588630676269531e+01
-3.249502944946289062e+01
-3.396362686157226562e+01
-3.542382431030273438e+01
-3.687329483032226562e+01
-3.831268692016601562e+01
-3.974116134643554688e+01
-4.115789031982421875e+01
-4.256277847290039062e+01
-4.395498657226562500e+01
-4.533442687988281250e+01
-4.670025634765625000e+01
-4.804941558837890625e+01
-4.938552856445312500e+01
-5.070329666137695312e+01
-5.200708770751953125e+01
-5.329458236694335938e+01
-5.456420135498046875e+01
-5.581808853149414062e+01
-5.705390548706054688e+01
-5.827009201049804688e+01
-5.947174453735351562e+01
-6.065357589721679688e+01
-6.181549835205078125e+01
-6.295888900756835938e+01
-6.408293151855468750e+01
-6.518676757812500000e+01
-6.627033233642578125e+01
-6.732978820800781250e+01
-6.837026214599609375e+01
-6.938644409179687500e+01
-7.038271331787109375e+01
-7.135449981689453125e+01
-7.230542755126953125e+01
-7.323539733886718750e+01
-7.413688659667968750e+01
-7.502465820312500000e+01
-7.588373565673828125e+01
-7.671403503417968750e+01
-7.752287292480468750e+01
-7.831015777587890625e+01
-7.906838226318359375e+01
-7.980491638183593750e+01
-8.051969146728515625e+01
-8.120519256591796875e+01
-8.186879730224609375e+01
-8.250299072265625000e+01
-8.311512756347656250e+01
-8.369771575927734375e+01
-8.425808715820312500e+01
-8.478874969482421875e+01
-8.529704284667968750e+01
-8.577545928955078125e+01
-8.623876190185546875e+01
-8.667202758789062500e+01
-8.707514953613281250e+01
-8.744804382324218750e+01
-8.779804992675781250e+01
-8.813250732421875000e+01
-8.843646240234375000e+01
-8.870981597900390625e+01
-8.895246887207031250e+01
-8.917176055908203125e+01
-8.936757659912109375e+01
-8.953983306884765625e+01
-8.968098449707031250e+01
-8.980579376220703125e+01
-8.988442993164062500e+01
-8.995394134521484375e+01
-8.999935150146484375e+01
-9.001313018798828125e+01
-9.000259399414062500e+01
-8.996763610839843750e+01
-8.990814208984375000e+01
-8.981655883789062500e+01
-8.971508789062500000e+01
-8.956643676757812500e+01
-8.940766143798828125e+01
-8.921634674072265625e+01
-8.901467132568359375e+01
-8.877279663085937500e+01
-8.851289367675781250e+01
-8.822741699218750000e+01
-8.792368316650390625e+01
-8.760157012939453125e+01
-8.724609375000000000e+01
-8.686457061767578125e+01
-8.646431732177734375e+01
-8.604520416259765625e+01
-8.559969329833984375e+01
-8.513286590576171875e+01
-8.464250183105468750e+01
-8.413156890869140625e+01
-8.359859466552734375e+01
-8.304582214355468750e+01
-8.247176361083984375e+01
-8.187792205810546875e+01
-8.126503753662109375e+01
-8.063237762451171875e+01
-7.998143005371093750e+01
-7.931145477294921875e+01
-7.862470245361328125e+01
-7.791891479492187500e+01
-7.719709777832031250e+01
-7.645923614501953125e+01
-7.570458221435546875e+01
-7.493463134765625000e+01
-7.414788818359375000e+01
-7.334732818603515625e+01
-7.253218841552734375e+01
-7.170173645019531250e+01
-7.085893249511718750e+01
-7.000301361083984375e+01
-6.913397979736328125e+01
-6.825181579589843750e+01
-6.735873413085937500e+01
-6.645397949218750000e+01
-6.553902435302734375e+01
-6.461235809326171875e+01
-6.367619705200195312e+01
-6.273124694824218750e+01
-6.177602005004882812e+01
-6.081270599365234375e+01
-5.984054565429687500e+01
-5.886024475097656250e+01
-5.787400817871093750e+01
-5.687883377075195312e+01
-5.587840270996093750e+01
-5.487046432495117188e+01
-5.385794448852539062e+01
-5.283932876586914062e+01
-5.181606292724609375e+01
-5.078886032104492188e+01
-4.975767898559570312e+01
-4.872248077392578125e+01
-4.768397140502929688e+01
-4.664286041259765625e+01
-4.559909820556640625e+01
-4.455414199829101562e+01
-4.350720596313476562e+01
-4.245901107788085938e+01
-4.141033554077148438e+01
-4.036196517944335938e+01
-3.931247711181640625e+01
-3.826415252685546875e+01
-3.721778106689453125e+01
-3.617193222045898438e+01
-3.512889099121093750e+01
-3.408797073364257812e+01
-3.305145263671875000e+01
-3.201716613769531250e+01
-3.098740196228027344e+01
-2.996221733093261719e+01
-2.894167327880859375e+01
-2.792583465576171875e+01
-2.691624641418457031e+01
-2.591297531127929688e+01
-2.491534614562988281e+01
-2.392639541625976562e+01
-2.294322013854980469e+01
-2.196886444091796875e+01
-2.100265312194824219e+01
-2.004466247558593750e+01
-1.909607887268066406e+01
-1.815690422058105469e+01
-1.722795295715332031e+01
-1.630886077880859375e+01
-1.540037059783935547e+01
-1.450278854370117188e+01
-1.361648559570312500e+01
-1.274184322357177734e+01
-1.187923908233642578e+01
-1.102890110015869141e+01
-1.019130516052246094e+01
-9.366616249084472656e+00
-8.555354118347167969e+00
-7.757727146148681641e+00
-6.974188804626464844e+00
-6.204748630523681641e+00
-5.449934005737304688e+00
-4.709752559661865234e+00
-3.984731674194335938e+00
-3.274953365325927734e+00
-2.580572843551635742e+00
-1.901968002319335938e+00
-1.239665031433105469e+00
-5.934463143348693848e-01
3.519677743315696716e-02
6.484149694442749023e-01
1.244569420814514160e+00
1.822842359542846680e+00
2.384658813476562500e+00
2.928475141525268555e+00
3.454977273941040039e+00
3.963365077972412109e+00
4.454324722290039062e+00
4.926313877105712891e+00
5.381505489349365234e+00
5.818356513977050781e+00
6.236068248748779297e+00
6.635326385498046875e+00
7.016816616058349609e+00
7.380482196807861328e+00
7.724777698516845703e+00
8.050387382507324219e+00
8.357252120971679688e+00
8.646053314208984375e+00
8.915244102478027344e+00
9.166987419128417969e+00
9.398991584777832031e+00
9.612674713134765625e+00
9.806483268737792969e+00
9.983319282531738281e+00
1.013939380645751953e+01
1.027686309814453125e+01
1.039639377593994141e+01
1.049641895294189453e+01
1.057834434509277344e+01
1.064059925079345703e+01
1.068532752990722656e+01
1.071095275878906250e+01
1.071886920928955078e+01
1.070675182342529297e+01
1.067747592926025391e+01
1.062945652008056641e+01
1.056333160400390625e+01
1.047825336456298828e+01
1.037485504150390625e+01
1.025302600860595703e+01
1.011413860321044922e+01
9.956590652465820312e+00
9.782491683959960938e+00
9.588525772094726562e+00
9.378358840942382812e+00
9.150230407714843750e+00
8.905723571777343750e+00
8.643148422241210938e+00
8.363040924072265625e+00
8.066163063049316406e+00
7.752230644226074219e+00
7.421276092529296875e+00
7.073470592498779297e+00
6.709448814392089844e+00
6.329249382019042969e+00
5.932985782623291016e+00
5.521238803863525391e+00
5.094017028808593750e+00
4.651700019836425781e+00
4.194521427154541016e+00
3.722823858261108398e+00
3.236780881881713867e+00
2.736878633499145508e+00
2.223084211349487305e+00
1.695662140846252441e+00
1.155101418495178223e+00
6.018177866935729980e-01
3.578188642859458923e-02
-5.426626801490783691e-01
-1.132725238800048828e+00
-1.735323190689086914e+00
-2.348845958709716797e+00
-2.973316907882690430e+00
-3.608757972717285156e+00
-4.254446983337402344e+00
-4.909660816192626953e+00
-5.575161457061767578e+00
-6.249481201171875000e+00
-6.933380126953125000e+00
-7.625389099121093750e+00
-8.327011108398437500e+00
-9.035289764404296875e+00
-9.751726150512695312e+00
-1.047559452056884766e+01
-1.120691013336181641e+01
-1.194420528411865234e+01
-1.268823719024658203e+01
-1.343754005432128906e+01
-1.419361877441406250e+01
-1.495352172851562500e+01
-1.571949768066406250e+01
-1.649008369445800781e+01
-1.726530647277832031e+01
-1.804519081115722656e+01
-1.882604980468750000e+01
-1.961237525939941406e+01
-2.039973831176757812e+01
-2.119114875793457031e+01
-2.198441505432128906e+01
-2.278032112121582031e+01
-2.357742309570312500e+01
-2.437575340270996094e+01
-2.517454528808593750e+01
-2.597524642944335938e+01
-2.677560043334960938e+01
-2.757705879211425781e+01
-2.837661933898925781e+01
-2.917500877380371094e+01
-2.997442436218261719e+01
-3.077039337158203125e+01
-3.156586837768554688e+01
-3.235860443115234375e+01
-3.314858627319335938e+01
-3.393654632568359375e+01
-3.472024154663085938e+01
-3.550115585327148438e+01
-3.627778244018554688e+01
-3.705086517333984375e+01
-3.781890869140625000e+01
-3.858339309692382812e+01
-3.934207534790039062e+01
-4.009643936157226562e+01
-4.084424209594726562e+01
-4.158622360229492188e+01
-4.232310867309570312e+01
-4.305266571044921875e+01
-4.377635574340820312e+01
-4.449342727661132812e+01
-4.520162582397460938e+01
-4.590390777587890625e+01
-4.659801864624023438e+01
-4.728392791748046875e+01
-4.796235275268554688e+01
-4.863102722167968750e+01
-4.929214477539062500e+01
-4.994417572021484375e+01
-5.058559799194335938e+01
-5.121858215332031250e+01
-5.184159088134765625e+01
-5.245532226562500000e+01
-5.305970382690429688e+01
-5.365244674682617188e+01
-5.423497009277343750e+01
-5.480645370483398438e+01
-5.536683654785156250e+01
-5.591527938842773438e+01
-5.645394515991210938e+01
-5.697977066040039062e+01
-5.749340820312500000e+01
-5.799477386474609375e+01
-5.848377227783203125e+01
-5.896030426025390625e+01
-5.942354583740234375e+01
-5.987413787841796875e+01
-6.031199264526367188e+01
-6.073626327514648438e+01
-6.114834213256835938e+01
-6.154516220092773438e+01
-6.192662811279296875e+01
-6.229636764526367188e+01
-6.265055084228515625e+01
-6.299132919311523438e+01
-6.331637191772460938e+01
-6.362931060791015625e+01
-6.392560195922851562e+01
-6.420663452148437500e+01
-6.447456359863281250e+01
-6.472706604003906250e+01
-6.496408081054687500e+01
-6.518552398681640625e+01
-6.539280700683593750e+01
-6.558438110351562500e+01
-6.576091003417968750e+01
-6.592234802246093750e+01
-6.606789398193359375e+01
-6.619897460937500000e+01
-6.631403350830078125e+01
-6.641453552246093750e+01
-6.649967193603515625e+01
-6.656940460205078125e+01
-6.662444305419921875e+01
-6.666325378417968750e+01
-6.668653869628906250e+01
-6.669576263427734375e+01
-6.668939208984375000e+01
-6.666815185546875000e+01
-6.663200378417968750e+01
-6.658090972900390625e+01
-6.651558685302734375e+01
-6.643450927734375000e+01
-6.634062957763671875e+01
-6.623166656494140625e+01
-6.610834503173828125e+01
-6.597060394287109375e+01
-6.581989288330078125e+01
-6.565395355224609375e+01
-6.547568511962890625e+01
-6.528282165527343750e+01
-6.507603454589843750e+01
-6.485601043701171875e+01
-6.462267303466796875e+01
0.000000000000000000e+00
0.000000000000000000e+00
0.000000000000000000e+00
0.000000000000000000e+00
0.000000000000000000e+00
0.000000000000000000e+00
0.000000000000000000e+00
0.000000000000000000e+00
0.000000000000000000e+00
0.000000000000000000e+00
0.000000000000000000e+00
0.000000000000000000e+00
0.000000000000000000e+00
0.000000000000000000e+00
0.000000000000000000e+00
0.000000000000000000e+00
0.000000000000000000e+00
0.000000000000000000e+00
0.000000000000000000e+00
0.000000000000000000e+00
0.000000000000000000e+00
0.000000000000000000e+00
0.000000000000000000e+00
0.000000000000000000e+00
0.000000000000000000e+00
0.000000000000000000e+00
0.000000000000000000e+00
0.000000000000000000e+00
0.000000000000000000e+00
0.000000000000000000e+00
0.000000000000000000e+00
0.000000000000000000e+00
0.000000000000000000e+00
0.000000000000000000e+00
0.000000000000000000e+00
0.000000000000000000e+00
0.000000000000000000e+00
0.000000000000000000e+00
0.000000000000000000e+00
0.000000000000000000e+00
0.000000000000000000e+00
0.000000000000000000e+00
0.000000000000000000e+00
0.000000000000000000e+00
0.000000000000000000e+00
0.000000000000000000e+00
0.000000000000000000e+00
0.000000000000000000e+00
0.000000000000000000e+00
0.000000000000000000e+00
0.000000000000000000e+00
0.000000000000000000e+00
0.000000000000000000e+00
0.000000000000000000e+00
0.000000000000000000e+00
0.000000000000000000e+00
0.000000000000000000e+00
0.000000000000000000e+00
0.000000000000000000e+00
0.000000000000000000e+00
0.000000000000000000e+00
0.000000000000000000e+00
0.000000000000000000e+00
0.000000000000000000e+00
0.000000000000000000e+00
0.000000000000000000e+00
0.000000000000000000e+00
0.000000000000000000e+00
0.000000000000000000e+00
0.000000000000000000e+00
0.000000000000000000e+00
0.000000000000000000e+00
0.000000000000000000e+00
0.000000000000000000e+00
0.000000000000000000e+00
0.000000000000000000e+00
0.000000000000000000e+00
0.000000000000000000e+00
0.000000000000000000e+00
0.000000000000000000e+00
0.000000000000000000e+00
0.000000000000000000e+00
0.000000000000000000e+00
0.000000000000000000e+00
0.000000000000000000e+00
0.000000000000000000e+00
0.000000000000000000e+00
0.000000000000000000e+00
0.000000000000000000e+00
0.000000000000000000e+00
0.000000000000000000e+00
0.000000000000000000e+00
0.000000000000000000e+00
0.000000000000000000e+00
0.000000000000000000e+00
0.000000000000000000e+00
0.000000000000000000e+00
0.000000000000000000e+00
0.000000000000000000e+00
0.000000000000000000e+00
