# tt
1.252827514648437500e+03
1.177148315429687500e+03
1.104125976562500000e+03
1.047738525390625000e+03
1.007182983398437500e+03
9.794898071289062500e+02
9.612438964843750000e+02
9.503318481445312500e+02
9.450914306640625000e+02
9.437104492187500000e+02
9.464682617187500000e+02
9.514492187500000000e+02
9.575432128906250000e+02
9.651383056640625000e+02
9.747643432617187500e+02
9.863150024414062500e+02
9.987775878906250000e+02
1.012906127929687500e+03
1.026966308593750000e+03
1.041328613281250000e+03
1.056299316406250000e+03
1.071682373046875000e+03
1.087523071289062500e+03
1.103774414062500000e+03
1.120263916015625000e+03
1.137229370117187500e+03
1.154519042968750000e+03
1.172169433593750000e+03
1.190078735351562500e+03
1.208144653320312500e+03
1.226641479492187500e+03
1.245567016601562500e+03
1.264732666015625000e+03
1.284078002929687500e+03
1.303516723632812500e+03
1.323102172851562500e+03
1.343180053710937500e+03
1.363711791992187500e+03
1.384395141601562500e+03
1.405315551757812500e+03
1.426247680664062500e+03
1.447353759765625000e+03
1.468498535156250000e+03
1.490066894531250000e+03
1.511995727539062500e+03
1.534138427734375000e+03
1.556420410156250000e+03
1.578916015625000000e+03
1.601847534179687500e+03
1.624991455078125000e+03
1.648566528320312500e+03
1.672196533203125000e+03
1.695802246093750000e+03
1.719601806640625000e+03
1.743816650390625000e+03
1.768382934570312500e+03
1.793315063476562500e+03
1.818478027343750000e+03
1.843885742187500000e+03
1.869845703125000000e+03
1.895758544921875000e+03
1.921839233398437500e+03
1.948376098632812500e+03
1.974989257812500000e+03
2.001967163085937500e+03
2.029147583007812500e+03
2.056814697265625000e+03
2.084731689453125000e+03
2.113033447265625000e+03
2.141567138671875000e+03
2.170365478515625000e+03
2.199396240234375000e+03
2.228701416015625000e+03
2.258397949218750000e+03
2.288439208984375000e+03
2.318870849609375000e+03
2.349725585937500000e+03
2.380811523437500000e+03
2.412235839843750000e+03
2.443890625000000000e+03
2.475857910156250000e+03
2.508079589843750000e+03
2.540647216796875000e+03
2.573429199218750000e+03
2.606511962890625000e+03
2.640114257812500000e+03
2.673781494140625000e+03
2.707876220703125000e+03
2.742241699218750000e+03
2.776795654296875000e+03
2.811686767578125000e+03
2.846915771484375000e+03
2.882260498046875000e+03
2.917945556640625000e+03
2.953674072265625000e+03
2.989893066406250000e+03
3.026380859375000000e+03
3.062989501953125000e+03
3.099943115234375000e+03
3.137094238281250000e+03
3.174815185546875000e+03
3.212512451171875000e+03
3.250484619140625000e+03
3.288658203125000000e+03
3.327108398437500000e+03
3.365539062500000000e+03
3.404397216796875000e+03
3.443460693359375000e+03
3.482656250000000000e+03
3.522059082031250000e+03
3.561666992187500000e+03
3.601552490234375000e+03
3.641563720703125000e+03
3.681848144531250000e+03
3.722179687500000000e+03
3.762853759765625000e+03
3.803719482421875000e+03
3.844625488281250000e+03
3.885718017578125000e+03
3.926847167968750000e+03
3.968083984375000000e+03
4.009426513671875000e+03
4.050872070312500000e+03
4.092344970703125000e+03
4.133916503906250000e+03
4.175509765625000000e+03
4.217124023437500000e+03
4.258829589843750000e+03
4.300550292968750000e+03
4.342284179687500000e+03
4.384102539062500000e+03
4.425854492187500000e+03
4.467611328125000000e+03
4.509370117187500000e+03
4.550979492187500000e+03
4.592585449218750000e+03
4.634110839843750000e+03
4.675405273437500000e+03
4.716761718750000000e+03
4.757880859375000000e+03
4.798983886718750000e+03
4.839992187500000000e+03
4.880754882812500000e+03
4.921343750000000000e+03
4.961979492187500000e+03
5.002212402343750000e+03
5.042263671875000000e+03
5.082204589843750000e+03
5.121809082031250000e+03
5.161223632812500000e+03
5.200297851562500000e+03
5.239179199218750000e+03
5.277791992187500000e+03
5.316134765625000000e+03
5.354057128906250000e+03
5.391855468750000000e+03
5.429306152343750000e+03
5.466406250000000000e+03
5.503229492187500000e+03
5.539774902343750000e+03
5.575966796875000000e+03
5.611952148437500000e+03
5.647432128906250000e+03
5.682702636718750000e+03
5.717614257812500000e+03
5.752239746093750000e+03
5.786354980468750000e+03
5.820106445312500000e+03
5.853494140625000000e+03
5.886367187500000000e+03
5.918798828125000000e+03
5.950713378906250000e+03
5.982257812500000000e+03
6.013357421875000000e+03
6.043861328125000000e+03
6.073916992187500000e+03
6.103449218750000000e+03
6.132455566406250000e+03
6.161083496093750000e+03
6.189108886718750000e+03
6.216603515625000000e+03
6.243492675781250000e+03
6.269922851562500000e+03
6.295818847656250000e+03
6.320806640625000000e+03
6.345554199218750000e+03
6.369688476562500000e+03
6.393133300781250000e+03
6.416333984375000000e+03
6.438544433593750000e+03
6.460284179687500000e+03
6.481328613281250000e+03
6.501899414062500000e+03
6.521771972656250000e+03
6.540944335937500000e+03
6.559564941406250000e+03
6.577556152343750000e+03
6.594917968750000000e+03
6.611647949218750000e+03
6.627671386718750000e+03
6.643061035156250000e+03
6.657742675781250000e+03
6.671641601562500000e+03
6.684906250000000000e+03
6.697387207031250000e+03
6.709232910156250000e+03
6.720220214843750000e+03
6.730497070312500000e+03
6.740062988281250000e+03
6.748917968750000000e+03
6.756912109375000000e+03
6.764269531250000000e+03
6.770839843750000000e+03
6.776697265625000000e+03
6.781767578125000000e+03
6.786198730468750000e+03
6.789841796875000000e+03
6.792770507812500000e+03
6.794984375000000000e+03
6.796482910156250000e+03
6.797266601562500000e+03
6.797185546875000000e+03
6.796536621093750000e+03
6.795097656250000000e+03
6.792940917968750000e+03
6.789992187500000000e+03
6.786400390625000000e+03
6.782090820312500000e+03
6.776987792968750000e+03
6.771091796875000000e+03
6.764550781250000000e+03
6.757290039062500000e+03
6.749160644531250000e+03
6.740385253906250000e+03
6.730814453125000000e+03
6.720522460937500000e+03
6.709509277343750000e+03
6.697848144531250000e+03
6.685315917968750000e+03
6.672209960937500000e+03
6.658380371093750000e+03
6.643827636718750000e+03
6.628550781250000000e+03
6.612549804687500000e+03
6.595898437500000000e+03
6.578596679687500000e+03
6.560569335937500000e+03
6.541964843750000000e+03
6.522634277343750000e+03
6.502726074218750000e+03
6.482019042968750000e+03
6.460886230468750000e+03
6.439032714843750000e+03
6.416534179687500000e+03
6.393467773437500000e+03
6.369833984375000000e+03
6.345561523437500000e+03
6.320726074218750000e+03
6.295403808593750000e+03
6.269448730468750000e+03
6.242860839843750000e+03
6.216015625000000000e+03
6.188468261718750000e+03
6.160294433593750000e+03
6.131719238281250000e+03
6.102521972656250000e+03
6.072852539062500000e+03
6.042564453125000000e+03
6.011956542968750000e+03
5.980808105468750000e+03
5.949344238281250000e+03
5.917342285156250000e+03
5.884954101562500000e+03
5.852106445312500000e+03
5.818950195312500000e+03
5.785264160156250000e+03
5.751272949218750000e+03
5.716903808593750000e+03
5.682158691406250000e+03
5.647188964843750000e+03
5.611697265625000000e+03
5.575983886718750000e+03
5.539976562500000000e+03
5.503676269531250000e+03
5.467010742187500000e+03
5.430056152343750000e+03
5.392888183593750000e+03
5.355434570312500000e+03
5.317772460937500000e+03
5.279901367187500000e+03
5.241527832031250000e+03
5.203247558593750000e+03
5.164615722656250000e+03
5.126005859375000000e+03
5.087049316406250000e+03
5.047969238281250000e+03
5.008620117187500000e+03
4.969225585937500000e+03
4.929639160156250000e+03
4.889936523437500000e+03
4.850194824218750000e+03
4.810340820312500000e+03
4.770376953125000000e+03
4.730379394531250000e+03
4.690275390625000000e+03
4.650141601562500000e+03
4.609979003906250000e+03
4.569865234375000000e+03
4.529652832031250000e+03
4.489492187500000000e+03
4.449384765625000000e+03
4.409259277343750000e+03
4.369191406250000000e+03
4.329183593750000000e+03
4.289236816406250000e+03
4.249353027343750000e+03
4.209535156250000000e+03
4.169858398437500000e+03
4.130324707031250000e+03
4.090861816406250000e+03
4.051546630859375000e+03
4.012380126953125000e+03
3.973364501953125000e+03
3.934575927734375000e+03
3.895867675781250000e+03
3.857390625000000000e+03
3.819145507812500000e+03
3.781061523437500000e+03
3.743213378906250000e+03
3.705677978515625000e+03
3.668308349609375000e+03
3.631180908203125000e+03
3.594371582031250000e+03
3.557733886718750000e+03
3.521417236328125000e+03
3.485425048828125000e+03
3.449683837890625000e+03
3.414344482421875000e+03
3.379260009765625000e+03
3.344432128906250000e+03
3.310011718750000000e+03
3.275925781250000000e+03
3.242250976562500000e+03
3.208839843750000000e+03
3.175843261718750000e+03
3.143188964843750000e+03
3.110952880859375000e+03
3.079062255859375000e+03
3.047593261718750000e+03
3.016696533203125000e+03
2.986001220703125000e+03
2.955805419921875000e+03
2.925960937500000000e+03
2.896617431640625000e+03
2.867701416015625000e+03
2.839213623046875000e+03
2.811229003906250000e+03
2.783599609375000000e+03
2.756474853515625000e+03
2.729781494140625000e+03
2.703594238281250000e+03
2.677839599609375000e+03
2.652593017578125000e+03
2.627780517578125000e+03
2.603477294921875000e+03
2.579684326171875000e+03
2.556253417968750000e+03
2.533482910156250000e+03
2.511150390625000000e+03
2.489256835937500000e+03
2.467877441406250000e+03
2.447012695312500000e+03
2.426663818359375000e+03
2.406756835937500000e+03
2.387441406250000000e+03
2.368644042968750000e+03
2.350291015625000000e+03
2.332458007812500000e+03
2.315219482421875000e+03
2.298427978515625000e+03
2.282084472656250000e+03
2.266337890625000000e+03
2.251189453125000000e+03
2.236416992187500000e+03
2.222244140625000000e+03
2.208523681640625000e+03
2.195329589843750000e+03
2.182664062500000000e+03
2.170526855468750000e+03
2.158919433593750000e+03
2.147768066406250000e+03
2.137222167968750000e+03
2.127134277343750000e+03
2.117505126953125000e+03
2.108483886718750000e+03
2.099848876953125000e+03
2.091823486328125000e+03
2.084260498046875000e+03
2.077160156250000000e+03
2.070597656250000000e+03
2.064572509765625000e+03
2.059009521484375000e+03
2.053907714843750000e+03
2.049340820312500000e+03
2.045159545898437500e+03
2.041511474609375000e+03
2.038321411132812500e+03
2.035662963867187500e+03
2.033386718750000000e+03
2.031640625000000000e+03
2.030275024414062500e+03
2.029363525390625000e+03
2.028831176757812500e+03
2.028825683593750000e+03
2.029197509765625000e+03
2.029946166992187500e+03
2.031145019531250000e+03
2.032793090820312500e+03
2.034815673828125000e+03
2.037286132812500000e+03
2.040129394531250000e+03
2.043270263671875000e+03
2.046782592773437500e+03
2.050739501953125000e+03
2.055066406250000000e+03
2.059687744140625000e+03
2.064677490234375000e+03
2.069960693359375000e+03
2.075684570312500000e+03
2.081700439453125000e+03
2.087933105468750000e+03
2.094604492187500000e+03
2.101491455078125000e+03
2.108667236328125000e+03
2.116205322265625000e+03
2.124030761718750000e+03
2.132069091796875000e+03
2.140467773437500000e+03
2.149077392578125000e+03
2.157971679687500000e+03
2.167001464843750000e+03
2.176388916015625000e+03
2.185984863281250000e+03
2.195788574218750000e+03
2.205725097656250000e+03
2.215942382812500000e+03
2.226291015625000000e+03
2.236919189453125000e+03
2.247751953125000000e+03
2.258713867187500000e+03
2.269804199218750000e+03
2.281169677734375000e+03
2.292586181640625000e+03
2.304126220703125000e+03
2.315937500000000000e+03
2.327720703125000000e+03
2.339697753906250000e+03
2.351792968750000000e+03
2.364004394531250000e+03
2.376256835937500000e+03
2.388623046875000000e+03
2.401027343750000000e+03
2.413467773437500000e+03
2.425943603515625000e+03
2.438527099609375000e+03
2.451217529296875000e+03
2.463864013671875000e+03
2.476540283203125000e+03
2.489318847656250000e+03
2.501900634765625000e+03
2.514656494140625000e+03
2.527361572265625000e+03
2.540088867187500000e+03
2.552836914062500000e+03
2.565456054687500000e+03
2.578018554687500000e+03
2.590597656250000000e+03
2.603117431640625000e+03
2.615576660156250000e+03
2.627973876953125000e+03
2.640381835937500000e+03
2.652576171875000000e+03
2.664630126953125000e+03
2.676764648437500000e+03
2.688755615234375000e+03
2.700602050781250000e+03
2.712301757812500000e+03
2.723927978515625000e+03
2.735479248046875000e+03
2.746731201171875000e+03
2.757979736328125000e+03
2.769074707031250000e+03
2.780014648437500000e+03
2.790724121093750000e+03
2.801275390625000000e+03
2.811667480468750000e+03
2.821899169921875000e+03
2.832042724609375000e+03
2.841948486328125000e+03
2.851541015625000000e+03
2.861116455078125000e+03
2.870376708984375000e+03
2.879395996093750000e+03
2.888395751953125000e+03
2.897004638671875000e+03
2.905518554687500000e+03
2.913714599609375000e+03
2.921739990234375000e+03
2.929445800781250000e+03
2.937054199218750000e+03
2.944341796875000000e+03
2.951456054687500000e+03
2.958322509765625000e+03
2.964940185546875000e+03
2.971308349609375000e+03
2.977352294921875000e+03
2.983219726562500000e+03
2.988910156250000000e+03
2.994273925781250000e+03
2.999311035156250000e+03
3.004094238281250000e+03
3.008697509765625000e+03
3.013046386718750000e+03
3.016990722656250000e+03
3.020752929687500000e+03
3.024406982421875000e+03
3.027654785156250000e+03
3.030644042968750000e+03
3.033300048828125000e+03
3.035918945312500000e+03
3.038054443359375000e+03
3.039928710937500000e+03
3.041540771484375000e+03
3.042890136718750000e+03
3.043976074218750000e+03
3.044872070312500000e+03
3.045354248046875000e+03
3.045645019531250000e+03
3.045669433593750000e+03
3.045352050781250000e+03
3.044841064453125000e+03
3.043987060546875000e+03
3.042937500000000000e+03
3.041543212890625000e+03
3.039952148437500000e+03
3.038014892578125000e+03
3.035879150390625000e+03
3.033469726562500000e+03
3.030785888671875000e+03
3.027901367187500000e+03
3.024667724609375000e+03
3.021233886718750000e+03
3.017525634765625000e+03
3.013543701171875000e+03
3.009288085937500000e+03
3.004833740234375000e+03
3.000106201171875000e+03
2.995106201171875000e+03
2.989982421875000000e+03
2.984438232421875000e+03
2.978844970703125000e+03
2.972980224609375000e+03
2.966918945312500000e+03
2.960586425781250000e+03
2.954057861328125000e+03
2.947333496093750000e+03
2.940413085937500000e+03
2.933223144531250000e+03
2.925912353515625000e+03
2.918332275390625000e+03
2.910557617187500000e+03
2.902663085937500000e+03
2.894574462890625000e+03
2.886291503906250000e+03
2.877889892578125000e+03
2.869220214843750000e+03
2.860432128906250000e+03
2.851525146484375000e+03
2.842500000000000000e+03
2.833134033203125000e+03
2.823724609375000000e+03
2.814197509765625000e+03
2.804552978515625000e+03
2.794791259765625000e+03
2.784838623046875000e+03
2.774843750000000000e+03
2.764657714843750000e+03
2.754355468750000000e+03
2.743937744140625000e+03
2.733478027343750000e+03
2.722902832031250000e+03
2.712212158203125000e+03
2.701332031250000000e+03
2.690411376953125000e+03
2.679524414062500000e+03
2.668522705078125000e+03
2.657629638671875000e+03
2.646547851562500000e+03
2.635352050781250000e+03
2.624116699218750000e+03
2.612843017578125000e+03
2.601456787109375000e+03
2.590183105468750000e+03
2.578799072265625000e+03
2.567454345703125000e+03
2.555853271484375000e+03
2.544441894531250000e+03
2.533073242187500000e+03
2.521599365234375000e+03
2.510169433593750000e+03
2.498785156250000000e+03
2.487298095703125000e+03
2.475932373046875000e+03
2.464540527343750000e+03
2.453197753906250000e+03
2.441979248046875000e+03
2.430737060546875000e+03
2.419472656250000000e+03
2.408409423828125000e+03
2.397251220703125000e+03
2.386221679687500000e+03
2.375322265625000000e+03
2.364404541015625000e+03
2.353544433593750000e+03
2.342816650390625000e+03
2.332222412109375000e+03
2.321688232421875000e+03
2.311289550781250000e+03
2.300878173828125000e+03
2.290604248046875000e+03
2.280542480468750000e+03
2.270471191406250000e+03
2.260614257812500000e+03
2.250897949218750000e+03
2.241174804687500000e+03
2.231668945312500000e+03
2.222306396484375000e+03
2.213088623046875000e+03
2.204016357421875000e+03
2.195090332031250000e+03
2.186237548828125000e+03
2.177607177734375000e+03
2.169200683593750000e+03
2.160869873046875000e+03
2.152690185546875000e+03
2.144811279296875000e+03
2.136936767578125000e+03
2.129364746093750000e+03
2.121947753906250000e+03
2.114686767578125000e+03
2.107582031250000000e+03
2.100783203125000000e+03
2.094068359375000000e+03
2.087511718750000000e+03
2.081263183593750000e+03
2.075174804687500000e+03
2.069172607421875000e+03
2.063554687500000000e+03
2.058098876953125000e+03
2.052805908203125000e+03
2.047750732421875000e+03
2.042859741210937500e+03
2.038208129882812500e+03
2.033722167968750000e+03
2.029476562500000000e+03
2.025472534179687500e+03
2.021561767578125000e+03
2.018042602539062500e+03
2.014618408203125000e+03
2.011512573242187500e+03
2.008503417968750000e+03
2.005813964843750000e+03
2.003296875000000000e+03
2.001027099609375000e+03
1.998930664062500000e+03
1.997083007812500000e+03
1.995484985351562500e+03
1.994062622070312500e+03
1.992965820312500000e+03
1.992046142578125000e+03
1.991304809570312500e+03
1.990891113281250000e+03
1.990582519531250000e+03
1.990454711914062500e+03
1.990582519531250000e+03
1.991040893554687500e+03
1.991607788085937500e+03
1.992432861328125000e+03
1.993442260742187500e+03
1.994711181640625000e+03
1.996166259765625000e+03
1.997882568359375000e+03
1.999712036132812500e+03
2.001878906250000000e+03
2.004234985351562500e+03
2.006781372070312500e+03
2.009518798828125000e+03
2.012447998046875000e+03
2.015644287109375000e+03
2.019034057617187500e+03
2.022617187500000000e+03
2.026393432617187500e+03
2.030362792968750000e+03
2.034450805664062500e+03
2.038805664062500000e+03
2.043278686523437500e+03
2.048092773437500000e+03
2.052950683593750000e+03
2.058074462890625000e+03
2.063316406250000000e+03
2.068750000000000000e+03
2.074449218750000000e+03
2.080117431640625000e+03
2.086051025390625000e+03
2.092176025390625000e+03
2.098418212890625000e+03
2.104776855468750000e+03
2.111326416015625000e+03
2.117918212890625000e+03
2.124849365234375000e+03
2.131748535156250000e+03
2.138838134765625000e+03
2.146043945312500000e+03
2.153365722656250000e+03
2.160878173828125000e+03
2.168432128906250000e+03
2.176102050781250000e+03
2.183887695312500000e+03
2.191714843750000000e+03
2.199806396484375000e+03
2.207865234375000000e+03
2.216113769531250000e+03
2.224403808593750000e+03
2.232809326171875000e+03
2.241181396484375000e+03
2.249743652343750000e+03
2.258272705078125000e+03
2.266917236328125000e+03
2.275603027343750000e+03
2.284404052734375000e+03
2.293246093750000000e+03
2.302129394531250000e+03
2.311127929687500000e+03
2.320093505859375000e+03
2.329025390625000000e+03
2.337998779296875000e+03
2.347087402343750000e+03
2.356217041015625000e+03
2.365313476562500000e+03
2.374450927734375000e+03
2.383628662109375000e+03
2.392771972656250000e+03
2.401879638671875000e+03
2.411099853515625000e+03
2.420134765625000000e+03
2.429354980468750000e+03
2.438388183593750000e+03
2.447531005859375000e+03
2.456560058593750000e+03
2.465548583984375000e+03
2.474644531250000000e+03
2.483550048828125000e+03
2.492487548828125000e+03
2.501307373046875000e+03
2.510157470703125000e+03
2.518888671875000000e+03
2.527574462890625000e+03
2.536214355468750000e+03
2.544733154296875000e+03
2.553204589843750000e+03
2.561553710937500000e+03
2.569853759765625000e+03
2.578030273437500000e+03
2.586230712890625000e+03
2.594157226562500000e+03
2.602032226562500000e+03
2.610003662109375000e+03
2.617625000000000000e+03
2.625192382812500000e+03
2.632705566406250000e+03
2.640014892578125000e+03
2.647268554687500000e+03
2.654391357421875000e+03
2.661308349609375000e+03
2.668167724609375000e+03
2.674819824218750000e+03
2.681337890625000000e+03
2.687722167968750000e+03
2.694045410156250000e+03
2.700158935546875000e+03
2.706135742187500000e+03
2.711900878906250000e+03
2.717454101562500000e+03
2.722868652343750000e+03
2.728292724609375000e+03
2.733353515625000000e+03
2.738273437500000000e+03
2.743052001953125000e+03
2.747688232421875000e+03
2.752107177734375000e+03
2.756233642578125000e+03
2.760364746093750000e+03
2.764202148437500000e+03
2.767968261718750000e+03
2.771439208984375000e+03
2.774689208984375000e+03
2.777717041015625000e+03
2.780670898437500000e+03
2.783327392578125000e+03
2.785759765625000000e+03
2.788041992187500000e+03
2.790098876953125000e+03
2.792078369140625000e+03
2.793757080078125000e+03
2.795133789062500000e+03
2.796356933593750000e+03
2.797499755859375000e+03
2.798339111328125000e+03
2.799022460937500000e+03
2.799400634765625000e+03
2.799621826171875000e+03
2.799610595703125000e+03
2.799291992187500000e+03
2.798888427734375000e+03
2.798176025390625000e+03
2.797228759765625000e+03
2.796193847656250000e+03
2.794848388671875000e+03
2.793339843750000000e+03
2.791593017578125000e+03
2.789607666015625000e+03
2.787456787109375000e+03
2.784991455078125000e+03
2.782433593750000000e+03
2.779485351562500000e+03
2.776443359375000000e+03
2.773157714843750000e+03
2.769553955078125000e+03
2.765853515625000000e+03
2.761907470703125000e+03
2.757715332031250000e+03
2.753349609375000000e+03
2.748661865234375000e+03
2.743874023437500000e+03
2.738910400390625000e+03
2.733770507812500000e+03
2.728379394531250000e+03
2.722661865234375000e+03
2.716914306640625000e+03
2.710838623046875000e+03
2.704583251953125000e+03
2.698148437500000000e+03
2.691460205078125000e+03
2.684518066406250000e+03
2.677545410156250000e+03
2.670244873046875000e+03
2.662764892578125000e+03
2.655105957031250000e+03
2.647342041015625000e+03
2.639324707031250000e+03
2.631128417968750000e+03
2.622752685546875000e+03
2.614197998046875000e+03
2.605315185546875000e+03
2.596625000000000000e+03
2.587532470703125000e+03
2.578335205078125000e+03
2.568958251953125000e+03
2.559402099609375000e+03
2.549740722656250000e+03
2.539899902343750000e+03
2.529879394531250000e+03
2.519753417968750000e+03
2.509447998046875000e+03
2.498962646484375000e+03
2.488520263671875000e+03
2.477749267578125000e+03
2.466946533203125000e+03
2.456038085937500000e+03
2.444949462890625000e+03
2.433754638671875000e+03
2.422528076171875000e+03
2.411046386718750000e+03
2.399458007812500000e+03
2.387837646484375000e+03
2.376036132812500000e+03
2.364276611328125000e+03
2.352187011718750000e+03
2.340139160156250000e+03
2.328058105468750000e+03
2.315869873046875000e+03
2.303500000000000000e+03
2.291170898437500000e+03
2.278659912109375000e+03
2.266115478515625000e+03
2.253463134765625000e+03
2.240851074218750000e+03
2.228130859375000000e+03
2.215302246093750000e+03
2.202513427734375000e+03
2.189616943359375000e+03
2.176538574218750000e+03
2.163650146484375000e+03
2.150580566406250000e+03
2.137479003906250000e+03
2.124420166015625000e+03
2.111404785156250000e+03
2.098284179687500000e+03
2.085059326171875000e+03
2.071878662109375000e+03
2.058668945312500000e+03
2.045207153320312500e+03
2.032088623046875000e+03
2.018793457031250000e+03
2.005619140625000000e+03
1.992343383789062500e+03
1.979189453125000000e+03
1.966009155273437500e+03
1.952802978515625000e+03
1.939719970703125000e+03
1.926537475585937500e+03
1.913404785156250000e+03
1.900321899414062500e+03
1.887363891601562500e+03
1.874308227539062500e+03
1.861377929687500000e+03
1.848499389648437500e+03
1.835598876953125000e+03
1.822824707031250000e+03
1.810029296875000000e+03
1.797361328125000000e+03
1.784747192382812500e+03
1.772186889648437500e+03
1.759681152343750000e+03
1.747304199218750000e+03
1.734908325195312500e+03
1.722642333984375000e+03
1.710506591796875000e+03
1.698352783203125000e+03
1.686330078125000000e+03
1.674364501953125000e+03
1.662604980468750000e+03
1.650903198242187500e+03
1.639259887695312500e+03
1.627749389648437500e+03
1.616297973632812500e+03
1.604831665039062500e+03
1.593648071289062500e+03
1.582524780273437500e+03
1.571536499023437500e+03
1.560683593750000000e+03
1.549892089843750000e+03
1.539236816406250000e+03
1.528643798828125000e+03
1.518187988281250000e+03
1.507943847656250000e+03
1.497689086914062500e+03
1.487721313476562500e+03
1.477818115234375000e+03
1.467979858398437500e+03
1.458355712890625000e+03
1.448871826171875000e+03
1.439528686523437500e+03
1.430252563476562500e+03
1.421192382812500000e+03
1.412200195312500000e+03
1.403350708007812500e+03
1.394718872070312500e+03
1.386230834960937500e+03
1.377812866210937500e+03
1.369539672851562500e+03
1.361411987304687500e+03
1.353504638671875000e+03
1.345743774414062500e+03
1.338130126953125000e+03
1.330664184570312500e+03
1.323272094726562500e+03
1.316177734375000000e+03
1.309158325195312500e+03
1.302289062500000000e+03
1.295570434570312500e+03
1.289077392578125000e+03
1.282661987304687500e+03
1.276473266601562500e+03
1.270363525390625000e+03
1.264407470703125000e+03
1.258679931640625000e+03
1.253107421875000000e+03
1.247690673828125000e+03
1.242430053710937500e+03
1.237326293945312500e+03
1.232305664062500000e+03
1.227517578125000000e+03
1.222962524414062500e+03
1.218492675781250000e+03
1.214182739257812500e+03
1.210033447265625000e+03
1.206045532226562500e+03
1.202219604492187500e+03
1.198556030273437500e+03
1.194981079101562500e+03
1.191643188476562500e+03
1.188468627929687500e+03
1.185531372070312500e+03
1.182683349609375000e+03
1.179924560546875000e+03
1.177106689453125000e+03
1.174675659179687500e+03
1.172408691406250000e+03
1.170231811523437500e+03
1.168219238281250000e+03
1.166371459960937500e+03
1.164688476562500000e+03
1.163021972656250000e+03
1.161594970703125000e+03
1.160333374023437500e+03
1.159163208007812500e+03
1.158084594726562500e+03
1.157246459960937500e+03
1.156500244140625000e+03
1.155846313476562500e+03
1.155359130859375000e+03
1.154964843750000000e+03
1.154663330078125000e+03
1.154752563476562500e+03
1.154712280273437500e+03
1.154765869140625000e+03
1.154987792968750000e+03
1.155304199218750000e+03
1.155566772460937500e+03
1.156147216796875000e+03
1.156748901367187500e+03
1.157594848632812500e+03
1.158462524414062500e+03
1.159426757812500000e+03
1.160487670898437500e+03
1.161720214843750000e+03
1.163050170898437500e+03
1.164329589843750000e+03
1.165855957031250000e+03
1.167406738281250000e+03
1.169056762695312500e+03
1.170880737304687500e+03
1.172656127929687500e+03
1.174606323242187500e+03
1.176657470703125000e+03
1.178661376953125000e+03
1.180841430664062500e+03
1.183049560546875000e+03
1.185360229492187500e+03
1.187773437500000000e+03
1.190140380859375000e+03
1.192609497070312500e+03
1.195105957031250000e+03
1.197704101562500000e+03
1.200403808593750000e+03
1.203278930664062500e+03
1.206106323242187500e+03
1.208960205078125000e+03
1.211840332031250000e+03
1.214820678710937500e+03
1.217678100585937500e+03
1.220709594726562500e+03
1.223766479492187500e+03
1.226773925781250000e+03
1.229954833984375000e+03
1.233085693359375000e+03
1.236240966796875000e+03
1.239494628906250000e+03
1.242623168945312500e+03
1.245849487304687500e+03
1.249173217773437500e+03
1.252371093750000000e+03
1.255666015625000000e+03
1.258908813476562500e+03
1.262247802734375000e+03
1.265459838867187500e+03
1.268693237304687500e+03
1.272021972656250000e+03
1.275222778320312500e+03
1.278443969726562500e+03
1.281685302734375000e+03
1.284946289062500000e+03
1.288152343750000000e+03
1.291377563476562500e+03
1.294547241210937500e+03
1.297661010742187500e+03
1.300792846679687500e+03
1.303868286132812500e+03
1.306961059570312500e+03
1.310071044921875000e+03
1.313049194335937500e+03
1.315895263671875000e+03
1.318906005859375000e+03
1.321784179687500000e+03
1.324603515625000000e+03
1.327438232421875000e+03
1.330213500976562500e+03
1.332929321289062500e+03
1.335585083007812500e+03
1.338329223632812500e+03
1.340864135742187500e+03
1.343412353515625000e+03
1.345825073242187500e+03
1.348250488281250000e+03
1.350614013671875000e+03
1.352915161132812500e+03
1.355079467773437500e+03
1.357255126953125000e+03
1.359293334960937500e+03
1.361416625976562500e+03
1.363327514648437500e+03
1.365174194335937500e+03
1.367030761718750000e+03
1.368822631835937500e+03
1.370475097656250000e+03
1.372062255859375000e+03
1.373657958984375000e+03
1.375113525390625000e+03
1.376502563476562500e+03
1.377825073242187500e+03
1.379006347656250000e+03
1.380194580078125000e+03
1.381240844726562500e+03
1.382219116210937500e+03
1.383129028320312500e+03
1.383970214843750000e+03
1.384742309570312500e+03
1.385296142578125000e+03
1.385928833007812500e+03
1.386416870117187500e+03
1.386759887695312500e+03
1.387105957031250000e+03
1.387306030273437500e+03
1.387433959960937500e+03
1.387489379882812500e+03
1.387471679687500000e+03
1.387380249023437500e+03
1.387140502929687500e+03
1.386825927734375000e+03
1.386436279296875000e+03
1.385970581054687500e+03
1.385280029296875000e+03
1.384661132812500000e+03
1.383890380859375000e+03
1.383041259765625000e+03
1.382039062500000000e+03
1.381031616210937500e+03
1.379869873046875000e+03
1.378701538085937500e+03
1.377303710937500000e+03
1.375973022460937500e+03
1.374486450195312500e+03
1.372917968750000000e+03
1.371192871093750000e+03
1.369385375976562500e+03
1.367569458007812500e+03
1.365670288085937500e+03
1.363539062500000000e+03
1.361472900390625000e+03
1.359248291015625000e+03
1.356939453125000000e+03
1.354620361328125000e+03
1.352141967773437500e+03
1.349504272460937500e+03
1.346929565429687500e+03
1.344194824218750000e+03
1.341448486328125000e+03
1.338615844726562500e+03
1.335622314453125000e+03
1.332616455078125000e+03
1.329523437500000000e+03
1.326343261718750000e+03
1.323075561523437500e+03
1.319645874023437500e+03
1.316276977539062500e+03
1.312745483398437500e+03
1.309274536132812500e+03
1.305640747070312500e+03
1.301992309570312500e+03
1.298181030273437500e+03
1.294354736328125000e+03
1.290439331054687500e+03
1.286508789062500000e+03
1.282488647460937500e+03
1.278453002929687500e+03
1.274327514648437500e+03
1.270111938476562500e+03
1.265880249023437500e+03
1.261557983398437500e+03
1.257219604492187500e+03
1.252790161132812500e+03
1.248343872070312500e+03
1.243880737304687500e+03
1.239251586914062500e+03
1.234679443359375000e+03
1.230015258789062500e+03
1.225333007812500000e+03
1.220558105468750000e+03
1.215839233398437500e+03
1.210953247070312500e+03
1.206123535156250000e+03
1.201201538085937500e+03
1.196261718750000000e+03
1.191304077148437500e+03
1.186403320312500000e+03
1.181410766601562500e+03
1.176326538085937500e+03
1.171299438476562500e+03
1.166180664062500000e+03
1.161119140625000000e+03
1.155966064453125000e+03
1.150870239257812500e+03
1.145757324218750000e+03
1.140627075195312500e+03
1.135331176757812500e+03
1.130166625976562500e+03
1.124910522460937500e+03
1.119711425781250000e+03
1.114494873046875000e+03
1.109260986328125000e+03
1.104009643554687500e+03
1.098740722656250000e+03
1.093528320312500000e+03
1.088298339843750000e+03
1.083124877929687500e+03
1.077859252929687500e+03
1.072650146484375000e+03
1.067274414062500000e+03
1.062029174804687500e+03
1.056766113281250000e+03
1.051633666992187500e+03
1.046408813476562500e+03
1.041463134765625000e+03
1.036350952148437500e+03
1.031220825195312500e+03
1.026147094726562500e+03
1.021055541992187500e+03
1.015946289062500000e+03
1.010968078613281250e+03
1.005898010253906250e+03
1.000885009765625000e+03
9.959291381835937500e+02
9.910305786132812500e+02
9.861152954101562500e+02
9.811835937500000000e+02
9.763097534179687500e+02
9.714943847656250000e+02
9.667374877929687500e+02
9.619652099609375000e+02
9.573266601562500000e+02
9.525990600585937500e+02
9.479318237304687500e+02
9.433253784179687500e+02
9.388543701171875000e+02
9.343708496093750000e+02
9.298751220703125000e+02
9.254420776367187500e+02
9.210722656250000000e+02
9.167661743164062500e+02
9.125243530273437500e+02
9.083471679687500000e+02
9.041609497070312500e+02
9.001146240234375000e+02
8.960601806640625000e+02
8.920724487304687500e+02
8.881591796875000000e+02
8.843210449218750000e+02
8.805209960937500000e+02
8.767968750000000000e+02
8.731191406250000000e+02
8.694883422851562500e+02
8.659345703125000000e+02
8.624431762695312500e+02
8.590071411132812500e+02
8.556417236328125000e+02
8.523395996093750000e+02
8.491086425781250000e+02
8.459490356445312500e+02
8.428535766601562500e+02
8.398298950195312500e+02
8.368709106445312500e+02
8.339841308593750000e+02
8.311548461914062500e+02
8.283981933593750000e+02
8.257142944335937500e+02
8.231032714843750000e+02
8.205578002929687500e+02
8.180781860351562500e+02
8.156718750000000000e+02
8.133315429687500000e+02
8.110574340820312500e+02
8.088645019531250000e+02
8.067305908203125000e+02
8.046632690429687500e+02
8.026702270507812500e+02
8.007442016601562500e+02
7.988779296875000000e+02
7.970938720703125000e+02
7.953775024414062500e+02
7.937212524414062500e+02
7.921326293945312500e+02
7.906116943359375000e+02
7.891583862304687500e+02
7.877579345703125000e+02
7.864402465820312500e+02
7.851830444335937500e+02
7.839791870117187500e+02
7.828510742187500000e+02
7.817766113281250000e+02
7.807932739257812500e+02
7.798493041992187500e+02
7.789747924804687500e+02
7.781551513671875000e+02
7.774056396484375000e+02
7.767192382812500000e+02
7.760815429687500000e+02
7.755078125000000000e+02
7.749912109375000000e+02
7.745321044921875000e+02
7.741385498046875000e+02
7.738036499023437500e+02
7.735279541015625000e+02
7.733045654296875000e+02
7.731489257812500000e+02
7.730319824218750000e+02
7.729914550781250000e+02
7.729982299804687500e+02
7.730603027343750000e+02
7.731857299804687500e+02
7.733527832031250000e+02
7.735844116210937500e+02
7.738662109375000000e+02
7.741989135742187500e+02
7.745903320312500000e+02
7.750336914062500000e+02
7.755219726562500000e+02
7.760705566406250000e+02
7.766650390625000000e+02
7.773059082031250000e+02
7.779934692382812500e+02
7.787356567382812500e+02
7.795252685546875000e+02
7.803479003906250000e+02
7.812260131835937500e+02
7.821524658203125000e+02
7.831126708984375000e+02
7.841290893554687500e+02
7.851721801757812500e+02
7.862643432617187500e+02
7.873829956054687500e+02
7.885502929687500000e+02
7.897435302734375000e+02
7.909847412109375000e+02
7.922586669921875000e+02
7.935575561523437500e+02
7.948735351562500000e+02
7.962211303710937500e+02
7.975776367187500000e+02
7.989797973632812500e+02
8.003826293945312500e+02
8.018154296875000000e+02
8.032406616210937500e+02
8.047694702148437500e+02
8.062378540039062500e+02
8.077198486328125000e+02
8.092894287109375000e+02
8.107974853515625000e+02
8.123181762695312500e+02
8.138511962890625000e+02
8.153961791992187500e+02
8.169530639648437500e+02
8.185214843750000000e+02
8.201014404296875000e+02
8.216926879882812500e+02
8.232951660156250000e+02
8.249088745117187500e+02
8.264594726562500000e+02
8.280213623046875000e+02
8.295944213867187500e+02
8.310303955078125000e+02
8.326265258789062500e+02
8.340857543945312500e+02
8.355570678710937500e+02
8.370405883789062500e+02
8.384624023437500000e+02
8.400457763671875000e+02
8.414937133789062500e+02
8.428810424804687500e+02
8.443568115234375000e+02
8.457727050781250000e+02
8.472036743164062500e+02
8.485758056640625000e+02
8.499638061523437500e+02
8.513682861328125000e+02
8.527153320312500000e+02
8.540055541992187500e+02
8.553137207031250000e+02
8.566401977539062500e+02
0.000000000000000000e+00
0.000000000000000000e+00
0.000000000000000000e+00
0.000000000000000000e+00
0.000000000000000000e+00
0.000000000000000000e+00
0.000000000000000000e+00
0.000000000000000000e+00
0.000000000000000000e+00
0.000000000000000000e+00
0.000000000000000000e+00
0.000000000000000000e+00
0.000000000000000000e+00
0.000000000000000000e+00
0.000000000000000000e+00
0.000000000000000000e+00
0.000000000000000000e+00
0.000000000000000000e+00
0.000000000000000000e+00
0.000000000000000000e+00
0.000000000000000000e+00
0.000000000000000000e+00
0.000000000000000000e+00
0.000000000000000000e+00
0.000000000000000000e+00
0.000000000000000000e+00
0.000000000000000000e+00
0.000000000000000000e+00
0.000000000000000000e+00
0.000000000000000000e+00
0.000000000000000000e+00
0.000000000000000000e+00
0.000000000000000000e+00
0.000000000000000000e+00
0.000000000000000000e+00
0.000000000000000000e+00
0.000000000000000000e+00
0.000000000000000000e+00
0.000000000000000000e+00
0.000000000000000000e+00
0.000000000000000000e+00
0.000000000000000000e+00
0.000000000000000000e+00
0.000000000000000000e+00
0.000000000000000000e+00
0.000000000000000000e+00
0.000000000000000000e+00
0.000000000000000000e+00
0.000000000000000000e+00
0.000000000000000000e+00
0.000000000000000000e+00
0.000000000000000000e+00
0.000000000000000000e+00
0.000000000000000000e+00
0.000000000000000000e+00
0.000000000000000000e+00
0.000000000000000000e+00
0.000000000000000000e+00
0.000000000000000000e+00
0.000000000000000000e+00
0.000000000000000000e+00
0.000000000000000000e+00
0.000000000000000000e+00
0.000000000000000000e+00
0.000000000000000000e+00
0.000000000000000000e+00
0.000000000000000000e+00
0.000000000000000000e+00
0.000000000000000000e+00
0.000000000000000000e+00
0.000000000000000000e+00
0.000000000000000000e+00
0.000000000000000000e+00
0.000000000000000000e+00
0.000000000000000000e+00
0.000000000000000000e+00
0.000000000000000000e+00
0.000000000000000000e+00
0.000000000000000000e+00
0.000000000000000000e+00
0.000000000000000000e+00
0.000000000000000000e+00
0.000000000000000000e+00
0.000000000000000000e+00
0.000000000000000000e+00
0.000000000000000000e+00
0.000000000000000000e+00
0.000000000000000000e+00
0.000000000000000000e+00
0.000000000000000000e+00
0.000000000000000000e+00
0.000000000000000000e+00
0.000000000000000000e+00
0.000000000000000000e+00
0.000000000000000000e+00
0.000000000000000000e+00
0.000000000000000000e+00
0.000000000000000000e+00
0.000000000000000000e+00
0.000000000000000000e+00
