# k_h
1.041611176333390176e-05
1.151156902778893709e-05
1.272223380510695279e-05
1.406022420269437134e-05
1.553892980155069381e-05
1.717315171845257282e-05
1.897924266813788563e-05
2.097527794830966741e-05
2.318123733857646585e-05
2.561919609433971345e-05
2.831355232046917081e-05
3.129127435386180878e-05
3.458215724094770849e-05
3.821914651780389249e-05
4.223863288643769920e-05
4.668084511649794877e-05
5.159024294698610902e-05
5.701596091967076063e-05
6.301229586824774742e-05
6.963926716707646847e-05
7.696318789385259151e-05
8.505737059749662876e-05
9.400280396221205592e-05
1.038890259223990142e-04
1.148149822256527841e-04
1.268900086870416999e-04
1.402349589625373483e-04
1.549833978060632944e-04
1.712829107418656349e-04
1.892966392915695906e-04
2.092048671329393983e-04
2.312068245373666286e-04
2.555227256380021572e-04
2.823958930093795061e-04
3.120953333564102650e-04
3.449182258918881416e-04
3.811930655501782894e-04
4.212829517200589180e-04
4.655890516005456448e-04
5.145547911524772644e-04
5.686702206730842590e-04
6.284769624471664429e-04
6.945735076442360878e-04
7.676214445382356644e-04
8.483518031425774097e-04
9.375724475830793381e-04
1.036176458001136780e-03
1.145150512456893921e-03
1.265585422515869141e-03
1.398686319589614868e-03
1.545785344205796719e-03
1.708354800939559937e-03
1.888021593913435936e-03
2.086583757773041725e-03
2.306028502061963081e-03
2.548552351072430611e-03
2.816582098603248596e-03
3.112800652161240578e-03
3.440172178670763969e-03
3.801973070949316025e-03
4.201824311167001724e-03
4.643728025257587433e-03
5.132106598466634750e-03
5.671847146004438400e-03
6.268352270126342773e-03
6.927591282874345779e-03
7.656162604689598083e-03
8.461357094347476959e-03
9.351233020424842834e-03
1.033469755202531815e-02
1.142159197479486465e-02
1.262279413640499115e-02
1.395032647997140884e-02
1.541747432202100754e-02
1.703892089426517487e-02
1.883089542388916016e-02
2.081133052706718445e-02
2.300004661083221436e-02
2.541894838213920593e-02
2.809224650263786316e-02
3.104669228196144104e-02
3.431185707449913025e-02
3.792041540145874023e-02
4.190848395228385925e-02
4.609933122992515564e-02
5.029018223285675049e-02
5.448102951049804688e-02
5.867187678813934326e-02
6.286272406578063965e-02
6.705357879400253296e-02
7.124442607164382935e-02
7.543527334928512573e-02
7.962612062692642212e-02
8.381696790456771851e-02
8.800782263278961182e-02
9.420850872993469238e-02
1.004092022776603699e-01
1.066098958253860474e-01
1.128105893731117249e-01
1.190112754702568054e-01
1.252119690179824829e-01
1.314126551151275635e-01
1.376133561134338379e-01
1.438140422105789185e-01
1.500147432088851929e-01
1.562154293060302734e-01
1.624161154031753540e-01
1.686168164014816284e-01
1.748175024986267090e-01
1.810181885957717896e-01
1.872188895940780640e-01
1.934195756912231445e-01
1.996202766895294189e-01
2.058209627866744995e-01
2.120216488838195801e-01
2.182223498821258545e-01
2.244230359792709351e-01
2.306237220764160156e-01
2.368244230747222900e-01
2.430251091718673706e-01
2.492258101701736450e-01
2.554264962673187256e-01
2.616271972656250000e-01
2.678278684616088867e-01
2.740285694599151611e-01
2.802292704582214355e-01
2.864299416542053223e-01
2.926306426525115967e-01
2.988313436508178711e-01
3.050320446491241455e-01
3.112327158451080322e-01
3.174334168434143066e-01
3.236341178417205811e-01
3.298347890377044678e-01
3.360354900360107422e-01
3.422361910343170166e-01
3.484368622303009033e-01
3.546375632286071777e-01
3.608382642269134521e-01
3.670389354228973389e-01
3.732396364212036133e-01
3.794403374195098877e-01
3.856410086154937744e-01
3.918417096138000488e-01
3.980424106121063232e-01
4.042431116104125977e-01
4.104437828063964844e-01
4.166444838047027588e-01
4.274170994758605957e-01
5.965086221694946289e-01
8.324948549270629883e-01
1.161840200424194336e+00
1.621478557586669922e+00
2.262955665588378906e+00
3.158209085464477539e+00
4.407635688781738281e+00
6.151350975036621094e+00
8.584901809692382812e+00
1.198119640350341797e+01
1.672110557556152344e+01
2.333618354797363281e+01
3.256826782226562500e+01
4.545267868041992188e+01
6.343432235717773438e+01
8.852973175048828125e+01
