# ee
5.763909220695495605e-02
8.833143115043640137e-02
9.289798885583877563e-02
7.643382996320724487e-02
5.193331465125083923e-02
3.048114478588104248e-02
1.695366576313972473e-02
1.073146332055330276e-02
8.697650395333766937e-03
7.966809906065464020e-03
7.186578586697578430e-03
6.088955327868461609e-03
5.280002485960721970e-03
4.927174188196659088e-03
5.002519115805625916e-03
5.355477333068847656e-03
5.673083476722240448e-03
5.964070092886686325e-03
6.370463874191045761e-03
6.978481542319059372e-03
7.911859080195426941e-03
9.140796028077602386e-03
1.057771593332290649e-02
1.222878135740756989e-02
1.408056262880563736e-02
1.611177064478397369e-02
1.832430250942707062e-02
2.070622704923152924e-02
2.325471490621566772e-02
2.597776427865028381e-02
2.887697704136371613e-02
3.196580335497856140e-02
3.527662903070449829e-02
3.885748237371444702e-02
4.274994879961013794e-02
4.692161455750465393e-02
5.133761465549468994e-02
5.599903315305709839e-02
6.092153862118721008e-02
6.612352281808853149e-02
7.161425054073333740e-02
7.740052044391632080e-02
8.347426354885101318e-02
8.983782678842544556e-02
9.649533778429031372e-02
1.034447923302650452e-01
1.106896772980690002e-01
1.182112321257591248e-01
1.259832084178924561e-01
1.339769512414932251e-01
1.422803550958633423e-01
1.510457098484039307e-01
1.602693200111389160e-01
1.699325442314147949e-01
1.798940747976303101e-01
1.900418251752853394e-01
2.003787606954574585e-01
2.109375596046447754e-01
2.217657864093780518e-01
2.329528927803039551e-01
2.444883882999420166e-01
2.563368678092956543e-01
2.685148417949676514e-01
2.810017764568328857e-01
2.937335669994354248e-01
3.067101538181304932e-01
3.199697732925415039e-01
3.334688246250152588e-01
3.472455441951751709e-01
3.612864315509796143e-01
3.755643367767333984e-01
3.900449573993682861e-01
4.047163128852844238e-01
4.195887744426727295e-01
4.346628189086914062e-01
4.499292373657226562e-01
4.654137194156646729e-01
4.810601174831390381e-01
4.968716502189636230e-01
5.127974748611450195e-01
5.288590192794799805e-01
5.450311899185180664e-01
5.613108873367309570e-01
5.776728391647338867e-01
5.941292643547058105e-01
6.106493473052978516e-01
6.272468566894531250e-01
6.439060568809509277e-01
6.605889797210693359e-01
6.772872805595397949e-01
6.939853429794311523e-01
7.106750607490539551e-01
7.273184657096862793e-01
7.439149618148803711e-01
7.604488730430603027e-01
7.769047021865844727e-01
7.932742834091186523e-01
8.095197677612304688e-01
8.256404399871826172e-01
8.416951298713684082e-01
8.575344085693359375e-01
8.732318878173828125e-01
8.887869715690612793e-01
9.041247367858886719e-01
9.193186163902282715e-01
9.342194795608520508e-01
9.489008188247680664e-01
9.632878303527832031e-01
9.773797392845153809e-01
9.912500381469726562e-01
1.004823327064514160e+00
1.018098354339599609e+00
1.030999422073364258e+00
1.043673872947692871e+00
1.055897712707519531e+00
1.067743778228759766e+00
1.079359412193298340e+00
1.090594649314880371e+00
1.101300001144409180e+00
1.111770987510681152e+00
1.121709346771240234e+00
1.131188273429870605e+00
1.140280485153198242e+00
1.148910641670227051e+00
1.157151699066162109e+00
1.164853811264038086e+00
1.172164559364318848e+00
1.178933858871459961e+00
1.185160517692565918e+00
1.190991997718811035e+00
1.196278691291809082e+00
1.201093673706054688e+00
1.205436348915100098e+00
1.209231138229370117e+00
1.212477326393127441e+00
1.215247869491577148e+00
1.217467904090881348e+00
1.219284772872924805e+00
1.220474720001220703e+00
1.221110939979553223e+00
1.221266865730285645e+00
1.220941424369812012e+00
1.220059514045715332e+00
1.218768596649169922e+00
1.216844916343688965e+00
1.214510321617126465e+00
1.211615204811096191e+00
1.208232879638671875e+00
1.204436659812927246e+00
1.200151443481445312e+00
1.195302367210388184e+00
1.190037369728088379e+00
1.184356451034545898e+00
1.178258776664733887e+00
1.171743988990783691e+00
1.164811730384826660e+00
1.157535791397094727e+00
1.149767160415649414e+00
1.141653895378112793e+00
1.133269786834716797e+00
1.124465942382812500e+00
1.115316152572631836e+00
1.105894207954406738e+00
1.096125245094299316e+00
1.086157560348510742e+00
1.075767874717712402e+00
1.065326929092407227e+00
1.054537177085876465e+00
1.043621182441711426e+00
1.032578229904174805e+00
1.021333694458007812e+00
1.009886980056762695e+00
9.985347986221313477e-01
9.869795441627502441e-01
9.754436612129211426e-01
9.638535380363464355e-01
9.524325132369995117e-01
9.408839941024780273e-01
9.294316172599792480e-01
9.180757999420166016e-01
9.068917632102966309e-01
8.958055973052978516e-01
8.848922252655029297e-01
8.743009567260742188e-01
8.638909459114074707e-01
8.538042306900024414e-01
8.440262079238891602e-01
8.345947861671447754e-01
8.255624771118164062e-01
8.169521093368530273e-01
8.087863922119140625e-01
8.011105656623840332e-01
7.939547300338745117e-01
7.873566150665283203e-01
7.813537716865539551e-01
7.759912610054016113e-01
7.712918519973754883e-01
7.672930955886840820e-01
7.640251517295837402e-01
7.615484595298767090e-01
7.598741054534912109e-01
7.590656280517578125e-01
7.591494917869567871e-01
7.601744532585144043e-01
7.621818184852600098e-01
7.651978731155395508e-01
7.692788839340209961e-01
7.744511961936950684e-01
7.807708978652954102e-01
7.882717847824096680e-01
7.969875335693359375e-01
8.069669008255004883e-01
8.182064890861511230e-01
8.309033513069152832e-01
8.448758125305175781e-01
8.602839708328247070e-01
8.771318197250366211e-01
8.954231142997741699e-01
9.153105020523071289e-01
9.367238283157348633e-01
9.598153829574584961e-01
9.845148324966430664e-01
1.010826230049133301e+00
1.038901805877685547e+00
1.068745851516723633e+00
1.100361943244934082e+00
1.133754014968872070e+00
1.169000387191772461e+00
1.206104755401611328e+00
1.245145201683044434e+00
1.286051630973815918e+00
1.329050421714782715e+00
1.373996973037719727e+00
1.420969486236572266e+00
1.469971656799316406e+00
1.521081686019897461e+00
1.574377536773681641e+00
1.629714727401733398e+00
1.687171220779418945e+00
1.746899247169494629e+00
1.808754205703735352e+00
1.872888565063476562e+00
1.939231753349304199e+00
2.007861614227294922e+00
2.078782320022583008e+00
2.151923179626464844e+00
2.227659702301025391e+00
2.305475234985351562e+00
2.385819435119628906e+00
2.468399047851562500e+00
2.553442239761352539e+00
2.640730857849121094e+00
2.730567455291748047e+00
2.822659730911254883e+00
2.917384624481201172e+00
3.014301300048828125e+00
3.113786220550537109e+00
3.215696096420288086e+00
3.320035696029663086e+00
3.426736354827880859e+00
3.536026000976562500e+00
3.647686481475830078e+00
3.761797189712524414e+00
3.878289461135864258e+00
3.997390985488891602e+00
4.118735313415527344e+00
4.242699146270751953e+00
4.368990421295166016e+00
4.497688293457031250e+00
4.628724098205566406e+00
4.762400150299072266e+00
4.898126125335693359e+00
5.036502838134765625e+00
5.177014350891113281e+00
5.319889545440673828e+00
5.465133190155029297e+00
5.612676143646240234e+00
5.762449264526367188e+00
5.914457798004150391e+00
6.068780899047851562e+00
6.225126743316650391e+00
6.383723735809326172e+00
6.544502735137939453e+00
6.707468509674072266e+00
6.872478008270263672e+00
7.039536952972412109e+00
7.208649635314941406e+00
7.379747867584228516e+00
7.552688121795654297e+00
7.728219032287597656e+00
7.905230522155761719e+00
8.083357810974121094e+00
8.264091491699218750e+00
8.445950508117675781e+00
8.630426406860351562e+00
8.815297126770019531e+00
9.002796173095703125e+00
9.192186355590820312e+00
9.381987571716308594e+00
9.573687553405761719e+00
9.766544342041015625e+00
9.961297035217285156e+00
1.015794277191162109e+01
1.035499000549316406e+01
1.055318164825439453e+01
1.075251388549804688e+01
1.095446777343750000e+01
1.115607070922851562e+01
1.135806083679199219e+01
1.156266593933105469e+01
1.176690959930419922e+01
1.197227573394775391e+01
1.217876148223876953e+01
1.238487720489501953e+01
1.259210777282714844e+01
1.279896163940429688e+01
1.300766849517822266e+01
1.321599292755126953e+01
1.342467975616455078e+01
1.363446521759033203e+01
1.384312057495117188e+01
1.405212688446044922e+01
1.426222610473632812e+01
1.446970081329345703e+01
1.467900562286376953e+01
1.488790893554687500e+01
1.509566688537597656e+01
1.530376148223876953e+01
1.551070499420166016e+01
1.571723842620849609e+01
1.592410182952880859e+01
1.612980651855468750e+01
1.633509445190429688e+01
1.653847694396972656e+01
1.674143791198730469e+01
1.694397544860839844e+01
1.714459991455078125e+01
1.734554100036621094e+01
1.754456329345703125e+01
1.774166870117187500e+01
1.793908119201660156e+01
1.813382911682128906e+01
1.832739257812500000e+01
1.851903343200683594e+01
1.871022987365722656e+01
1.889875221252441406e+01
1.908534240722656250e+01
1.927074432373046875e+01
1.945346450805664062e+01
1.963498687744140625e+01
1.981455993652343750e+01
1.999142265319824219e+01
2.016630744934082031e+01
2.033920288085937500e+01
2.051009368896484375e+01
2.067822456359863281e+01
2.084283828735351562e+01
2.100540542602539062e+01
2.116591644287109375e+01
2.132361602783203125e+01
2.147848892211914062e+01
2.163126564025878906e+01
2.177970314025878906e+01
2.192601776123046875e+01
2.206945610046386719e+01
2.220851516723632812e+01
2.234541320800781250e+01
2.247939300537109375e+01
2.260970115661621094e+01
2.273632431030273438e+01
2.285998916625976562e+01
2.297994422912597656e+01
2.309691619873046875e+01
2.321015167236328125e+01
2.332037925720214844e+01
2.342610168457031250e+01
2.352804565429687500e+01
2.362694740295410156e+01
2.372278976440429688e+01
2.381184387207031250e+01
2.389930343627929688e+01
2.398217582702636719e+01
2.406045722961425781e+01
2.413635635375976562e+01
2.420763587951660156e+01
2.427428054809570312e+01
2.433702278137207031e+01
2.439362144470214844e+01
2.444925880432128906e+01
2.449947166442871094e+01
2.454721641540527344e+01
2.458950614929199219e+01
2.462781524658203125e+01
2.466138839721679688e+01
2.469095611572265625e+01
2.471650314331054688e+01
2.473727798461914062e+01
2.475400733947753906e+01
2.476667785644531250e+01
2.477453613281250000e+01
2.477756881713867188e+01
2.477724838256835938e+01
2.477207946777343750e+01
2.476204872131347656e+01
2.474863052368164062e+01
2.473032379150390625e+01
2.470786285400390625e+01
2.468197631835937500e+01
2.465042495727539062e+01
2.461542510986328125e+01
2.457621765136718750e+01
2.453279495239257812e+01
2.448514366149902344e+01
2.443399047851562500e+01
2.437784004211425781e+01
2.431816673278808594e+01
2.425272750854492188e+01
2.418448257446289062e+01
2.411267280578613281e+01
2.403654670715332031e+01
2.395609092712402344e+01
2.387128829956054688e+01
2.378287506103515625e+01
2.369009208679199219e+01
2.359440994262695312e+01
2.349433517456054688e+01
2.339059448242187500e+01
2.328317260742187500e+01
2.317280387878417969e+01
2.305798530578613281e+01
2.293944931030273438e+01
2.281866836547851562e+01
2.269339752197265625e+01
2.256585502624511719e+01
2.243453979492187500e+01
2.229944038391113281e+01
2.216128349304199219e+01
2.202079772949218750e+01
2.187648773193359375e+01
2.172908020019531250e+01
2.157855987548828125e+01
2.142565917968750000e+01
2.127036094665527344e+01
2.111042594909667969e+01
2.094955062866210938e+01
2.078623580932617188e+01
2.061898612976074219e+01
2.045001029968261719e+01
2.027929687500000000e+01
2.010535049438476562e+01
1.992965507507324219e+01
1.975222206115722656e+01
1.957230949401855469e+01
1.939067077636718750e+01
1.920656585693359375e+01
1.902148818969726562e+01
1.883469963073730469e+01
1.864694786071777344e+01
1.845675468444824219e+01
1.826560974121093750e+01
1.807277488708496094e+01
1.787974357604980469e+01
1.768577766418457031e+01
1.749088096618652344e+01
1.729431724548339844e+01
1.709757804870605469e+01
1.690066719055175781e+01
1.670210266113281250e+01
1.650411796569824219e+01
1.630672264099121094e+01
1.610843086242675781e+01
1.590999126434326172e+01
1.571215152740478516e+01
1.551343059539794922e+01
1.531606197357177734e+01
1.511856365203857422e+01
1.492094039916992188e+01
1.472468090057373047e+01
1.452904891967773438e+01
1.433404636383056641e+01
1.414042186737060547e+01
1.394743537902832031e+01
1.375583457946777344e+01
1.356488037109375000e+01
1.337606143951416016e+01
1.318863964080810547e+01
1.300187492370605469e+01
1.281725788116455078e+01
1.263479137420654297e+01
1.245373630523681641e+01
1.227483940124511719e+01
1.209661769866943359e+01
1.192204761505126953e+01
1.174890232086181641e+01
1.157867240905761719e+01
1.141061687469482422e+01
1.124399566650390625e+01
1.108104324340820312e+01
1.091953182220458984e+01
1.076169872283935547e+01
1.060682106018066406e+01
1.045417976379394531e+01
1.030454254150390625e+01
1.015867614746093750e+01
1.001601123809814453e+01
9.876274108886718750e+00
9.740528106689453125e+00
9.607833862304687500e+00
9.478883743286132812e+00
9.353403091430664062e+00
9.231863021850585938e+00
9.114065170288085938e+00
9.000329971313476562e+00
8.890607833862304688e+00
8.784997940063476562e+00
8.683670997619628906e+00
8.586503982543945312e+00
8.493744850158691406e+00
8.405341148376464844e+00
8.321393013000488281e+00
8.242147445678710938e+00
8.167479515075683594e+00
8.097414016723632812e+00
8.032123565673828125e+00
7.971632957458496094e+00
7.915965080261230469e+00
7.865145206451416016e+00
7.819495201110839844e+00
7.778816699981689453e+00
7.743058204650878906e+00
7.712543010711669922e+00
7.687146186828613281e+00
7.666966438293457031e+00
7.652102947235107422e+00
7.642430782318115234e+00
7.638050079345703125e+00
7.639133930206298828e+00
7.645409584045410156e+00
7.657347202301025391e+00
7.674525260925292969e+00
7.697193145751953125e+00
7.725448131561279297e+00
7.759167671203613281e+00
7.798377037048339844e+00
7.842876911163330078e+00
7.892916202545166016e+00
7.948520660400390625e+00
8.009713172912597656e+00
8.076521873474121094e+00
8.148968696594238281e+00
8.227077484130859375e+00
8.309381484985351562e+00
8.398873329162597656e+00
8.493345260620117188e+00
8.593563079833984375e+00
8.698801994323730469e+00
8.810569763183593750e+00
8.926659584045410156e+00
9.047835350036621094e+00
9.174860000610351562e+00
9.307757377624511719e+00
9.445062637329101562e+00
9.589024543762207031e+00
9.736694335937500000e+00
9.890322685241699219e+00
1.004844474792480469e+01
1.021256923675537109e+01
1.038197517395019531e+01
1.055594062805175781e+01
1.073523330688476562e+01
1.091913127899169922e+01
1.110765552520751953e+01
1.130157375335693359e+01
1.149942302703857422e+01
1.170271015167236328e+01
1.191071701049804688e+01
1.212272262573242188e+01
1.234023571014404297e+01
1.256179618835449219e+01
1.278742504119873047e+01
1.301788806915283203e+01
1.325246906280517578e+01
1.349118900299072266e+01
1.373407268524169922e+01
1.398040390014648438e+01
1.423168754577636719e+01
1.448646640777587891e+01
1.474550437927246094e+01
1.500734424591064453e+01
1.527423667907714844e+01
1.554323387145996094e+01
1.581733512878417969e+01
1.609433555603027344e+01
1.637351799011230469e+01
1.665787887573242188e+01
1.694298553466796875e+01
1.723257637023925781e+01
1.752519798278808594e+01
1.782086753845214844e+01
1.811961364746093750e+01
1.841994094848632812e+01
1.872407341003417969e+01
1.902977371215820312e+01
1.933777427673339844e+01
1.964806747436523438e+01
1.996064949035644531e+01
2.027550697326660156e+01
2.059114837646484375e+01
2.090831184387207031e+01
2.122772789001464844e+01
2.154939270019531250e+01
2.186958122253417969e+01
2.219274711608886719e+01
2.251591110229492188e+01
2.284129142761230469e+01
2.316740036010742188e+01
2.349422645568847656e+01
2.382251167297363281e+01
2.414927101135253906e+01
2.447747421264648438e+01
2.480562782287597656e+01
2.513298225402832031e+01
2.546027565002441406e+01
2.578749847412109375e+01
2.611464881896972656e+01
2.644097709655761719e+01
2.676647377014160156e+01
2.709113502502441406e+01
2.741495895385742188e+01
2.773793029785156250e+01
2.805931091308593750e+01
2.838057327270507812e+01
2.869874763488769531e+01
2.901679420471191406e+01
2.933396530151367188e+01
2.964728927612304688e+01
2.996046638488769531e+01
3.027052497863769531e+01
3.057969093322753906e+01
3.088646888732910156e+01
3.119011497497558594e+01
3.149284362792968750e+01
3.179094696044921875e+01
3.208738708496093750e+01
3.238141250610351562e+01
3.267227935791015625e+01
3.296072006225585938e+01
3.324525451660156250e+01
3.352661132812500000e+01
3.380627059936523438e+01
3.408197402954101562e+01
3.435295104980468750e+01
3.462139511108398438e+01
3.488652801513671875e+01
3.514757919311523438e+01
3.540451431274414062e+01
3.565804672241210938e+01
3.590739822387695312e+01
3.615179443359375000e+01
3.639194869995117188e+01
3.662857055664062500e+01
3.686088180541992188e+01
3.708736801147460938e+01
3.730947875976562500e+01
3.752719116210937500e+01
3.773971939086914062e+01
3.794778442382812500e+01
3.815060424804687500e+01
3.834814071655273438e+01
3.854186248779296875e+01
3.872875213623046875e+01
3.891175842285156250e+01
3.908861541748046875e+01
3.926003265380859375e+01
3.942597961425781250e+01
3.958642196655273438e+01
3.974058914184570312e+01
3.988993072509765625e+01
4.003366851806640625e+01
4.017103195190429688e+01
4.030198287963867188e+01
4.042872619628906250e+01
4.054750061035156250e+01
4.066125869750976562e+01
4.076847076416015625e+01
4.087059402465820312e+01
4.096536254882812500e+01
4.105423736572265625e+01
4.113792037963867188e+01
4.121340560913085938e+01
4.128438186645507812e+01
4.134857559204101562e+01
4.140596008300781250e+01
4.145872879028320312e+01
4.150387573242187500e+01
4.154284667968750000e+01
4.157487487792968750e+01
4.160140228271484375e+01
4.162091064453125000e+01
4.163410949707031250e+01
4.164171218872070312e+01
4.164220428466796875e+01
4.163703918457031250e+01
4.162469863891601562e+01
4.160663986206054688e+01
4.158209228515625000e+01
4.155176544189453125e+01
4.151488494873046875e+01
4.147142410278320312e+01
4.142209625244140625e+01
4.136685943603515625e+01
4.130494689941406250e+01
4.123781204223632812e+01
4.116393661499023438e+01
4.108403396606445312e+01
4.099881362915039062e+01
4.090749740600585938e+01
4.080857086181640625e+01
4.070497512817382812e+01
4.059667205810546875e+01
4.048139953613281250e+01
4.036135864257812500e+01
4.023502731323242188e+01
4.010385894775390625e+01
3.996856307983398438e+01
3.982612991333007812e+01
3.967727279663085938e+01
3.952418518066406250e+01
3.936609649658203125e+01
3.920147705078125000e+01
3.903400802612304688e+01
3.885994720458984375e+01
3.868148040771484375e+01
3.849708938598632812e+01
3.830822753906250000e+01
3.811560440063476562e+01
3.791843414306640625e+01
3.771594238281250000e+01
3.750883865356445312e+01
3.729633712768554688e+01
3.708212280273437500e+01
3.686392974853515625e+01
3.664022827148437500e+01
3.641247940063476562e+01
3.618138122558593750e+01
3.594541168212890625e+01
3.570676422119140625e+01
3.546242523193359375e+01
3.521608352661132812e+01
3.496546554565429688e+01
3.471281051635742188e+01
3.445514297485351562e+01
3.419544982910156250e+01
3.393225097656250000e+01
3.366629028320312500e+01
3.339831161499023438e+01
3.312684631347656250e+01
3.285263824462890625e+01
3.257643508911132812e+01
3.229823684692382812e+01
3.201805877685546875e+01
3.173663711547851562e+01
3.145249938964843750e+01
3.116638755798339844e+01
3.087979507446289062e+01
3.059197998046875000e+01
3.030220413208007812e+01
3.001047325134277344e+01
2.971901702880859375e+01
2.942635154724121094e+01
2.913322830200195312e+01
2.883964729309082031e+01
2.854561042785644531e+01
2.825111961364746094e+01
2.795692443847656250e+01
2.766228294372558594e+01
2.736793899536132812e+01
2.707389450073242188e+01
2.677866554260253906e+01
2.648597335815429688e+01
2.619284439086914062e+01
2.590076637268066406e+01
2.560974121093750000e+01
2.531902885437011719e+01
2.502937316894531250e+01
2.474151992797851562e+01
2.445398330688476562e+01
2.416676521301269531e+01
2.388358116149902344e+01
2.360071754455566406e+01
2.332040405273437500e+01
2.304264640808105469e+01
2.276669883728027344e+01
2.249181938171386719e+01
2.222023773193359375e+01
2.194973182678222656e+01
2.168252563476562500e+01
2.141787719726562500e+01
2.115505027770996094e+01
2.089553451538085938e+01
2.063862228393554688e+01
2.038361358642578125e+01
2.013277626037597656e+01
1.988466644287109375e+01
1.963932609558105469e+01
1.939828491210937500e+01
1.916083717346191406e+01
1.892702674865722656e+01
1.869689559936523438e+01
1.847048377990722656e+01
1.824932098388671875e+01
1.803047561645507812e+01
1.781696128845214844e+01
1.760733413696289062e+01
1.740237808227539062e+01
1.720139312744140625e+01
1.700590515136718750e+01
1.681447410583496094e+01
1.662788200378417969e+01
1.644542884826660156e+01
1.626938438415527344e+01
1.609756469726562500e+01
1.593149662017822266e+01
1.576973533630371094e+01
1.561455249786376953e+01
1.546376323699951172e+01
1.531889343261718750e+01
1.517998790740966797e+01
1.504634571075439453e+01
1.491800880432128906e+01
1.479502010345458984e+01
1.467816734313964844e+01
1.456674766540527344e+01
1.446229457855224609e+01
1.436261749267578125e+01
1.426924705505371094e+01
1.418222713470458984e+01
1.410085964202880859e+01
1.402667236328125000e+01
1.395748043060302734e+01
1.389407157897949219e+01
1.383723258972167969e+01
1.378700828552246094e+01
1.374195384979248047e+01
1.370509147644042969e+01
1.367274761199951172e+01
1.364719676971435547e+01
1.362773895263671875e+01
1.361516571044921875e+01
1.360877799987792969e+01
1.360935211181640625e+01
1.361543464660644531e+01
1.362854671478271484e+01
1.364797782897949219e+01
1.367227745056152344e+01
1.370370674133300781e+01
1.374304485321044922e+01
1.378586673736572266e+01
1.383592605590820312e+01
1.389251232147216797e+01
1.395491886138916016e+01
1.402392292022705078e+01
1.409807872772216797e+01
1.417890453338623047e+01
1.426569557189941406e+01
1.435923385620117188e+01
1.445806789398193359e+01
1.456298065185546875e+01
1.467326736450195312e+01
1.478970718383789062e+01
1.491234016418457031e+01
1.504046154022216797e+01
1.517485523223876953e+01
1.531332969665527344e+01
1.545889663696289062e+01
1.560936927795410156e+01
1.576478672027587891e+01
1.592667579650878906e+01
1.609358978271484375e+01
1.626482963562011719e+01
1.644192123413085938e+01
1.662490653991699219e+01
1.681159973144531250e+01
1.700426864624023438e+01
1.720221519470214844e+01
1.740399360656738281e+01
1.761187934875488281e+01
1.782294082641601562e+01
1.804019165039062500e+01
1.826145172119140625e+01
1.848676109313964844e+01
1.871764755249023438e+01
1.895192909240722656e+01
1.919039154052734375e+01
1.943382263183593750e+01
1.968152427673339844e+01
1.993279838562011719e+01
2.018842887878417969e+01
2.044772148132324219e+01
2.071071434020996094e+01
2.097740745544433594e+01
2.124779891967773438e+01
2.152114295959472656e+01
2.179891967773437500e+01
2.207890129089355469e+01
2.236182403564453125e+01
2.264768409729003906e+01
2.293648338317871094e+01
2.322895812988281250e+01
2.352213668823242188e+01
2.381898498535156250e+01
2.411727333068847656e+01
2.441774368286132812e+01
2.472039604187011719e+01
2.502448272705078125e+01
2.533148765563964844e+01
2.563918304443359375e+01
2.594831085205078125e+01
2.625886726379394531e+01
2.657085418701171875e+01
2.688352775573730469e+01
2.719688606262207031e+01
2.751167488098144531e+01
2.782640647888183594e+01
2.814256668090820312e+01
2.845866966247558594e+01
2.877546501159667969e+01
2.909220314025878906e+01
2.940814399719238281e+01
2.972552108764648438e+01
3.004135704040527344e+01
3.035714912414550781e+01
3.067363739013671875e+01
3.098859405517578125e+01
3.130276489257812500e+01
3.161689567565917969e+01
3.193024826049804688e+01
3.224133682250976562e+01
3.255239105224609375e+01
3.286193084716796875e+01
3.316996002197265625e+01
3.347647857666015625e+01
3.378149414062500000e+01
3.408426666259765625e+01
3.438628005981445312e+01
3.468605422973632812e+01
3.498508453369140625e+01
3.528039550781250000e+01
3.557421875000000000e+01
3.586655807495117188e+01
3.615663909912109375e+01
3.644293975830078125e+01
3.672766113281250000e+01
3.700927352905273438e+01
3.728849411010742188e+01
3.756380081176757812e+01
3.783590316772460938e+01
3.810624694824218750e+01
3.837257766723632812e+01
3.863559722900390625e+01
3.889527130126953125e+01
3.915156555175781250e+01
3.940370178222656250e+01
3.965238571166992188e+01
3.989758300781250000e+01
4.013925933837890625e+01
4.037514495849609375e+01
4.060743331909179688e+01
4.083609390258789062e+01
4.106034088134765625e+01
4.127939224243164062e+01
4.149395751953125000e+01
4.170474243164062500e+01
4.191096115112304688e+01
4.211109542846679688e+01
4.230733489990234375e+01
4.249889373779296875e+01
4.268573760986328125e+01
4.286708450317382812e+01
4.304214477539062500e+01
4.321386337280273438e+01
4.337996292114257812e+01
4.353891754150390625e+01
4.369441223144531250e+01
4.384416961669921875e+01
4.398814773559570312e+01
4.412779998779296875e+01
4.426085281372070312e+01
4.439172363281250000e+01
4.451368331909179688e+01
4.463041305541992188e+01
4.474112319946289062e+01
4.484726333618164062e+01
4.494730377197265625e+01
4.503971862792968750e+01
4.512892150878906250e+01
4.521116638183593750e+01
4.528788757324218750e+01
4.535905456542968750e+01
4.542387390136718750e+01
4.548230743408203125e+01
4.553578948974609375e+01
4.558279037475585938e+01
4.562401199340820312e+01
4.565866470336914062e+01
4.568743896484375000e+01
4.571029663085937500e+01
4.572718811035156250e+01
4.573881149291992188e+01
4.574512481689453125e+01
4.574458694458007812e+01
4.573938751220703125e+01
4.572724533081054688e+01
4.571035003662109375e+01
4.568641662597656250e+01
4.565763473510742188e+01
4.562172698974609375e+01
4.558161544799804688e+01
4.553353500366210938e+01
4.548041534423828125e+01
4.542219924926757812e+01
4.535736083984375000e+01
4.528659057617187500e+01
4.521132278442382812e+01
4.512928009033203125e+01
4.504338455200195312e+01
4.495135498046875000e+01
4.485314178466796875e+01
4.475018310546875000e+01
4.464167404174804688e+01
4.452608489990234375e+01
4.440633010864257812e+01
4.428235244750976562e+01
4.415188217163085938e+01
4.401559448242187500e+01
4.387492370605468750e+01
4.372982025146484375e+01
4.357873535156250000e+01
4.342236328125000000e+01
4.326212692260742188e+01
4.309573745727539062e+01
4.292463302612304688e+01
4.274800109863281250e+01
4.256876754760742188e+01
4.238314819335937500e+01
4.219257354736328125e+01
4.199772644042968750e+01
4.179854965209960938e+01
4.159423446655273438e+01
4.138548278808593750e+01
4.117226409912109375e+01
4.095459365844726562e+01
4.073320007324218750e+01
4.050808715820312500e+01
4.027850341796875000e+01
4.004518890380859375e+01
3.980887985229492188e+01
3.956809234619140625e+01
3.932355880737304688e+01
3.907676315307617188e+01
3.882621383666992188e+01
3.857265090942382812e+01
3.831606292724609375e+01
3.805571365356445312e+01
3.779307174682617188e+01
3.752813720703125000e+01
3.726015853881835938e+01
3.699062347412109375e+01
3.671729278564453125e+01
3.644313430786132812e+01
3.616590881347656250e+01
3.588710403442382812e+01
3.560671234130859375e+01
3.532323837280273438e+01
3.503890609741210938e+01
3.475296783447265625e+01
3.446616744995117188e+01
3.417700195312500000e+01
3.388621902465820312e+01
3.359603118896484375e+01
3.330421066284179688e+01
3.301074600219726562e+01
3.271712493896484375e+01
3.242259216308593750e+01
3.212788391113281250e+01
3.183300018310546875e+01
3.153569412231445312e+01
3.123968315124511719e+01
3.094347000122070312e+01
3.064630508422851562e+01
3.034892463684082031e+01
3.005280494689941406e+01
2.975571060180664062e+01
2.946060943603515625e+01
2.916377067565917969e+01
2.886816215515136719e+01
2.857377243041992188e+01
2.827985382080078125e+01
2.798713684082031250e+01
2.769413566589355469e+01
2.740236091613769531e+01
2.711184883117675781e+01
2.682337570190429688e+01
2.653548812866210938e+01
2.624822044372558594e+01
2.596309089660644531e+01
2.567864990234375000e+01
2.539418601989746094e+01
2.511418914794921875e+01
2.483572006225585938e+01
2.455881500244140625e+01
2.428499031066894531e+01
2.401205062866210938e+01
2.374225425720214844e+01
2.347489738464355469e+01
2.321000862121582031e+01
2.294836616516113281e+01
2.268851470947265625e+01
2.243197822570800781e+01
2.217804145812988281e+01
2.192674064636230469e+01
2.167959785461425781e+01
2.143441581726074219e+01
2.119271469116210938e+01
2.095453071594238281e+01
2.071915435791015625e+01
2.048810958862304688e+01
2.026068496704101562e+01
2.003617858886718750e+01
1.981536865234375000e+01
1.959828948974609375e+01
1.938572502136230469e+01
1.917622566223144531e+01
1.897057151794433594e+01
1.876954650878906250e+01
1.857170104980468750e+01
1.837930679321289062e+01
1.818943023681640625e+01
1.800508308410644531e+01
1.782333755493164062e+01
1.764720344543457031e+01
1.747449684143066406e+01
1.730599975585937500e+01
1.714323997497558594e+01
1.698403549194335938e+01
1.682991409301757812e+01
1.667943382263183594e+01
1.653412246704101562e+01
1.639328193664550781e+01
1.625695800781250000e+01
1.612519454956054688e+01
1.599877929687500000e+01
1.587701320648193359e+01
1.575994110107421875e+01
1.564686679840087891e+01
1.553857707977294922e+01
1.543586063385009766e+01
1.533727645874023438e+01
1.524435520172119141e+01
1.515565967559814453e+01
1.507197284698486328e+01
1.499334716796875000e+01
1.491982173919677734e+01
1.485070228576660156e+01
1.478677654266357422e+01
1.472734737396240234e+01
1.467320442199707031e+01
1.462364864349365234e+01
1.457872390747070312e+01
1.453922080993652344e+01
1.450444316864013672e+01
1.447443294525146484e+01
1.444849300384521484e+01
1.442741489410400391e+01
1.441124153137207031e+01
1.440076351165771484e+01
1.439379405975341797e+01
1.439335441589355469e+01
1.439725971221923828e+01
1.440481376647949219e+01
1.441755008697509766e+01
1.443477058410644531e+01
1.445578002929687500e+01
1.448285388946533203e+01
1.451381301879882812e+01
1.454944515228271484e+01
1.458905696868896484e+01
1.463344192504882812e+01
1.468190383911132812e+01
1.473523902893066406e+01
1.479275131225585938e+01
1.485449218750000000e+01
1.492051506042480469e+01
1.499087047576904297e+01
1.506635475158691406e+01
1.514479064941406250e+01
1.522772121429443359e+01
1.531445789337158203e+01
1.540579795837402344e+01
1.550030231475830078e+01
1.560022258758544922e+01
1.570333766937255859e+01
1.581040096282958984e+01
1.591994190216064453e+01
1.603420257568359375e+01
1.615170860290527344e+01
1.627321815490722656e+01
1.639726066589355469e+01
1.652459526062011719e+01
1.665597915649414062e+01
1.678994750976562500e+01
1.692651176452636719e+01
1.706718063354492188e+01
1.720973968505859375e+01
1.735569381713867188e+01
1.750432014465332031e+01
1.765638160705566406e+01
1.780966567993164062e+01
1.796567916870117188e+01
1.812370109558105469e+01
1.828523445129394531e+01
1.844881057739257812e+01
1.861297035217285156e+01
1.878069877624511719e+01
1.894979286193847656e+01
1.912100791931152344e+01
1.929436874389648438e+01
1.946914863586425781e+01
1.964536857604980469e+01
1.982378959655761719e+01
2.000294494628906250e+01
2.018508148193359375e+01
2.036724281311035156e+01
2.055167770385742188e+01
2.073617172241210938e+01
2.092223167419433594e+01
2.110986900329589844e+01
2.129761505126953125e+01
2.148697471618652344e+01
2.167647361755371094e+01
2.186835670471191406e+01
2.205892372131347656e+01
2.225190353393554688e+01
2.244507980346679688e+01
2.263772583007812500e+01
2.283133888244628906e+01
2.302519035339355469e+01
2.322077941894531250e+01
2.341514396667480469e+01
2.360903739929199219e+01
2.380465698242187500e+01
2.399899864196777344e+01
2.419277000427246094e+01
2.438742256164550781e+01
2.458069419860839844e+01
2.477403450012207031e+01
2.496592330932617188e+01
2.515781593322753906e+01
2.534819221496582031e+01
2.553850173950195312e+01
2.572797393798828125e+01
2.591583251953125000e+01
2.610278701782226562e+01
2.628806686401367188e+01
2.647237968444824219e+01
2.665421295166015625e+01
2.683651161193847656e+01
2.701478385925292969e+01
2.719197845458984375e+01
2.736806488037109375e+01
2.754227256774902344e+01
2.771383476257324219e+01
2.788272476196289062e+01
2.805040168762207031e+01
2.821609878540039062e+01
2.837979316711425781e+01
2.854071807861328125e+01
2.869884681701660156e+01
2.885564613342285156e+01
2.900960540771484375e+01
2.916070175170898438e+01
2.930965423583984375e+01
2.945570182800292969e+01
2.959955787658691406e+01
2.973971939086914062e+01
2.987764930725097656e+01
3.001258087158203125e+01
3.014523506164550781e+01
3.027410316467285156e+01
3.040064239501953125e+01
3.052260398864746094e+01
3.064367485046386719e+01
3.076086235046386719e+01
3.087487983703613281e+01
3.098644065856933594e+01
3.109477996826171875e+01
3.119986343383789062e+01
3.130166625976562500e+01
3.139941024780273438e+01
3.149529266357421875e+01
3.158705329895019531e+01
3.167539596557617188e+01
3.176102066040039062e+01
3.184240341186523438e+01
3.192173767089843750e+01
3.199674987792968750e+01
3.206813430786132812e+01
3.213511276245117188e+01
3.219986724853515625e+01
3.226086044311523438e+01
3.231879425048828125e+01
3.237212753295898438e+01
3.242229843139648438e+01
3.246926116943359375e+01
3.251147842407226562e+01
3.255186462402343750e+01
3.258665466308593750e+01
3.261802673339843750e+01
3.264592742919921875e+01
3.267103958129882812e+01
3.269034194946289062e+01
3.270675277709960938e+01
3.271946716308593750e+01
3.272843933105468750e+01
3.273360824584960938e+01
3.273566055297851562e+01
3.273380661010742188e+01
3.272723770141601562e+01
3.271664810180664062e+01
3.270272827148437500e+01
3.268468093872070312e+01
3.266245269775390625e+01
3.263747787475585938e+01
3.260747528076171875e+01
3.257462310791015625e+01
3.253664398193359375e+01
3.249571609497070312e+01
3.245030593872070312e+01
3.240185165405273438e+01
3.235031127929687500e+01
3.229414749145507812e+01
3.223406219482421875e+01
3.217000961303710938e+01
3.210343551635742188e+01
3.203206253051757812e+01
3.195734596252441406e+01
3.187923622131347656e+01
3.179621124267578125e+01
3.171120262145996094e+01
3.162195014953613281e+01
3.152918624877929688e+01
3.143439674377441406e+01
3.133535194396972656e+01
3.123278999328613281e+01
3.112819671630859375e+01
3.101934242248535156e+01
3.090770912170410156e+01
3.079329299926757812e+01
3.067758369445800781e+01
3.055685806274414062e+01
3.043408203125000000e+01
3.030851173400878906e+01
3.018087959289550781e+01
3.005043983459472656e+01
2.991717910766601562e+01
2.978109359741210938e+01
2.964439392089843750e+01
2.950410270690917969e+01
2.936242866516113281e+01
2.921861839294433594e+01
2.907264518737792969e+01
2.892523956298828125e+01
2.877563476562500000e+01
2.862380981445312500e+01
2.847047424316406250e+01
2.831635475158691406e+01
2.815844154357910156e+01
2.800116539001464844e+01
2.784003257751464844e+01
2.767872619628906250e+01
2.751572227478027344e+01
2.735098075866699219e+01
2.718520736694335938e+01
2.701761436462402344e+01
2.684890365600585938e+01
2.667903137207031250e+01
2.650720787048339844e+01
2.633412933349609375e+01
2.616049194335937500e+01
2.598550605773925781e+01
2.580912208557128906e+01
2.563203430175781250e+01
2.545344734191894531e+01
2.527331733703613281e+01
2.509307861328125000e+01
2.491119384765625000e+01
2.472762107849121094e+01
2.454453849792480469e+01
2.435967063903808594e+01
0.000000000000000000e+00
0.000000000000000000e+00
0.000000000000000000e+00
0.000000000000000000e+00
0.000000000000000000e+00
0.000000000000000000e+00
0.000000000000000000e+00
0.000000000000000000e+00
0.000000000000000000e+00
0.000000000000000000e+00
0.000000000000000000e+00
0.000000000000000000e+00
0.000000000000000000e+00
0.000000000000000000e+00
0.000000000000000000e+00
0.000000000000000000e+00
0.000000000000000000e+00
0.000000000000000000e+00
0.000000000000000000e+00
0.000000000000000000e+00
0.000000000000000000e+00
0.000000000000000000e+00
0.000000000000000000e+00
0.000000000000000000e+00
0.000000000000000000e+00
0.000000000000000000e+00
0.000000000000000000e+00
0.000000000000000000e+00
0.000000000000000000e+00
0.000000000000000000e+00
0.000000000000000000e+00
0.000000000000000000e+00
0.000000000000000000e+00
0.000000000000000000e+00
0.000000000000000000e+00
0.000000000000000000e+00
0.000000000000000000e+00
0.000000000000000000e+00
0.000000000000000000e+00
0.000000000000000000e+00
0.000000000000000000e+00
0.000000000000000000e+00
0.000000000000000000e+00
0.000000000000000000e+00
0.000000000000000000e+00
0.000000000000000000e+00
0.000000000000000000e+00
0.000000000000000000e+00
0.000000000000000000e+00
0.000000000000000000e+00
0.000000000000000000e+00
0.000000000000000000e+00
0.000000000000000000e+00
0.000000000000000000e+00
0.000000000000000000e+00
0.000000000000000000e+00
0.000000000000000000e+00
0.000000000000000000e+00
0.000000000000000000e+00
0.000000000000000000e+00
0.000000000000000000e+00
0.000000000000000000e+00
0.000000000000000000e+00
0.000000000000000000e+00
0.000000000000000000e+00
0.000000000000000000e+00
0.000000000000000000e+00
0.000000000000000000e+00
0.000000000000000000e+00
0.000000000000000000e+00
0.000000000000000000e+00
0.000000000000000000e+00
0.000000000000000000e+00
0.000000000000000000e+00
0.000000000000000000e+00
0.000000000000000000e+00
0.000000000000000000e+00
0.000000000000000000e+00
0.000000000000000000e+00
0.000000000000000000e+00
0.000000000000000000e+00
0.000000000000000000e+00
0.000000000000000000e+00
0.000000000000000000e+00
0.000000000000000000e+00
0.000000000000000000e+00
0.000000000000000000e+00
0.000000000000000000e+00
0.000000000000000000e+00
0.000000000000000000e+00
0.000000000000000000e+00
0.000000000000000000e+00
0.000000000000000000e+00
0.000000000000000000e+00
0.000000000000000000e+00
0.000000000000000000e+00
0.000000000000000000e+00
0.000000000000000000e+00
0.000000000000000000e+00
0.000000000000000000e+00
