# pp
1.629649069871887166e-07
2.497788545219079557e-07
3.263060278920287163e-07
3.935469459262928997e-07
4.526198436332387066e-07
5.047747627755006464e-07
5.510166510460592641e-07
5.922127779127505234e-07
6.289556108294166195e-07
6.619688998710655160e-07
6.915285085342122845e-07
7.180179582859717407e-07
7.418490786333583840e-07
7.632872076040754503e-07
7.825622896537684367e-07
7.999091864291637806e-07
8.155381874183058414e-07
8.295563762834305726e-07
8.420622787480329168e-07
8.532233946064521806e-07
8.632035132603316441e-07
8.720826084696870703e-07
8.799259613317844778e-07
8.868238979345183193e-07
8.928683106136387208e-07
8.981323117056910226e-07
9.026731679430351547e-07
9.065035436404939806e-07
9.096411103942196035e-07
9.121681713432149749e-07
9.141702052476356824e-07
9.156807618093949974e-07
9.167227882964814578e-07
9.173287512994276208e-07
9.175324321943413522e-07
9.173633521770866769e-07
9.168480618034871042e-07
9.160054892494469705e-07
9.148526570958908194e-07
9.134069486365802177e-07
9.116871900166254608e-07
9.097125680939746089e-07
9.075022697265751927e-07
9.050754817723749546e-07
9.024503291303891418e-07
8.996406888639032317e-07
8.966593760772697830e-07
8.935192058748417780e-07
8.902329933609720929e-07
8.868127821453197432e-07
8.832675298587693602e-07
8.796054226375113964e-07
8.758346466177369399e-07
8.719633879356363374e-07
8.679992522272959214e-07
8.639475231283827903e-07
8.598129037744594985e-07
8.556000973010888126e-07
8.513138068438331810e-07
8.469592075840503306e-07
8.425433628862780407e-07
8.380738081608498982e-07
8.335580788180985371e-07
8.290037102683575441e-07
8.244175624631846844e-07
8.198037935190379311e-07
8.151658860935998590e-07
8.105073228445533605e-07
8.058315864295810106e-07
8.011416762929759156e-07
7.964386590254715077e-07
7.917231180044121743e-07
7.869956366071414555e-07
7.822567982110033153e-07
7.775075985249788452e-07
7.727506825845970138e-07
7.679891077570242352e-07
7.632259314094268175e-07
7.584642109089707513e-07
7.537068334369116547e-07
7.489560054308607967e-07
7.442137631425192855e-07
7.394821428235878060e-07
7.347631807257669369e-07
7.300587449689347102e-07
7.253700311456760048e-07
7.206980667167533644e-07
7.160438791429292268e-07
7.114084958849653945e-07
7.067928518509994539e-07
7.021975117386684210e-07
6.976229476929842487e-07
6.930696318589593132e-07
6.885380363816054614e-07
6.840286334059347520e-07
6.795418950769592438e-07
6.750782935396912071e-07
6.706383009391427007e-07
6.662223894203255714e-07
6.618310311282519838e-07
6.574646982079342084e-07
6.531238628043840920e-07
6.488089970626136934e-07
6.445205731276352830e-07
6.402590631444608136e-07
6.360249392581025557e-07
6.318186736135722502e-07
6.276407383558821676e-07
6.234916056300443667e-07
6.193716680659394858e-07
6.152810002329225881e-07
6.112195971852171051e-07
6.071874539770465737e-07
6.031845656626346370e-07
5.992109272962047263e-07
5.952665339319804845e-07
5.913513806241853430e-07
5.874654624270430506e-07
5.836087743947769327e-07
5.797813115816107381e-07
5.759830690417676865e-07
5.722140418294716325e-07
5.684742249989461134e-07
5.647636136044145603e-07
5.610822027001005103e-07
5.574299873402275007e-07
5.538069625790191744e-07
5.502131234706990686e-07
5.466484650694906145e-07
5.431129526912879525e-07
5.396064326986672121e-07
5.361287217158751262e-07
5.326796363671583217e-07
5.292589932767634254e-07
5.258666090689370644e-07
5.225023003679258656e-07
5.191658837979766675e-07
5.158571759833362031e-07
5.125759935482506757e-07
5.093221531169673475e-07
5.060954713137323161e-07
5.028957647627926318e-07
4.997228500883948158e-07
4.965765439147856008e-07
4.934566628662116137e-07
4.903630235669194815e-07
4.872954426411558311e-07
4.842537367131675012e-07
4.812377224072009069e-07
4.782472184419432561e-07
4.752820519138429690e-07
4.723420520137886230e-07
4.694270479326692194e-07
4.665368688613734416e-07
4.636713439907899730e-07
4.608303025118077088e-07
4.580135736153153325e-07
4.552209864922016863e-07
4.524523703333554009e-07
4.497075543296654772e-07
4.469863676720203870e-07
4.442886395513091843e-07
4.416141991584204996e-07
4.389628756842431223e-07
4.363344983196658416e-07
4.337288962555773411e-07
4.311458986828664101e-07
4.285853347924219967e-07
4.260470337751326785e-07
4.235308248218872449e-07
4.210365371235745381e-07
4.185639998710833474e-07
4.161130422553022505e-07
4.136834934671202484e-07
4.112751768462387331e-07
4.088878923276107781e-07
4.065214339950016888e-07
4.041755959321771413e-07
4.018501722229029706e-07
3.995449569509445350e-07
3.972597442000675107e-07
3.949943280540376267e-07
3.927485025966203473e-07
3.905220619115813486e-07
3.883148000826861478e-07
3.861265111937005269e-07
3.839569893283899502e-07
3.818060285705201998e-07
3.796734230038566869e-07
3.775589667121650877e-07
3.754624537792111312e-07
3.733836782887602816e-07
3.713224343245781623e-07
3.692785159704305021e-07
3.672517173100828183e-07
3.652418324273006812e-07
3.632486554058498727e-07
3.612719803294956983e-07
3.593116012820041517e-07
3.573673243716055405e-07
3.554390038043904979e-07
3.535265058109143945e-07
3.516296966217327068e-07
3.497484424674009642e-07
3.478826095784744844e-07
3.460320641855087967e-07
3.441966725190595365e-07
3.423763008096818625e-07
3.405708152879314102e-07
3.387800821843636029e-07
3.370039677295338643e-07
3.352423381539977238e-07
3.334950596883106578e-07
3.317619985630280369e-07
3.300430210087053376e-07
3.283379932558980893e-07
3.266467815351616097e-07
3.249692520770515869e-07
3.233052711121232328e-07
3.216547048709321827e-07
3.200174195840338070e-07
3.183932814819836354e-07
3.167821567953370383e-07
3.151839117546494922e-07
3.135984125904765266e-07
3.120255255333736178e-07
3.104651168138960836e-07
3.089170526625995063e-07
3.073811993100393095e-07
3.058574229867709166e-07
3.043455899233498571e-07
3.028455663503315545e-07
3.013572184982713795e-07
2.998804125977249142e-07
2.984150148792476883e-07
2.969608915733949663e-07
2.955179089107223307e-07
2.940859331217852049e-07
2.926648304371390655e-07
2.912544670873393360e-07
2.898547093029414398e-07
2.884654233145010653e-07
2.870864753525733712e-07
2.857177316477139400e-07
2.843590584304783010e-07
2.830103219314218248e-07
2.816713883810999350e-07
2.803421240100683197e-07
2.790223950488821379e-07
2.777120776121491561e-07
2.764110873506852429e-07
2.751193497993587157e-07
2.738367904930375215e-07
2.725633349665897659e-07
2.712989087548837135e-07
2.700434373927874701e-07
2.687968464151689295e-07
2.675590613568964623e-07
2.663300077528381740e-07
2.651096111378620118e-07
2.638977970468361871e-07
2.626944910146288585e-07
2.614996185761080790e-07
2.603131052661420601e-07
2.591348766195988545e-07
2.579648581713466210e-07
2.568029754562534123e-07
2.556491540091873341e-07
2.545033193650165981e-07
2.533653970586092571e-07
2.522353126248335225e-07
2.511129915985574473e-07
2.499983595146490842e-07
2.488913419079766448e-07
2.477918643134082348e-07
2.466998522658120129e-07
2.456152313000559789e-07
2.445379269510082916e-07
2.434678647535371624e-07
2.424049702425106442e-07
2.413491689527968428e-07
2.403003864192639696e-07
2.392585481767799716e-07
2.382235797602131134e-07
2.371954067044314478e-07
2.361739545443031863e-07
2.351591488146963023e-07
2.341509150504790603e-07
2.331491787865194603e-07
2.321538655576856608e-07
2.311649008988457941e-07
2.301822103448680452e-07
2.292057194306203877e-07
2.282353536909711124e-07
2.272710386607881663e-07
2.263126998749397609e-07
2.253602628682940021e-07
2.244136531757190749e-07
2.234727963320829792e-07
2.225376233703378257e-07
2.216080873157712948e-07
2.206841466917550721e-07
2.197657600216607635e-07
2.188528858288600017e-07
2.179454826367243927e-07
2.170435089686255954e-07
2.161469233479352689e-07
2.152556842980250192e-07
2.143697503422665053e-07
2.134890800040313069e-07
2.126136318066910828e-07
2.117433642736175186e-07
2.108782359281821674e-07
2.100182052937567146e-07
2.091632308937127928e-07
2.083132712514220345e-07
2.074682848902560458e-07
2.066282303335864856e-07
2.057930661047849600e-07
2.049627507272231545e-07
2.041372427242726751e-07
2.033165006193051544e-07
2.025004829356922249e-07
2.016891481968055190e-07
2.008824549260166430e-07
2.000803616466973351e-07
1.992828268822190955e-07
1.984898091559536098e-07
1.977012669912725633e-07
1.969171589115475357e-07
1.961374434401501859e-07
1.953620791004521466e-07
1.945910244158249972e-07
1.938242379096404232e-07
1.930616781052700572e-07
1.923033035260855582e-07
1.915490726954585057e-07
1.907989441367605852e-07
1.900528763733633763e-07
1.893108279286385380e-07
1.885727573259576763e-07
1.878386230886925032e-07
1.871083837402146513e-07
1.863819978038956471e-07
1.856594238031071761e-07
1.849406202612208708e-07
1.842255457016084433e-07
1.835141586476414200e-07
1.828064176226914866e-07
1.821022844042504937e-07
1.814017337862911124e-07
1.807047438169062054e-07
1.800112925441887943e-07
1.793213580162317153e-07
1.786349182811278842e-07
1.779519513869701901e-07
1.772724353818515488e-07
1.765963483138649024e-07
1.759236682311031666e-07
1.752543731816591778e-07
1.745884412136258780e-07
1.739258503750961564e-07
1.732665787141629554e-07
1.726106042789191640e-07
1.719579051174576980e-07
1.713084592778714465e-07
1.706622448082532989e-07
1.700192397566962237e-07
1.693794221712931102e-07
1.687427701001367946e-07
1.681092615913202986e-07
1.674788746929364584e-07
1.668515874530781103e-07
1.662273779198383023e-07
1.656062241413098707e-07
1.649881041655857577e-07
1.643729960407588260e-07
1.637608778149219649e-07
1.631517275361681959e-07
1.625455232525902759e-07
1.619422430122811736e-07
1.613418648633338575e-07
1.607443668538411640e-07
1.601497270318960087e-07
1.595579234455913338e-07
1.589689341430199757e-07
1.583827371722749293e-07
1.577993105814490310e-07
1.572186324186352229e-07
1.566406807319263943e-07
1.560654335694154609e-07
1.554928689791953383e-07
1.549229650093589157e-07
1.543556997079991090e-07
1.537910511232088602e-07
1.532289973030809791e-07
1.526695162957084608e-07
1.521125861491842211e-07
1.515581849116010963e-07
1.510062923701187187e-07
1.504568952681633236e-07
1.499099820882279688e-07
1.493655413128055797e-07
1.488235614243891347e-07
1.482840309054715329e-07
1.477469382385458584e-07
1.472122719061050104e-07
1.466800203906419937e-07
1.461501721746497072e-07
1.456227157406211823e-07
1.450976395710493975e-07
1.445749321484273046e-07
1.440545819552478556e-07
1.435365774740040024e-07
1.430209071871888029e-07
1.425075595772951295e-07
1.419965231268159872e-07
1.414877863182443808e-07
1.409813376340732093e-07
1.404771655567955040e-07
1.399752585689041904e-07
1.394756051528922999e-07
1.389781937912526785e-07
1.384830129664784370e-07
1.379900511610624744e-07
1.374992968574977425e-07
1.370107385382772728e-07
1.365243646858939377e-07
1.360401637828408481e-07
1.355581243116108499e-07
1.350782347546969216e-07
1.346004835945921475e-07
1.341248593137893206e-07
1.336513503947815518e-07
1.331799453200617664e-07
1.327106325721229165e-07
1.322434006334580069e-07
1.317782379865599631e-07
1.313151331139217899e-07
1.308540744980364392e-07
1.303950506213968366e-07
1.299380499664960664e-07
1.294830610158269745e-07
1.290300722518826188e-07
1.285790721571559512e-07
1.281300492141398972e-07
1.276829919053274617e-07
1.272378887132115965e-07
1.267947281202852802e-07
1.263534990208224026e-07
1.259141919562205000e-07
1.254767978796580994e-07
1.250413077443136486e-07
1.246077125033655953e-07
1.241760031099924401e-07
1.237461705173726572e-07
1.233182056786847473e-07
1.228920995471071317e-07
1.224678430758183639e-07
1.220454272179968387e-07
1.216248429268210568e-07
1.212060811554695188e-07
1.207891328571206989e-07
1.203739889849530449e-07
1.199606404921450838e-07
1.195490783318752105e-07
1.191392934573219653e-07
1.187312768216638223e-07
1.183250193780792161e-07
1.179205120797466606e-07
1.175177458798446299e-07
1.171167117315515718e-07
1.167174005880460002e-07
1.163198034025063627e-07
1.159239111281111204e-07
1.155297147180388136e-07
1.151372051254678503e-07
1.147463733035767311e-07
1.143572102055439435e-07
1.139697067845479617e-07
1.135838539937672599e-07
1.131996427863802990e-07
1.128170641155655531e-07
1.124361089345015099e-07
1.120567681963666697e-07
1.116790328543394673e-07
1.113028938615983899e-07
1.109283421713219516e-07
1.105553687366885602e-07
1.101839645108767429e-07
1.098141204470649739e-07
1.094458274984317010e-07
1.090790766181554115e-07
1.087138587594145929e-07
1.083501648753877326e-07
1.079879859192532386e-07
1.076273128441896777e-07
1.072681366033754712e-07
1.069104481499891198e-07
1.065542389780313494e-07
1.061995027447918798e-07
1.058462336483828019e-07
1.054944258869161004e-07
1.051440736585037736e-07
1.047951711612578724e-07
1.044477125932903949e-07
1.041016921527133791e-07
1.037571040376387964e-07
1.034139424461787642e-07
1.030722015764452011e-07
1.027318756265501581e-07
1.023929587946056732e-07
1.020554452787237443e-07
1.017193292770163962e-07
1.013846049875956532e-07
1.010512666085735269e-07
1.007193083380620417e-07
1.003887243741731958e-07
1.000595089150190270e-07
9.973165615871155986e-08
9.940516030336281896e-08
9.908001554708478917e-08
9.875621608798950832e-08
9.843375612418900097e-08
9.811262985379526524e-08
9.779283147492035216e-08
9.747435518567625986e-08
9.715719518417499966e-08
9.684134566852863586e-08
9.652680083684911362e-08
9.621355488724849722e-08
9.590160201783882448e-08
9.559093642673205380e-08
9.528155231204023622e-08
9.497344387187540956e-08
9.466660530434957193e-08
9.436103080757474790e-08
9.405671457966294882e-08
9.375365081872618602e-08
9.345183372287649732e-08
9.315125749022589407e-08
9.285191631888640084e-08
9.255380440697002897e-08
9.225691595258880304e-08
9.196124515385473440e-08
9.166678620887982114e-08
9.137353331577612756e-08
9.108148067265563852e-08
9.079062247763039184e-08
9.050095308026318685e-08
9.021246743591996160e-08
8.992516065141745535e-08
8.963902783357240739e-08
8.935406408920151728e-08
8.907026452512156399e-08
8.878762424814924710e-08
8.850613836510130587e-08
8.822580198279447958e-08
8.794661020804550750e-08
8.766855814767110244e-08
8.739164090848803013e-08
8.711585359731296367e-08
8.684119132096268204e-08
8.656764918625388480e-08
8.629522230000336417e-08
8.602390576902780649e-08
8.575369470014393778e-08
8.548458420016849732e-08
8.521656937591823762e-08
8.494964533420985824e-08
8.468380718186013817e-08
8.441905002568577696e-08
8.415536897250348743e-08
8.389275912913004854e-08
8.363121560238215987e-08
8.337073349907657392e-08
8.311130792602999027e-08
8.285293399005917464e-08
8.259560679798086632e-08
8.233932145661176487e-08
8.208407307276862280e-08
8.182985675326816614e-08
8.157666760492713417e-08
8.132450073456223970e-08
8.107335124899023522e-08
8.082321425502784677e-08
8.057408485949180040e-08
8.032595816919883537e-08
8.007882929096569096e-08
7.983269333160907996e-08
7.958754539794576813e-08
7.934338059679245503e-08
7.910019403496587992e-08
7.885798081928278209e-08
7.861673605655990080e-08
7.837645485361393563e-08
7.813713231726165230e-08
7.789876355431976364e-08
7.766134367160502214e-08
7.742486793050788613e-08
7.718933221071380927e-08
7.695473254648196429e-08
7.672106497207156360e-08
7.648832552174176670e-08
7.625651022975175953e-08
7.602561513036075451e-08
7.579563625782791114e-08
7.556656964641241537e-08
7.533841133037349285e-08
7.511115734397028984e-08
7.488480372146199228e-08
7.465934649710782583e-08
7.443478170516692352e-08
7.421110537989851100e-08
7.398831355556176098e-08
7.376640226641585943e-08
7.354536754671999229e-08
7.332520543073334552e-08
7.310591195271511830e-08
7.288748314692447013e-08
7.266991504762061343e-08
7.245320368906272090e-08
7.223734510550997852e-08
7.202233533122158546e-08
7.180817040045672768e-08
7.159484634747456467e-08
7.138235920653430885e-08
7.117070501189513293e-08
7.095987979781623610e-08
7.074987959855680433e-08
7.054070044837601032e-08
7.033233838153305327e-08
7.012478943228709267e-08
6.991804963489735416e-08
6.971211502362301047e-08
6.950698163272323431e-08
6.930264549645722489e-08
6.909910264908415490e-08
6.889634912486322355e-08
6.869438095805363003e-08
6.849319418291452057e-08
6.829278483370512084e-08
6.809314894468460356e-08
6.789428255011216792e-08
6.769618168424696017e-08
6.749884238134820596e-08
6.730226067567506478e-08
6.710643260148674905e-08
6.691135419304243149e-08
6.671702160410090478e-08
6.652343146641942819e-08
6.633058053125489417e-08
6.613846554986414225e-08
6.594708327350405164e-08
6.575643045343144865e-08
6.556650384090326543e-08
6.537730018717632826e-08
6.518881624350752961e-08
6.500104876115372224e-08
6.481399449137175890e-08
6.462765018541854527e-08
6.444201259455090766e-08
6.425707847002575175e-08
6.407284456309990384e-08
6.388930762503025637e-08
6.370646440707368858e-08
6.352431166048703998e-08
6.334284613652720304e-08
6.316206458645103052e-08
6.298196376151537516e-08
6.280254041297714266e-08
6.262379129209318578e-08
6.244571315012034404e-08
6.226830273831550989e-08
6.209155680793554934e-08
6.191547211023734160e-08
6.174004539647773943e-08
6.156527341791360882e-08
6.139115292580180252e-08
6.121768067139922623e-08
6.104485340596271948e-08
6.087266788074916148e-08
6.070112084701540500e-08
6.053020905601832925e-08
6.035992925901480022e-08
6.019027820726169715e-08
6.002125265201585956e-08
5.985284934453417990e-08
5.968506503607352416e-08
5.951789647789071863e-08
5.935134042124269547e-08
5.918539361738628759e-08
5.902005281757836098e-08
5.885531477307579486e-08
5.869117623513544199e-08
5.852763395501417498e-08
5.836468468396886643e-08
5.820232517325638895e-08
5.804055217413359530e-08
5.787936255024910769e-08
5.771875361481848714e-08
5.755872279344905092e-08
5.739926751174813612e-08
5.724038519532304015e-08
5.708207326978108027e-08
5.692432916072957372e-08
5.676715029377584438e-08
5.661053409452719625e-08
5.645447798859097308e-08
5.629897940157443916e-08
5.614403575908496470e-08
5.598964448672983385e-08
5.583580301011637049e-08
5.568250875485189848e-08
5.552975914654372186e-08
5.537755161079916447e-08
5.522588357322553697e-08
5.507475245943016984e-08
5.492415569502036048e-08
5.477409070560342614e-08
5.462455491678670393e-08
5.447554575417749124e-08
5.432706064338310534e-08
5.417909701001087009e-08
5.403165227966809612e-08
5.388472387796210731e-08
5.373830923050020768e-08
5.359240576288972109e-08
5.344701090073796480e-08
5.330212206965225606e-08
5.315773669523989227e-08
5.301385220310821716e-08
5.287046601886453473e-08
5.272757556811616226e-08
5.258517827647041036e-08
5.244327156953460291e-08
5.230185287291605055e-08
5.216091961222207715e-08
5.202046921305999334e-08
5.188049910103710313e-08
5.174100670176075026e-08
5.160198944083823212e-08
5.146344474387685274e-08
5.132537003648396244e-08
5.118776274426685863e-08
5.105062029283285196e-08
5.091394010778925966e-08
5.077771961474341223e-08
5.064195623930262030e-08
5.050664750881809145e-08
5.037179135761667396e-08
5.023738582176910642e-08
5.010342893734612746e-08
4.996991874041847566e-08
4.983685326705689624e-08
4.970423055333214105e-08
4.957204863531492221e-08
4.944030554907599819e-08
4.930899933068611420e-08
4.917812801621599560e-08
4.904768964173638763e-08
4.891768224331804873e-08
4.878810385703169103e-08
4.865895251894806638e-08
4.853022626513792662e-08
4.840192313167200372e-08
4.827404115462102967e-08
4.814657837005576293e-08
4.801953281404692886e-08
4.789290252266527269e-08
4.776668553198153963e-08
4.764087987806646829e-08
4.751548359699078404e-08
4.739049472482525194e-08
4.726591129764059737e-08
4.714173135150756555e-08
4.701795292249689507e-08
4.689457404667933116e-08
4.677159276012559919e-08
4.664900709890645761e-08
4.652681509909264502e-08
4.640501479675490002e-08
4.628360422796394799e-08
4.616258142879054738e-08
4.604194443530543679e-08
4.592169128357934821e-08
4.580182000968302685e-08
4.568232864968721132e-08
4.556321523966266008e-08
4.544447781568007863e-08
4.532611441381023868e-08
4.520812307012385896e-08
4.509050182069169794e-08
4.497324870158449422e-08
4.485636174887296654e-08
4.473983899862787336e-08
4.462367848691996653e-08
4.450787824981996478e-08
4.439243632339861334e-08
4.427735083103524022e-08
4.416262024534348469e-08
4.404824312624558205e-08
4.393421803366375438e-08
4.382054352752022372e-08
4.370721816773721876e-08
4.359424051423697481e-08
4.348160912694171392e-08
4.336932256577364493e-08
4.325737939065502960e-08
4.314577816150805691e-08
4.303451743825498201e-08
4.292359578081802697e-08
4.281301174911940062e-08
4.270276390308134487e-08
4.259285080262608839e-08
4.248327100767585327e-08
4.237402307815285494e-08
4.226510557397934194e-08
4.215651705507752309e-08
4.204825608136962709e-08
4.194032121277790245e-08
4.183271100922454478e-08
4.172542403063179600e-08
4.161845883692187816e-08
4.151181398801703318e-08
4.140548804383946328e-08
4.129947956431141699e-08
4.119378710935510314e-08
4.108840923889276364e-08
4.098334451284660733e-08
4.087859149113888273e-08
4.077414873369179868e-08
4.067001480042759709e-08
4.056618825126848018e-08
4.046266764613670972e-08
4.035945154495448129e-08
4.025653850764403019e-08
4.015392709412759835e-08
4.005161586432739460e-08
3.994960337816564760e-08
3.984788819556459267e-08
3.974646887644645849e-08
3.964534398073344726e-08
3.954451206834781414e-08
3.944397169921177457e-08
3.934372143324755062e-08
3.924375983037737759e-08
3.914408545052347754e-08
3.904469685360807915e-08
3.894559266760350208e-08
3.884677179268244970e-08
3.874823319706772299e-08
3.864997584898212290e-08
3.855199871664845041e-08
3.845430076828949987e-08
3.835688097212807886e-08
3.825973829638696188e-08
3.816287170928897636e-08
3.806628017905691667e-08
3.796996267391357714e-08
3.787391816208175213e-08
3.777814561178424922e-08
3.768264399124386277e-08
3.758741226868339373e-08
3.749244941232565632e-08
3.739775439039342503e-08
3.730332617110950082e-08
3.720916372269669791e-08
3.711526601337781725e-08
3.702163201137563997e-08
3.692826068491298688e-08
3.683515100221263910e-08
3.674230193149740422e-08
3.664971244099008319e-08
3.655738149891347037e-08
3.646530807349036673e-08
3.637349113294357986e-08
3.628192964549589087e-08
3.619062257937012057e-08
3.609956890278905670e-08
3.600876758397549362e-08
3.591821759115223890e-08
3.582791789254209351e-08
3.573786745636784520e-08
3.564806525085230815e-08
3.555851024421827010e-08
3.546920140468854526e-08
3.538013770048591473e-08
3.529131809983318611e-08
3.520274157095315374e-08
3.511440708206863183e-08
3.502631360140240811e-08
3.493846009717727693e-08
3.485084553761604588e-08
3.476346889094152253e-08
3.467632912537648139e-08
3.458942520914374328e-08
3.450275611046610254e-08
3.441632079756636015e-08
3.433011828765536831e-08
3.424414779389625039e-08
3.415840857844018097e-08
3.407289990343833467e-08
3.398762103104188607e-08
3.390257122340200315e-08
3.381774974266988038e-08
3.373315585099667911e-08
3.364878881053358056e-08
3.356464788343176594e-08
3.348073233184240324e-08
3.339704141791666044e-08
3.331357440380573199e-08
3.323033055166078586e-08
3.314730912363299005e-08
3.306450938187353238e-08
3.298193058853358745e-08
3.289957200576432325e-08
3.281743289571692761e-08
3.273551252054256189e-08
3.265381014239240731e-08
3.257232502341764508e-08
3.249105642576945642e-08
3.241000361159900269e-08
3.232916584305745850e-08
3.224854238229601167e-08
3.216813249146583681e-08
3.208793543271810851e-08
3.200795046820399476e-08
3.192817686007467676e-08
3.184861387048134236e-08
3.176926076157514631e-08
3.169011679550728304e-08
3.161118123442891393e-08
3.153245334049121357e-08
3.145393237584537642e-08
3.137561760264257045e-08
3.129750828303395704e-08
3.121960367917073724e-08
3.114190305320405919e-08
3.106440566728512395e-08
3.098711078356508628e-08
3.091001766419514062e-08
3.083312557132645496e-08
3.075643376711020389e-08
3.067994151369756201e-08
3.060364807323970392e-08
3.052755270788781745e-08
3.045165467979306397e-08
3.037595325110663132e-08
3.030044771702343535e-08
3.022513750491340998e-08
3.015002207519023036e-08
3.007510088826757828e-08
3.000037340455912229e-08
2.992583908447854419e-08
2.985149738843952575e-08
2.977734777685573883e-08
2.970338971014085861e-08
2.962962264870857348e-08
2.955604605297255200e-08
2.948265938334647264e-08
2.940946210024402050e-08
2.933645366407885751e-08
2.926363353526467208e-08
2.919100117421514598e-08
2.911855604134394447e-08
2.904629759706474933e-08
2.897422530179124234e-08
2.890233861593709868e-08
2.883063699991600012e-08
2.875911991414161522e-08
2.868778681902762246e-08
2.861663717498770362e-08
2.854567044243554048e-08
2.847488608178479830e-08
2.840428355344916547e-08
2.833386231784231385e-08
2.826362183537792192e-08
2.819356156646966816e-08
2.812368097153123104e-08
2.805397951097628574e-08
2.798445664521851072e-08
2.791511183467158447e-08
2.784594453974917884e-08
2.777695422086497232e-08
2.770814033843265661e-08
2.763950235286588703e-08
2.757103972457836192e-08
2.750275191398374650e-08
2.743463838149571926e-08
2.736669858752795868e-08
2.729893199249414323e-08
2.723133805680794808e-08
2.716391624088305502e-08
2.709666600513313591e-08
2.702958680997187253e-08
2.696267811581294005e-08
2.689593938307002357e-08
2.682937007215678832e-08
2.676296966102222526e-08
2.669673769775654873e-08
2.663067374798527896e-08
2.656477737733394277e-08
2.649904815142805045e-08
2.643348563589313542e-08
2.636808939635471461e-08
2.630285899843831153e-08
2.623779400776944307e-08
2.617289398997363937e-08
2.610815851067641404e-08
2.604358713550329057e-08
2.597917943007979250e-08
2.591493496003144335e-08
2.585085329098376000e-08
2.578693398856226930e-08
2.572317661839249145e-08
2.565958074609994004e-08
2.559614593731014851e-08
2.553287175764863378e-08
2.546975777274091604e-08
2.540680354821252213e-08
2.534400864968896895e-08
2.528137264279578001e-08
2.521889509315847222e-08
2.515657556640257571e-08
2.509441362815360738e-08
2.503240884403709076e-08
2.497056077967854274e-08
2.490886900070349346e-08
2.484733307273745651e-08
2.478595256140595872e-08
2.472472703233452029e-08
2.466365605114866145e-08
2.460273918347390240e-08
2.454197599493577327e-08
2.448136605115979096e-08
2.442090891777147238e-08
2.436060416039634436e-08
2.430045134465993041e-08
2.424045003618774081e-08
2.418059980060531564e-08
2.412090020353816185e-08
2.406135081061180960e-08
2.400195118745177577e-08
2.394270089968358390e-08
2.388359951293274757e-08
2.382464659282480353e-08
2.376584170498526868e-08
2.370718441503965663e-08
2.364867430416956860e-08
2.359031101578088689e-08
2.353209420883556161e-08
2.347402354229556270e-08
2.341609867512282703e-08
2.335831926627932124e-08
2.330068497472699872e-08
2.324319545942780957e-08
2.318585037934371382e-08
2.312864939343666819e-08
2.307159216066862606e-08
2.301467834000154417e-08
2.295790759039737591e-08
2.290127957081807799e-08
2.284479394022560383e-08
2.278845035758191344e-08
2.273224848184895692e-08
2.267618797198869429e-08
2.262026848696307234e-08
2.256448968573405770e-08
2.250885122726359718e-08
2.245335277051365409e-08
2.239799397444617191e-08
2.234277449802311729e-08
2.228769400020644032e-08
2.223275213995810102e-08
2.217794857624004949e-08
2.212328296801424575e-08
2.206875497424263328e-08
2.201436425388718203e-08
2.196011046590984540e-08
2.190599326927256687e-08
2.185201232293731970e-08
2.179816728586604074e-08
2.174445781702069996e-08
2.169088357536324413e-08
2.163744421985563327e-08
2.158413940945982080e-08
2.153096880313776342e-08
2.147793205985141454e-08
2.142502883856272757e-08
2.137225879823366252e-08
2.131962159782617280e-08
2.126711689630221513e-08
2.121474435262374290e-08
2.116250362575271615e-08
2.111039437465108165e-08
2.105841625828079944e-08
2.100656893560382622e-08
2.095485206558211540e-08
2.090326530694546387e-08
2.085180831749503917e-08
2.080048075479984573e-08
2.074928227642889126e-08
2.069821253995118679e-08
2.064727120293573012e-08
2.059645792295153228e-08
2.054577235756760762e-08
2.049521416435295062e-08
2.044478300087657893e-08
2.039447852470749034e-08
2.034430039341470251e-08
2.029424826456720992e-08
2.024432179573403023e-08
2.019452064448416123e-08
2.014484446838661725e-08
2.009529292501040272e-08
2.004586567192452205e-08
1.999656236669798627e-08
1.994738266689979979e-08
1.989832623009897034e-08
1.984939271386450564e-08
1.980058177576541341e-08
1.975189307337069146e-08
1.970332626424936073e-08
1.965488100597041902e-08
1.960655695610287738e-08
1.955835377221574020e-08
1.951027111187800859e-08
1.946230863265870353e-08
1.941446599212682279e-08
1.936674284785137410e-08
1.931913885740136850e-08
1.927165367834580709e-08
1.922428696825369760e-08
1.917703838469405435e-08
1.912990758523587516e-08
1.908289422744816774e-08
1.903599796889994313e-08
1.898921846716021235e-08
1.894255537979796990e-08
1.889600836438223343e-08
1.884957707848200734e-08
1.880326117966629274e-08
1.875706032550410729e-08
1.871097417356444547e-08
1.866500238141632162e-08
1.861914460662874346e-08
1.857340050677071872e-08
1.852776973941124520e-08
1.848225197513525908e-08
1.843684693659134761e-08
1.839155435944403974e-08
1.834637397935784785e-08
1.830130553199727773e-08
1.825634875302685833e-08
1.821150337811109873e-08
1.816676914291452127e-08
1.812214578310163834e-08
1.807763303433696896e-08
1.803323063228502554e-08
1.798893831261032708e-08
1.794475581097738599e-08
1.790068286305072459e-08
1.785671920449485860e-08
1.781286457097430041e-08
1.776911869815357235e-08
1.772548132169718351e-08
1.768195217726965291e-08
1.763853100053549625e-08
1.759521752715923257e-08
1.755201149280538417e-08
1.750891263313845353e-08
1.746592068382295968e-08
1.742303538052342825e-08
1.738025645890436832e-08
1.733758365463029892e-08
1.729501670336573576e-08
1.725255534077519454e-08
1.721019930252319428e-08
1.716794832427424738e-08
1.712580214169286955e-08
1.708376049044358642e-08
1.704182310619090048e-08
1.699998972459933734e-08
1.695826008133341604e-08
1.691663391205764236e-08
1.687511095243653861e-08
1.683369093813462382e-08
1.679237360481641039e-08
1.675115868814641402e-08
1.671004592378915374e-08
1.666903504740914856e-08
1.662812579467090757e-08
1.658731790123895310e-08
1.654661110277779755e-08
1.650600513495195662e-08
1.646549973342595596e-08
1.642509463386429473e-08
1.638478957193150849e-08
1.634458428119160689e-08
1.630447848680663494e-08
1.626447191183814484e-08
1.622456427934768547e-08
1.618475531239679579e-08
1.614504473404703790e-08
1.610543226735995077e-08
1.606591763539708990e-08
1.602650056122000087e-08
1.598718076789023254e-08
1.594795797846933051e-08
1.590883191601884695e-08
1.586980230360033076e-08
1.583086886427532750e-08
1.579203132110539267e-08
1.575328939715206855e-08
1.571464281547690732e-08
1.567609129914144794e-08
1.563763457120725914e-08
1.559927235473586664e-08
1.556100437278883918e-08
1.552283034842770911e-08
1.548475000471403522e-08
1.544676306470935978e-08
1.540886925147524160e-08
1.537106828807321964e-08
1.533335989756484609e-08
1.529574380301166983e-08
1.525821972747523643e-08
1.522078739401709809e-08
1.518344652569880369e-08
1.514619684558189880e-08
1.510903807672793561e-08
1.507196994219845970e-08
1.503499216505501995e-08
1.499810446835916855e-08
1.496130657517245108e-08
1.492459820855641972e-08
1.488797909157261675e-08
1.485144894728259765e-08
1.481500749874790470e-08
1.477865446903009175e-08
1.474238958119070601e-08
1.470621255829129472e-08
1.467012312339340676e-08
1.463412099955859433e-08
1.459820590984840299e-08
1.456237757732437997e-08
1.452663572504807747e-08
1.449098007608104106e-08
1.445541036178073806e-08
1.441992634668829963e-08
1.438452780364077372e-08
1.434921450547520992e-08
1.431398622502865286e-08
1.427884273513815381e-08
1.424378380864076236e-08
1.420880921837352149e-08
1.417391873717348577e-08
1.413911213787769816e-08
1.410438919332320829e-08
1.406974967634706573e-08
1.403519335978631844e-08
1.400072001647801436e-08
1.396632941925919979e-08
1.393202134096692596e-08
1.389779555443823918e-08
1.386365183251018739e-08
1.382958994801982184e-08
1.379560967380418716e-08
1.376171078270033131e-08
1.372789304754530884e-08
1.369415624117615777e-08
1.366050013642993431e-08
1.362692450614368311e-08
1.359342912315445376e-08
1.356001376029929586e-08
1.352667819041525570e-08
1.349342218633937791e-08
1.346024552090871872e-08
1.342714796696031945e-08
1.339412929733123300e-08
1.336118928485850401e-08
1.332832770237918373e-08
1.329554432273031516e-08
1.326283891874895283e-08
1.323021126327214306e-08
1.319766112913693047e-08
1.316518828918036962e-08
1.313279251623950350e-08
1.310047358315138005e-08
1.306823126275305218e-08
1.303606532788156452e-08
1.300397555137396668e-08
1.297196170606730493e-08
1.294002356479863054e-08
1.290816090040498649e-08
1.287637348572342898e-08
1.284466109359099771e-08
1.281302349684474887e-08
1.278146047607887469e-08
1.274997184291618254e-08
1.271855741673662241e-08
1.268721701692015420e-08
1.265595046284672295e-08
1.262475757389628691e-08
1.259363816944879938e-08
1.256259206888421365e-08
1.253161909158248303e-08
1.250071905692356080e-08
1.246989178428740193e-08
1.243913709305395639e-08
1.240845480260318575e-08
1.237784473231503339e-08
1.234730670156946087e-08
1.231684052974641819e-08
1.228644603622585698e-08
1.225612304038773549e-08
1.222587136161200373e-08
1.219569081927861830e-08
1.216558123276753083e-08
1.213554242145869463e-08
1.210557420473206464e-08
1.207567640196759085e-08
1.204584883254523152e-08
1.201609131584493665e-08
1.198640367124666448e-08
1.195678571813036500e-08
1.192723727587598987e-08
1.189775816386349568e-08
1.186834820147283738e-08
1.183900720808396497e-08
1.180973500307683339e-08
1.178053140583139593e-08
1.175139623572760756e-08
1.172232931214542156e-08
1.169333045446479124e-08
1.166439948206566823e-08
1.163553621432801079e-08
1.160674047063176561e-08
1.157801207035689259e-08
1.154935083288334173e-08
1.152075657759106632e-08
1.149222912386002296e-08
1.146376829107016496e-08
1.143537389860144395e-08
1.140704576583381157e-08
1.137878371214722610e-08
1.135058755692163750e-08
1.132245711953700240e-08
1.129439220807284871e-08
1.126639258540701778e-08
1.123845800311693056e-08
1.121058821278000137e-08
1.118278296597364618e-08
1.115504201427528758e-08
1.112736510926233991e-08
1.109975200251222411e-08
1.107220244560235283e-08
1.104471619011015034e-08
1.101729298761302765e-08
1.098993258968840900e-08
1.096263474791371037e-08
1.093539921386634278e-08
1.090822573912373379e-08
1.088111407526329937e-08
1.085406397386245054e-08
1.082707518649861155e-08
1.080014746474919838e-08
1.077328056019162699e-08
1.074647422440331834e-08
1.071972820896169006e-08
1.069304226544415481e-08
1.066641614542813685e-08
1.063984960049105049e-08
1.061334238221031338e-08
1.058689424216334644e-08
1.056050493192756401e-08
1.053417420308038371e-08
1.050790180719922815e-08
1.048168749586150667e-08
1.045553102064464685e-08
1.042943213312606134e-08
1.040339058488316613e-08
1.037740612749338215e-08
1.035147851253412705e-08
1.032560749158281679e-08
1.029979281621687066e-08
1.027403423801370629e-08
1.024833150855074133e-08
1.022268437940539174e-08
1.019709260215507680e-08
1.017155592837721582e-08
1.014607410964922476e-08
1.012064689754852291e-08
1.009527404365252625e-08
1.006995529953865406e-08
1.004469041678432233e-08
1.001947914696695034e-08
9.994321241663955713e-09
9.969216521927061826e-09
9.944165086705210007e-09
9.919167104421652284e-09
9.894222743499639030e-09
9.869332172362414002e-09
9.844495559433230881e-09
9.819713073135336733e-09
9.794984881891980277e-09
9.770311154126411886e-09
9.745692058261883588e-09
9.721127762721635831e-09
9.696618435928925605e-09
9.672164246306998322e-09
9.647765362279104354e-09
9.623421952268492421e-09
9.599134184698411242e-09
9.574902227992112844e-09
9.550726250572839330e-09
9.526606420863847691e-09
9.502542907288383337e-09
9.478535878269694988e-09
9.454585502231031361e-09
9.430691947595644486e-09
9.406855382786779773e-09
9.383075976227689250e-09
9.359353896341619981e-09
9.335689311551822340e-09
9.312082390281543392e-09
9.288533300954033510e-09
9.265042211992543069e-09
9.241609291820320787e-09
9.218234708860615383e-09
9.194918631536675577e-09
9.171661228271750087e-09
9.148462667489084325e-09
9.125323117611935281e-09
9.102242747063548365e-09
9.079221724267172298e-09
9.056260217646055797e-09
9.033358395623449237e-09
9.010516426622599682e-09
8.987734479066755852e-09
8.965012721379171429e-09
8.942351321983091824e-09
8.919750449301767409e-09
8.897210271758446904e-09
8.874730957776375720e-09
8.852312675778809192e-09
8.829955594188992733e-09
8.807659881430176715e-09
8.785425472730886553e-09
8.763251370540762719e-09
8.741136344114715762e-09
8.719079162707664506e-09
8.697078595574519499e-09
8.675133411970201218e-09
8.653242381149621867e-09
8.631404272367696959e-09
8.609617854879340354e-09
8.587881897939469218e-09
8.566195170802995756e-09
8.544556442724837135e-09
8.522964482959908869e-09
8.501418060763123162e-09
8.479915945389397181e-09
8.458456906093648094e-09
8.437039712130786450e-09
8.415663132755727764e-09
8.394325937223390856e-09
8.373026894788686277e-09
8.351764774706532849e-09
8.330538346231842776e-09
8.309346378619533225e-09
8.288187641124518055e-09
8.267060903001712779e-09
8.245964933506031257e-09
8.224898501892390654e-09
8.203860377415699868e-09
8.182849329330882683e-09
8.161864126892849649e-09
8.140903539356516280e-09
8.119966335976796433e-09
8.099051286008608930e-09
8.078157158706864323e-09
8.057282723326478123e-09
8.036426749122369153e-09
8.015588005349447963e-09
7.994765261262631719e-09
7.973957286116837591e-09
7.953162849166974472e-09
7.932380719667964495e-09
7.911609666874718208e-09
7.890848460042152779e-09
7.870095868425178759e-09
7.849350661278718278e-09
7.828611607857681885e-09
7.807877477416983440e-09
7.787147039211540110e-09
7.766419062496270717e-09
7.745692316526082502e-09
