# pt
4.498605558146189926e-09
5.362131942690545076e-09
5.759804742985243468e-09
5.911014195576108565e-09
5.927206736090010512e-09
5.869435685465086083e-09
5.762303226484080347e-09
5.621541968051642960e-09
5.463796688637521895e-09
5.306985397063455343e-09
5.156784074882205870e-09
5.013779154106274453e-09
4.877268881937204496e-09
4.743244304820792042e-09
4.608205303087971006e-09
4.473994293365974989e-09
4.343361325767740438e-09
4.217344448052722962e-09
4.096285350953634083e-09
3.979452299449689822e-09
3.866130196100423915e-09
3.756743919540147223e-09
3.651968206543347301e-09
3.552337250370453778e-09
3.458074331915255114e-09
3.368299626119037152e-09
3.281977139981033525e-09
3.198549314684769152e-09
3.117705043886318489e-09
3.039640596947657058e-09
2.964514645085481717e-09
2.891828091229468635e-09
2.820977716772958419e-09
2.751601585250970133e-09
2.683746925702227758e-09
2.618856347038600625e-09
2.558193186208156692e-09
2.500908312430616794e-09
2.445624477993614880e-09
2.391246987960809146e-09
2.337811358499952704e-09
2.285635658554822909e-09
2.235037957069197531e-09
2.186336322986853514e-09
2.139751042108764477e-09
2.095111267664688689e-09
2.052148369741581507e-09
2.010593718426397048e-09
1.970178683806089430e-09
1.930661686538020743e-09
1.891909349561175447e-09
1.853815346384947010e-09
1.816273350518726831e-09
1.779177035471907344e-09
1.742495130997277638e-09
1.706496591821213852e-09
1.671525428913490436e-09
1.637925653243881217e-09
1.606041275782159407e-09
1.576075527658369913e-09
1.547668520643638867e-09
1.520319586669363480e-09
1.493528057666941169e-09
1.466793265567768733e-09
1.439742454184910194e-09
1.412514514858095581e-09
1.385376250808721944e-09
1.358594465258186743e-09
1.332435961427886201e-09
1.307129708521962005e-09
1.282753339675531922e-09
1.259346654006457947e-09
1.236949450632602487e-09
1.215601528671827536e-09
1.195297471548108736e-09
1.175850999909875918e-09
1.157030618711672147e-09
1.138604832908040697e-09
1.120342147453525046e-09
1.102059127565587470e-09
1.083764579513366255e-09
1.065515369828920138e-09
1.047368365044306202e-09
1.029380431691582563e-09
1.011608133209559964e-09
9.941068206640590371e-10
9.769315420276536608e-10
9.601373452729177140e-10
9.437792783724248684e-10
9.278999872427001633e-10
9.124925095760749336e-10
8.975374810088316749e-10
8.830155371772533995e-10
8.689073137176226028e-10
8.551934462662218838e-10
8.418545704593343582e-10
8.288713219332420044e-10
8.162243363242284552e-10
8.038942492685755858e-10
7.918616964025667187e-10
7.801073133624839357e-10
7.686117357846102492e-10
7.573555993052285684e-10
7.463195395606212852e-10
7.354841921870712052e-10
7.248301928208610307e-10
7.143381770982736706e-10
7.039887806555912069e-10
6.937626391290969621e-10
6.836440593170849807e-10
6.736320326658971577e-10
6.637292217838861097e-10
6.539382892794053842e-10
6.442618977608080116e-10
6.347027098364472289e-10
6.252633881146761700e-10
6.159465952038479687e-10
6.067549937123159655e-10
5.976912462484330873e-10
5.887580154205526749e-10
5.799579638370278618e-10
5.712937541062117819e-10
5.627680488364577757e-10
5.543835106361188737e-10
5.461428021135483130e-10
5.380485858770991239e-10
5.301035245351245437e-10
5.223102806959779128e-10
5.146715169680122617e-10
5.071889134145265920e-10
4.998602199186041005e-10
4.926822038182732316e-10
4.856516324515626363e-10
4.787652731565013794e-10
4.720198932711182154e-10
4.654122601334416919e-10
4.589391410815006669e-10
4.525973034533238949e-10
4.463835145869401304e-10
4.402945418203782313e-10
4.343271524916669004e-10
4.284781139388348922e-10
4.227441934999108578e-10
4.171221585129237586e-10
4.116087763159022456e-10
4.062008142468750734e-10
4.008950396438710481e-10
3.956882198449188209e-10
3.905771221880473530e-10
3.855587091757126094e-10
3.806307239680803275e-10
3.757911048897433514e-10
3.710377902652947841e-10
3.663687184193276767e-10
3.617818276764347700e-10
3.572750563612093220e-10
3.528463427982442288e-10
3.484936253121324379e-10
3.442148422274668973e-10
3.400079318688407613e-10
3.358708325608468743e-10
3.318014826280782875e-10
3.277978203951280001e-10
3.238577841865889601e-10
3.199793123270542184e-10
3.161603431411166711e-10
3.123988149533693694e-10
3.086926660884053126e-10
3.050398348708175001e-10
3.014382596251988798e-10
2.978858786761425026e-10
2.943806303482413164e-10
2.909204529660882171e-10
2.875032848542763593e-10
2.841273798328851065e-10
2.807922537039402612e-10
2.774977377649535765e-10
2.742436633134373223e-10
2.710298616469035618e-10
2.678561640628643067e-10
2.647224018588316717e-10
2.616284063323177719e-10
2.585740087808346187e-10
2.555590405018942753e-10
2.525833327930089601e-10
2.496467169516905813e-10
2.467490242754513053e-10
2.438900860618031955e-10
2.410697336082582633e-10
2.382877982123287270e-10
2.355441111715265466e-10
2.328385037833637852e-10
2.301708073453526352e-10
2.275408531550050566e-10
2.249484725098331900e-10
2.223934967073490987e-10
2.198757570450648458e-10
2.173950848204924947e-10
2.149513113311441861e-10
2.125442249689551617e-10
2.101734425035538423e-10
2.078385377989916723e-10
2.055390847193204060e-10
2.032746571285913844e-10
2.010448288908563878e-10
1.988491738701668087e-10
1.966872659305743499e-10
1.945586789361305332e-10
1.924629867508869320e-10
1.903997632388951459e-10
1.883685822642066707e-10
1.863690176908731833e-10
1.844006433829461539e-10
1.824630332044772077e-10
1.805557610195179439e-10
1.786784006921198329e-10
1.768305260863345513e-10
1.750117110662135953e-10
1.732215294958086159e-10
1.714595552391710831e-10
1.697253621603526998e-10
1.680185241234048844e-10
1.663386149923793137e-10
1.646852086313275096e-10
1.630578789043010715e-10
1.614561996753515728e-10
1.598797448085305612e-10
1.583280881678896103e-10
1.568008036174802935e-10
1.552974650213542101e-10
1.538176462435628822e-10
1.523609211481579605e-10
1.509268635991909154e-10
1.495150474607133720e-10
1.481250465967769037e-10
1.467564348714330584e-10
1.454087861487334611e-10
1.440816742927296079e-10
1.427746731674731239e-10
1.414873566370155568e-10
1.402192985654084802e-10
1.389700728167034675e-10
1.377392532549520923e-10
1.365264137442059280e-10
1.353311281485165223e-10
1.341529703319354488e-10
1.329915141585143585e-10
1.318463334923046956e-10
1.307170021973581630e-10
1.296031333155695744e-10
1.285044966002075060e-10
1.274209009823836454e-10
1.263521553932098864e-10
1.252980687637980717e-10
1.242584500252599144e-10
1.232331081087073085e-10
1.222218519452520707e-10
1.212244904660059917e-10
1.202408326020809140e-10
1.192706872845886282e-10
1.183138634446409768e-10
1.173701700133497246e-10
1.164394159218267659e-10
1.155214101011838912e-10
1.146159614825328914e-10
1.137228789969856089e-10
1.128419715756538343e-10
1.119730481496494102e-10
1.111159176500841402e-10
1.102703890080698538e-10
1.094362711547183675e-10
1.086133730211414850e-10
1.078015035384510358e-10
1.070004716377588365e-10
1.062100862501766779e-10
1.054301563068164152e-10
1.046604907387898392e-10
1.039008984772087794e-10
1.031511884531850524e-10
1.024111695978304748e-10
1.016806508422568760e-10
1.009594411175760468e-10
1.002473493548998037e-10
9.954418448533998929e-11
9.884975544000840708e-11
9.816387115001688661e-11
9.748634054647723155e-11
9.681697256050125846e-11
9.615557612320078392e-11
9.550196016568762452e-11
9.485593361907360974e-11
9.421730541447055618e-11
9.358588448299025455e-11
9.296147975574456022e-11
9.234390016384526390e-11
9.173295463840419511e-11
9.112845211053317041e-11
9.053020151134398054e-11
8.993801177194848084e-11
8.935168905715600206e-11
8.877102846656612542e-11
8.819582233347589461e-11
8.762586299118241795e-11
8.706094277298276497e-11
8.650085401217403107e-11
8.594538904205329871e-11
8.539434019591765035e-11
8.484749980706416846e-11
8.430466020878996135e-11
8.376561373439207270e-11
8.323015271716764962e-11
8.269806949041369700e-11
8.216915638742734903e-11
8.164320574150568815e-11
8.112000988594579683e-11
8.059936115404477046e-11
8.008105187909966567e-11
7.956487439440757782e-11
7.905062103326561525e-11
7.853808412897082163e-11
7.802705601482033114e-11
7.751732902411118745e-11
7.700869549014048597e-11
7.650094774620532207e-11
7.599387812560279115e-11
7.548727896162994982e-11
7.498094258758388054e-11
7.447466133676170456e-11
7.396822754246047848e-11
7.346143353797729771e-11
7.295407165660924469e-11
7.244593423165340189e-11
7.193681359640686471e-11
7.142650208416668976e-11
7.091479202823001119e-11
7.040147576189387271e-11
6.988634561845536969e-11
6.936919393121159753e-11
6.884981303345962577e-11
6.832799525849653687e-11
6.780353293961943914e-11
6.727621841012540212e-11
6.674584400331152121e-11
6.621220205247486593e-11
6.567508489091253169e-11
6.513428485192158801e-11
6.458959426879914321e-11
6.404080547484227976e-11
6.348771080334806720e-11
6.293019751375761337e-11
6.236853257008812769e-11
6.180307786250083204e-11
6.123419528115694828e-11
6.066224671621767244e-11
6.008759405784423933e-11
5.951059919619787081e-11
5.893162402143978876e-11
5.835103042373120214e-11
5.776918029323335219e-11
5.718643552010743495e-11
5.660315799451467876e-11
5.601970960661630549e-11
5.543645224657354347e-11
5.485374780454759519e-11
5.427195817069969546e-11
5.369144523519105322e-11
5.311257088818289035e-11
5.253569701983643518e-11
5.196118552031289667e-11
5.138939827977349668e-11
5.082069718837947648e-11
5.025544413629202564e-11
4.969400101367237249e-11
4.913672971068174536e-11
4.858399211748135967e-11
4.803615012423243730e-11
4.749356562109619365e-11
4.695660049823385060e-11
4.642561664580663002e-11
4.590097595397574734e-11
4.538304031290243087e-11
4.487217161274789605e-11
4.436873174367335181e-11
4.387308259584003295e-11
4.338558605940915489e-11
4.290660402454193304e-11
4.243649838139960220e-11
4.197563102014335840e-11
4.152436383093444935e-11
4.108305870393406462e-11
4.065207752930345194e-11
4.023178219720381379e-11
3.982253459779637205e-11
3.942469662124236798e-11
3.903863015770298467e-11
3.866469709733946340e-11
3.830325933031302603e-11
3.795467874678488798e-11
3.761931723691626465e-11
3.729744627780952849e-11
3.698897569433158947e-11
3.669372489829053401e-11
3.641151330149441618e-11
3.614216031575132239e-11
3.588548535286929380e-11
3.564130782465642972e-11
3.540944714292077780e-11
3.518972271947040503e-11
3.498195396611339781e-11
3.478596029465779731e-11
3.460156111691168992e-11
3.442857584468314912e-11
3.426682388978022899e-11
3.411612466401100947e-11
3.397629757918355112e-11
3.384716204710592739e-11
3.372853747958619885e-11
3.362024328843243249e-11
3.352209888545271473e-11
3.343392368245509964e-11
3.335553709124764778e-11
3.328675852363845201e-11
3.322740739143555995e-11
3.317730310644703860e-11
3.313626508048096792e-11
3.310411272534542136e-11
3.308066545284844656e-11
3.306574267479812345e-11
3.305916380300251905e-11
3.306074824926971328e-11
3.307031542540774731e-11
3.308768474322472046e-11
3.311267561452868036e-11
3.314510745112769402e-11
3.318479966482984783e-11
3.323157166744319588e-11
3.328524287077580519e-11
3.334563268663574923e-11
3.341256052683110146e-11
3.348584580316991599e-11
3.356530792746027919e-11
3.365076631151024517e-11
3.374204036712788740e-11
3.383894950612127288e-11
3.394131314029846863e-11
3.404895068146754166e-11
3.416168154143657190e-11
3.427932513201360698e-11
3.440170086500673976e-11
3.452865439540761079e-11
3.466013635094229694e-11
3.479612360252042925e-11
3.493659302105167751e-11
3.508152147744567922e-11
3.523088584261207187e-11
3.538466298746052526e-11
3.554282978290068980e-11
3.570536309984220299e-11
3.587223980919473463e-11
3.604343678186790928e-11
3.621893088877139028e-11
3.639869900081484098e-11
3.658271798890789240e-11
3.677096472396020142e-11
3.696341607688141845e-11
3.716004891858120038e-11
3.736084011996917823e-11
3.756576655195502826e-11
3.777480508544838151e-11
3.798793259135888839e-11
3.820512594059621870e-11
3.842636200406999700e-11
3.865161765268989957e-11
3.888086975736555743e-11
3.911409518900662099e-11
3.935127081852275360e-11
3.959237351682359275e-11
3.983738015481879531e-11
4.008626760341800523e-11
4.033901273353088587e-11
4.059559241606707470e-11
4.085598352193624153e-11
4.112016292204801738e-11
4.138810748731203976e-11
4.165979408863799138e-11
4.193519959693550974e-11
4.221430088311423233e-11
4.249707481808382894e-11
4.278349827275395000e-11
4.307354811803421361e-11
4.336720122483430895e-11
4.366443446406387352e-11
4.396522470663254482e-11
4.426954882344999263e-11
4.457738368542585445e-11
4.488870616346978716e-11
4.520349312849143472e-11
4.552172145140044753e-11
4.584336800310648894e-11
4.616835447601744652e-11
4.649638184853424695e-11
4.682709592055604762e-11
4.716014249198203175e-11
4.749516736271136318e-11
4.783181633264320576e-11
4.816973520167674270e-11
4.850856976971111848e-11
4.884796583664552277e-11
4.918756920237913234e-11
4.952702566681109165e-11
4.986598102984057746e-11
5.020408109136677300e-11
5.054097165128883566e-11
5.087629850950592927e-11
5.120970746591725644e-11
5.154084432042194225e-11
5.186935487291916991e-11
5.219488492330812267e-11
5.251708027148795790e-11
5.283558671735783944e-11
5.315005006081696345e-11
5.346011610176446791e-11
5.376543064009953605e-11
5.406563947572133172e-11
5.436038840852903168e-11
5.464932323842180624e-11
5.493208976529881923e-11
5.520833378905923450e-11
5.547770110960223527e-11
5.573983752682697247e-11
5.599438884063263578e-11
5.624100085091838258e-11
5.647931935758338318e-11
5.670899016052680141e-11
5.692965905964782051e-11
5.714097185484559785e-11
5.734257434601931667e-11
5.753411233306812787e-11
5.771523161589121469e-11
5.788557799438772805e-11
5.804479726845686409e-11
5.819253523799778020e-11
5.832843770290962728e-11
5.845215046309160151e-11
5.856331931844286025e-11
5.866159006886257380e-11
5.874660851424991248e-11
5.881802045450404658e-11
5.887547168952414642e-11
5.891870368887767766e-11
5.894784060080524873e-11
5.896310224321585391e-11
5.896470843401838407e-11
5.895287899112179470e-11
5.892783373243501547e-11
5.888979247586696308e-11
5.883897503932660597e-11
5.877560124072286086e-11
5.869989089796468325e-11
5.861206382896098986e-11
5.851233985162071034e-11
5.840093878385278726e-11
5.827808044356616321e-11
5.814398464866976782e-11
5.799887121707255014e-11
5.784295996668342043e-11
5.767647071541132771e-11
5.749962328116520812e-11
5.731263748185399774e-11
5.711573313538663917e-11
5.690913005967205559e-11
5.669304807261917664e-11
5.646770699213695782e-11
5.623332663613432232e-11
5.599012682252020626e-11
5.573832736920354574e-11
5.547814809409328980e-11
5.520980881509834224e-11
5.493352935012767148e-11
5.464952951709020072e-11
5.435802913389486605e-11
5.405924801845059714e-11
5.375340598866633008e-11
5.344072286245101393e-11
5.312141845771356540e-11
5.279571259236293352e-11
5.246382508430805442e-11
5.212597575145785773e-11
5.178238441172127958e-11
5.143327088300724315e-11
5.107885498322471039e-11
5.071935653028261096e-11
5.035499534208985512e-11
4.998599123655541129e-11
4.961256403158818974e-11
4.923493354509713950e-11
4.885331959499119668e-11
4.846794199917929094e-11
4.807902057557036484e-11
4.768675276283815988e-11
4.729124648271572956e-11
4.689258727770090693e-11
4.649086069029157025e-11
4.608615226298555256e-11
4.567854753828070630e-11
4.526813205867490326e-11
4.485499136666598295e-11
4.443921100475179779e-11
4.402087651543023253e-11
4.360007344119909434e-11
4.317688732455626151e-11
4.275140370799958645e-11
4.232370813402691513e-11
4.189388614513611936e-11
4.146202328382503864e-11
4.102820509259152539e-11
4.059251711393343851e-11
4.015504489034863041e-11
3.971587396433495998e-11
3.927508987839027319e-11
3.883277817501242893e-11
3.838902439669927960e-11
3.794391408594867119e-11
3.749753278525846904e-11
3.704996603712652557e-11
3.660129938405068674e-11
3.615161836852881791e-11
3.570100853305876503e-11
3.524955542013837407e-11
3.479734457226552331e-11
3.434446153193803931e-11
3.389099184165378743e-11
3.343702104391063301e-11
3.298263468120640910e-11
3.252791829603898750e-11
3.207295743090620772e-11
3.161783762830592218e-11
3.116264443073599623e-11
3.070746338069429521e-11
3.025238002067863924e-11
2.979747989318690660e-11
2.934284854071694971e-11
2.888857150576660484e-11
2.843473433083374703e-11
2.798142255841622224e-11
2.752872173101187967e-11
2.707671739111857820e-11
2.662549508123417026e-11
2.617514034385650827e-11
2.572572739274438545e-11
2.527728512670033562e-11
2.482983111578783338e-11
2.438338293007035010e-11
2.393795813961135716e-11
2.349357431447432916e-11
2.305024902472273748e-11
2.260799984042005349e-11
2.216684433162975503e-11
2.172680006841531024e-11
2.128788462084018726e-11
2.085011555896787364e-11
2.041351045286182781e-11
1.997808687258552761e-11
1.954386238820244118e-11
1.911085456977604961e-11
1.867908098736981778e-11
1.824855921104722355e-11
1.781930681087173829e-11
1.739134135690683337e-11
1.696468041921598017e-11
1.653934156786265329e-11
1.611534237291032733e-11
1.569270040442247045e-11
1.527143323246255402e-11
1.485155842709405910e-11
1.443309355838045060e-11
1.401605619638520475e-11
1.360046391117179131e-11
1.318633427280368811e-11
1.277368485134436168e-11
1.236253321685728663e-11
1.195289693940593918e-11
1.154479358905378585e-11
1.113824073586430287e-11
1.073325594990096485e-11
1.032985680122723830e-11
9.928060859906601068e-12
9.527885696002524530e-12
9.129348879578481674e-12
8.732467980697942259e-12
8.337260569424380890e-12
7.943744215821272174e-12
7.551936489952084253e-12
7.161854961880294157e-12
6.773517201669372453e-12
6.386940779382790514e-12
6.002143265084022947e-12
5.619142228836541934e-12
5.237955240703819657e-12
4.858599517095912053e-12
4.481090859809209272e-12
4.105444716986682792e-12
3.731676536771306517e-12
3.359801767306051120e-12
2.989835856733890503e-12
2.621794253197797357e-12
2.255692404840744376e-12
1.891545759805703846e-12
1.529369766235648862e-12
1.169179872273551309e-12
8.109915260623844846e-13
4.548201757451200698e-13
1.006812694647313622e-13
-2.514097446358081387e-13
-6.014374184135267509e-13
-9.493863037254536006e-13
-1.295240952428612159e-12
-1.638985916380032158e-12
-1.980605747436741714e-12
-2.320084997455766519e-12
-2.657408218294134287e-12
-2.992559961808873940e-12
-3.325524779857010768e-12
-3.656287224295573291e-12
-3.984831846981589221e-12
-4.311143199772084251e-12
-4.635205834524087709e-12
-4.957004303094624884e-12
-5.276523157340725103e-12
-5.593746949119415272e-12
-5.908660230287721487e-12
-6.221247552702673884e-12
-6.531493468221296943e-12
-6.839382528700618378e-12
-7.144899285997667515e-12
-7.448028291969470452e-12
-7.748754098473052478e-12
-8.047061257365444536e-12
-8.342934320503674338e-12
-8.636357839744764751e-12
-8.927316366945748332e-12
-9.215794453963647948e-12
-9.501776652655496158e-12
-9.785247514878314211e-12
-1.006619159248913467e-11
-1.034459343734498039e-11
-1.062043760130288233e-11
-1.089370863621986819e-11
-1.116439109395296245e-11
-1.143245395782582095e-11
-1.169780393702861040e-11
-1.196033217221812398e-11
-1.221992980405115491e-11
-1.247648797318449317e-11
-1.272989782027493519e-11
-1.298005048597927256e-11
-1.322683711095430171e-11
-1.347014883585681101e-11
-1.370987680134360174e-11
-1.394591214807145579e-11
-1.417814601669717445e-11
-1.440646954787754931e-11
-1.463077388226937357e-11
-1.485095016052943398e-11
-1.506688952331453505e-11
-1.527848311128146514e-11
-1.548562206508701260e-11
-1.568819752538797550e-11
-1.588610063284114864e-11
-1.607922252810332040e-11
-1.626745435183129205e-11
-1.645068724468184226e-11
-1.662881234731177554e-11
-1.680172080037788672e-11
-1.696930374453696415e-11
-1.713145232044579942e-11
-1.728805766876118735e-11
-1.743901093013992277e-11
-1.758420324523880049e-11
-1.772352575471460888e-11
-1.785686959922414598e-11
-1.798412591942420339e-11
-1.810518585597156623e-11
-1.821994054952303902e-11
-1.832828114073541335e-11
-1.843009877026547757e-11
-1.852528457877002974e-11
-1.861372970690585499e-11
-1.869532529532975460e-11
-1.876996248469852339e-11
-1.883753241566894325e-11
-1.889792622889781871e-11
-1.895103506504194134e-11
-1.899675006475809952e-11
-1.903496236870308806e-11
-1.906556311753369531e-11
-1.908844345190672903e-11
-1.910349451247896788e-11
-1.911060743990721314e-11
-1.910972628592869114e-11
-1.910100674660238325e-11
-1.908465742906769592e-11
-1.906088694046405817e-11
-1.902990388793087643e-11
-1.899191687860756359e-11
-1.894713451963353577e-11
-1.889576541814820909e-11
-1.883801818129100289e-11
-1.877410141620133007e-11
-1.870422373001860350e-11
-1.862859372988223608e-11
-1.854742002293164716e-11
-1.846091121630624961e-11
-1.836927591714545957e-11
-1.827272273258869315e-11
-1.817146026977535999e-11
-1.806569713584487624e-11
-1.795564193793666445e-11
-1.784150328319013429e-11
-1.772348977874469542e-11
-1.760181003173977364e-11
-1.747667264931477861e-11
-1.734828623860911999e-11
-1.721685940676222359e-11
-1.708260076091349583e-11
-1.694571890820235606e-11
-1.680642245576821717e-11
-1.666492001075049528e-11
-1.652142018028860650e-11
-1.637613157152196050e-11
-1.622926279158997662e-11
-1.608102244763207420e-11
-1.593161914678765645e-11
-1.578126149619614917e-11
-1.563015810299696525e-11
-1.547851757432951112e-11
-1.532654851733321259e-11
-1.517445953914748254e-11
-1.502245924691173063e-11
-1.487075624776537945e-11
-1.471955914884783540e-11
-1.456907655729851785e-11
-1.441951708025684292e-11
-1.427108932486222510e-11
-1.412400189825407889e-11
-1.397846340757181719e-11
-1.383468245995485611e-11
-1.369286766254261339e-11
-1.355322762247450191e-11
-1.341591843562428754e-11
-1.328088615280314159e-11
-1.314802431355658673e-11
-1.301722645743014726e-11
-1.288838612396934261e-11
-1.276139685271969546e-11
-1.263615218322673011e-11
-1.251254565503596922e-11
-1.239047080769293224e-11
-1.226982118074314669e-11
-1.215049031373213039e-11
-1.203237174620540765e-11
-1.191535901770849951e-11
-1.179934566778693026e-11
-1.168422523598622097e-11
-1.156989126185189754e-11
-1.145623728492947618e-11
-1.134315684476448441e-11
-1.123054348090244330e-11
-1.111829073288887390e-11
-1.100629214026930049e-11
-1.089444124258924738e-11
-1.078263157939423239e-11
-1.067075669022977818e-11
-1.055871011464141229e-11
-1.044638539217465093e-11
-1.033367606237502323e-11
-1.022047566478804701e-11
-1.010667773895924496e-11
-9.992175824434141367e-12
-9.876863460758255667e-12
-9.760634187477115386e-12
-9.643381544136238350e-12
-9.524999070281147233e-12
-9.405380305457367942e-12
-9.284418789210419919e-12
-9.162008061085825839e-12
-9.038041660629109991e-12
-8.912413127385795050e-12
-8.785016000901400458e-12
-8.655743820721450507e-12
-8.524490126391467870e-12
-8.391148457456973606e-12
-8.255612353463492004e-12
-8.117775353956544125e-12
-7.977530998481654256e-12
-7.834772826584343458e-12
-7.689394377810132788e-12
-7.541289191704546538e-12
-7.390350807813107380e-12
-7.236509037850199998e-12
-7.079838782205661951e-12
-6.920451213438193617e-12
-6.758457504106494563e-12
-6.593968826769265166e-12
-6.427096353985206610e-12
-6.257951258313016847e-12
-6.086644712311398677e-12
-5.913287888539050054e-12
-5.737991959554672161e-12
-5.560868097916965374e-12
-5.382027476184630069e-12
-5.201581266916365816e-12
-5.019640642670872990e-12
-4.836316776006851968e-12
-4.651720839483001509e-12
-4.465964005658024415e-12
-4.279157447090619444e-12
-4.091412336339486167e-12
-3.902839845963325766e-12
-3.713551148520837811e-12
-3.523657416570723485e-12
-3.333269822671681550e-12
-3.142499539382413592e-12
-2.951457739261618372e-12
-2.760255594867997479e-12
-2.569004278760250078e-12
-2.377814963497076543e-12
-2.186798821637177656e-12
-1.996067025739252985e-12
-1.805730748362002905e-12
-1.615901162064127794e-12
-1.426689439404327220e-12
-1.238206752941302165e-12
-1.050564275233752399e-12
-8.638731788403780958e-13
-6.782446363198794310e-13
-4.937898202309567801e-13
-3.106199031323102166e-13
-1.288460575826397127e-13
5.142054385935421641e-14
2.300687286349714091e-13
4.069873241855118300e-13
5.820651579522752921e-13
7.551910573765614697e-13
9.262538498996704409e-13
1.095142362962901729e-12
1.261745424007555259e-12
1.425951860474930859e-12
1.587650499806328353e-12
1.746752780351221810e-12
1.903260584091782471e-12
2.057198403918355818e-12
2.208590732721287133e-12
2.357462063390921899e-12
2.503836888817606004e-12
2.647739701891684526e-12
2.789194995503502545e-12
2.928227262543407160e-12
3.064860995901741834e-12
3.199120688468852859e-12
3.331030833135085717e-12
3.460615922790785893e-12
3.587900450326299676e-12
3.712908908631970530e-12
3.835665790598145959e-12
3.956195589115170234e-12
4.074522797073389242e-12
4.190671907363148062e-12
4.304667412874793389e-12
4.416533806498668687e-12
4.526295581125121459e-12
4.633977229644495976e-12
4.739603244947137317e-12
4.843198119923392177e-12
4.944786347463605637e-12
5.044392420458122774e-12
5.142040831797289476e-12
5.237756074371450822e-12
5.331562641070952701e-12
5.423485024786139382e-12
5.513547718407358368e-12
5.601775214824953932e-12
5.688192006929271153e-12
5.772822587610655917e-12
5.855691449759454920e-12
5.936823086266012433e-12
6.016241990020672727e-12
6.093972653913783306e-12
6.170039570835689249e-12
6.244467233676734826e-12
6.317280135327265926e-12
6.388502768677629243e-12
6.458159626618169857e-12
6.526275202039232038e-12
6.592873987831162482e-12
6.657980476884305461e-12
6.721619162089008477e-12
6.783814536335614186e-12
6.844591092514470899e-12
6.903967586424582744e-12
6.961939825499598126e-12
7.018497880081824501e-12
7.073631820513572553e-12
7.127331717137148123e-12
7.179587640294861087e-12
7.230389660329018901e-12
7.279727847581930635e-12
7.327592272395903743e-12
7.373973005113248104e-12
7.418860116076269556e-12
7.462243675627278785e-12
7.504113754108583246e-12
7.544460421862490394e-12
7.583273749231307683e-12
7.620543806557349030e-12
7.656260664182918658e-12
7.690414392450324023e-12
7.722995061701874194e-12
7.753992742279878242e-12
7.783397504526643621e-12
7.811199418784481017e-12
7.837388555395697884e-12
7.861954984702598447e-12
7.884888777047495007e-12
7.906180002772696633e-12
7.925818732220510780e-12
7.943795035733244903e-12
7.960098983653204841e-12
7.974720646322704512e-12
7.987650094084049753e-12
7.998877397279546404e-12
8.008392626251506767e-12
8.016185851342238296e-12
8.022247142894046830e-12
8.026566571249243054e-12
8.029134206750136040e-12
8.029940119739030011e-12
8.028974380558238883e-12
8.026227059550065264e-12
8.021688227056823072e-12
8.015347953420814914e-12
8.007196308984354707e-12
7.997223364089748290e-12
7.985419189079301503e-12
7.971773854295328262e-12
7.956277430080131175e-12
7.938919986776024159e-12
7.919691594725309822e-12
7.898582324270300466e-12
7.875591135901417950e-12
7.850752550701543372e-12
7.824109979901677082e-12
7.795706834732816199e-12
7.765586526425952996e-12
7.733792466212087821e-12
7.700368065322217795e-12
7.665356734987340035e-12
7.628801886438451661e-12
7.590746930906549791e-12
7.551235279622631545e-12
7.510310343817692425e-12
7.468015534722732782e-12
7.424394263568748118e-12
7.379489941586733937e-12
7.333345980007690589e-12
7.286005790062613578e-12
7.237512782982499213e-12
7.187910369998345423e-12
7.137241962341149325e-12
7.085550971241908039e-12
7.032880807931621106e-12
6.979274883641281607e-12
6.924776609601887469e-12
6.869429397044437425e-12
6.813276657199927786e-12
6.756361801299356480e-12
6.698728240573720625e-12
6.640419386254014917e-12
6.581478649571239705e-12
6.521949441756389685e-12
6.461875174040465207e-12
6.401299257654459352e-12
6.340265103829372467e-12
6.278816123796198443e-12
6.216995728785936820e-12
6.154847330029586334e-12
6.092414338758140063e-12
6.029740166202598358e-12
5.966868223593956723e-12
5.903841922163212276e-12
5.840704673141362943e-12
5.777499887759405845e-12
5.714270977248336482e-12
5.651061352839155207e-12
5.587914425762855906e-12
5.524873607250437314e-12
5.461982308532896550e-12
5.399283940841230732e-12
5.336821915406436979e-12
5.274628638359702516e-12
5.212692495432983877e-12
5.150990867258424469e-12
5.089501134468170124e-12
5.028200677694366672e-12
4.967066877569159138e-12
4.906077114724693354e-12
4.845208769793113533e-12
4.784439223406566317e-12
4.723745856197196728e-12
4.663106048797149790e-12
4.602497181838571334e-12
4.541896635953607192e-12
4.481281791774401579e-12
4.420630029933101135e-12
4.359918731061850883e-12
4.299125275792796655e-12
4.238227044758081858e-12
4.177201418589853132e-12
4.116025777920256307e-12
4.054677503381437216e-12
3.993133975605540074e-12
3.931372575224710713e-12
3.869370682871094963e-12
3.807105679176837041e-12
3.744554944774083586e-12
3.681695860294978813e-12
3.618505806371670170e-12
3.554962163636300256e-12
3.491042312721017326e-12
3.426723634257964385e-12
3.361983508879288072e-12
3.296799317217133814e-12
3.231148439903646634e-12
3.165008257570971556e-12
3.098356150851255220e-12
3.031169500376641840e-12
2.963425686779277250e-12
2.895102090691306875e-12
2.826176092744876547e-12
2.756625073572130482e-12
2.686426413805214916e-12
2.615557494076275275e-12
2.543995695017457392e-12
2.471718397260905481e-12
2.398702981438765778e-12
2.324926828183182903e-12
2.250367318126303092e-12
2.175001831900271366e-12
2.098807750137233559e-12
2.021772919032854215e-12
1.943927047036878387e-12
1.865310308162569844e-12
1.785962876423193162e-12
1.705924925832012107e-12
1.625236630402291256e-12
1.543938164147294579e-12
1.462069701080286649e-12
1.379671415214531640e-12
1.296783480563293723e-12
1.213446071139837070e-12
1.129699360957426053e-12
1.045583524029324644e-12
9.611387343687972142e-13
8.764051659891083407e-13
7.914229929035217906e-13
7.062323891253017358e-13
6.208735286677127516e-13
5.353865855440188077e-13
4.498117337674842778e-13
3.641891473513735858e-13
2.785590003089507519e-13
1.929614666534798721e-13
1.074367203982254460e-13
2.202493555645143712e-14
-6.323371385857776215e-14
-1.482990538335977214e-13
-2.331309103553445909e-13
-3.176891094105538961e-13
-4.019334769859614653e-13
-4.858238390683031775e-13
-5.693200216443145076e-13
-6.523818507007314860e-13
-7.349691522242898400e-13
-8.170417522017251961e-13
-8.985594766197734837e-13
-9.794821514651705311e-13
-1.059769602724651965e-12
-1.139381656384953512e-12
-1.218278138432811001e-12
-1.296418874854960059e-12
-1.373763691638136514e-12
-1.450272414769076396e-12
-1.525904870234515332e-12
-1.600620884021188947e-12
-1.674380282115833273e-12
-1.747142890505183532e-12
-1.818868535175975956e-12
-1.889517042114946576e-12
-1.959048237308830412e-12
-2.027427305872589390e-12
-2.094640869434086793e-12
-2.160680908749410995e-12
-2.225539404574651174e-12
-2.289208337665897318e-12
-2.351679688779236588e-12
-2.412945438670758970e-12
-2.472997568096553644e-12
-2.531828057812708579e-12
-2.589428888575313357e-12
-2.645792041140457159e-12
-2.700909496264228356e-12
-2.754773234702715724e-12
-2.807375237212008443e-12
-2.858707484548195692e-12
-2.908761957467366247e-12
-2.957530636725609288e-12
-3.005005503079012782e-12
-3.051178537283666717e-12
-3.096041720095659466e-12
-3.139587032271079803e-12
-3.181806454566017716e-12
-3.222691967736560769e-12
-3.262235552538798546e-12
-3.300429189728820226e-12
-3.337264860062713778e-12
-3.372734544296569996e-12
-3.406830223186475233e-12
-3.439543877488520284e-12
-3.470867487958793521e-12
-3.500793035353383720e-12
-3.529312500428380464e-12
-3.556417863939871721e-12
-3.582101106643947479e-12
-3.606354209296695302e-12
-3.629169152654205176e-12
-3.650537917472566283e-12
-3.670452484507865781e-12
-3.688904834516195275e-12
-3.705886948253641519e-12
-3.721390806476293694e-12
-3.735408389940242596e-12
-3.747931679401574172e-12
-3.758952655616380026e-12
-3.768463299340747721e-12
-3.776455591330765629e-12
-3.782921512342524547e-12
-3.787853043132112037e-12
-3.791242164455616472e-12
-3.793080857069128646e-12
-3.793365914127272357e-12
-3.792113378378818751e-12
-3.789344104971075209e-12
-3.785078949051347493e-12
-3.779338765766942985e-12
-3.772144410265169872e-12
-3.763516737693333109e-12
-3.753476603198741692e-12
-3.742044861928700578e-12
-3.729242369030518761e-12
-3.715089979651501199e-12
-3.699608548938956078e-12
-3.682818932040189970e-12
-3.664741984102509447e-12
-3.645398560273222697e-12
-3.624809515699636292e-12
-3.602995705529055996e-12
-3.579977984908789592e-12
-3.555777208986144056e-12
-3.530414232908426363e-12
-3.503909911822943491e-12
-3.476285100877002010e-12
-3.447560655217909300e-12
-3.417757429992971934e-12
-3.386896280349496886e-12
-3.354998061434791941e-12
-3.322083628396163266e-12
-3.288173836380917838e-12
-3.253289540536362631e-12
-3.217451596009804623e-12
-3.180680857948551596e-12
-3.142998181499908910e-12
-3.104424421811185158e-12
-3.064980434029685699e-12
-3.024687073302718317e-12
-2.983565194777590391e-12
-2.941635653601608089e-12
-2.898919304922079196e-12
-2.855437003886309879e-12
-2.811209605641607517e-12
-2.766257965335278280e-12
-2.720602938114630353e-12
-2.674265379126970310e-12
-2.627266143519604317e-12
-2.579626086439840160e-12
-2.531366063034984409e-12
-2.482506928452344040e-12
-2.433069537839226433e-12
-2.383074746342937757e-12
-2.332543409110786198e-12
-2.281494758895198719e-12
-2.229941538869091115e-12
-2.177894869810498361e-12
-2.125365872497457854e-12
-2.072365667708004972e-12
-2.018905376220174690e-12
-1.964996118812004809e-12
-1.910649016261530708e-12
-1.855875189346788571e-12
-1.800685758845814182e-12
-1.745091845536643725e-12
-1.689104570197313388e-12
-1.632735053605858952e-12
-1.575994416540317007e-12
-1.518893779778723334e-12
-1.461444264099113717e-12
-1.403656990279524744e-12
-1.345543079097992198e-12
-1.287113651332552063e-12
-1.228379827761240524e-12
-1.169352729162093768e-12
-1.110043476313147981e-12
-1.050463189992438742e-12
-9.906229909780024398e-13
-9.305340000478750581e-13
-8.702073379800926817e-13
-8.096541255526913958e-13
-7.488854835437073862e-13
-6.879125327311766368e-13
-6.267463938931351317e-13
-5.653981878076188549e-13
-5.038790352526640932e-13
-4.422000570063069316e-13
-3.803723738465832531e-13
-3.184071065515291932e-13
-2.563153758991809882e-13
-1.941083026675744959e-13
-1.317970076347458013e-13
-6.939261157873098927e-14
-6.906235277566397283e-15
5.565100049071229364e-14
1.182679749480688471e-13
1.809335673164672538e-13
2.436366568178714037e-13
3.063661226742450603e-13
3.691108441075524667e-13
4.318597003397572857e-13
4.946015705928236342e-13
5.573253340887152758e-13
6.200198700493963779e-13
6.826744369053246864e-13
7.452798099209344807e-13
8.078271435691540733e-13
8.703075923229116754e-13
9.327123106551354984e-13
9.950324530387536524e-13
1.057259173946694753e-12
1.119383627851886405e-12
1.181396969227257426e-12
1.243290352545736230e-12
1.305054932280250623e-12
1.366681862903728614e-12
1.428162298889099022e-12
1.489487394709289856e-12
1.550648304837229326e-12
1.611636183745845846e-12
1.672442185908067426e-12
1.733057465796822074e-12
1.793473177885038810e-12
1.853680476645645643e-12
1.913670516551569976e-12
1.973434452075741234e-12
2.032963437691087020e-12
2.092248627870534941e-12
2.151281177087014621e-12
2.210052239813453666e-12
2.268552970522780490e-12
2.326774523687923100e-12
2.384708053781809104e-12
2.442344715277368530e-12
2.499675662647527367e-12
2.556692050365216049e-12
2.613385032903361777e-12
2.669745764734891752e-12
2.725765400332736003e-12
2.781435094169822136e-12
2.836746000719078565e-12
2.891689274453432894e-12
2.946256069845813536e-12
3.000437541369149310e-12
3.054224843496368223e-12
3.107609130700397883e-12
3.160581557454167912e-12
3.213133278230605111e-12
3.265255447502637891e-12
3.316939219743195877e-12
3.368175749425205463e-12
3.418956191021596275e-12
3.469271699005296321e-12
3.519113427849233207e-12
3.568472769455726652e-12
3.617342065444660383e-12
3.665713894865309031e-12
3.713580836766947224e-12
3.760935470198848784e-12
3.807770374210289553e-12
3.854078127850544565e-12
3.899851310168886428e-12
3.945082500214591792e-12
3.989764277036934883e-12
4.033889219685189119e-12
4.077449907208629532e-12
4.120438918656533581e-12
4.162848833078172258e-12
4.204672229522821406e-12
4.245901687039757674e-12
4.286529784678252863e-12
4.326549101487582815e-12
4.365952216517022563e-12
4.404731708815846334e-12
4.442880157433328351e-12
4.480390141418745266e-12
4.517254239821368879e-12
4.553465031690475032e-12
4.589015096075339567e-12
4.623897012025235900e-12
4.658103358589438259e-12
4.691626714817223291e-12
4.724459659757862799e-12
4.756594772460634239e-12
4.788024631974811031e-12
4.818741817349668206e-12
4.848738907634479183e-12
4.878008481878519803e-12
4.906543119131064292e-12
4.934335398441387683e-12
4.961377898858764202e-12
4.987663199432469689e-12
5.013183879211778371e-12
5.037932517245962858e-12
5.061901692584299799e-12
5.085083984276063418e-12
5.107471971370528750e-12
5.129058232916970829e-12
5.149835347964662263e-12
5.169795895562879703e-12
5.188932454760895757e-12
5.207237604607988692e-12
5.224703924153430308e-12
5.241323992446495640e-12
5.257094470935591037e-12
5.272028350665646497e-12
5.286142705080724949e-12
5.299454607624890132e-12
5.311981131742199320e-12
5.323739350876719483e-12
5.334746338472509510e-12
5.345019167973630717e-12
5.354574912824149264e-12
5.363430646468124849e-12
5.371603442349618787e-12
5.379110373912692392e-12
5.385968514601410210e-12
5.392194937859833554e-12
5.397806717132022123e-12
5.402820925862042078e-12
5.407254637493952310e-12
5.411124925471814941e-12
5.414448863239692900e-12
5.417243524241648310e-12
5.419525981921742484e-12
5.421313309724039160e-12
5.422622581092598037e-12
5.423470869471482045e-12
5.423875248304754113e-12
5.423852791036475555e-12
5.423420571110708494e-12
5.422595661971514243e-12
5.421395137062954117e-12
5.419836069829093469e-12
5.417935533713991997e-12
5.415710602161711824e-12
5.413178348616315071e-12
5.410355846521863860e-12
5.407260169322419506e-12
5.403908390462045745e-12
5.400317583384803893e-12
5.396504821534755263e-12
5.392487178355962786e-12
5.388281727292486158e-12
5.383905541788390735e-12
5.379375695287736214e-12
5.374709261234587141e-12
5.369923313073002406e-12
5.365034924247046555e-12
5.360061168200780903e-12
5.355019118378265146e-12
5.349925848223563832e-12
5.344798431180739081e-12
5.339653940693853017e-12
