# te
3.922670125961303711e+00
4.711483001708984375e+00
4.695108890533447266e+00
4.232951164245605469e+00
3.587351560592651367e+00
2.918626546859741211e+00
2.322125911712646484e+00
1.838905930519104004e+00
1.483389616012573242e+00
1.256089329719543457e+00
1.146366238594055176e+00
1.123064637184143066e+00
1.151469707489013672e+00
1.209273457527160645e+00
1.279545783996582031e+00
1.351269364356994629e+00
1.417704582214355469e+00
1.476548552513122559e+00
1.525089383125305176e+00
1.568885922431945801e+00
1.613892078399658203e+00
1.664276480674743652e+00
1.722504854202270508e+00
1.785939335823059082e+00
1.852234244346618652e+00
1.918104767799377441e+00
1.980832695960998535e+00
2.035776615142822266e+00
2.077837228775024414e+00
2.108326673507690430e+00
2.128866910934448242e+00
2.136056900024414062e+00
2.127687692642211914e+00
2.108292341232299805e+00
2.082170724868774414e+00
2.049811601638793945e+00
2.012187719345092773e+00
1.967174768447875977e+00
1.911670207977294922e+00
1.842830300331115723e+00
1.759667158126831055e+00
1.661674857139587402e+00
1.549239277839660645e+00
1.422821044921875000e+00
1.281010746955871582e+00
1.124804377555847168e+00
9.584556818008422852e-01
7.856243252754211426e-01
6.031849980354309082e-01
4.065985977649688721e-01
1.913022696971893311e-01
-4.542161524295806885e-02
-2.983200550079345703e-01
-5.620240569114685059e-01
-8.375566005706787109e-01
-1.125193834304809570e+00
-1.426257848739624023e+00
-1.742093205451965332e+00
-2.072609663009643555e+00
-2.417412042617797852e+00
-2.777261018753051758e+00
-3.152833461761474609e+00
-3.545030117034912109e+00
-3.954157590866088867e+00
-4.378123283386230469e+00
-4.814307212829589844e+00
-5.261258602142333984e+00
-5.717451572418212891e+00
-6.184779644012451172e+00
-6.665791988372802734e+00
-7.161728858947753906e+00
-7.673003196716308594e+00
-8.198538780212402344e+00
-8.736666679382324219e+00
-9.286589622497558594e+00
-9.848107337951660156e+00
-1.042263412475585938e+01
-1.100638008117675781e+01
-1.160076332092285156e+01
-1.220629596710205078e+01
-1.282212352752685547e+01
-1.344797992706298828e+01
-1.408210849761962891e+01
-1.472572708129882812e+01
-1.537784576416015625e+01
-1.603754615783691406e+01
-1.670467185974121094e+01
-1.738055610656738281e+01
-1.806207466125488281e+01
-1.874983978271484375e+01
-1.944310188293457031e+01
-2.014188575744628906e+01
-2.084472084045410156e+01
-2.155237197875976562e+01
-2.226411819458007812e+01
-2.297924041748046875e+01
-2.369552421569824219e+01
-2.441596794128417969e+01
-2.513613319396972656e+01
-2.585901260375976562e+01
-2.658239746093750000e+01
-2.730705451965332031e+01
-2.803003120422363281e+01
-2.875283432006835938e+01
-2.947474479675292969e+01
-3.019429588317871094e+01
-3.091225051879882812e+01
-3.162714767456054688e+01
-3.233752441406250000e+01
-3.304486465454101562e+01
-3.374835205078125000e+01
-3.444640350341796875e+01
-3.513818359375000000e+01
-3.582359695434570312e+01
-3.650180435180664062e+01
-3.717196655273437500e+01
-3.783473205566406250e+01
-3.848778152465820312e+01
-3.913101959228515625e+01
-3.976435089111328125e+01
-4.038693237304687500e+01
-4.099867630004882812e+01
-4.159651565551757812e+01
-4.218258285522460938e+01
-4.275604248046875000e+01
-4.331605911254882812e+01
-4.386178970336914062e+01
-4.439241027832031250e+01
-4.490707397460937500e+01
-4.540718460083007812e+01
-4.588974380493164062e+01
-4.635695648193359375e+01
-4.680434799194335938e+01
-4.723487472534179688e+01
-4.764479446411132812e+01
-4.803631973266601562e+01
-4.840794754028320312e+01
-4.875891494750976562e+01
-4.908994674682617188e+01
-4.939879608154296875e+01
-4.968618392944335938e+01
-4.995209121704101562e+01
-5.019576263427734375e+01
-5.041643142700195312e+01
-5.061408233642578125e+01
-5.078720855712890625e+01
-5.093727493286132812e+01
-5.106278610229492188e+01
-5.116148757934570312e+01
-5.123633575439453125e+01
-5.128579330444335938e+01
-5.130758666992187500e+01
-5.130390167236328125e+01
-5.127393722534179688e+01
-5.121765518188476562e+01
-5.113351440429687500e+01
-5.102221298217773438e+01
-5.088370895385742188e+01
-5.071645736694335938e+01
-5.052190399169921875e+01
-5.030000305175781250e+01
-5.004921722412109375e+01
-4.977098083496093750e+01
-4.946302413940429688e+01
-4.912678909301757812e+01
-4.876295852661132812e+01
-4.836926651000976562e+01
-4.794566345214843750e+01
-4.749358749389648438e+01
-4.701076507568359375e+01
-4.649863052368164062e+01
-4.595713806152343750e+01
-4.538623809814453125e+01
-4.478514862060546875e+01
-4.415381622314453125e+01
-4.349369049072265625e+01
-4.280325317382812500e+01
-4.208246994018554688e+01
-4.133279037475585938e+01
-4.055417251586914062e+01
-3.974510574340820312e+01
-3.890703582763671875e+01
-3.803918075561523438e+01
-3.714373397827148438e+01
-3.621769714355468750e+01
-3.526251602172851562e+01
-3.427963638305664062e+01
-3.326754379272460938e+01
-3.222842788696289062e+01
-3.115928268432617188e+01
-3.006230163574218750e+01
-2.893893432617187500e+01
-2.778691291809082031e+01
-2.660843658447265625e+01
-2.540272521972656250e+01
-2.417122650146484375e+01
-2.291316413879394531e+01
-2.162924385070800781e+01
-2.032017326354980469e+01
-1.898518371582031250e+01
-1.762578010559082031e+01
-1.624124717712402344e+01
-1.483458518981933594e+01
-1.340359497070312500e+01
-1.194956779479980469e+01
-1.047297573089599609e+01
-8.974369049072265625e+00
-7.454145431518554688e+00
-5.913226604461669922e+00
-4.351698398590087891e+00
-2.770524740219116211e+00
-1.169689297676086426e+00
4.495772123336791992e-01
2.086504459381103516e+00
3.741585969924926758e+00
5.412787437438964844e+00
7.100306510925292969e+00
8.805080413818359375e+00
1.052262687683105469e+01
1.225514698028564453e+01
1.400113105773925781e+01
1.576129150390625000e+01
1.753189086914062500e+01
1.931587600708007812e+01
2.110950469970703125e+01
2.291423988342285156e+01
2.472856903076171875e+01
2.655098152160644531e+01
2.838219451904296875e+01
3.022144317626953125e+01
3.206721496582031250e+01
3.391799926757812500e+01
3.577452087402343750e+01
3.763526535034179688e+01
3.950020980834960938e+01
4.136784744262695312e+01
4.323814773559570312e+01
4.511035537719726562e+01
4.698221588134765625e+01
4.885444641113281250e+01
5.072628402709960938e+01
5.259622192382812500e+01
5.446498107910156250e+01
5.632956695556640625e+01
5.819143676757812500e+01
6.004835891723632812e+01
6.190029907226562500e+01
6.374649810791015625e+01
6.558544921875000000e+01
6.741785430908203125e+01
6.924216461181640625e+01
7.105678558349609375e+01
7.286162567138671875e+01
7.465660858154296875e+01
7.644162750244140625e+01
7.820841217041015625e+01
7.996952056884765625e+01
8.170998382568359375e+01
8.344457244873046875e+01
8.515091705322265625e+01
8.685121154785156250e+01
8.853792572021484375e+01
9.020354461669921875e+01
9.184055328369140625e+01
9.347115325927734375e+01
9.507294464111328125e+01
9.666071319580078125e+01
9.822694396972656250e+01
9.977153015136718750e+01
1.012943954467773438e+02
1.027880096435546875e+02
1.042671585083007812e+02
1.057094421386718750e+02
1.071370773315429688e+02
1.085276794433593750e+02
1.099034423828125000e+02
1.112420120239257812e+02
1.125506973266601562e+02
1.138442840576171875e+02
1.151004028320312500e+02
1.163263854980468750e+02
1.175221481323242188e+02
1.186875915527343750e+02
1.198226470947265625e+02
1.209197769165039062e+02
1.219937744140625000e+02
1.230296554565429688e+02
1.240348129272460938e+02
1.250091247558593750e+02
1.259376525878906250e+02
1.268425979614257812e+02
1.277015914916992188e+02
1.285368194580078125e+02
1.293259277343750000e+02
1.300836639404296875e+02
1.308099670410156250e+02
1.314898681640625000e+02
1.321307067871093750e+02
1.327324371337890625e+02
1.333023681640625000e+02
1.338404083251953125e+02
1.343316192626953125e+02
1.347759094238281250e+02
1.351880493164062500e+02
1.355605163574218750e+02
1.358857879638671875e+02
1.361860809326171875e+02
1.364315643310546875e+02
1.366444244384765625e+02
1.368097686767578125e+02
1.369423065185546875e+02
1.370271148681640625e+02
1.370789794921875000e+02
1.370829162597656250e+02
1.370462799072265625e+02
1.369689941406250000e+02
1.368509368896484375e+02
1.366920471191406250e+02
1.364996490478515625e+02
1.362588043212890625e+02
1.359768371582031250e+02
1.356536560058593750e+02
1.352817535400390625e+02
1.348833160400390625e+02
1.344285430908203125e+02
1.339396209716796875e+02
1.334164581298828125e+02
1.328441162109375000e+02
1.322299041748046875e+02
1.315812072753906250e+02
1.308978729248046875e+02
1.301724243164062500e+02
1.294047546386718750e+02
1.285947570800781250e+02
1.277497787475585938e+02
1.268548660278320312e+02
1.259322128295898438e+02
1.249668655395507812e+02
1.239735794067382812e+02
1.229299774169921875e+02
1.218508224487304688e+02
1.207360229492187500e+02
1.195854797363281250e+02
1.183990936279296875e+02
1.171841888427734375e+02
1.159258270263671875e+02
1.146313247680664062e+02
1.133005981445312500e+02
1.119409713745117188e+02
1.105449371337890625e+02
1.091124877929687500e+02
1.076585235595703125e+02
1.061607666015625000e+02
1.046341094970703125e+02
1.030859909057617188e+02
1.015015945434570312e+02
9.989578247070312500e+01
9.825372314453125000e+01
9.658657836914062500e+01
9.488992309570312500e+01
9.316674041748046875e+01
9.141928863525390625e+01
8.964385986328125000e+01
8.784642028808593750e+01
8.602402496337890625e+01
8.417891693115234375e+01
8.231260681152343750e+01
8.042287445068359375e+01
7.851494598388671875e+01
7.658512115478515625e+01
7.463787841796875000e+01
7.267025756835937500e+01
7.068598937988281250e+01
6.868509674072265625e+01
6.666759490966796875e+01
6.463647460937500000e+01
6.258876419067382812e+01
6.052894592285156250e+01
5.845481109619140625e+01
5.636934280395507812e+01
5.427328872680664062e+01
5.216518783569335938e+01
5.004876327514648438e+01
4.792254638671875000e+01
4.578877258300781250e+01
4.364745330810546875e+01
4.150009536743164062e+01
3.934669876098632812e+01
3.718950653076171875e+01
3.502705383300781250e+01
3.286230850219726562e+01
3.069454574584960938e+01
2.852599906921386719e+01
2.635519599914550781e+01
2.418570899963378906e+01
2.201621055603027344e+01
1.984804534912109375e+01
1.768209075927734375e+01
1.551923561096191406e+01
1.336011600494384766e+01
1.120576477050781250e+01
9.056921005249023438e+00
6.915288925170898438e+00
4.780194282531738281e+00
2.654009580612182617e+00
5.353918075561523438e-01
-1.571058034896850586e+00
-3.667427301406860352e+00
-5.752830505371093750e+00
-7.824897289276123047e+00
-9.884229660034179688e+00
-1.192919921875000000e+01
-1.395966529846191406e+01
-1.597325801849365234e+01
-1.797132492065429688e+01
-1.995298004150390625e+01
-2.191511154174804688e+01
-2.385832214355468750e+01
-2.578247451782226562e+01
-2.768594169616699219e+01
-2.956932830810546875e+01
-3.143026161193847656e+01
-3.326934814453125000e+01
-3.508422470092773438e+01
-3.687548446655273438e+01
-3.864374160766601562e+01
-4.038513565063476562e+01
-4.210101318359375000e+01
-4.379124069213867188e+01
-4.545418930053710938e+01
-4.709046173095703125e+01
-4.869694900512695312e+01
-5.027648925781250000e+01
-5.182670211791992188e+01
-5.334746170043945312e+01
-5.483713531494140625e+01
-5.629558563232421875e+01
-5.772415542602539062e+01
-5.911973953247070312e+01
-6.048442077636718750e+01
-6.181583023071289062e+01
-6.311458587646484375e+01
-6.437904357910156250e+01
-6.560980987548828125e+01
-6.680525970458984375e+01
-6.796749114990234375e+01
-6.909486389160156250e+01
-7.018576049804687500e+01
-7.124226379394531250e+01
-7.226200866699218750e+01
-7.324707794189453125e+01
-7.419511413574218750e+01
-7.510746002197265625e+01
-7.598398590087890625e+01
-7.681786346435546875e+01
-7.762306976318359375e+01
-7.838089752197265625e+01
-7.910680389404296875e+01
-7.979471588134765625e+01
-8.044522857666015625e+01
-8.105226898193359375e+01
-8.163426971435546875e+01
-8.216135406494140625e+01
-8.266313934326171875e+01
-8.311715698242187500e+01
-8.353814697265625000e+01
-8.391853332519531250e+01
-8.426560974121093750e+01
-8.457180786132812500e+01
-8.483697509765625000e+01
-8.506840515136718750e+01
-8.525852203369140625e+01
-8.541461944580078125e+01
-8.552912139892578125e+01
-8.560411071777343750e+01
-8.564910888671875000e+01
-8.564539337158203125e+01
-8.561734008789062500e+01
-8.554548645019531250e+01
-8.543338775634765625e+01
-8.528686523437500000e+01
-8.510799407958984375e+01
-8.489067840576171875e+01
-8.463625335693359375e+01
-8.434681701660156250e+01
-8.402220153808593750e+01
-8.366152954101562500e+01
-8.326613616943359375e+01
-8.283511352539062500e+01
-8.237129974365234375e+01
-8.187380218505859375e+01
-8.134096527099609375e+01
-8.077637481689453125e+01
-8.017836761474609375e+01
-7.954830169677734375e+01
-7.888526153564453125e+01
-7.819207763671875000e+01
-7.746561431884765625e+01
-7.671018218994140625e+01
-7.592414855957031250e+01
-7.510752105712890625e+01
-7.426251220703125000e+01
-7.338766479492187500e+01
-7.248669433593750000e+01
-7.155738067626953125e+01
-7.060195159912109375e+01
-6.961966705322265625e+01
-6.861352539062500000e+01
-6.758277130126953125e+01
-6.652741241455078125e+01
-6.544893646240234375e+01
-6.434883880615234375e+01
-6.322710800170898438e+01
-6.208375549316406250e+01
-6.092026138305664062e+01
-5.973738098144531250e+01
-5.853584671020507812e+01
-5.731490707397460938e+01
-5.607754898071289062e+01
-5.482375335693359375e+01
-5.355353164672851562e+01
-5.226836013793945312e+01
-5.096897888183593750e+01
-4.965463638305664062e+01
-4.832755661010742188e+01
-4.698847961425781250e+01
-4.563888549804687500e+01
-4.427727890014648438e+01
-4.290736389160156250e+01
-4.152616882324218750e+01
-4.013739776611328125e+01
-3.874103927612304688e+01
-3.733782577514648438e+01
-3.592849349975585938e+01
-3.451303482055664062e+01
-3.309292221069335938e+01
-3.166888618469238281e+01
-3.024165916442871094e+01
-2.881197357177734375e+01
-2.737982177734375000e+01
-2.594741249084472656e+01
-2.451428985595703125e+01
-2.308140945434570312e+01
-2.164935111999511719e+01
-2.021913909912109375e+01
-1.879105949401855469e+01
-1.736613845825195312e+01
-1.594505596160888672e+01
-1.452837944030761719e+01
-1.311673545837402344e+01
-1.171135044097900391e+01
-1.031261825561523438e+01
-8.921532630920410156e+00
-7.539080619812011719e+00
-6.165585041046142578e+00
-4.803000926971435547e+00
-3.450905323028564453e+00
-2.110213756561279297e+00
-7.825841307640075684e-01
5.318127870559692383e-01
1.832062602043151855e+00
3.119480609893798828e+00
4.388694286346435547e+00
5.643248558044433594e+00
6.880001544952392578e+00
8.099524497985839844e+00
9.300162315368652344e+00
1.048397445678710938e+01
1.164558887481689453e+01
1.278706645965576172e+01
1.390823554992675781e+01
1.500670051574707031e+01
1.608377456665039062e+01
1.713706207275390625e+01
1.816787910461425781e+01
1.917457008361816406e+01
2.015622520446777344e+01
2.111341476440429688e+01
2.204374122619628906e+01
2.294926643371582031e+01
2.382759475708007812e+01
2.467780685424804688e+01
2.550122642517089844e+01
2.629619407653808594e+01
2.706254005432128906e+01
2.780009651184082031e+01
2.850721168518066406e+01
2.918519210815429688e+01
2.983312988281250000e+01
3.045011520385742188e+01
3.103523063659667969e+01
3.159053039550781250e+01
3.211288070678710938e+01
3.260432815551757812e+01
3.306248092651367188e+01
3.348865127563476562e+01
3.388191986083984375e+01
3.424285888671875000e+01
3.456980133056640625e+01
3.486332702636718750e+01
3.512251281738281250e+01
3.534940719604492188e+01
3.554160690307617188e+01
3.569967269897460938e+01
3.582342147827148438e+01
3.591268157958984375e+01
3.596726989746093750e+01
3.598700332641601562e+01
3.597169876098632812e+01
3.592192077636718750e+01
3.583822631835937500e+01
3.571819686889648438e+01
3.556314849853515625e+01
3.537362289428710938e+01
3.514944458007812500e+01
3.489042282104492188e+01
3.459562301635742188e+01
3.426783752441406250e+01
3.390464019775390625e+01
3.350658416748046875e+01
3.307348251342773438e+01
3.260736846923828125e+01
3.210656738281250000e+01
3.157088470458984375e+01
3.100160980224609375e+01
3.039855384826660156e+01
2.976151466369628906e+01
2.909104728698730469e+01
2.838619995117187500e+01
2.764975357055664062e+01
2.687928009033203125e+01
2.607681083679199219e+01
2.524213981628417969e+01
2.437544250488281250e+01
2.347718429565429688e+01
2.254656791687011719e+01
2.158554458618164062e+01
2.059294700622558594e+01
1.957016181945800781e+01
1.851695632934570312e+01
1.743389511108398438e+01
1.632125854492187500e+01
1.517950439453125000e+01
1.400872707366943359e+01
1.280938148498535156e+01
1.158140754699707031e+01
1.032652759552001953e+01
9.043787002563476562e+00
7.734458923339843750e+00
6.398366928100585938e+00
5.036214828491210938e+00
3.649485111236572266e+00
2.238916635513305664e+00
8.037605285644531250e-01
-6.545032858848571777e-01
-2.134395360946655273e+00
-3.636666297912597656e+00
-5.159839153289794922e+00
-6.703179359436035156e+00
-8.265211105346679688e+00
-9.847431182861328125e+00
-1.144836521148681641e+01
-1.306579589843750000e+01
-1.470047950744628906e+01
-1.635094642639160156e+01
-1.801720809936523438e+01
-1.969853973388671875e+01
-2.139346885681152344e+01
-2.310052871704101562e+01
-2.482122421264648438e+01
-2.655408859252929688e+01
-2.829691123962402344e+01
-3.005045509338378906e+01
-3.181400108337402344e+01
-3.358534240722656250e+01
-3.536524581909179688e+01
-3.715299224853515625e+01
-3.894711685180664062e+01
-4.074765014648437500e+01
-4.255238723754882812e+01
-4.436284637451171875e+01
-4.617830657958984375e+01
-4.799657058715820312e+01
-4.981766891479492188e+01
-5.163271331787109375e+01
-5.345288848876953125e+01
-5.527598571777343750e+01
-5.709461593627929688e+01
-5.891624069213867188e+01
-6.073346710205078125e+01
-6.254632186889648438e+01
-6.436227416992187500e+01
-6.616650390625000000e+01
-6.796647644042968750e+01
-6.977708435058593750e+01
-7.156864166259765625e+01
-7.335605621337890625e+01
-7.513193511962890625e+01
-7.690373992919921875e+01
-7.867147064208984375e+01
-8.042014312744140625e+01
-8.217928314208984375e+01
-8.391156768798828125e+01
-8.563168334960937500e+01
-8.734687805175781250e+01
-8.904955291748046875e+01
-9.072465515136718750e+01
-9.240174865722656250e+01
-9.405835723876953125e+01
-9.569429779052734375e+01
-9.732427215576171875e+01
-9.892578125000000000e+01
-1.005135421752929688e+02
-1.020873641967773438e+02
-1.036396331787109375e+02
-1.051627426147460938e+02
-1.066788253784179688e+02
-1.081579513549804688e+02
-1.096296920776367188e+02
-1.110641326904296875e+02
-1.124759445190429688e+02
-1.138723983764648438e+02
-1.152458877563476562e+02
-1.165887832641601562e+02
-1.179009094238281250e+02
-1.191969604492187500e+02
-1.204618835449218750e+02
-1.217029266357421875e+02
-1.229124832153320312e+02
-1.240903778076171875e+02
-1.252364120483398438e+02
-1.263652725219726562e+02
-1.274470596313476562e+02
-1.285187377929687500e+02
-1.295429687500000000e+02
-1.305493011474609375e+02
-1.315078125000000000e+02
-1.324406280517578125e+02
-1.333475341796875000e+02
-1.342209625244140625e+02
-1.350532531738281250e+02
-1.358591003417968750e+02
-1.366234588623046875e+02
-1.373684234619140625e+02
-1.380566864013671875e+02
-1.387251739501953125e+02
-1.393588562011718750e+02
-1.399649658203125000e+02
-1.405284729003906250e+02
-1.410565948486328125e+02
-1.415416870117187500e+02
-1.419984283447265625e+02
-1.424116821289062500e+02
-1.427961425781250000e+02
-1.431441192626953125e+02
-1.434479675292968750e+02
-1.437149200439453125e+02
-1.439521484375000000e+02
-1.441520385742187500e+02
-1.443143310546875000e+02
-1.444388275146484375e+02
-1.445252990722656250e+02
-1.445809478759765625e+02
-1.445906677246093750e+02
-1.445691375732421875e+02
-1.445086669921875000e+02
-1.444015960693359375e+02
-1.442699890136718750e+02
-1.440987701416015625e+02
-1.438876953125000000e+02
-1.436291046142578125e+02
-1.433450622558593750e+02
-1.430278930664062500e+02
-1.426699371337890625e+02
-1.422783813476562500e+02
-1.418455657958984375e+02
-1.413712615966796875e+02
-1.408700714111328125e+02
-1.403268890380859375e+02
-1.397563476562500000e+02
-1.391582031250000000e+02
-1.385099029541015625e+02
-1.378260803222656250e+02
-1.371138916015625000e+02
-1.363433990478515625e+02
-1.355514678955078125e+02
-1.347304382324218750e+02
-1.338800506591796875e+02
-1.329851684570312500e+02
-1.320530090332031250e+02
-1.310981292724609375e+02
-1.300979919433593750e+02
-1.290746459960937500e+02
-1.280129394531250000e+02
-1.269274673461914062e+02
-1.258031234741210938e+02
-1.246544952392578125e+02
-1.234738769531250000e+02
-1.222610015869140625e+02
-1.210230636596679688e+02
-1.197376937866210938e+02
-1.184420318603515625e+02
-1.171063156127929688e+02
-1.157453689575195312e+02
-1.143591613769531250e+02
-1.129476547241210938e+02
-1.115033721923828125e+02
-1.100411605834960938e+02
-1.085460815429687500e+02
-1.070263137817382812e+02
-1.054862442016601562e+02
-1.039250869750976562e+02
-1.023405914306640625e+02
-1.007349166870117188e+02
-9.910803985595703125e+01
-9.746065521240234375e+01
-9.579345703125000000e+01
-9.410713958740234375e+01
-9.240164947509765625e+01
-9.067993164062500000e+01
-8.894043731689453125e+01
-8.718386077880859375e+01
-8.541090393066406250e+01
-8.362374114990234375e+01
-8.182157135009765625e+01
-8.000659179687500000e+01
-7.817799377441406250e+01
-7.633721923828125000e+01
-7.448642730712890625e+01
-7.262410736083984375e+01
-7.075167846679687500e+01
-6.886982727050781250e+01
-6.697850036621093750e+01
-6.507913208007812500e+01
-6.317166519165039062e+01
-6.125753402709960938e+01
-5.933667373657226562e+01
-5.740903854370117188e+01
-5.547678756713867188e+01
-5.354136276245117188e+01
-5.159972000122070312e+01
-4.965774917602539062e+01
-4.771167755126953125e+01
-4.576441574096679688e+01
-4.381641387939453125e+01
-4.186732482910156250e+01
-3.991900634765625000e+01
-3.797078323364257812e+01
-3.602370071411132812e+01
-3.407832717895507812e+01
-3.213518905639648438e+01
-3.019518089294433594e+01
-2.825988960266113281e+01
-2.632850074768066406e+01
-2.440303802490234375e+01
-2.248440361022949219e+01
-2.057275581359863281e+01
-1.866750907897949219e+01
-1.677179718017578125e+01
-1.488577365875244141e+01
-1.300885391235351562e+01
-1.114342498779296875e+01
-9.288898468017578125e+00
-7.447658061981201172e+00
-5.619116783142089844e+00
-3.804173231124877930e+00
-2.002981185913085938e+00
-2.164385467767715454e-01
1.554557561874389648e+00
3.309109449386596680e+00
5.047805786132812500e+00
6.769006252288818359e+00
8.471813201904296875e+00
1.015755748748779297e+01
1.182459640502929688e+01
1.347129154205322266e+01
1.509822559356689453e+01
1.670524597167968750e+01
1.829144859313964844e+01
1.985519027709960938e+01
2.139705848693847656e+01
2.291540336608886719e+01
2.441229629516601562e+01
2.588459968566894531e+01
2.733290100097656250e+01
2.875703048706054688e+01
3.015608024597167969e+01
3.152989006042480469e+01
3.287680053710937500e+01
3.419888305664062500e+01
3.549521636962890625e+01
3.676414108276367188e+01
3.800549697875976562e+01
3.922132873535156250e+01
4.040850067138671875e+01
4.156831359863281250e+01
4.269985198974609375e+01
4.380219650268554688e+01
4.487665176391601562e+01
4.592154693603515625e+01
4.693740081787109375e+01
4.792323303222656250e+01
4.887881088256835938e+01
4.980390930175781250e+01
5.069828033447265625e+01
5.156169128417968750e+01
5.239465332031250000e+01
5.319543838500976562e+01
5.396603393554687500e+01
5.470396423339843750e+01
5.541049575805664062e+01
5.608462524414062500e+01
5.672760391235351562e+01
5.733844757080078125e+01
5.791616058349609375e+01
5.846274185180664062e+01
5.897570800781250000e+01
5.945630645751953125e+01
5.990354537963867188e+01
6.031792068481445312e+01
6.069993591308593750e+01
6.104933929443359375e+01
6.136513900756835938e+01
6.164784240722656250e+01
6.189868164062500000e+01
6.211592102050781250e+01
6.230005264282226562e+01
6.245232009887695312e+01
6.257098770141601562e+01
6.265729141235351562e+01
6.271097564697265625e+01
6.273254394531250000e+01
6.272247695922851562e+01
6.267829895019531250e+01
6.260272598266601562e+01
6.249475860595703125e+01
6.235489654541015625e+01
6.218287658691406250e+01
6.197918701171875000e+01
6.174356460571289062e+01
6.147649765014648438e+01
6.117847442626953125e+01
6.084848022460937500e+01
6.048773956298828125e+01
6.009599304199218750e+01
5.967446136474609375e+01
5.922211837768554688e+01
5.874019622802734375e+01
5.822767639160156250e+01
5.768579864501953125e+01
5.711521530151367188e+01
5.651510620117187500e+01
5.588688659667968750e+01
5.523048782348632812e+01
5.454583358764648438e+01
5.383506393432617188e+01
5.309662628173828125e+01
5.233191680908203125e+01
5.154308319091796875e+01
5.072780990600585938e+01
4.988823318481445312e+01
4.902426528930664062e+01
4.813730239868164062e+01
4.722649765014648438e+01
4.629324340820312500e+01
4.533744430541992188e+01
4.435973358154296875e+01
4.336150360107421875e+01
4.234115600585937500e+01
4.130081176757812500e+01
4.024111175537109375e+01
3.916119384765625000e+01
3.806170272827148438e+01
3.694474411010742188e+01
3.580946731567382812e+01
3.465723800659179688e+01
3.348779678344726562e+01
3.230236053466796875e+01
3.110066413879394531e+01
2.988333702087402344e+01
2.865129661560058594e+01
2.740452384948730469e+01
2.614364051818847656e+01
2.486897659301757812e+01
2.358142662048339844e+01
2.228079795837402344e+01
2.096816062927246094e+01
1.964473342895507812e+01
1.830898666381835938e+01
1.696280670166015625e+01
1.560607433319091797e+01
1.423941898345947266e+01
1.286420822143554688e+01
1.147958374023437500e+01
1.008691501617431641e+01
8.685344696044921875e+00
7.277729988098144531e+00
5.862471580505371094e+00
4.440198898315429688e+00
3.013071775436401367e+00
1.580447673797607422e+00
1.424714028835296631e-01
-1.299226164817810059e+00
-2.743013858795166016e+00
-4.190231800079345703e+00
-5.639249801635742188e+00
-7.089177608489990234e+00
-8.539869308471679688e+00
-9.990437507629394531e+00
-1.143999195098876953e+01
-1.288987541198730469e+01
-1.433622646331787109e+01
-1.578112888336181641e+01
-1.722221374511718750e+01
-1.866007423400878906e+01
-2.009383010864257812e+01
-2.152259635925292969e+01
-2.294622802734375000e+01
-2.436384773254394531e+01
-2.577531051635742188e+01
-2.717974090576171875e+01
-2.857402801513671875e+01
-2.996175193786621094e+01
-3.133757972717285156e+01
-3.270582962036132812e+01
-3.406414794921875000e+01
-3.541091537475585938e+01
-3.674823379516601562e+01
-3.807374191284179688e+01
-3.938582992553710938e+01
-4.068957519531250000e+01
-4.197965240478515625e+01
-4.325593185424804688e+01
-4.451978683471679688e+01
-4.577033996582031250e+01
-4.700673675537109375e+01
-4.822885131835937500e+01
-4.943285751342773438e+01
-5.062382507324218750e+01
-5.179644012451171875e+01
-5.295503997802734375e+01
-5.409504318237304688e+01
-5.522005462646484375e+01
-5.632994842529296875e+01
-5.741716766357421875e+01
-5.849645614624023438e+01
-5.955283355712890625e+01
-6.058617019653320312e+01
-6.160377120971679688e+01
-6.260549545288085938e+01
-6.358374786376953125e+01
-6.454574584960937500e+01
-6.549130249023437500e+01
-6.641278839111328125e+01
-6.731742095947265625e+01
-6.819758605957031250e+01
-6.906050872802734375e+01
-6.989852905273437500e+01
-7.071888732910156250e+01
-7.151393127441406250e+01
-7.229087829589843750e+01
-7.304206848144531250e+01
-7.378215789794921875e+01
-7.449605560302734375e+01
-7.518351745605468750e+01
-7.584432983398437500e+01
-7.648569488525390625e+01
-7.711479187011718750e+01
-7.771652984619140625e+01
-7.829065704345703125e+01
-7.883695220947265625e+01
-7.936257171630859375e+01
-7.986727905273437500e+01
-8.035083007812500000e+01
-8.080553436279296875e+01
-8.124600219726562500e+01
-8.164225006103515625e+01
-8.203116607666015625e+01
-8.239765167236328125e+01
-8.273400115966796875e+01
-8.304737854003906250e+01
-8.333752441406250000e+01
-8.360418701171875000e+01
-8.383966064453125000e+01
-8.406597900390625000e+01
-8.424571990966796875e+01
-8.441577911376953125e+01
-8.455358886718750000e+01
-8.468119049072265625e+01
-8.476858520507812500e+01
-8.483780670166015625e+01
-8.488116455078125000e+01
-8.490583038330078125e+01
-8.491153717041015625e+01
-8.488316345214843750e+01
-8.482787322998046875e+01
-8.475285339355468750e+01
-8.465783691406250000e+01
-8.453513336181640625e+01
-8.438972473144531250e+01
-8.421927642822265625e+01
-8.402667999267578125e+01
-8.381037902832031250e+01
-8.357254028320312500e+01
-8.331158447265625000e+01
-8.302894592285156250e+01
-8.272528839111328125e+01
-8.239980316162109375e+01
-8.205388641357421875e+01
-8.168673706054687500e+01
-8.130050659179687500e+01
-8.089288330078125000e+01
-8.046677398681640625e+01
-8.002210235595703125e+01
-7.955803680419921875e+01
-7.907598114013671875e+01
-7.857438659667968750e+01
-7.805612182617187500e+01
-7.752035522460937500e+01
-7.696626281738281250e+01
-7.639673614501953125e+01
-7.581090545654296875e+01
-7.520870208740234375e+01
-7.459001159667968750e+01
-7.395694732666015625e+01
-7.330868530273437500e+01
-7.264657592773437500e+01
-7.196902465820312500e+01
-7.127814483642578125e+01
-7.057454681396484375e+01
-6.985663604736328125e+01
-6.912650299072265625e+01
-6.838326263427734375e+01
-6.762752532958984375e+01
-6.686138153076171875e+01
-6.608171844482421875e+01
-6.529209899902343750e+01
-6.449014282226562500e+01
-6.367866897583007812e+01
-6.285604476928710938e+01
-6.202358245849609375e+01
-6.118186950683593750e+01
-6.033075332641601562e+01
-5.947005462646484375e+01
-5.860035705566406250e+01
-5.772223663330078125e+01
-5.683552932739257812e+01
-5.594153594970703125e+01
-5.503936004638671875e+01
-5.412961196899414062e+01
-5.321305465698242188e+01
-5.229048919677734375e+01
-5.136049652099609375e+01
-5.042536544799804688e+01
-4.948590850830078125e+01
-4.854070281982421875e+01
-4.759204483032226562e+01
-4.663926315307617188e+01
-4.568466186523437500e+01
-4.472608184814453125e+01
-4.376583480834960938e+01
-4.280400085449218750e+01
-4.184066009521484375e+01
-4.087590026855468750e+01
-3.991129684448242188e+01
-3.894694519042968750e+01
-3.798219680786132812e+01
-3.702011871337890625e+01
-3.605784606933593750e+01
-3.509845352172851562e+01
-3.414130401611328125e+01
-3.318650817871093750e+01
-3.223529815673828125e+01
-3.128771018981933594e+01
-3.034461212158203125e+01
-2.940567207336425781e+01
-2.847167778015136719e+01
-2.754298019409179688e+01
-2.662000274658203125e+01
-2.570316314697265625e+01
-2.479288864135742188e+01
-2.388945388793945312e+01
-2.299337768554687500e+01
-2.210486984252929688e+01
-2.122449493408203125e+01
-2.035250473022460938e+01
-1.948939514160156250e+01
-1.863521385192871094e+01
-1.779052925109863281e+01
-1.695538520812988281e+01
-1.613034629821777344e+01
-1.531552886962890625e+01
-1.451111602783203125e+01
-1.371751499176025391e+01
-1.293528079986572266e+01
-1.216421890258789062e+01
-1.140584182739257812e+01
-1.065801620483398438e+01
-9.922398567199707031e+00
-9.199835777282714844e+00
-8.488993644714355469e+00
-7.791520595550537109e+00
-7.106832981109619141e+00
-6.435830593109130859e+00
-5.777923583984375000e+00
-5.134749412536621094e+00
-4.504227638244628906e+00
-3.887990713119506836e+00
-3.286926746368408203e+00
-2.700435876846313477e+00
-2.127917051315307617e+00
-1.569511890411376953e+00
-1.026847004890441895e+00
-4.993202686309814453e-01
1.292739342898130417e-02
5.104972720146179199e-01
9.917602539062500000e-01
1.458801150321960449e+00
1.909244298934936523e+00
2.344426870346069336e+00
2.762711048126220703e+00
3.166914701461791992e+00
3.553163528442382812e+00
3.923524856567382812e+00
4.278574466705322266e+00
4.616655826568603516e+00
4.939077854156494141e+00
5.244173526763916016e+00
5.533985614776611328e+00
5.806834697723388672e+00
6.064009189605712891e+00
6.303074836730957031e+00
6.526793956756591797e+00
6.733464241027832031e+00
6.923605918884277344e+00
7.096248149871826172e+00
7.251896858215332031e+00
7.390314579010009766e+00
7.512738704681396484e+00
7.617432117462158203e+00
7.706365585327148438e+00
7.776083469390869141e+00
7.830106258392333984e+00
7.866528511047363281e+00
7.886784076690673828e+00
7.889032363891601562e+00
7.873658180236816406e+00
7.841269016265869141e+00
7.791428565979003906e+00
7.724017143249511719e+00
7.639081001281738281e+00
7.537130832672119141e+00
7.418084621429443359e+00
7.281934261322021484e+00
7.129140853881835938e+00
6.959593296051025391e+00
6.773554325103759766e+00
6.571138858795166016e+00
6.352577686309814453e+00
6.117931842803955078e+00
5.867578029632568359e+00
5.601377487182617188e+00
5.319490432739257812e+00
5.022305488586425781e+00
4.710141658782958984e+00
4.382874488830566406e+00
4.040758609771728516e+00
3.684497356414794922e+00
3.313089609146118164e+00
2.928066730499267578e+00
2.529329299926757812e+00
2.116782426834106445e+00
1.691079020500183105e+00
1.252876162528991699e+00
8.013485074043273926e-01
3.379040062427520752e-01
-1.382754594087600708e-01
-6.257757544517517090e-01
-1.126152753829956055e+00
-1.636501312255859375e+00
-2.158373594284057617e+00
-2.691091537475585938e+00
-3.234719276428222656e+00
-3.787834882736206055e+00
-4.351246833801269531e+00
-4.923534870147705078e+00
-5.506253242492675781e+00
-6.096499919891357422e+00
-6.696578979492187500e+00
-7.305079936981201172e+00
-7.922084331512451172e+00
-8.547677993774414062e+00
-9.178238868713378906e+00
-9.818319320678710938e+00
-1.046356582641601562e+01
-1.111705970764160156e+01
-1.177668952941894531e+01
-1.244332122802734375e+01
-1.311560249328613281e+01
-1.379363536834716797e+01
-1.447664737701416016e+01
-1.516606521606445312e+01
-1.585961532592773438e+01
-1.655873870849609375e+01
-1.726043128967285156e+01
-1.796541023254394531e+01
-1.867588996887207031e+01
-1.938739776611328125e+01
-2.010290718078613281e+01
-2.082019042968750000e+01
-2.153926086425781250e+01
-2.226087379455566406e+01
-2.298282051086425781e+01
-2.370661735534667969e+01
-2.443080520629882812e+01
-2.515616035461425781e+01
-2.588123321533203125e+01
-2.660754776000976562e+01
-2.733291435241699219e+01
-2.805885314941406250e+01
-2.878317642211914062e+01
-2.950666427612304688e+01
-3.023009681701660156e+01
-3.095127487182617188e+01
-3.167170906066894531e+01
-3.239068603515625000e+01
-3.310598754882812500e+01
-3.382061004638671875e+01
-3.453231430053710938e+01
-3.524111557006835938e+01
-3.594773864746093750e+01
-3.664993286132812500e+01
-3.734991073608398438e+01
-3.804614257812500000e+01
-3.873710250854492188e+01
-3.942496109008789062e+01
-4.010817337036132812e+01
-4.078739929199218750e+01
-4.146256256103515625e+01
-4.213133239746093750e+01
-4.279509353637695312e+01
-4.345298767089843750e+01
-4.410489273071289062e+01
-4.474993133544921875e+01
-4.539019393920898438e+01
-4.602256011962890625e+01
-4.664761352539062500e+01
-4.726519393920898438e+01
-4.787512969970703125e+01
-4.847723388671875000e+01
-4.907052993774414062e+01
-4.965550613403320312e+01
-5.023190689086914062e+01
-5.079872131347656250e+01
-5.135718917846679688e+01
-5.190407562255859375e+01
-5.243911743164062500e+01
-5.296578598022460938e+01
-5.348010635375976562e+01
-5.398406219482421875e+01
-5.447518920898437500e+01
-5.495695495605468750e+01
-5.542468261718750000e+01
-5.587963104248046875e+01
-5.632381820678710938e+01
-5.675481033325195312e+01
-5.717242050170898438e+01
-5.757645416259765625e+01
-5.796823120117187500e+01
-5.834610366821289062e+01
-5.871066665649414062e+01
-5.906177520751953125e+01
-5.939856338500976562e+01
-5.972240066528320312e+01
-6.003170394897460938e+01
-6.032786178588867188e+01
-6.061004257202148438e+01
-6.087818527221679688e+01
-6.113297653198242188e+01
-6.137286376953125000e+01
-6.159855651855468750e+01
-6.181150817871093750e+01
-6.201019287109375000e+01
-6.219533920288085938e+01
-6.236693572998046875e+01
-6.252495574951171875e+01
-6.267013931274414062e+01
-6.280097961425781250e+01
-6.292045211791992188e+01
-6.302630615234375000e+01
-6.311928176879882812e+01
-6.319934844970703125e+01
-6.326797485351562500e+01
-6.332289505004882812e+01
-6.336704635620117188e+01
-6.339815139770507812e+01
-6.341690063476562500e+01
-6.342395782470703125e+01
-6.341924667358398438e+01
0.000000000000000000e+00
0.000000000000000000e+00
0.000000000000000000e+00
0.000000000000000000e+00
0.000000000000000000e+00
0.000000000000000000e+00
0.000000000000000000e+00
0.000000000000000000e+00
0.000000000000000000e+00
0.000000000000000000e+00
0.000000000000000000e+00
0.000000000000000000e+00
0.000000000000000000e+00
0.000000000000000000e+00
0.000000000000000000e+00
0.000000000000000000e+00
0.000000000000000000e+00
0.000000000000000000e+00
0.000000000000000000e+00
0.000000000000000000e+00
0.000000000000000000e+00
0.000000000000000000e+00
0.000000000000000000e+00
0.000000000000000000e+00
0.000000000000000000e+00
0.000000000000000000e+00
0.000000000000000000e+00
0.000000000000000000e+00
0.000000000000000000e+00
0.000000000000000000e+00
0.000000000000000000e+00
0.000000000000000000e+00
0.000000000000000000e+00
0.000000000000000000e+00
0.000000000000000000e+00
0.000000000000000000e+00
0.000000000000000000e+00
0.000000000000000000e+00
0.000000000000000000e+00
0.000000000000000000e+00
0.000000000000000000e+00
0.000000000000000000e+00
0.000000000000000000e+00
0.000000000000000000e+00
0.000000000000000000e+00
0.000000000000000000e+00
0.000000000000000000e+00
0.000000000000000000e+00
0.000000000000000000e+00
0.000000000000000000e+00
0.000000000000000000e+00
0.000000000000000000e+00
0.000000000000000000e+00
0.000000000000000000e+00
0.000000000000000000e+00
0.000000000000000000e+00
0.000000000000000000e+00
0.000000000000000000e+00
0.000000000000000000e+00
0.000000000000000000e+00
0.000000000000000000e+00
0.000000000000000000e+00
0.000000000000000000e+00
0.000000000000000000e+00
0.000000000000000000e+00
0.000000000000000000e+00
0.000000000000000000e+00
0.000000000000000000e+00
0.000000000000000000e+00
0.000000000000000000e+00
0.000000000000000000e+00
0.000000000000000000e+00
0.000000000000000000e+00
0.000000000000000000e+00
0.000000000000000000e+00
0.000000000000000000e+00
0.000000000000000000e+00
0.000000000000000000e+00
0.000000000000000000e+00
0.000000000000000000e+00
0.000000000000000000e+00
0.000000000000000000e+00
0.000000000000000000e+00
0.000000000000000000e+00
0.000000000000000000e+00
0.000000000000000000e+00
0.000000000000000000e+00
0.000000000000000000e+00
0.000000000000000000e+00
0.000000000000000000e+00
0.000000000000000000e+00
0.000000000000000000e+00
0.000000000000000000e+00
0.000000000000000000e+00
0.000000000000000000e+00
0.000000000000000000e+00
0.000000000000000000e+00
0.000000000000000000e+00
0.000000000000000000e+00
0.000000000000000000e+00
