# tt
1.251707275390625000e+03
1.176444946289062500e+03
1.103697753906250000e+03
1.047473754882812500e+03
1.007031799316406250e+03
9.793963012695312500e+02
9.611259155273437500e+02
9.501646728515625000e+02
9.449105224609375000e+02
9.435610961914062500e+02
9.463254394531250000e+02
9.513049316406250000e+02
9.574251098632812500e+02
9.650709838867187500e+02
9.747591552734375000e+02
9.863695068359375000e+02
9.988811035156250000e+02
1.013062377929687500e+03
1.027194335937500000e+03
1.041643920898437500e+03
1.056708984375000000e+03
1.072183105468750000e+03
1.088106079101562500e+03
1.104446899414062500e+03
1.121047729492187500e+03
1.138132568359375000e+03
1.155531860351562500e+03
1.173275512695312500e+03
1.191260864257812500e+03
1.209397827148437500e+03
1.227972290039062500e+03
1.246976196289062500e+03
1.266213867187500000e+03
1.285625122070312500e+03
1.305123046875000000e+03
1.324748413085937500e+03
1.344835693359375000e+03
1.365354003906250000e+03
1.386013671875000000e+03
1.406908325195312500e+03
1.427807617187500000e+03
1.448864379882812500e+03
1.469934570312500000e+03
1.491393920898437500e+03
1.513172607421875000e+03
1.535128417968750000e+03
1.557193359375000000e+03
1.579448486328125000e+03
1.602123046875000000e+03
1.624997314453125000e+03
1.648284179687500000e+03
1.671598144531250000e+03
1.694851562500000000e+03
1.718253784179687500e+03
1.742019531250000000e+03
1.766089477539062500e+03
1.790483764648437500e+03
1.815074218750000000e+03
1.839881347656250000e+03
1.865216796875000000e+03
1.890478149414062500e+03
1.915875122070312500e+03
1.941691162109375000e+03
1.967541015625000000e+03
1.993708374023437500e+03
2.020031127929687500e+03
2.046792602539062500e+03
2.073756591796875000e+03
2.101057617187500000e+03
2.128543457031250000e+03
2.156250976562500000e+03
2.184152587890625000e+03
2.212294677734375000e+03
2.240798583984375000e+03
2.269620605468750000e+03
2.298800048828125000e+03
2.328360595703125000e+03
2.358103271484375000e+03
2.388125488281250000e+03
2.418314453125000000e+03
2.448756591796875000e+03
2.479401367187500000e+03
2.510346923828125000e+03
2.541468750000000000e+03
2.572859375000000000e+03
2.604736816406250000e+03
2.636643554687500000e+03
2.668939941406250000e+03
2.701466064453125000e+03
2.734138427734375000e+03
2.767105957031250000e+03
2.800370117187500000e+03
2.833709960937500000e+03
2.867350097656250000e+03
2.900995361328125000e+03
2.935093750000000000e+03
2.969423583984375000e+03
3.003838623046875000e+03
3.038563720703125000e+03
3.073451904296875000e+03
3.108876464843750000e+03
3.144244873046875000e+03
3.179856933593750000e+03
3.215639404296875000e+03
3.251668701171875000e+03
3.287649658203125000e+03
3.324030029296875000e+03
3.360588867187500000e+03
3.397253173828125000e+03
3.434099365234375000e+03
3.471125000000000000e+03
3.508402587890625000e+03
3.545781250000000000e+03
3.583406982421875000e+03
3.621054687500000000e+03
3.659019042968750000e+03
3.697149902343750000e+03
3.735295410156250000e+03
3.773602539062500000e+03
3.811919677734375000e+03
3.850319824218750000e+03
3.888799804687500000e+03
3.927357910156250000e+03
3.965916748046875000e+03
4.004549072265625000e+03
4.043177978515625000e+03
4.081801513671875000e+03
4.120491210937500000e+03
4.159170410156250000e+03
4.197837890625000000e+03
4.236567382812500000e+03
4.275211425781250000e+03
4.313844238281250000e+03
4.352467773437500000e+03
4.390932617187500000e+03
4.429388671875000000e+03
4.467761718750000000e+03
4.505904296875000000e+03
4.544114257812500000e+03
4.582094726562500000e+03
4.620069335937500000e+03
4.657964355468750000e+03
4.695631835937500000e+03
4.733146484375000000e+03
4.770731933593750000e+03
4.807942871093750000e+03
4.845003906250000000e+03
4.881987792968750000e+03
4.918674316406250000e+03
4.955210937500000000e+03
4.991448730468750000e+03
5.027535156250000000e+03
5.063394042968750000e+03
5.099024902343750000e+03
5.134277343750000000e+03
5.169447265625000000e+03
5.204310546875000000e+03
5.238865722656250000e+03
5.273186523437500000e+03
5.307271484375000000e+03
5.341044433593750000e+03
5.374653320312500000e+03
5.407799316406250000e+03
5.440778320312500000e+03
5.473440917968750000e+03
5.505859375000000000e+03
5.537810546875000000e+03
5.569441406250000000e+03
5.600750976562500000e+03
5.631588867187500000e+03
5.662028320312500000e+03
5.691993652343750000e+03
5.721632324218750000e+03
5.750870117187500000e+03
5.779555175781250000e+03
5.807836425781250000e+03
5.835639648437500000e+03
5.862962890625000000e+03
5.889956054687500000e+03
5.916394042968750000e+03
5.942351074218750000e+03
5.967752929687500000e+03
5.992746582031250000e+03
6.017258300781250000e+03
6.040915527343750000e+03
6.064386718750000000e+03
6.087298828125000000e+03
6.109578613281250000e+03
6.131670410156250000e+03
6.152830566406250000e+03
6.173579589843750000e+03
6.193692382812500000e+03
6.213393066406250000e+03
6.232457519531250000e+03
6.250884765625000000e+03
6.268823730468750000e+03
6.286198730468750000e+03
6.303010253906250000e+03
6.319256835937500000e+03
6.334864257812500000e+03
6.349905273437500000e+03
6.364304687500000000e+03
6.377988281250000000e+03
6.391102539062500000e+03
6.403498046875000000e+03
6.415321777343750000e+03
6.426351074218750000e+03
6.436733886718750000e+03
6.446467285156250000e+03
6.455551757812500000e+03
6.463836914062500000e+03
6.471545898437500000e+03
6.478527832031250000e+03
6.484856445312500000e+03
6.490456542968750000e+03
6.495475097656250000e+03
6.499763671875000000e+03
6.503395019531250000e+03
6.506368164062500000e+03
6.508681640625000000e+03
6.510334960937500000e+03
6.511178710937500000e+03
6.511508789062500000e+03
6.511101074218750000e+03
6.510029296875000000e+03
6.508217773437500000e+03
6.505814941406250000e+03
6.502744140625000000e+03
6.498931152343750000e+03
6.494375000000000000e+03
6.489223144531250000e+03
6.483399414062500000e+03
6.476755859375000000e+03
6.469512695312500000e+03
6.461521484375000000e+03
6.452855957031250000e+03
6.443513671875000000e+03
6.433568847656250000e+03
6.422796875000000000e+03
6.411495605468750000e+03
6.399513671875000000e+03
6.386851074218750000e+03
6.373506347656250000e+03
6.359479003906250000e+03
6.344841796875000000e+03
6.329594238281250000e+03
6.313660644531250000e+03
6.297189453125000000e+03
6.280029785156250000e+03
6.262330566406250000e+03
6.243868652343750000e+03
6.225016601562500000e+03
6.205478027343750000e+03
6.185327148437500000e+03
6.164639648437500000e+03
6.143416015625000000e+03
6.121582031250000000e+03
6.099212890625000000e+03
6.076384277343750000e+03
6.052947265625000000e+03
6.028902832031250000e+03
6.004623535156250000e+03
5.979663574218750000e+03
5.954097656250000000e+03
5.928150390625000000e+03
5.901598144531250000e+03
5.874591308593750000e+03
5.846981445312500000e+03
5.819065429687500000e+03
5.790622558593750000e+03
5.761875488281250000e+03
5.732601074218750000e+03
5.702950195312500000e+03
5.672848144531250000e+03
5.642443847656250000e+03
5.611515625000000000e+03
5.580286621093750000e+03
5.548683593750000000e+03
5.516706054687500000e+03
5.484503906250000000e+03
5.451780273437500000e+03
5.418833007812500000e+03
5.385588378906250000e+03
5.352046875000000000e+03
5.318134277343750000e+03
5.283925781250000000e+03
5.249496582031250000e+03
5.214772949218750000e+03
5.179829101562500000e+03
5.144665527343750000e+03
5.108985351562500000e+03
5.073384765625000000e+03
5.037417480468750000e+03
5.001455566406250000e+03
4.965128417968750000e+03
4.928658691406250000e+03
4.891899414062500000e+03
4.855073242187500000e+03
4.818032226562500000e+03
4.780851074218750000e+03
4.743605468750000000e+03
4.706222656250000000e+03
4.668703125000000000e+03
4.631122558593750000e+03
4.593408203125000000e+03
4.555635253906250000e+03
4.517805175781250000e+03
4.479993164062500000e+03
4.442051757812500000e+03
4.404130859375000000e+03
4.366232421875000000e+03
4.328281738281250000e+03
4.290355957031250000e+03
4.252455078125000000e+03
4.214580566406250000e+03
4.176734375000000000e+03
4.138916503906250000e+03
4.101203613281250000e+03
4.063595458984375000e+03
4.026020507812500000e+03
3.988553222656250000e+03
3.951194580078125000e+03
3.913946289062500000e+03
3.876884033203125000e+03
3.839859863281250000e+03
3.803023437500000000e+03
3.766376708984375000e+03
3.729845214843750000e+03
3.693505615234375000e+03
3.657433105468750000e+03
3.621479492187500000e+03
3.585721191406250000e+03
3.550233154296875000e+03
3.514867919921875000e+03
3.479774902343750000e+03
3.444955810546875000e+03
3.410336914062500000e+03
3.376068359375000000e+03
3.342002441406250000e+03
3.308140625000000000e+03
3.274632080078125000e+03
3.241403808593750000e+03
3.208531250000000000e+03
3.175866943359375000e+03
3.143560302734375000e+03
3.111538574218750000e+03
3.079876953125000000e+03
3.048501953125000000e+03
3.017489501953125000e+03
2.986989013671875000e+03
2.956630126953125000e+03
2.926712158203125000e+03
2.897087158203125000e+03
2.867905761718750000e+03
2.839094726562500000e+03
2.810656005859375000e+03
2.782664794921875000e+03
2.754974121093750000e+03
2.727734375000000000e+03
2.700872070312500000e+03
2.674463378906250000e+03
2.648435546875000000e+03
2.622863769531250000e+03
2.597675781250000000e+03
2.572947265625000000e+03
2.548679443359375000e+03
2.524725341796875000e+03
2.501383300781250000e+03
2.478432373046875000e+03
2.455873779296875000e+03
2.433783447265625000e+03
2.412162597656250000e+03
2.391012451171875000e+03
2.370260986328125000e+03
2.350058105468750000e+03
2.330330566406250000e+03
2.311005615234375000e+03
2.292159423828125000e+03
2.273867431640625000e+03
2.255982666015625000e+03
2.238506835937500000e+03
2.221589599609375000e+03
2.205232910156250000e+03
2.189215087890625000e+03
2.173760742187500000e+03
2.158722412109375000e+03
2.144176269531250000e+03
2.130124023437500000e+03
2.116566894531250000e+03
2.103506347656250000e+03
2.090869628906250000e+03
2.078807128906250000e+03
2.067171386718750000e+03
2.055964355468750000e+03
2.045335937500000000e+03
2.035064575195312500e+03
2.025375244140625000e+03
2.016120361328125000e+03
2.007301757812500000e+03
1.998994873046875000e+03
1.991200439453125000e+03
1.983843994140625000e+03
1.976926269531250000e+03
1.970521606445312500e+03
1.964481689453125000e+03
1.958955322265625000e+03
1.953868408203125000e+03
1.949295532226562500e+03
1.945088745117187500e+03
1.941396484375000000e+03
1.938070556640625000e+03
1.935185546875000000e+03
1.932667480468750000e+03
1.930665161132812500e+03
1.929030273437500000e+03
1.927763183593750000e+03
1.926938354492187500e+03
1.926556396484375000e+03
1.926542846679687500e+03
1.926972656250000000e+03
1.927771728515625000e+03
1.928866088867187500e+03
1.930330200195312500e+03
1.932238891601562500e+03
1.934518066406250000e+03
1.937093994140625000e+03
1.940040893554687500e+03
1.943285156250000000e+03
1.946975585937500000e+03
1.950963989257812500e+03
1.955176269531250000e+03
1.959835815429687500e+03
1.964720092773437500e+03
1.969903930664062500e+03
1.975461669921875000e+03
1.981319702148437500e+03
1.987403930664062500e+03
1.993863403320312500e+03
2.000550048828125000e+03
2.007538330078125000e+03
2.014680297851562500e+03
2.022199096679687500e+03
2.029946655273437500e+03
2.037923095703125000e+03
2.046055053710937500e+03
2.054491455078125000e+03
2.063083984375000000e+03
2.071981445312500000e+03
2.081110839843750000e+03
2.090396972656250000e+03
2.099839843750000000e+03
2.109586914062500000e+03
2.119414062500000000e+03
2.129394531250000000e+03
2.139676269531250000e+03
2.149960693359375000e+03
2.160470214843750000e+03
2.171129150390625000e+03
2.181936279296875000e+03
2.192816894531250000e+03
2.203843994140625000e+03
2.214941894531250000e+03
2.226110595703125000e+03
2.237348144531250000e+03
2.248728515625000000e+03
2.260250244140625000e+03
2.271764404296875000e+03
2.283343505859375000e+03
2.295061279296875000e+03
2.306619628906250000e+03
2.318388916015625000e+03
2.330145263671875000e+03
2.341961914062500000e+03
2.353838378906250000e+03
2.365624511718750000e+03
2.377393798828125000e+03
2.389219482421875000e+03
2.401026611328125000e+03
2.412813964843750000e+03
2.424580566406250000e+03
2.436400146484375000e+03
2.448048095703125000e+03
2.459598144531250000e+03
2.471272216796875000e+03
2.482846435546875000e+03
2.494319824218750000e+03
2.505691162109375000e+03
2.517034423828125000e+03
2.528347900390625000e+03
2.539408203125000000e+03
2.550511474609375000e+03
2.561507812500000000e+03
2.572396728515625000e+03
2.583102539062500000e+03
2.593698730468750000e+03
2.604184570312500000e+03
2.614559082031250000e+03
2.624895019531250000e+03
2.635043457031250000e+03
2.644928710937500000e+03
2.654846923828125000e+03
2.664499267578125000e+03
2.673958740234375000e+03
2.683447265625000000e+03
2.692591552734375000e+03
2.701687011718750000e+03
2.710510253906250000e+03
2.719208007812500000e+03
2.727630371093750000e+03
2.735999023437500000e+03
2.744089355468750000e+03
2.752049072265625000e+03
2.759802001953125000e+03
2.767346923828125000e+03
2.774682861328125000e+03
2.781733398437500000e+03
2.788646484375000000e+03
2.795419921875000000e+03
2.801904541015625000e+03
2.808098876953125000e+03
2.814075195312500000e+03
2.819907226562500000e+03
2.825518554687500000e+03
2.830759521484375000e+03
2.835851562500000000e+03
2.840867675781250000e+03
2.845509033203125000e+03
2.849923095703125000e+03
2.854033935546875000e+03
2.858137695312500000e+03
2.861786621093750000e+03
2.865202392578125000e+03
2.868384033203125000e+03
2.871329345703125000e+03
2.874037353515625000e+03
2.876580810546875000e+03
2.878735351562500000e+03
2.880722412109375000e+03
2.882466308593750000e+03
2.883891357421875000e+03
2.885144287109375000e+03
2.886075683593750000e+03
2.886832031250000000e+03
2.887263427734375000e+03
2.887517089843750000e+03
2.887442871093750000e+03
2.887187988281250000e+03
2.886676269531250000e+03
2.885906738281250000e+03
2.884951904296875000e+03
2.883662597656250000e+03
2.882186767578125000e+03
2.880449707031250000e+03
2.878450439453125000e+03
2.876188720703125000e+03
2.873738037109375000e+03
2.871023681640625000e+03
2.868044921875000000e+03
2.864949462890625000e+03
2.861439697265625000e+03
2.857886962890625000e+03
2.854066894531250000e+03
2.850053710937500000e+03
2.845772216796875000e+03
2.841296142578125000e+03
2.836625000000000000e+03
2.831757812500000000e+03
2.826619873046875000e+03
2.821359130859375000e+03
2.815826171875000000e+03
2.810094726562500000e+03
2.804238525390625000e+03
2.798182128906250000e+03
2.791925292968750000e+03
2.785541748046875000e+03
2.778881591796875000e+03
2.772093505859375000e+03
2.765176269531250000e+03
2.758129394531250000e+03
2.750729248046875000e+03
2.743272216796875000e+03
2.735683349609375000e+03
2.727962158203125000e+03
2.720107666015625000e+03
2.712044677734375000e+03
2.703921630859375000e+03
2.695588623046875000e+03
2.687119628906250000e+03
2.678513916015625000e+03
2.669844726562500000e+03
2.661036865234375000e+03
2.652090332031250000e+03
2.642929443359375000e+03
2.633702392578125000e+03
2.624482177734375000e+03
2.615119873046875000e+03
2.605837646484375000e+03
2.596337402343750000e+03
2.586692626953125000e+03
2.576977050781250000e+03
2.567191406250000000e+03
2.557261962890625000e+03
2.547412597656250000e+03
2.537421386718750000e+03
2.527437744140625000e+03
2.517164794921875000e+03
2.507049804687500000e+03
2.496944580078125000e+03
2.486701416015625000e+03
2.476469726562500000e+03
2.466250244140625000e+03
2.455895263671875000e+03
2.445628662109375000e+03
2.435302001953125000e+03
2.424990966796875000e+03
2.414770507812500000e+03
2.404492431640625000e+03
2.394157958984375000e+03
2.383990722656250000e+03
2.373694091796875000e+03
2.363491699218750000e+03
2.353384277343750000e+03
2.343224365234375000e+03
2.333086914062500000e+03
2.323046630859375000e+03
2.313104492187500000e+03
2.303187011718750000e+03
2.293369140625000000e+03
2.283503173828125000e+03
2.273738281250000000e+03
2.264149902343750000e+03
2.254515380859375000e+03
2.245058593750000000e+03
2.235706298828125000e+03
2.226310058593750000e+03
2.217093750000000000e+03
2.207984130859375000e+03
2.198981933593750000e+03
2.190087646484375000e+03
2.181302001953125000e+03
2.172551513671875000e+03
2.163985839843750000e+03
2.155605224609375000e+03
2.147262451171875000e+03
2.139032226562500000e+03
2.131063964843750000e+03
2.123061035156250000e+03
2.115322021484375000e+03
2.107698242187500000e+03
2.100191406250000000e+03
2.092802001953125000e+03
2.085680664062500000e+03
2.078605468750000000e+03
2.071652099609375000e+03
2.064970703125000000e+03
2.058413574218750000e+03
2.051908203125000000e+03
2.045752929687500000e+03
2.039726440429687500e+03
2.033829711914062500e+03
2.028138793945312500e+03
2.022580444335937500e+03
2.017230590820312500e+03
2.012016357421875000e+03
2.007012939453125000e+03
2.002222045898437500e+03
1.997496459960937500e+03
1.993134765625000000e+03
1.988841186523437500e+03
1.984839843750000000e+03
1.980909423828125000e+03
1.977273925781250000e+03
1.973786376953125000e+03
1.970522460937500000e+03
1.967409423828125000e+03
1.964522460937500000e+03
1.961863647460937500e+03
1.959359497070312500e+03
1.957160644531250000e+03
1.955119384765625000e+03
1.953237304687500000e+03
1.951664428710937500e+03
1.950179321289062500e+03
1.948857666015625000e+03
1.947775512695312500e+03
1.947007934570312500e+03
1.946334350585937500e+03
1.945904174804687500e+03
1.945644897460937500e+03
1.945631835937500000e+03
1.945792724609375000e+03
1.946203247070312500e+03
1.946715698242187500e+03
1.947555419921875000e+03
1.948574462890625000e+03
1.949774658203125000e+03
1.951157836914062500e+03
1.952724975585937500e+03
1.954552001953125000e+03
1.956566284179687500e+03
1.958768188476562500e+03
1.961158691406250000e+03
1.963738159179687500e+03
1.966432861328125000e+03
1.969392211914062500e+03
1.972468017578125000e+03
1.975884033203125000e+03
1.979343383789062500e+03
1.983069946289062500e+03
1.986915283203125000e+03
1.990955078125000000e+03
1.995263671875000000e+03
1.999544677734375000e+03
2.004096191406250000e+03
2.008844116210937500e+03
2.013715209960937500e+03
2.018710083007812500e+03
2.023903808593750000e+03
2.029148193359375000e+03
2.034741455078125000e+03
2.040312500000000000e+03
2.046085205078125000e+03
2.051985839843750000e+03
2.058015136718750000e+03
2.064248291015625000e+03
2.070537109375000000e+03
2.076956787109375000e+03
2.083508300781250000e+03
2.090117675781250000e+03
2.097008789062500000e+03
2.103885009765625000e+03
2.110970703125000000e+03
2.118116943359375000e+03
2.125399414062500000e+03
2.132670410156250000e+03
2.140153564453125000e+03
2.147626220703125000e+03
2.155238281250000000e+03
2.162916503906250000e+03
2.170735351562500000e+03
2.178621337890625000e+03
2.186575927734375000e+03
2.194673583984375000e+03
2.202766845703125000e+03
2.210856201171875000e+03
2.219017333984375000e+03
2.227325195312500000e+03
2.235705810546875000e+03
2.244086425781250000e+03
2.252541259765625000e+03
2.261070556640625000e+03
2.269598876953125000e+03
2.278125488281250000e+03
2.286798828125000000e+03
2.295320312500000000e+03
2.304061523437500000e+03
2.312649414062500000e+03
2.321381591796875000e+03
2.330033447265625000e+03
2.338679199218750000e+03
2.347466796875000000e+03
2.356097900390625000e+03
2.364795654296875000e+03
2.373409667968750000e+03
2.382088867187500000e+03
2.390683837890625000e+03
2.399267822265625000e+03
2.407840576171875000e+03
2.416327148437500000e+03
2.424801025390625000e+03
2.433187255859375000e+03
2.441559814453125000e+03
2.449843261718750000e+03
2.458186035156250000e+03
2.466290283203125000e+03
2.474378173828125000e+03
2.482597900390625000e+03
2.490502441406250000e+03
2.498389160156250000e+03
2.506256591796875000e+03
2.513956298828125000e+03
2.521635986328125000e+03
2.529220703125000000e+03
2.536635253906250000e+03
2.544028320312500000e+03
2.551249755859375000e+03
2.558374023437500000e+03
2.565400390625000000e+03
2.572402099609375000e+03
2.579229980468750000e+03
2.585958251953125000e+03
2.592511718750000000e+03
2.598889404296875000e+03
2.605165283203125000e+03
2.611487548828125000e+03
2.617483398437500000e+03
2.623375732421875000e+03
2.629163574218750000e+03
2.634846435546875000e+03
2.640349121093750000e+03
2.645595947265625000e+03
2.650883300781250000e+03
2.655912109375000000e+03
2.660904052734375000e+03
2.665635009765625000e+03
2.670177734375000000e+03
2.674531250000000000e+03
2.678842041015625000e+03
2.682886474609375000e+03
2.686737304687500000e+03
2.690467529296875000e+03
2.694001220703125000e+03
2.697485839843750000e+03
2.700697021484375000e+03
2.703633300781250000e+03
2.706441894531250000e+03
2.709196044921875000e+03
2.711670898437500000e+03
2.714014160156250000e+03
2.716075683593750000e+03
2.718002197265625000e+03
2.719718750000000000e+03
2.721149169921875000e+03
2.722515136718750000e+03
2.723592285156250000e+03
2.724453613281250000e+03
2.725246093750000000e+03
2.725745361328125000e+03
2.726098876953125000e+03
2.726230712890625000e+03
2.726139404296875000e+03
2.725897949218750000e+03
2.725356201171875000e+03
2.724735839843750000e+03
2.723737792968750000e+03
2.722658203125000000e+03
2.721346679687500000e+03
2.719727783203125000e+03
2.718022705078125000e+03
2.716081298828125000e+03
2.713902587890625000e+03
2.711558837890625000e+03
2.708899902343750000e+03
2.706147705078125000e+03
2.703226074218750000e+03
2.700133544921875000e+03
2.696794189453125000e+03
2.693132324218750000e+03
2.689443603515625000e+03
2.685429199218750000e+03
2.681237304687500000e+03
2.676867187500000000e+03
2.672243896484375000e+03
2.667366699218750000e+03
2.662457763671875000e+03
2.657219726562500000e+03
2.651799804687500000e+03
2.646197998046875000e+03
2.640487548828125000e+03
2.634519531250000000e+03
2.628366943359375000e+03
2.622029541015625000e+03
2.615506591796875000e+03
2.608648437500000000e+03
2.601975097656250000e+03
2.594890625000000000e+03
2.587691894531250000e+03
2.580303710937500000e+03
2.572725830078125000e+03
2.565031005859375000e+03
2.557144531250000000e+03
2.549065673828125000e+03
2.540867919921875000e+03
2.532475830078125000e+03
2.523889160156250000e+03
2.515329589843750000e+03
2.506424804687500000e+03
2.497471191406250000e+03
2.488393798828125000e+03
2.479117187500000000e+03
2.469715332031250000e+03
2.460261230468750000e+03
2.450531250000000000e+03
2.440672851562500000e+03
2.430760009765625000e+03
2.420643066406250000e+03
2.410543945312500000e+03
2.400090332031250000e+03
2.389652587890625000e+03
2.379156005859375000e+03
2.368525146484375000e+03
2.357685058593750000e+03
2.346857421875000000e+03
2.335818359375000000e+03
2.324716308593750000e+03
2.313475341796875000e+03
2.302243652343750000e+03
2.290871582031250000e+03
2.279357910156250000e+03
2.267851074218750000e+03
2.256202392578125000e+03
2.244338134765625000e+03
2.232629882812500000e+03
2.220706542968750000e+03
2.208717773437500000e+03
2.196737060546875000e+03
2.184765869140625000e+03
2.172655761718750000e+03
2.160406494140625000e+03
2.148167724609375000e+03
2.135865234375000000e+03
2.123276611328125000e+03
2.110996337890625000e+03
2.098504882812500000e+03
2.086100097656250000e+03
2.073558593750000000e+03
2.061104736328125000e+03
2.048589355468750000e+03
2.036013427734375000e+03
2.023525268554687500e+03
2.010902954101562500e+03
1.998294799804687500e+03
1.985701782226562500e+03
1.973197998046875000e+03
1.960561157226562500e+03
1.948014282226562500e+03
1.935483520507812500e+03
1.922894775390625000e+03
1.910396972656250000e+03
1.897841918945312500e+03
1.885378295898437500e+03
1.872932373046875000e+03
1.860504028320312500e+03
1.848093872070312500e+03
1.835776367187500000e+03
1.823403198242187500e+03
1.811123413085937500e+03
1.798936889648437500e+03
1.786695434570312500e+03
1.774548339843750000e+03
1.762421020507812500e+03
1.750462402343750000e+03
1.738524291992187500e+03
1.726606933593750000e+03
1.714784912109375000e+03
1.702984252929687500e+03
1.691130737304687500e+03
1.679521850585937500e+03
1.667935058593750000e+03
1.656445068359375000e+03
1.645052734375000000e+03
1.633684692382812500e+03
1.622416259765625000e+03
1.611174316406250000e+03
1.600033813476562500e+03
1.589070556640625000e+03
1.578062377929687500e+03
1.567307617187500000e+03
1.556584472656250000e+03
1.545893798828125000e+03
1.535385498046875000e+03
1.524986083984375000e+03
1.514696899414062500e+03
1.504444458007812500e+03
1.494378784179687500e+03
1.484352172851562500e+03
1.474439819335937500e+03
1.464717651367187500e+03
1.455112060546875000e+03
1.445550048828125000e+03
1.436107055664062500e+03
1.426784301757812500e+03
1.417656982421875000e+03
1.408652221679687500e+03
1.399771118164062500e+03
1.391014892578125000e+03
1.382310180664062500e+03
1.373881469726562500e+03
1.365506713867187500e+03
1.357261718750000000e+03
1.349147338867187500e+03
1.341239379882812500e+03
1.333390380859375000e+03
1.325750122070312500e+03
1.318171142578125000e+03
1.310729125976562500e+03
1.303499511718750000e+03
1.296409423828125000e+03
1.289459716796875000e+03
1.282651855468750000e+03
1.275987182617187500e+03
1.269392456054687500e+03
1.263017578125000000e+03
1.256863891601562500e+03
1.250783935546875000e+03
1.244853149414062500e+03
1.239072875976562500e+03
1.233444458007812500e+03
1.227968994140625000e+03
1.222647705078125000e+03
1.217407226562500000e+03
1.212396728515625000e+03
1.207543090820312500e+03
1.202921142578125000e+03
1.198383178710937500e+03
1.193929931640625000e+03
1.189413574218750000e+03
1.185280761718750000e+03
1.181309570312500000e+03
1.177426269531250000e+03
1.173706176757812500e+03
1.170150024414062500e+03
1.166758544921875000e+03
1.163384033203125000e+03
1.160250244140625000e+03
1.157283813476562500e+03
1.154411132812500000e+03
1.151632934570312500e+03
1.149098999023437500e+03
1.146661376953125000e+03
1.144321166992187500e+03
1.142153198242187500e+03
1.140084350585937500e+03
1.138115356445312500e+03
1.136544555664062500e+03
1.134852539062500000e+03
1.133263183593750000e+03
1.131851806640625000e+03
1.130545043945312500e+03
1.129195312500000000e+03
1.128174926757812500e+03
1.127187866210937500e+03
1.126458129882812500e+03
1.125763549804687500e+03
1.125179565429687500e+03
1.124707397460937500e+03
1.124422119140625000e+03
1.124250854492187500e+03
1.124045776367187500e+03
1.124105346679687500e+03
1.124207641601562500e+03
1.124428222656250000e+03
1.124842529296875000e+03
1.125228637695312500e+03
1.125810791015625000e+03
1.126515625000000000e+03
1.127195922851562500e+03
1.128075561523437500e+03
1.129007324218750000e+03
1.130066528320312500e+03
1.131252929687500000e+03
1.132418090820312500e+03
1.133710449218750000e+03
1.135055664062500000e+03
1.136527832031250000e+03
1.138126953125000000e+03
1.139927124023437500e+03
1.141705322265625000e+03
1.143535888671875000e+03
1.145418701171875000e+03
1.147427978515625000e+03
1.149340576171875000e+03
1.151453735351562500e+03
1.153618652343750000e+03
1.155760986328125000e+03
1.158103393554687500e+03
1.160422973632812500e+03
1.162794067382812500e+03
1.165290405273437500e+03
1.167689208984375000e+03
1.170213378906250000e+03
1.172862548828125000e+03
1.175413696289062500e+03
1.178089599609375000e+03
1.180741455078125000e+03
1.183517700195312500e+03
1.186195312500000000e+03
1.188922729492187500e+03
1.191774047851562500e+03
1.194526000976562500e+03
1.197327270507812500e+03
1.200177490234375000e+03
1.203076660156250000e+03
1.205950073242187500e+03
1.208871948242187500e+03
1.211767822265625000e+03
1.214637329101562500e+03
1.217554809570312500e+03
1.220445556640625000e+03
1.223383789062500000e+03
1.226369506835937500e+03
1.229253662109375000e+03
1.232036132812500000e+03
1.235013916015625000e+03
1.237889892578125000e+03
1.240738037109375000e+03
1.243632324218750000e+03
1.246498657226562500e+03
1.249336791992187500e+03
1.252146362304687500e+03
1.255075439453125000e+03
1.257825805664062500e+03
1.260619873046875000e+03
1.263307983398437500e+03
1.266038208007812500e+03
1.268735229492187500e+03
1.271398437500000000e+03
1.273952758789062500e+03
1.276546142578125000e+03
1.279029052734375000e+03
1.281623779296875000e+03
1.284032470703125000e+03
1.286402709960937500e+03
1.288808471679687500e+03
1.291174438476562500e+03
1.293425659179687500e+03
1.295635864257812500e+03
1.297878540039062500e+03
1.300004272460937500e+03
1.302086791992187500e+03
1.304125244140625000e+03
1.306044799804687500e+03
1.307993164062500000e+03
1.309820800781250000e+03
1.311601806640625000e+03
1.313334960937500000e+03
1.315019653320312500e+03
1.316655029296875000e+03
1.318091796875000000e+03
1.319626342773437500e+03
1.321034790039062500e+03
1.322316528320312500e+03
1.323619018554687500e+03
1.324793212890625000e+03
1.325912231445312500e+03
1.326975097656250000e+03
1.327981201171875000e+03
1.328929443359375000e+03
1.329744506835937500e+03
1.330499877929687500e+03
1.331194335937500000e+03
1.331827026367187500e+03
1.332248291015625000e+03
1.332754516601562500e+03
1.333121459960937500e+03
1.333422485351562500e+03
1.333582031250000000e+03
1.333747802734375000e+03
1.333770141601562500e+03
1.333796264648437500e+03
1.333602661132812500e+03
1.333485717773437500e+03
1.333221801757812500e+03
1.332884033203125000e+03
1.332397460937500000e+03
1.331835571289062500e+03
1.331271728515625000e+03
1.330630859375000000e+03
1.329763549804687500e+03
1.328966064453125000e+03
1.328014526367187500e+03
1.326982543945312500e+03
1.325943603515625000e+03
1.324748168945312500e+03
1.323395507812500000e+03
1.322107543945312500e+03
1.320660644531250000e+03
1.319202514648437500e+03
1.317658203125000000e+03
1.315952392578125000e+03
1.314233032226562500e+03
1.312425048828125000e+03
1.310527709960937500e+03
1.308540039062500000e+03
1.306387084960937500e+03
1.304291137695312500e+03
1.302028564453125000e+03
1.299821289062500000e+03
1.297446044921875000e+03
1.295050415039062500e+03
1.292485229492187500e+03
1.289898315429687500e+03
1.287214843750000000e+03
1.284508300781250000e+03
1.281703735351562500e+03
1.278874755859375000e+03
1.275946289062500000e+03
1.272917846679687500e+03
1.269862792968750000e+03
1.266706298828125000e+03
1.263521850585937500e+03
1.260234619140625000e+03
1.256918090820312500e+03
1.253571289062500000e+03
1.250045288085937500e+03
1.246562011718750000e+03
1.242972045898437500e+03
1.239348876953125000e+03
1.235617553710937500e+03
1.231925903320312500e+03
1.228051025390625000e+03
1.224215820312500000e+03
1.220271972656250000e+03
1.216293579101562500e+03
1.212281005859375000e+03
1.208308349609375000e+03
1.204226928710937500e+03
1.200036865234375000e+03
1.195886596679687500e+03
1.191627563476562500e+03
1.187408203125000000e+03
1.183079711914062500e+03
1.178790649414062500e+03
1.174466674804687500e+03
1.170107299804687500e+03
1.165563964843750000e+03
1.161133422851562500e+03
1.156592895507812500e+03
1.152090332031250000e+03
1.147551513671875000e+03
1.142975952148437500e+03
1.138363525390625000e+03
1.133713745117187500e+03
1.129100952148437500e+03
1.124450317382812500e+03
1.119835815429687500e+03
1.115108764648437500e+03
1.110417358398437500e+03
1.105538452148437500e+03
1.100768920898437500e+03
1.095960205078125000e+03
1.091260253906250000e+03
1.086446044921875000e+03
1.081889160156250000e+03
1.077143188476562500e+03
1.072356933593750000e+03
1.067604248046875000e+03
1.062810913085937500e+03
1.057976684570312500e+03
1.053250122070312500e+03
1.048408203125000000e+03
1.043599609375000000e+03
1.038824218750000000e+03
1.034081909179687500e+03
1.029298828125000000e+03
1.024474487304687500e+03
1.019683776855468750e+03
1.014926391601562500e+03
1.010202758789062500e+03
1.005438598632812500e+03
1.000783203125000000e+03
9.960147094726562500e+02
9.912824096679687500e+02
9.865871582031250000e+02
9.820042724609375000e+02
9.773859252929687500e+02
9.727329101562500000e+02
9.681206665039062500e+02
9.635498657226562500e+02
9.590214233398437500e+02
9.545364379882812500e+02
9.500955810546875000e+02
9.456254882812500000e+02
9.412756958007812500e+02
9.368984985351562500e+02
9.325689086914062500e+02
9.282951660156250000e+02
9.240781860351562500e+02
9.198817749023437500e+02
9.157434692382812500e+02
9.116346435546875000e+02
9.075559082031250000e+02
9.035376586914062500e+02
8.995656738281250000e+02
8.956333618164062500e+02
8.917561035156250000e+02
8.879270629882812500e+02
8.841542358398437500e+02
8.804381713867187500e+02
8.767720947265625000e+02
8.731637573242187500e+02
8.696063842773437500e+02
8.661077270507812500e+02
8.626534423828125000e+02
8.592588500976562500e+02
8.559242553710937500e+02
8.526500854492187500e+02
8.494293212890625000e+02
8.462623291015625000e+02
8.431568603515625000e+02
8.401058959960937500e+02
8.371098022460937500e+02
8.341837768554687500e+02
8.313059082031250000e+02
8.284838867187500000e+02
8.257257690429687500e+02
8.230243530273437500e+02
8.203726196289062500e+02
8.177934570312500000e+02
8.152722167968750000e+02
8.128019409179687500e+02
8.103903198242187500e+02
8.080377197265625000e+02
8.057444458007812500e+02
8.034961547851562500e+02
8.013229370117187500e+02
7.992030029296875000e+02
7.971294555664062500e+02
7.951251831054687500e+02
7.931685180664062500e+02
7.912971801757812500e+02
7.894598388671875000e+02
7.876870117187500000e+02
7.859645996093750000e+02
7.843082885742187500e+02
7.827114257812500000e+02
7.811600952148437500e+02
7.796700439453125000e+02
7.782348022460937500e+02
7.768554077148437500e+02
7.755402832031250000e+02
7.742830200195312500e+02
7.730847167968750000e+02
7.719390258789062500e+02
7.708618164062500000e+02
7.698247070312500000e+02
7.688657226562500000e+02
7.679564819335937500e+02
7.671054077148437500e+02
7.663211669921875000e+02
7.655825805664062500e+02
7.649130859375000000e+02
7.642989501953125000e+02
7.637411499023437500e+02
7.632483520507812500e+02
7.628140869140625000e+02
7.624320068359375000e+02
7.621179809570312500e+02
7.618581542968750000e+02
7.616533813476562500e+02
7.615046386718750000e+02
7.614202880859375000e+02
7.613936157226562500e+02
7.614105834960937500e+02
7.614943237304687500e+02
7.616380615234375000e+02
7.618276367187500000e+02
7.620859375000000000e+02
7.623839721679687500e+02
7.627442626953125000e+02
7.631445922851562500e+02
7.636070556640625000e+02
7.641089477539062500e+02
7.646724243164062500e+02
7.652822875976562500e+02
7.659307250976562500e+02
7.666099853515625000e+02
7.673345947265625000e+02
7.680816650390625000e+02
7.688881835937500000e+02
7.697090454101562500e+02
7.705736083984375000e+02
7.714442138671875000e+02
7.724320068359375000e+02
7.733731079101562500e+02
7.743413696289062500e+02
7.754109497070312500e+02
7.764326171875000000e+02
7.774805908203125000e+02
7.785545043945312500e+02
7.796541748046875000e+02
7.807792968750000000e+02
7.819298095703125000e+02
7.831055908203125000e+02
7.843066406250000000e+02
7.855328369140625000e+02
7.867842407226562500e+02
7.879867553710937500e+02
7.892147827148437500e+02
7.904685058593750000e+02
7.915996093750000000e+02
7.929055786132812500e+02
7.940897216796875000e+02
7.953010253906250000e+02
7.965399169921875000e+02
7.977327880859375000e+02
7.991029663085937500e+02
8.003540649414062500e+02
8.015609130859375000e+02
8.028729248046875000e+02
8.041423339843750000e+02
8.054441528320312500e+02
8.067048950195312500e+02
8.079997558593750000e+02
8.093296508789062500e+02
8.106210327148437500e+02
8.118749389648437500e+02
8.131665039062500000e+02
8.144965209960937500e+02
0.000000000000000000e+00
0.000000000000000000e+00
0.000000000000000000e+00
0.000000000000000000e+00
0.000000000000000000e+00
0.000000000000000000e+00
0.000000000000000000e+00
0.000000000000000000e+00
0.000000000000000000e+00
0.000000000000000000e+00
0.000000000000000000e+00
0.000000000000000000e+00
0.000000000000000000e+00
0.000000000000000000e+00
0.000000000000000000e+00
0.000000000000000000e+00
0.000000000000000000e+00
0.000000000000000000e+00
0.000000000000000000e+00
0.000000000000000000e+00
0.000000000000000000e+00
0.000000000000000000e+00
0.000000000000000000e+00
0.000000000000000000e+00
0.000000000000000000e+00
0.000000000000000000e+00
0.000000000000000000e+00
0.000000000000000000e+00
0.000000000000000000e+00
0.000000000000000000e+00
0.000000000000000000e+00
0.000000000000000000e+00
0.000000000000000000e+00
0.000000000000000000e+00
0.000000000000000000e+00
0.000000000000000000e+00
0.000000000000000000e+00
0.000000000000000000e+00
0.000000000000000000e+00
0.000000000000000000e+00
0.000000000000000000e+00
0.000000000000000000e+00
0.000000000000000000e+00
0.000000000000000000e+00
0.000000000000000000e+00
0.000000000000000000e+00
0.000000000000000000e+00
0.000000000000000000e+00
0.000000000000000000e+00
0.000000000000000000e+00
0.000000000000000000e+00
0.000000000000000000e+00
0.000000000000000000e+00
0.000000000000000000e+00
0.000000000000000000e+00
0.000000000000000000e+00
0.000000000000000000e+00
0.000000000000000000e+00
0.000000000000000000e+00
0.000000000000000000e+00
0.000000000000000000e+00
0.000000000000000000e+00
0.000000000000000000e+00
0.000000000000000000e+00
0.000000000000000000e+00
0.000000000000000000e+00
0.000000000000000000e+00
0.000000000000000000e+00
0.000000000000000000e+00
0.000000000000000000e+00
0.000000000000000000e+00
0.000000000000000000e+00
0.000000000000000000e+00
0.000000000000000000e+00
0.000000000000000000e+00
0.000000000000000000e+00
0.000000000000000000e+00
0.000000000000000000e+00
0.000000000000000000e+00
0.000000000000000000e+00
0.000000000000000000e+00
0.000000000000000000e+00
0.000000000000000000e+00
0.000000000000000000e+00
0.000000000000000000e+00
0.000000000000000000e+00
0.000000000000000000e+00
0.000000000000000000e+00
0.000000000000000000e+00
0.000000000000000000e+00
0.000000000000000000e+00
0.000000000000000000e+00
0.000000000000000000e+00
0.000000000000000000e+00
0.000000000000000000e+00
0.000000000000000000e+00
0.000000000000000000e+00
0.000000000000000000e+00
0.000000000000000000e+00
0.000000000000000000e+00
