# z
1.499999999999999822e+01
1.492462311557788723e+01
1.484924623115577802e+01
1.477386934673366703e+01
1.469849246231155604e+01
1.462311557788944683e+01
1.454773869346733584e+01
1.447236180904522485e+01
1.439698492462311386e+01
1.432160804020100286e+01
1.424623115577889365e+01
1.417085427135678266e+01
1.409547738693467167e+01
1.402010050251256246e+01
1.394472361809045147e+01
1.386934673366834048e+01
1.379396984924622949e+01
1.371859296482411850e+01
1.364321608040200928e+01
1.356783919597989829e+01
1.349246231155778730e+01
1.341708542713567809e+01
1.334170854271356710e+01
1.326633165829145611e+01
1.319095477386934512e+01
1.311557788944723413e+01
1.304020100502512491e+01
1.296482412060301392e+01
1.288944723618090293e+01
1.281407035175879372e+01
1.273869346733668273e+01
1.266331658291457174e+01
1.258793969849246075e+01
1.251256281407034976e+01
1.243718592964824055e+01
1.236180904522612956e+01
1.228643216080401857e+01
1.221105527638190935e+01
1.213567839195979836e+01
1.206030150753768737e+01
1.198492462311557638e+01
1.190954773869346539e+01
1.183417085427135618e+01
1.175879396984924519e+01
1.168341708542713420e+01
1.160804020100502498e+01
1.153266331658291399e+01
1.145728643216080300e+01
1.138190954773869201e+01
1.130653266331658102e+01
1.123115577889447181e+01
1.115577889447236082e+01
1.108040201005024983e+01
1.100502512562814061e+01
1.092964824120602962e+01
1.085427135678391863e+01
1.077889447236180764e+01
1.070351758793969665e+01
1.062814070351758744e+01
1.055276381909547645e+01
1.047738693467336546e+01
1.040201005025125625e+01
1.032663316582914526e+01
1.025125628140703427e+01
1.017587939698492328e+01
1.010050251256281229e+01
1.002512562814070307e+01
9.949748743718592081e+00
9.874371859296481091e+00
9.798994974874371877e+00
9.723618090452260887e+00
9.648241206030149897e+00
9.572864321608038907e+00
9.497487437185927917e+00
9.422110552763818703e+00
9.346733668341707713e+00
9.271356783919596722e+00
9.195979899497487509e+00
9.120603015075376518e+00
9.045226130653265528e+00
8.969849246231154538e+00
8.894472361809043548e+00
8.819095477386934334e+00
8.743718592964823344e+00
8.668341708542712354e+00
8.592964824120603140e+00
8.517587939698492150e+00
8.442211055276381160e+00
8.366834170854270170e+00
8.291457286432159179e+00
8.216080402010049966e+00
8.140703517587938975e+00
8.065326633165827985e+00
7.989949748743717883e+00
7.914572864321607781e+00
7.839195979899496791e+00
7.763819095477385801e+00
7.688442211055275699e+00
7.613065326633165597e+00
7.537688442211054607e+00
7.462311557788943617e+00
7.386934673366833515e+00
7.311557788944723413e+00
7.236180904522612423e+00
7.160804020100501432e+00
7.085427135678391330e+00
7.010050251256281229e+00
6.934673366834170238e+00
6.859296482412059248e+00
6.783919597989949146e+00
6.708542713567839044e+00
6.633165829145728054e+00
6.557788944723617064e+00
6.482412060301506962e+00
6.407035175879396860e+00
6.331658291457285870e+00
6.256281407035174880e+00
6.180904522613064778e+00
6.105527638190954676e+00
6.030150753768843686e+00
5.954773869346732695e+00
5.879396984924622593e+00
5.804020100502512491e+00
5.728643216080401501e+00
5.653266331658290511e+00
5.577889447236180409e+00
5.502512562814070307e+00
5.427135678391959317e+00
5.351758793969848327e+00
5.276381909547738225e+00
5.201005025125628123e+00
5.125628140703517133e+00
5.050251256281406143e+00
4.974874371859296041e+00
4.899497487437185939e+00
4.824120603015074948e+00
4.748743718592963958e+00
4.673366834170853856e+00
4.597989949748743754e+00
4.522613065326632764e+00
4.447236180904521774e+00
4.371859296482411672e+00
4.296482412060301570e+00
4.221105527638190580e+00
4.145728643216079590e+00
4.070351758793969488e+00
3.994974874371858942e+00
3.919597989949748396e+00
3.844221105527637850e+00
3.768844221105527303e+00
3.693467336683416757e+00
3.618090452261306211e+00
3.542713567839195665e+00
3.467336683417085119e+00
3.391959798994974573e+00
3.316582914572864027e+00
3.241206030150753481e+00
3.165829145728642935e+00
3.090452261306532389e+00
3.015075376884421843e+00
2.939698492462311297e+00
2.864321608040200751e+00
2.788944723618090205e+00
2.713567839195979658e+00
2.638190954773869112e+00
2.562814070351758566e+00
2.487437185929648020e+00
2.412060301507537474e+00
2.336683417085426928e+00
2.261306532663316382e+00
2.185929648241205836e+00
2.110552763819095290e+00
2.035175879396984744e+00
1.959798994974874198e+00
1.884422110552763652e+00
1.809045226130653106e+00
1.733668341708542560e+00
1.658291457286432014e+00
1.582914572864321467e+00
1.507537688442210921e+00
1.432160804020100375e+00
1.356783919597989829e+00
1.281407035175879283e+00
1.206030150753768737e+00
1.130653266331658191e+00
1.055276381909547645e+00
9.798994974874370989e-01
9.045226130653265528e-01
8.291457286432160068e-01
7.537688442211054607e-01
6.783919597989949146e-01
6.030150753768843686e-01
5.276381909547738225e-01
4.522613065326632764e-01
3.768844221105527303e-01
3.015075376884421843e-01
2.261306532663316382e-01
1.507537688442210921e-01
7.537688442211054607e-02
0.000000000000000000e+00
