# k_h
1.027664075081702322e-05
1.135851289291167632e-05
1.255427832802524790e-05
1.387592874380061403e-05
1.533671638753730804e-05
1.695128594292327762e-05
1.873583096312358975e-05
2.070824302791152149e-05
2.288830000907182693e-05
2.529786434024572372e-05
2.796109401970170438e-05
3.090469544986262918e-05
3.415817991481162608e-05
3.775418008444830775e-05
4.172874469077214599e-05
4.612173506757244468e-05
5.097719622426666319e-05
5.634381159325130284e-05
6.227540143299847841e-05
6.883143214508891106e-05
7.607765292050316930e-05
8.408672147197648883e-05
9.293894254369661212e-05
1.027230755425989628e-04
1.135372367571108043e-04
1.254898525075986981e-04
1.387007796438410878e-04
1.533024915261194110e-04
1.694413949735462666e-04
1.872793072834610939e-04
2.069951151497662067e-04
2.287865063408389688e-04
2.528719778638333082e-04
2.794930478557944298e-04
3.089166420977562666e-04
3.414377861190587282e-04
3.773826174437999725e-04
4.171115288045257330e-04
4.610228934325277805e-04
5.095570231787860394e-04
5.632005631923675537e-04
6.224914104677736759e-04
6.880241562612354755e-04
7.604557904414832592e-04
8.405126864090561867e-04
9.289975278079509735e-04
1.026797690428793430e-03
1.134893624112010002e-03
1.254369388334453106e-03
1.386423013173043728e-03
1.532378490082919598e-03
1.693699508905410767e-03
1.872003427706658840e-03
2.069078385829925537e-03
2.286900300532579422e-03
2.527653472498059273e-03
2.793751889839768410e-03
3.087863791733980179e-03
3.412938211113214493e-03
3.772235009819269180e-03
4.169356543570756912e-03
4.608285147696733475e-03
5.093421787023544312e-03
5.629630759358406067e-03
6.222289521247148514e-03
6.877340376377105713e-03
7.601351477205753326e-03
8.401582948863506317e-03
9.286058135330677032e-03
1.026364695280790329e-02
1.134415157139301300e-02
1.253840513527393341e-02
1.385838445276021957e-02
1.531732361763715744e-02
1.692985370755195618e-02
1.871214061975479126e-02
2.068205922842025757e-02
2.285936102271080017e-02
2.526587806642055511e-02
2.792573906481266022e-02
3.086561895906925201e-02
3.411499410867691040e-02
3.770644217729568481e-02
4.167598485946655273e-02
4.584358260035514832e-02
5.001118406653404236e-02
5.417878180742263794e-02
5.834637954831123352e-02
6.251397728919982910e-02
6.668157875537872314e-02
7.084917277097702026e-02
7.501677423715591431e-02
7.918437570333480835e-02
8.335196971893310547e-02
8.751957118511199951e-02
9.365233778953552246e-02
9.978510439395904541e-02
1.059178784489631653e-01
1.120506450533866882e-01
1.181834116578102112e-01
1.243161782622337341e-01
1.304489523172378540e-01
1.365817189216613770e-01
1.427144855260848999e-01
1.488472521305084229e-01
1.549800187349319458e-01
1.611127853393554688e-01
1.672455519437789917e-01
1.733783185482025146e-01
1.795110851526260376e-01
1.856438666582107544e-01
1.917766332626342773e-01
1.979093998670578003e-01
2.040421664714813232e-01
2.101749330759048462e-01
2.163076996803283691e-01
2.224404662847518921e-01
2.285732328891754150e-01
2.347059994935989380e-01
2.408387660980224609e-01
2.469715327024459839e-01
2.531042993068695068e-01
2.592370808124542236e-01
2.653698325157165527e-01
2.715026140213012695e-01
2.776353657245635986e-01
2.837681472301483154e-01
2.899009287357330322e-01
2.960336804389953613e-01
3.021664619445800781e-01
3.082992136478424072e-01
3.201415538787841797e-01
3.395383059978485107e-01
3.601102828979492188e-01
3.819286525249481201e-01
4.050689637660980225e-01
4.296113252639770508e-01
5.995708703994750977e-01
8.367685675621032715e-01
1.167804598808288574e+00
1.629802584648132324e+00
2.274572849273681641e+00
3.174422025680541992e+00
4.430263042449951172e+00
6.182929992675781250e+00
8.628973960876464844e+00
1.204270267486572266e+01
1.680694580078125000e+01
2.345598220825195312e+01
3.273546218872070312e+01
4.568601608276367188e+01
6.375997161865234375e+01
8.898420715332031250e+01
