# cl_g_fnu_0_z_01
9.408600736601217991e-04
9.245998619372978100e-04
9.052656530526834774e-04
8.828739717077892669e-04
8.575027337475595686e-04
8.292895685770445852e-04
7.984363939793801771e-04
7.652097250301252230e-04
7.299221183105281856e-04
6.929371400004092924e-04
6.546731135483583632e-04
6.155731644377226714e-04
5.761027812829766764e-04
5.367089662232161270e-04
4.977958297196196031e-04
4.597332953557403375e-04
4.228652234183049316e-04
3.874974065801100676e-04
3.538820088579792619e-04
3.222208582707267481e-04
2.926396527258417210e-04
2.651473512752347854e-04
2.397085051808537086e-04
2.158080462472768189e-04
1.934791509104865899e-04
1.724708490994004983e-04
1.527803822676733643e-04
1.345332935355934227e-04
1.178878990833806805e-04
1.029374144666318124e-04
8.965917834383681294e-05
7.790284169055476508e-05
6.745514643351021200e-05
5.816041916348006085e-05
4.996587793280102936e-05
4.281993428440869259e-05
3.660366303614240324e-05
3.117624318684829792e-05
2.645416376538291191e-05
2.238678770355471899e-05
1.889604178922677939e-05
1.590562235174762526e-05
1.337002250477509465e-05
1.118522031815018178e-05
9.342886232894273644e-06
7.787592844872931477e-06
6.476619284991839191e-06
5.373720774012702187e-06
4.449126158151775297e-06
3.675337911409702399e-06
3.029629080636206237e-06
2.492602921345177759e-06
2.047241691958284584e-06
1.679028650930079122e-06
1.375055145138197022e-06
1.124368743000428382e-06
9.179274923654002950e-07
7.482126957661562130e-07
6.089400766202609552e-07
4.948415352261370568e-07
4.016365603270755295e-07
3.259330864907775917e-07
2.639616286942490803e-07
2.135085433727050776e-07
1.724925159793960553e-07
1.392796874083603708e-07
1.115507389671173442e-07
8.662985339640416490e-08
6.983858406743392806e-08
5.604224357116438927e-08
