# cl_g_fnu_0_z_2
3.385187887287683416e-08
3.609044881513404854e-08
3.849167138112256314e-08
4.106330061618392934e-08
4.381340195987146910e-08
4.674918177100242822e-08
4.987738521168967762e-08
5.320450123408717216e-08
5.673557458393125494e-08
6.047406344688168521e-08
6.442170586544154873e-08
6.857851094660309047e-08
7.294161837410248684e-08
7.750663823310451682e-08
8.226643726376285753e-08
8.720323739653429485e-08
9.230202211520725601e-08
9.753947363555638133e-08
1.028883620314584107e-07
1.083188956877712929e-07
1.137888021287592886e-07
1.192642202543571441e-07
1.246806123623610905e-07
1.299740742517664088e-07
1.350882625287403550e-07
1.399335775442123837e-07
1.444807709994898462e-07
1.486155909082835214e-07
1.521588693900537562e-07
1.551764731822509255e-07
1.574911448146752399e-07
1.589722352434501676e-07
1.596122461741231129e-07
1.593188936181450914e-07
1.579389601869006615e-07
1.556281211720454258e-07
1.522226127759820449e-07
1.477704516286068412e-07
1.423517534577737224e-07
1.359872711499006009e-07
1.288282941409574278e-07
1.211466807383686754e-07
1.131013292926710893e-07
1.049086979894988491e-07
9.687485054100863617e-08
8.899398355399004125e-08
8.164123219628808410e-08
7.484011686165731294e-08
6.859162289969554156e-08
6.290231786220656462e-08
5.764109295731537570e-08
5.266161115100189733e-08
4.781022310924140667e-08
4.303218347101146376e-08
3.833498954186896476e-08
3.378041814719719662e-08
2.950335556850333504e-08
2.569096245229622063e-08
2.234732878595953930e-08
1.949102371707885592e-08
1.702972359571325777e-08
1.479815572566711288e-08
1.276733342586438415e-08
1.092459805346476707e-08
9.309729160546490776e-09
7.938353056979250943e-09
6.757632355264870063e-09
5.734397387979852605e-09
4.839046586752677163e-09
4.074967949630114412e-09
