# cl_g_fnu_0.1_z_2
3.114638273633678799e-08
3.323292987344265144e-08
3.547510652323694689e-08
3.788118237856175370e-08
4.045958941928647480e-08
4.321833504441444508e-08
4.616494072520615476e-08
4.930663856290400679e-08
5.264958152713568206e-08
5.619856388801158945e-08
5.995676051593216388e-08
6.392554353798127289e-08
6.810372593002173538e-08
7.248766218212797721e-08
7.707115932266564401e-08
8.184008953330332778e-08
8.677890163004401456e-08
9.186571830058562210e-08
9.707273711717361187e-08
1.023680720141781837e-07
1.077087234753805686e-07
1.130522460647597628e-07
1.183363677524952455e-07
1.234912368901611249e-07
1.284494181680272974e-07
1.331184296397301392e-07
1.374354426105904512e-07
1.412911466225334734e-07
1.445555198060451451e-07
1.471434185610134960e-07
1.489735610913726900e-07
1.499058554822592103e-07
1.499021315121621640e-07
1.488712914282268042e-07
1.467311372076859798e-07
1.435416276667164405e-07
1.392558612566167163e-07
1.339214128348426716e-07
1.276536004951658964e-07
1.205385984163317971e-07
1.127395256004431405e-07
1.045506399268429145e-07
9.615571010621651324e-08
8.781459038734574895e-08
7.969827269991514047e-08
7.199593344121138904e-08
6.490401757965689145e-08
5.847550884868222858e-08
5.268327373389341348e-08
4.750061131471297535e-08
4.280327660877397261e-08
3.845580657772977495e-08
3.432979316197913014e-08
3.036435041123556678e-08
2.656931543597425938e-08
2.298299233235911424e-08
1.970720775559485603e-08
1.686059924821282670e-08
1.442172762123876970e-08
1.238175315797891093e-08
1.064923796675133270e-08
9.105402084456742198e-09
7.725006371343624773e-09
6.501546379541401716e-09
5.457568821618112847e-09
4.578481142717616914e-09
3.853048684042448983e-09
3.223752036254026722e-09
2.685405934523387962e-09
2.232018747383476272e-09
