# cl_g_fnu_0
1.005137245174067160e-03
9.900184067559902792e-04
9.716323062151409687e-04
9.499706291254192544e-04
9.250850501589670104e-04
8.970904668054853438e-04
8.661761869147239015e-04
8.325928540511060407e-04
7.966474494159788691e-04
7.587169260820107643e-04
7.192220725143135028e-04
6.786264376601739345e-04
6.374043495940360637e-04
5.960085529498140595e-04
5.548657911648496519e-04
5.143865198472087142e-04
4.749444223374429432e-04
4.368752089229036972e-04
4.004697602259968230e-04
3.659759201255936021e-04
3.335484464749539305e-04
3.032221030022387554e-04
2.748632762123325479e-04
2.482435516468827299e-04
2.231254207112723950e-04
1.993867012040337664e-04
1.770777768862436896e-04
1.563747174422053124e-04
1.374584237196250852e-04
1.204239937871954755e-04
1.052338528661215709e-04
9.171016017044186580e-05
7.962559935521633381e-05
6.883620957927362991e-05
5.930259309756960785e-05
5.096136651029682527e-05
4.367002843187886086e-05
3.727642102584638895e-05
3.170219994007858824e-05
2.689029927509224515e-05
2.274564846136231146e-05
1.915444434318050565e-05
1.614386571465269274e-05
1.354367594553856971e-05
1.133291523421246587e-05
9.461164880227114751e-06
7.879031197850811408e-06
6.547170860077270936e-06
5.431078921163432104e-06
4.496996260890295029e-06
3.716334866340539805e-06
3.065103427289341301e-06
2.522706264942463348e-06
2.072227255941772857e-06
1.699001832220987331e-06
1.390708678798211886e-06
1.136726024706073978e-06
9.278542494898705943e-07
7.562581113423493829e-07
6.154823403236791034e-07
5.001662363662080402e-07
4.058473986673917999e-07
3.288937773562560409e-07
2.664892546368116449e-07
2.154808547494972577e-07
1.740758236140543080e-07
1.406220445767592931e-07
1.133696506204764125e-07
9.121204094674482798e-08
7.288976523749477117e-08
