# cl_g_fnu_0_z_3
1.190979188239862089e-08
1.272319848714733672e-08
1.359968393589634261e-08
1.454313221860791166e-08
1.555755534322223008e-08
1.664693962973244865e-08
1.781526469790120229e-08
1.906649275064722337e-08
2.040439220625443955e-08
2.183246911525006277e-08
2.335389103956947521e-08
2.497141454961134889e-08
2.668716320925798914e-08
2.850268954882480465e-08
3.041871795957024265e-08
3.243408130311915141e-08
3.454716394255769728e-08
3.675443716104925593e-08
3.905080500770094972e-08
4.142956930915478281e-08
4.388105315524168527e-08
4.639497578072198847e-08
4.895528032229112021e-08
5.154387773087179385e-08
5.414130911145142137e-08
5.672129909810689116e-08
5.926296186123165814e-08
6.173093792464708752e-08
6.408398187932557929e-08
6.628753499045258713e-08
6.830673680635418932e-08
7.008281956477709610e-08
7.158338515653685701e-08
7.275773298369274271e-08
7.354048805458395998e-08
7.392814388209873607e-08
7.384051694162963692e-08
7.326680099633566563e-08
7.216944798333974845e-08
7.054498955473049359e-08
6.838747689832534010e-08
6.572289774998575789e-08
6.260055032442531978e-08
5.910768618848475733e-08
5.534881439838568282e-08
5.143928991945684939e-08
4.750126856937896410e-08
4.365597018144061251e-08
4.001930319830677444e-08
3.667086689544457429e-08
3.364570715461767698e-08
3.092105451975278376e-08
2.846933105221502309e-08
2.618338128155274842e-08
2.396702037588679711e-08
2.171132447907035275e-08
1.941534622637117966e-08
1.712165203532961284e-08
1.491583030072323696e-08
1.292275116107398490e-08
1.123583205245552938e-08
9.836974195441830223e-09
8.651064251794633496e-09
7.567199102310467455e-09
6.531100796227325763e-09
5.565765341685735179e-09
4.736781426217967094e-09
4.051094377751887691e-09
3.467450618445753608e-09
2.942952953208328538e-09
