# cl_g_fnu_0.1
8.236830397066637055e-04
8.065613663515172832e-04
7.865062771999116464e-04
7.635595162296240695e-04
7.378261351084666438e-04
7.094772995575364611e-04
6.787468297757819763e-04
6.459330910205643601e-04
6.113850793042007814e-04
5.754949017448294851e-04
5.387000094580238034e-04
5.014572296925198531e-04
4.642346119522106941e-04
4.274806104169259833e-04
3.916018285736043067e-04
3.569631280664654904e-04
3.238838479695866539e-04
2.926257367591504578e-04
2.633894534425091217e-04
2.363065938774681007e-04
2.114338797448273000e-04
1.887242257720652728e-04
1.680272595599580359e-04
1.491153342155061932e-04
1.317484224269795990e-04
1.157449250751364832e-04
1.010360991148293941e-04
8.764539012769991238e-05
7.562872064431267177e-05
6.500931784487422717e-05
5.573755088134131510e-05
4.767722933490550167e-05
4.065306812889968964e-05
3.452239536911477937e-05
2.921222010776700846e-05
2.466212314484919187e-05
2.077622728280840390e-05
1.744480541791055184e-05
1.459432205019307387e-05
1.218896689943442540e-05
1.014116546822526426e-05
8.424049452721666534e-06
6.987413643864977180e-06
5.776031817825826584e-06
4.766293629475692937e-06
3.926592692932507024e-06
3.229050932219119819e-06
2.650170102134064371e-06
2.171596317626245945e-06
1.776470644800039644e-06
1.450888417639804820e-06
1.183327096091677125e-06
9.638896238974588762e-07
7.843571973828309536e-07
6.376322408638817019e-07
5.177462903111010427e-07
4.199540946050306842e-07
3.402631164563922359e-07
2.633788672484339026e-07
2.228844537891488875e-07
1.803689117775483862e-07
1.457106575740099027e-07
1.174677096746863395e-07
9.458698392449227369e-08
7.265535241299618294e-08
6.124415752259328495e-08
4.891694434439172059e-08
3.927363583772411235e-08
3.045782283552474404e-08
2.549923839428157349e-08
