# cl_g_fnu_0_z_1
3.644354261500143300e-07
3.861648241896612523e-07
4.091460337473908934e-07
4.333825200318404610e-07
4.588728285470443378e-07
4.856127390070461511e-07
5.135492221786725736e-07
5.426376081539373846e-07
5.728083363574321320e-07
6.039223027154252659e-07
6.359126228013475535e-07
6.685650878984182302e-07
7.017570653281115523e-07
7.359856848839376189e-07
7.685659865959642326e-07
8.016483894485660580e-07
8.339476966198619731e-07
8.654426944969289029e-07
8.961020759315298771e-07
9.233361918804252177e-07
9.489085028268333924e-07
9.715620162391733117e-07
9.908843140905998830e-07
1.005898092957595987e-06
1.016860193526385951e-06
1.022744146647022438e-06
1.023288559046192638e-06
1.018149078381095990e-06
1.007078961335546257e-06
9.900365411573496469e-07
9.668374496810780217e-07
9.380184198978963892e-07
9.036288851986609677e-07
8.642288643616711162e-07
8.208850506495279764e-07
7.743513083194489756e-07
7.257997627627249897e-07
6.760677173857273378e-07
6.266245472024227284e-07
5.781651887467540498e-07
5.316959580001752085e-07
4.877359523242349795e-07
4.465898928122468487e-07
4.083413627321467780e-07
3.726159967700092154e-07
3.391926513046857350e-07
3.075758270159272984e-07
2.774140703431991561e-07
2.485204323285827513e-07
2.209498910765687657e-07
1.949532577844615031e-07
1.709113010971561027e-07
1.491102008459991707e-07
1.298332271947525398e-07
1.127725619275765781e-07
9.789095959921767896e-08
8.474588945285555516e-08
7.306057926545437149e-08
6.270145519049051954e-08
5.349786956945944471e-08
4.552889994913836297e-08
3.864942768585943664e-08
3.276530223212114004e-08
2.771489843376603312e-08
2.347131712209108153e-08
1.947629019778680054e-08
1.636421080645390916e-08
1.370428447477392237e-08
1.139750305390962794e-08
9.511260825702442549e-09
