# cl_iswg_fnu_0.1_z_2
7.510776997129391140e-10
6.915942026993047668e-10
6.357236546774713187e-10
5.833486518670395355e-10
5.343672794926020023e-10
4.886479409782114756e-10
4.460415003749930816e-10
4.064140126995256653e-10
3.696143887757870057e-10
3.354879916386983915e-10
3.039221614682275205e-10
2.747622161902398854e-10
2.478661221257123924e-10
2.231112853065145977e-10
2.003739055590015501e-10
1.794926115422420756e-10
1.603765362734262931e-10
1.429109756576928574e-10
1.269711438771860549e-10
1.124682398711013036e-10
9.930110627975727909e-11
8.738417941826539052e-11
7.661938490373250370e-11
6.692018526207383388e-11
5.821317926894303392e-11
5.041318590405511486e-11
4.347031155835487969e-11
3.730537070669177948e-11
3.183606499899432287e-11
2.701637648247946769e-11
2.279406727733070666e-11
1.910667987123242764e-11
1.591245946278807931e-11
1.316031059288649193e-11
1.080387364757400626e-11
8.808635978325810531e-12
7.125810260739985896e-12
5.719203915724393186e-12
4.551634404352716249e-12
3.593710157047458587e-12
2.814476899741109197e-12
2.189989249636850760e-12
1.693030597483704712e-12
1.301013816524530652e-12
9.962433723634489720e-13
7.589316693078813542e-13
5.777433468269307629e-13
4.393576192242197034e-13
3.334333383464459156e-13
2.531675218628714884e-13
1.919810462505186277e-13
1.451759922017286800e-13
1.091565741953478193e-13
8.162168155756889830e-14
6.066521750851711167e-14
4.473670343187304842e-14
3.276972347694413084e-14
2.397438667872515035e-14
1.749795945246545001e-14
1.278087835777391797e-14
9.364971133095854838e-15
6.845681730185847864e-15
4.997207825318354481e-15
3.629505932221858321e-15
2.623935601838961578e-15
1.890390809945134516e-15
1.367915713579976151e-15
9.883524810593724760e-16
7.120940232233392681e-16
5.111069156000952664e-16
