# cl_isw_fnu_0
1.784410730970539660e-11
1.423197620175598725e-11
1.130996057859016089e-11
8.956943727123184952e-12
7.069853369790075351e-12
5.561948166952688492e-12
4.361717853041074278e-12
3.409885612320908950e-12
2.657560559096545739e-12
2.065057580609081746e-12
1.599929615707859334e-12
1.235926601131748294e-12
9.519048548055376621e-13
7.309730699257461810e-13
5.596506019375882771e-13
4.271728556328262968e-13
3.250300128316884059e-13
2.465281667444147907e-13
1.863701150774348422e-13
1.404103879328301578e-13
1.054074672451256496e-13
7.882899489200778328e-14
5.872002977976395290e-14
4.355716440896831227e-14
3.216332401830458315e-14
2.363856248044088886e-14
1.728667244734779528e-14
1.257164380241242757e-14
9.088812849963639573e-15
6.528203602240893507e-15
4.656920234457840261e-15
3.298041340840289113e-15
2.317561388742714949e-15
1.615391630607457319e-15
1.116600309841856052e-15
7.653198346132153940e-16
5.201735962573914030e-16
3.507190464999012559e-16
2.347650693724569757e-16
1.561938611474572773e-16
1.034097272629988085e-16
6.821523389074538007e-17
4.486248674041560792e-17
2.942138649023643587e-17
1.923667030705806868e-17
1.253419468358232425e-17
8.137411106845806565e-18
5.267809921711454987e-18
3.402516709805980831e-18
2.190997231622487126e-18
1.402663546148914119e-18
8.897169295160116603e-19
5.586289436663195128e-19
3.477899563901840803e-19
2.152476346201759518e-19
1.326635540820900741e-19
8.175318361065662970e-20
5.053758969223397050e-20
3.124715418353337698e-20
1.920484049347759626e-20
1.168367129238661043e-20
7.042358731140179491e-21
4.241747241916022286e-21
2.565394654555576837e-21
1.548587711286991382e-21
9.254199232422316407e-22
5.504336400622817148e-22
3.284878842543946124e-22
1.952927261100603517e-22
1.153751967020127268e-22
