# cl_iswg_fnu_0_z_2
9.459555090558746237e-10
8.703824688471828738e-10
7.994369780842092429e-10
7.329602022984540756e-10
6.708347739952698467e-10
6.128479958085950740e-10
5.588207619340342100e-10
5.086126616669805110e-10
4.620471065303706763e-10
4.189164681326825000e-10
3.790377108513288065e-10
3.422451301622228366e-10
3.083677250319502541e-10
2.772344559916086879e-10
2.486862674776687247e-10
2.225241473311534547e-10
1.986181496747956868e-10
1.768043150863522946e-10
1.569414742127576657e-10
1.389189619427016436e-10
1.225835569602128030e-10
1.078463776524982169e-10
9.455614461670802576e-11
8.260120992741163613e-11
7.189536765099280888e-11
6.231802848299434954e-11
5.382082521496203590e-11
4.628334742009496438e-11
3.959746697864882936e-11
3.370595807314416819e-11
2.854558237372882796e-11
2.403512367015060073e-11
2.012472760929259168e-11
1.674636918908430310e-11
1.383843758112571305e-11
1.137278103566524729e-11
9.280689187046570976e-12
7.516536289710350670e-12
6.047137896828188885e-12
4.826486326885241011e-12
3.823350481658222857e-12
3.012208820231818206e-12
2.358553025840165502e-12
1.836147217108938507e-12
1.425481506103445812e-12
1.099543185327051865e-12
8.479484591279215508e-13
6.526293572409015358e-13
5.008693532341550198e-13
3.842601152557892024e-13
2.942939743917334369e-13
2.244165335554038225e-13
1.699384092889516295e-13
1.278441547678495487e-13
9.552614756731351408e-14
7.071661653770067314e-14
5.195157370081898863e-14
3.809399450484996925e-14
2.782960549613101102e-14
2.031242485188592774e-14
1.484821156545930682e-14
1.079578061466938402e-14
7.822374535629423551e-15
5.632246743667491418e-15
4.033163867646977349e-15
2.885161447782340283e-15
2.057403284246852863e-15
1.465974970363161316e-15
1.039340628311386758e-15
7.352937622187323106e-16
