# cl_iswg_fnu_0_z_01
3.502399025445260821e-08
3.015177825513433708e-08
2.620116493154297635e-08
2.304989230080135109e-08
1.984250074713251214e-08
1.695021603009487442e-08
1.442624795222534256e-08
1.219866010262042026e-08
1.041606702895774560e-08
8.386169727913508497e-09
7.203143840231749278e-09
5.944896217119344478e-09
4.861864574952879047e-09
3.938249919048767295e-09
3.163864933965151179e-09
2.525702507042973538e-09
2.011913817516289286e-09
1.599558785342804399e-09
1.270733856168136524e-09
1.008611701233147228e-09
7.972406186547689917e-10
6.274076970309619551e-10
4.914134668931157317e-10
3.809196718985707314e-10
2.905441100484894503e-10
2.176769367538481627e-10
1.625391577202612497e-10
1.226654283446834200e-10
9.466106424640103224e-11
7.435001113505294531e-11
5.774937326984948419e-11
4.319834818461170680e-11
3.109262472961436399e-11
2.227130852216568128e-11
1.630723116694557279e-11
1.202106340781536158e-11
8.847836992937883195e-12
6.657774901095397374e-12
4.936577603155492676e-12
3.430639662136130416e-12
2.397417587363554698e-12
1.756535390006807064e-12
1.301094735101656831e-12
9.216526241919020124e-13
6.392922332442457916e-13
4.620590786180088591e-13
3.270610949594660374e-13
2.291834753762299805e-13
1.634865717266441759e-13
1.130739938141773562e-13
7.974164596774118347e-14
5.570336666358960897e-14
3.896840113202905685e-14
2.725945073336955142e-14
1.889929750746375116e-14
1.307969749893818728e-14
9.026509449235982810e-15
6.203833277392588971e-15
4.270379734668481827e-15
2.955237571821701814e-15
2.044848087108541616e-15
1.403689557876987375e-15
9.592102824920851702e-16
6.553805111658201780e-16
4.467621289349082048e-16
3.035752178144507719e-16
2.068095616512720284e-16
1.417624081466307093e-16
9.683770765442580141e-17
6.566114108573500819e-17
