# cl_iswg_fnu_0_z_3
4.535083454548228694e-10
4.181495334830142893e-10
3.849291799104597673e-10
3.537866097138891039e-10
3.246620188741556907e-10
2.974335481379745342e-10
2.720212017808966745e-10
2.483648364916622320e-10
2.263811934999238269e-10
2.059662632694271836e-10
1.870311382555575249e-10
1.695102605348923230e-10
1.533292208689415407e-10
1.384019235792551056e-10
1.246632776010427041e-10
1.120338502909606505e-10
1.004521919508959980e-10
8.984392418803760512e-11
8.015135407972663573e-11
7.132576922535775287e-11
6.329251749754086107e-11
5.601086225565295310e-11
4.941288864478865786e-11
4.345205849973561086e-11
3.808626646480614786e-11
3.325836674751161365e-11
2.894510692281494050e-11
2.509448520617498576e-11
2.165781807730081661e-11
1.860631685277010431e-11
1.591190348977941137e-11
1.353739215927081207e-11
1.145930698491212774e-11
9.644695138131182338e-12
8.066448974541485506e-12
6.710589837887204024e-12
5.544848672119793648e-12
4.550719190540411551e-12
3.707541779838566727e-12
2.998180090674625592e-12
2.405974812684799386e-12
1.917679705762708220e-12
1.517340547641845388e-12
1.192578664879784677e-12
9.320106830799989458e-13
7.235294181770046746e-13
5.600780552899662862e-13
4.321214019692739743e-13
3.325244374264081054e-13
2.557251772308275071e-13
1.965961447889576162e-13
1.509078992766470228e-13
1.154679034245075019e-13
8.799197298727672489e-14
6.667420729828515963e-14
5.005851855735920156e-14
3.722186930052569616e-14
2.746519424448354393e-14
2.011564932755332534e-14
1.468196655916204004e-14
1.073014036823686786e-14
7.843355192639788707e-15
5.737836431949638982e-15
4.177313379741103162e-15
3.015771937070027163e-15
2.162053638313231416e-15
1.543608174708971644e-15
1.104080257834174435e-15
7.889284899206257607e-16
5.613162835048730073e-16
