# cl_iswg_fnu_0.1_z_01
2.929263680961110387e-08
2.516376539616993294e-08
2.220467207325091361e-08
1.917658996441606508e-08
1.642490078269166058e-08
1.402069286420967995e-08
1.189212402012399871e-08
1.017149286740373913e-08
8.202129813104446338e-09
7.039752135868904753e-09
5.817793067404330661e-09
4.767838126282775327e-09
3.869701487603361847e-09
3.110970184598855824e-09
2.478933768361429531e-09
1.961178990191025671e-09
1.545695576836896808e-09
1.214580745916867120e-09
9.521232667233441412e-10
7.458007832674910222e-10
5.809247106797988318e-10
4.503010577591381002e-10
3.472400448590084875e-10
2.651484574451025704e-10
1.992295322015086236e-10
1.473934437722241008e-10
1.084769551696683952e-10
8.056752807380257348e-11
6.102280655062066273e-11
4.712945728377893957e-11
3.611610534637315817e-11
2.669433648679266841e-11
1.900235221327481718e-11
1.337347889287385826e-11
9.600589436211436043e-12
6.966345038971405737e-12
5.057216075981564795e-12
3.746528423653686096e-12
2.749385353728109486e-12
1.888422125207477900e-12
1.292825626495957101e-12
9.324718151404471514e-13
6.839337819623153527e-13
4.805157951244858478e-13
3.278438189401538258e-13
2.336393615795787927e-13
1.640247953906390666e-13
1.133967945662399509e-13
8.022541578439265944e-14
5.494602808557986948e-14
3.835575734353488292e-14
2.658145668843896421e-14
1.841567583309785940e-14
1.276547975986024082e-14
8.784446360001155732e-15
6.043629596241586628e-15
4.151854702430617464e-15
2.839021025354526658e-15
1.943772287379213179e-15
1.337999539446740621e-15
9.208389706129699484e-16
6.291379752476986493e-16
4.284023705588425615e-16
2.920684973050027600e-16
1.987068285469453122e-16
1.347243682624207288e-16
9.156592118061784354e-17
6.260744039049137493e-17
4.265355957117944004e-17
2.886487310503152676e-17
