# cl_iswg_fnu_0.1_z_1
2.688344176747047155e-09
2.465310072273657433e-09
2.256218036650968053e-09
2.060546606639260171e-09
1.877921989564349239e-09
1.707850469505229233e-09
1.549796492806213787e-09
1.403262630522358459e-09
1.267674377359103986e-09
1.142472591009356848e-09
1.027110897220759644e-09
9.210282077292832992e-10
8.236873696670359654e-10
7.345721479359936451e-10
6.532258162590807655e-10
5.789978026075989807e-10
5.114811661059774901e-10
4.502146560736295578e-10
3.946080774154752857e-10
3.447599606749129823e-10
2.999214615444930018e-10
2.597210535083950430e-10
2.238328133153324999e-10
1.919722602364280938e-10
1.636855083758749778e-10
1.388336345181599633e-10
1.171389377283113546e-10
9.825369441811757870e-11
8.182715319624502793e-11
6.765383083161196886e-11
5.553686081911911033e-11
4.525805137500377824e-11
3.658871322594569620e-11
2.934287417835425105e-11
2.334899735883716151e-11
1.847264439063364657e-11
1.449247726976945194e-11
1.128312886866287841e-11
8.720765406876031716e-12
6.711583219408106192e-12
5.123422591370279811e-12
3.909254757513794093e-12
2.973355412824881993e-12
2.253114475034707292e-12
1.709744908964323051e-12
1.286227315792744825e-12
9.705206715782647805e-13
7.302271246069754776e-13
5.450144788720679655e-13
4.044014713183207914e-13
2.991030331143502332e-13
2.197811377072314615e-13
1.597164476647693889e-13
1.157412722760297188e-13
8.403659561041828567e-14
6.073326267714368913e-14
4.368384167000793985e-14
3.166163061696043136e-14
2.275844084116893935e-14
1.626032123526775644e-14
1.166104366860480876e-14
8.276722667642589006e-15
5.891659604578626046e-15
4.187735009861523944e-15
2.964676241603203371e-15
2.089308251403346418e-15
1.481449965385775513e-15
1.044884348382230419e-15
7.353871398627590349e-16
5.176129809274395083e-16
