# cl_isw_fnu_0_z_01
1.782119352937420816e-11
1.420783161315388161e-11
1.128625195985441934e-11
8.933518391302254394e-12
7.046954571625648152e-12
5.540089464779609367e-12
4.341257992316977317e-12
3.391054470972539925e-12
2.640466051699325942e-12
2.049694893191872525e-12
1.586217811094253835e-12
1.223793271510849032e-12
9.412693761919371013e-13
7.217612716320946300e-13
5.517426292876476199e-13
4.204243159904670214e-13
3.193324695605837110e-13
2.417449912495797165e-13
1.823864210737003337e-13
1.371087728314497535e-13
1.026877140991397318e-13
7.661522299766545254e-14
5.692642334631197940e-14
4.211405726855538105e-14
3.101241829454521170e-14
2.272570705272350716e-14
1.656929955669483585e-14
1.201404974982590362e-14
8.658756421941223555e-15
6.199344556003033724e-15
4.407787365800592314e-15
3.110853990282902998e-15
2.178416928587663437e-15
1.513001303852359331e-15
1.041871097594241176e-15
7.112520637332807772e-16
4.814390877094631361e-16
3.232115434019111795e-16
2.153248317550322857e-16
1.425386640575295490e-16
9.387937467574402324e-17
6.159731203841415950e-17
4.030153797747667840e-17
2.629989108565902177e-17
1.711576347800278117e-17
1.110487695297973677e-17
7.182093519709600925e-18
4.632059955729863695e-18
2.981374931206811272e-18
1.914097582558908023e-18
1.222478785993078628e-18
7.737857969083375119e-19
4.845879051934518648e-19
3.007146591148829384e-19
1.854100472567550151e-19
1.137806235081698942e-19
6.977890138575483787e-20
4.295190866837592080e-20
2.648392526341370254e-20
1.624978186508064953e-20
9.871155410044952773e-21
5.933359056815838653e-21
3.558257993581622407e-21
2.143959089419938436e-21
1.292335857897379427e-21
7.718599920703878875e-22
4.578781548562325784e-22
2.724532867872234105e-22
1.618361541864785930e-22
9.544122339286399101e-23
