# kfnu_0.1_z_2
1.082343533198582008e-05
1.195022105093812570e-05
1.319431248703040183e-05
1.456792051612865180e-05
1.608453021617606282e-05
1.775902819645125419e-05
1.960785084520466626e-05
2.164914621971547604e-05
2.390295412624254823e-05
2.639139893290121108e-05
2.913890421041287482e-05
3.217244011466391385e-05
3.552178895915858448e-05
3.921982352039776742e-05
4.330284355091862381e-05
4.781093593919649720e-05
5.278834578348323703e-05
5.828393113915808499e-05
6.435164686990901828e-05
7.105104305082932115e-05
7.844789070077240467e-05
8.661479660077020526e-05
9.563191997585818172e-05
1.055877874023281038e-04
1.165801149909384549e-04
1.287168124690651894e-04
1.421170309185981750e-04
1.569122687214985490e-04
1.732477976474910975e-04
1.912839506985619664e-04
2.111977664753794670e-04
2.331847499590367079e-04
2.574606915004551411e-04
2.842639223672449589e-04
3.138575411867350340e-04
3.465320041868835688e-04
3.826080937869846821e-04
4.224399453960359097e-04
4.664185107685625553e-04
5.149755161255598068e-04
5.685876240022480488e-04
6.277810316532850266e-04
6.931368843652307987e-04
7.652966305613517761e-04
8.449687156826257706e-04
9.329351014457643032e-04
1.030059298500418663e-03
1.137294806540012360e-03
1.255694078281521797e-03
1.386419520713388920e-03
1.530754147097468376e-03
1.690114964731037617e-03
1.866066246293485165e-03
2.060335129499435425e-03
2.274828497320413589e-03
2.511652186512947083e-03
2.773130312561988831e-03
3.061830066144466400e-03
3.380585229024291039e-03
3.732524812221527100e-03
4.121103323996067047e-03
4.550135228782892227e-03
5.023832432925701141e-03
5.546843633055686951e-03
6.124304141849279404e-03
6.761881522834300995e-03
7.465834263712167740e-03
8.243072777986526489e-03
9.101226925849914551e-03
1.004872098565101624e-02
1.109485328197479248e-02
1.224989537149667740e-02
1.352518424391746521e-02
1.493323873728513718e-02
1.648787967860698700e-02
1.820436865091323853e-02
2.009955421090126038e-02
2.219204045832157135e-02
2.450236678123474121e-02
2.705321088433265686e-02
2.986961603164672852e-02
3.297922387719154358e-02
3.641256317496299744e-02
4.020333290100097656e-02
4.438874498009681702e-02
4.882761836051940918e-02
5.326649546623229980e-02
5.770536884665489197e-02
6.214424222707748413e-02
6.658311933279037476e-02
7.102199643850326538e-02
7.546086609363555908e-02
7.989974319934844971e-02
8.433862030506134033e-02
8.877748996019363403e-02
9.321636706590652466e-02
9.987756609916687012e-02
1.065387576818466187e-01
1.131999567151069641e-01
1.198611557483673096e-01
1.265223473310470581e-01
1.331835538148880005e-01
1.398447453975677490e-01
1.465059518814086914e-01
1.531671434640884399e-01
1.598283350467681885e-01
1.664895415306091309e-01
1.731507331132888794e-01
1.798119246959686279e-01
1.864731311798095703e-01
1.931343227624893188e-01
1.997955292463302612e-01
2.064567208290100098e-01
2.131179124116897583e-01
2.197791188955307007e-01
2.264403104782104492e-01
2.331015169620513916e-01
2.397627085447311401e-01
2.464239001274108887e-01
2.530851066112518311e-01
2.597463130950927734e-01
2.664074897766113281e-01
2.730686962604522705e-01
2.797299027442932129e-01
2.863910794258117676e-01
2.930522859096527100e-01
2.997134923934936523e-01
3.063746690750122070e-01
3.130358755588531494e-01
3.196970820426940918e-01
3.263582587242126465e-01
3.330194652080535889e-01
3.396806716918945312e-01
3.463418781757354736e-01
3.530030548572540283e-01
3.596642613410949707e-01
3.663254678249359131e-01
3.729866445064544678e-01
3.796478509902954102e-01
3.863090574741363525e-01
3.929702341556549072e-01
3.996314406394958496e-01
4.062926471233367920e-01
4.129538536071777344e-01
4.196150302886962891e-01
4.262762367725372314e-01
4.329374432563781738e-01
4.340001344680786133e-01
4.602953493595123291e-01
6.423938870429992676e-01
8.965329527854919434e-01
1.251212477684020996e+00
1.746207714080810547e+00
2.437029123306274414e+00
3.401148080825805664e+00
4.746684551239013672e+00
6.624532222747802734e+00
9.245279312133789062e+00
1.290282630920410156e+01
1.800734519958496094e+01
2.513127517700195312e+01
3.507352066040039062e+01
4.894903945922851562e+01
6.831388854980468750e+01
9.533970642089843750e+01
