# kfnu_0_z_3
1.043070460582384840e-05
1.152022650785511360e-05
1.272355257242452353e-05
1.405257080477895215e-05
1.552040885144378990e-05
1.714156860543880612e-05
1.893206172098871320e-05
2.090957968903239816e-05
2.309365663677453995e-05
2.550586577854119241e-05
2.817003951349761337e-05
3.111249316134490073e-05
3.436229962971992791e-05
3.795155862462706864e-05
4.191572588752023876e-05
4.629396426025778055e-05
5.112952203489840031e-05
5.647017314913682640e-05
6.236867193365469575e-05
6.888328789500519633e-05
7.607838051626458764e-05
8.402502135140821338e-05
9.280171798309311271e-05
1.024951707222498953e-04
1.132011384470388293e-04
1.250253699254244566e-04
1.380846952088177204e-04
1.525081024738028646e-04
1.684380986262112856e-04
1.860320189734920859e-04
2.054636861430481076e-04
2.269250544486567378e-04
2.506281598471105099e-04
2.768070844467729330e-04
3.057205176446586847e-04
3.376540553290396929e-04
3.729231830220669508e-04
4.118762444704771042e-04
4.548981087282299995e-04
5.024137208238244057e-04
5.548925255425274372e-04
6.128529203124344349e-04
6.768674938939511776e-04
7.475685561075806618e-04
8.256545988842844963e-04
9.118970483541488647e-04
1.007147715426981449e-03
1.112347701564431190e-03
1.228536129929125309e-03
1.356860855594277382e-03
1.498589524999260902e-03
1.655122265219688416e-03
1.828005420975387096e-03
2.018946688622236252e-03
2.229832345619797707e-03
2.462745876982808113e-03
2.719988115131855011e-03
3.004099940881133080e-03
3.317888360470533371e-03
3.664452815428376198e-03
4.047217313200235367e-03
4.469962790608406067e-03
4.936865530908107758e-03
5.452537443488836288e-03
6.022073328495025635e-03
6.651099305599927902e-03
7.345828693360090256e-03
8.113125339150428772e-03
8.960568346083164215e-03
9.896529838442802429e-03
1.093025598675012589e-02
1.207195781171321869e-02
1.333291456103324890e-02
1.472558174282312393e-02
1.626371778547763824e-02
1.796251907944679260e-02
1.983876340091228485e-02
2.191098965704441071e-02
2.419966645538806915e-02
2.672740258276462555e-02
2.951917052268981934e-02
3.260254487395286560e-02
3.600799292325973511e-02
3.976914659142494202e-02
4.392316937446594238e-02
4.831548780202865601e-02
5.270780250430107117e-02
5.710012093186378479e-02
6.149243935942649841e-02
6.588475406169891357e-02
7.027707248926162720e-02
7.466939091682434082e-02
7.906170934438705444e-02
8.345402032136917114e-02
8.784633874893188477e-02
9.223865717649459839e-02
9.873844683170318604e-02
1.052382364869117737e-01
1.117380261421203613e-01
1.182378157973289490e-01
1.247376129031181335e-01
1.312374025583267212e-01
1.377371847629547119e-01
1.442369818687438965e-01
1.507367789745330811e-01
1.572365611791610718e-01
1.637363582849502563e-01
1.702361404895782471e-01
1.767359375953674316e-01
1.832357197999954224e-01
1.897355169057846069e-01
1.962352991104125977e-01
2.027350962162017822e-01
2.092348784208297729e-01
2.157346755266189575e-01
2.222344726324081421e-01
2.287342548370361328e-01
2.352340519428253174e-01
2.417338341474533081e-01
2.482336312532424927e-01
2.547334134578704834e-01
2.612332105636596680e-01
2.677330076694488525e-01
2.742327749729156494e-01
2.807325720787048340e-01
2.872323691844940186e-01
2.937321662902832031e-01
3.002319633960723877e-01
3.067317306995391846e-01
3.132315278053283691e-01
3.197313249111175537e-01
3.262311220169067383e-01
3.327308893203735352e-01
3.392306864261627197e-01
3.457304835319519043e-01
3.522302806377410889e-01
3.587300777435302734e-01
3.652298450469970703e-01
3.717296421527862549e-01
3.782294392585754395e-01
3.847292363643646240e-01
3.912290036678314209e-01
3.977288007736206055e-01
4.042285978794097900e-01
4.107283949851989746e-01
4.172281920909881592e-01
4.340001344680786133e-01
4.602953493595123291e-01
6.423938870429992676e-01
8.965329527854919434e-01
1.251212477684020996e+00
1.746207714080810547e+00
2.437029123306274414e+00
3.401148080825805664e+00
4.746684551239013672e+00
6.624532222747802734e+00
9.245279312133789062e+00
1.290282630920410156e+01
1.800734519958496094e+01
2.513127517700195312e+01
3.507352066040039062e+01
4.894903945922851562e+01
6.831388854980468750e+01
9.533970642089843750e+01
