# zfnu_0.1_z_2
0.000000000000000000e+00
2.672605790645879789e-02
5.345211581291759578e-02
8.017817371937639714e-02
1.069042316258351916e-01
1.336302895322939999e-01
1.603563474387527943e-01
1.870824053452115887e-01
2.138084632516703831e-01
2.405345211581291776e-01
2.672605790645879997e-01
2.939866369710467664e-01
3.207126948775055886e-01
3.474387527839643552e-01
3.741648106904231774e-01
4.008908685968819441e-01
4.276169265033407663e-01
4.543429844097995884e-01
4.810690423162583551e-01
5.077951002227171218e-01
5.345211581291759995e-01
5.612472160356347661e-01
5.879732739420935328e-01
6.146993318485522995e-01
6.414253897550111772e-01
6.681514476614699438e-01
6.948775055679287105e-01
7.216035634743875882e-01
7.483296213808463548e-01
7.750556792873051215e-01
8.017817371937638882e-01
8.285077951002227659e-01
8.552338530066815325e-01
8.819599109131402992e-01
9.086859688195991769e-01
9.354120267260579435e-01
9.621380846325167102e-01
9.888641425389754769e-01
1.015590200445434244e+00
1.042316258351893010e+00
1.069042316258351999e+00
1.095768374164810766e+00
1.122494432071269532e+00
1.149220489977728299e+00
1.175946547884187066e+00
1.202672605790645832e+00
1.229398663697104599e+00
1.256124721603563588e+00
1.282850779510022354e+00
1.309576837416481121e+00
1.336302895322939888e+00
1.363028953229398654e+00
1.389755011135857421e+00
1.416481069042316188e+00
1.443207126948775176e+00
1.469933184855233943e+00
1.496659242761692710e+00
1.523385300668151476e+00
1.550111358574610243e+00
1.576837416481069010e+00
1.603563474387527776e+00
1.630289532293986765e+00
1.657015590200445532e+00
1.683741648106904298e+00
1.710467706013363065e+00
1.737193763919821832e+00
1.763919821826280598e+00
1.790645879732739365e+00
1.817371937639198354e+00
1.844097995545657120e+00
1.870824053452115887e+00
1.897550111358574654e+00
1.924276169265033420e+00
1.951002227171492187e+00
1.977728285077950954e+00
2.004454342984409720e+00
2.031180400890868487e+00
2.057906458797327254e+00
2.084632516703786020e+00
2.111358574610245231e+00
2.138084632516703998e+00
2.164810690423162765e+00
2.191536748329621531e+00
2.218262806236080298e+00
2.244988864142539065e+00
2.271714922048997831e+00
2.298440979955456598e+00
2.325167037861915365e+00
2.351893095768374131e+00
2.378619153674832898e+00
2.405345211581291665e+00
2.432071269487750431e+00
2.458797327394209198e+00
2.485523385300668409e+00
2.512249443207127175e+00
2.538975501113585942e+00
2.565701559020044709e+00
2.592427616926503475e+00
2.619153674832962242e+00
2.645879732739421009e+00
2.672605790645879775e+00
2.699331848552338542e+00
2.726057906458797309e+00
2.752783964365256075e+00
2.779510022271714842e+00
2.806236080178173609e+00
2.832962138084632375e+00
2.859688195991091586e+00
2.886414253897550353e+00
2.913140311804009119e+00
2.939866369710467886e+00
2.966592427616926653e+00
2.993318485523385419e+00
3.020044543429844186e+00
3.046770601336302953e+00
3.073496659242761719e+00
3.100222717149220486e+00
3.126948775055679253e+00
3.153674832962138019e+00
3.180400890868596786e+00
3.207126948775055553e+00
3.233853006681514763e+00
3.260579064587973530e+00
3.287305122494432297e+00
3.314031180400891063e+00
3.340757238307349830e+00
3.367483296213808597e+00
3.394209354120267363e+00
3.420935412026726130e+00
3.447661469933184897e+00
3.474387527839643663e+00
3.501113585746102430e+00
3.527839643652561197e+00
3.554565701559019963e+00
3.581291759465478730e+00
3.608017817371937497e+00
3.634743875278396708e+00
3.661469933184855474e+00
3.688195991091314241e+00
3.714922048997773008e+00
3.741648106904231774e+00
3.768374164810690541e+00
3.795100222717149308e+00
3.821826280623608074e+00
3.848552338530066841e+00
3.875278396436525608e+00
3.902004454342984374e+00
3.928730512249443141e+00
3.955456570155901908e+00
3.982182628062360674e+00
4.008908685968819441e+00
4.035634743875278652e+00
4.062360801781736974e+00
4.089086859688196185e+00
4.115812917594654508e+00
4.142538975501113718e+00
4.169265033407572041e+00
4.195991091314031252e+00
4.222717149220490462e+00
4.249443207126948785e+00
4.276169265033407996e+00
4.302895322939866318e+00
4.329621380846325529e+00
4.356347438752783852e+00
4.383073496659243062e+00
4.409799554565701385e+00
4.436525612472160596e+00
4.463251670378618918e+00
4.489977728285078129e+00
4.516703786191536452e+00
4.543429844097995662e+00
4.570155902004454873e+00
4.596881959910913196e+00
4.623608017817372406e+00
4.650334075723830729e+00
4.677060133630289940e+00
4.703786191536748262e+00
4.730512249443207473e+00
4.757238307349665796e+00
4.783964365256125006e+00
4.810690423162583329e+00
4.837416481069042540e+00
4.864142538975500862e+00
4.890868596881960073e+00
4.917594654788418396e+00
4.944320712694877606e+00
4.971046770601336817e+00
4.997772828507795140e+00
5.024498886414254351e+00
5.051224944320712673e+00
5.077951002227171884e+00
5.104677060133630206e+00
5.131403118040089417e+00
5.158129175946547740e+00
5.184855233853006951e+00
5.211581291759465273e+00
5.238307349665924484e+00
5.265033407572382806e+00
5.291759465478842017e+00
5.318485523385300340e+00
5.345211581291759551e+00
5.371937639198218761e+00
5.398663697104677084e+00
5.425389755011136295e+00
5.452115812917594617e+00
5.478841870824053828e+00
5.505567928730512151e+00
5.532293986636971361e+00
5.559020044543429684e+00
5.585746102449888895e+00
5.612472160356347217e+00
5.639198218262806428e+00
5.665924276169264751e+00
5.692650334075723961e+00
5.719376391982183172e+00
5.746102449888641495e+00
5.772828507795100705e+00
5.799554565701559028e+00
5.826280623608018239e+00
5.853006681514476561e+00
5.879732739420935772e+00
5.906458797327394095e+00
5.933184855233853305e+00
5.959910913140311628e+00
5.986636971046770839e+00
6.013363028953229161e+00
6.040089086859688372e+00
6.066815144766146695e+00
6.093541202672605905e+00
6.120267260579065116e+00
6.146993318485523439e+00
6.173719376391982649e+00
6.200445434298440972e+00
6.227171492204900183e+00
6.253897550111358505e+00
6.280623608017817716e+00
6.307349665924276039e+00
6.334075723830735249e+00
6.360801781737193572e+00
6.387527839643652783e+00
6.414253897550111105e+00
6.440979955456570316e+00
6.467706013363029527e+00
6.494432071269487849e+00
6.521158129175947060e+00
6.547884187082405383e+00
6.574610244988864594e+00
6.601336302895322916e+00
6.628062360801782127e+00
6.654788418708240449e+00
6.681514476614699660e+00
6.708240534521157983e+00
6.734966592427617194e+00
6.761692650334075516e+00
6.788418708240534727e+00
6.815144766146993049e+00
6.841870824053452260e+00
6.868596881959911471e+00
6.895322939866369794e+00
6.922048997772829004e+00
6.948775055679287327e+00
6.975501113585746538e+00
7.002227171492204860e+00
7.028953229398664071e+00
7.055679287305122394e+00
7.082405345211581604e+00
7.109131403118039927e+00
7.135857461024499138e+00
7.162583518930957460e+00
7.189309576837416671e+00
7.216035634743874994e+00
7.242761692650334204e+00
7.269487750556793415e+00
7.296213808463251738e+00
7.322939866369710948e+00
7.349665924276169271e+00
7.376391982182628482e+00
7.403118040089086804e+00
7.429844097995546015e+00
7.456570155902004338e+00
7.483296213808463548e+00
7.510022271714921871e+00
7.536748329621381082e+00
7.563474387527839404e+00
7.590200445434298615e+00
7.616926503340757826e+00
7.643652561247216148e+00
7.670378619153675359e+00
7.697104677060133682e+00
7.723830734966592892e+00
7.750556792873051215e+00
7.777282850779510426e+00
7.804008908685968748e+00
7.830734966592427959e+00
7.857461024498886282e+00
7.884187082405345492e+00
7.910913140311803815e+00
7.937639198218263026e+00
7.964365256124721348e+00
7.991091314031180559e+00
8.017817371937638882e+00
8.044543429844098981e+00
8.071269487750557303e+00
8.097995545657015626e+00
8.124721603563473948e+00
8.151447661469934047e+00
8.178173719376392370e+00
8.204899777282850692e+00
8.231625835189309015e+00
8.258351893095769114e+00
8.285077951002227437e+00
8.311804008908685759e+00
8.338530066815144082e+00
8.365256124721604181e+00
8.391982182628062503e+00
8.418708240534520826e+00
8.445434298440980925e+00
8.472160356347439247e+00
8.498886414253897570e+00
8.525612472160355892e+00
8.552338530066815991e+00
8.579064587973274314e+00
8.605790645879732637e+00
8.632516703786190959e+00
8.659242761692651058e+00
8.685968819599109381e+00
8.712694877505567703e+00
8.739420935412026026e+00
8.766146993318486125e+00
8.792873051224944447e+00
8.819599109131402770e+00
8.846325167037862869e+00
8.873051224944321191e+00
8.899777282850779514e+00
8.926503340757237837e+00
8.953229398663697935e+00
8.979955456570156258e+00
9.006681514476614581e+00
9.033407572383072903e+00
9.060133630289533002e+00
9.086859688195991325e+00
9.113585746102449647e+00
9.140311804008909746e+00
9.167037861915368069e+00
9.193763919821826391e+00
9.220489977728284714e+00
9.247216035634744813e+00
9.273942093541203135e+00
9.300668151447661458e+00
9.327394209354119781e+00
9.354120267260579880e+00
9.380846325167038202e+00
9.407572383073496525e+00
9.434298440979954847e+00
9.461024498886414946e+00
9.487750556792873269e+00
9.514476614699331591e+00
9.541202672605791690e+00
9.567928730512250013e+00
9.594654788418708335e+00
9.621380846325166658e+00
9.648106904231626757e+00
9.674832962138085080e+00
9.701559020044543402e+00
9.728285077951001725e+00
9.755011135857461824e+00
9.781737193763920146e+00
9.808463251670378469e+00
9.835189309576836791e+00
9.861915367483296890e+00
9.888641425389755213e+00
9.915367483296213535e+00
9.942093541202673634e+00
9.968819599109131957e+00
9.995545657015590280e+00
1.002227171492204860e+01
1.004899777282850870e+01
1.007572383073496702e+01
1.010244988864142535e+01
1.012917594654788367e+01
1.015590200445434377e+01
1.018262806236080209e+01
1.020935412026726041e+01
1.023608017817371874e+01
1.026280623608017883e+01
1.028953229398663716e+01
1.031625835189309548e+01
1.034298440979955558e+01
1.036971046770601390e+01
1.039643652561247222e+01
1.042316258351893055e+01
1.044988864142539065e+01
1.047661469933184897e+01
1.050334075723830729e+01
1.053006681514476561e+01
1.055679287305122571e+01
1.058351893095768403e+01
1.061024498886414236e+01
1.063697104677060068e+01
1.066369710467706078e+01
1.069042316258351910e+01
1.071714922048997742e+01
1.074387527839643752e+01
1.077060133630289585e+01
1.079732739420935417e+01
1.082405345211581249e+01
1.085077951002227259e+01
1.087750556792873091e+01
1.090423162583518923e+01
1.093095768374164756e+01
1.095768374164810766e+01
1.098440979955456598e+01
1.101113585746102430e+01
1.103786191536748440e+01
1.106458797327394272e+01
1.109131403118040105e+01
1.111804008908685937e+01
1.114476614699331947e+01
1.117149220489977779e+01
1.119821826280623611e+01
1.122494432071269443e+01
1.125167037861915453e+01
1.127839643652561286e+01
1.130512249443207118e+01
1.133184855233852950e+01
1.135857461024498960e+01
1.138530066815144792e+01
1.141202672605790625e+01
1.143875278396436634e+01
1.146547884187082467e+01
1.149220489977728299e+01
1.151893095768374131e+01
1.154565701559020141e+01
1.157238307349665973e+01
1.159910913140311806e+01
1.162583518930957638e+01
1.165256124721603648e+01
1.167928730512249480e+01
1.170601336302895312e+01
1.173273942093541145e+01
1.175946547884187154e+01
1.178619153674832987e+01
1.181291759465478819e+01
1.183964365256124829e+01
1.186636971046770661e+01
1.189309576837416493e+01
1.191982182628062326e+01
1.194654788418708335e+01
1.197327394209354168e+01
1.200000000000000000e+01
