# d_a
# unit = Mpc
4.143169897421012138e+02
4.160501931446454478e+02
4.177982595172256879e+02
4.195613822547733207e+02
4.213397581272507750e+02
4.231335873534543452e+02
4.249430736767492931e+02
4.267684247920818734e+02
4.286098510177016010e+02
4.304675675058360866e+02
4.323417928963015129e+02
4.342327497633352209e+02
4.361406647042601890e+02
4.380657684305424482e+02
4.400082958613187429e+02
4.419684862194731068e+02
4.439465831303381265e+02
4.459428347231109342e+02
4.479574937350664072e+02
4.499908176186561946e+02
4.520430686515901471e+02
4.541145140499916124e+02
4.562054260847318119e+02
4.583160822010427751e+02
4.604467651415145042e+02
4.625977630725922154e+02
4.647693697146870022e+02
4.669618844760162801e+02
4.691756125903024213e+02
4.714108652584558286e+02
4.736679597943756335e+02
4.759472197750074542e+02
4.782489751948014600e+02
4.805735626247207506e+02
4.829213253759521081e+02
4.852926136684836251e+02
4.876877848047123507e+02
4.901072033482592474e+02
4.925512413081676755e+02
4.950202783286743511e+02
4.975147018847495701e+02
5.000349074835986585e+02
5.025812988723521926e+02
5.051542882521414981e+02
5.077542964988047061e+02
5.103817533904468178e+02
5.130370978421055952e+02
5.157207781477727622e+02
5.184332522300396704e+02
5.211749878976398804e+02
5.239464631111774224e+02
5.267481662573361518e+02
5.295805964318807355e+02
5.324442637317757772e+02
5.353396895567508409e+02
5.382674069206703962e+02
5.412279607730590669e+02
5.442219083311787244e+02
5.472498194230302033e+02
5.503122768417053976e+02
5.534098767115127657e+02
5.565432288663106419e+02
5.597129572405284534e+02
5.629197002733396857e+02
5.661641113265011427e+02
5.694468591163712290e+02
5.727686281606588636e+02
5.761301192404608855e+02
5.795320498781868537e+02
5.829751548319736685e+02
5.864601866072410985e+02
5.899879159860420259e+02
5.935591325749105636e+02
5.971746453719226793e+02
6.008352833537206834e+02
6.045418960832848825e+02
6.082953543392677602e+02
6.120965507677303776e+02
6.159464005571660437e+02
6.198458421377293917e+02
6.237958379056155991e+02
6.277973749735857609e+02
6.318514659486651226e+02
6.359591497380869214e+02
6.401214923845799376e+02
6.443395879321698203e+02
6.486145593236741433e+02
6.529475593311378816e+02
6.573397715204924907e+02
6.617924112517662252e+02
6.663067267162267626e+02
6.708840000118718763e+02
6.755255482587382403e+02
6.802327247555475651e+02
6.850069201792423428e+02
6.898495638290231682e+02
6.947621249165237032e+02
6.997461139038269948e+02
7.048030838910361808e+02
7.099346320551612735e+02
7.151424011421177056e+02
7.204280810136500577e+02
7.257934102510074581e+02
7.312401778172172726e+02
7.367702247797957398e+02
7.423854460957219317e+02
7.480877924604737927e+02
7.538792722228869252e+02
7.597619533675216417e+02
7.657379655661439983e+02
7.718095022998063541e+02
7.779788236063695877e+02
7.842482560948693617e+02
7.906201987260429860e+02
7.970971228934155306e+02
8.036815755085090132e+02
8.103761815663409607e+02
8.171836467851012458e+02
8.241067603187811983e+02
8.311483975408154947e+02
8.383115228959719616e+02
8.455991928167098877e+02
8.530145586990665834e+02
8.605608699317602941e+02
8.682414769705527533e+02
8.760598344480393962e+02
8.840195043067892584e+02
8.921241589411429231e+02
9.003775843299276858e+02
9.087836831387503480e+02
9.173464777663562018e+02
9.260701133046255791e+02
9.349588603760309979e+02
9.440171178056863255e+02
9.532494150772084822e+02
9.626604145124438219e+02
9.722549131042554791e+02
9.820378439189322535e+02
9.920142769698805978e+02
1.002189419446790907e+03
1.012568615163906543e+03
1.023157343066839076e+03
1.033961214608825912e+03
1.044985969773713805e+03
1.056237471483147374e+03
1.067721698078424197e+03
1.079444733511719278e+03
1.091412754815197331e+03
1.103632016337936420e+03
1.116108830146831224e+03
1.128849541875993737e+03
1.141860501175533955e+03
1.155148025750635043e+03
1.168718357789861784e+03
1.182577611350606503e+03
1.196731708991175992e+03
1.211186305602469702e+03
1.225946696984487289e+03
1.241017710217727199e+03
1.256403573028289657e+03
1.272107753228204501e+03
1.288132774918485438e+03
1.304479988882786301e+03
1.321149302049530434e+03
1.338138851503810201e+03
1.355444612481818695e+03
1.373059926284791345e+03
1.390974930787800304e+03
1.409175872127427965e+03
1.427644271000214076e+03
1.446355910489475264e+03
1.465279604066879983e+03
1.484375691867743626e+03
1.503594199828803539e+03
1.522872578892157662e+03
1.542132919001779555e+03
1.561278503416159310e+03
1.580189530730339129e+03
1.598717781959011063e+03
1.616679944015545516e+03
1.633849213366539743e+03
1.649944687714467136e+03
1.664617890993099536e+03
1.677435584889339907e+03
1.687857700589190699e+03
1.695208869074420818e+03
1.698641469842951437e+03
1.697087384230646649e+03
1.689194603753086994e+03
1.673243384479491851e+03
1.647034548279306364e+03
1.607739472838559095e+03
1.551696694684498198e+03
1.474132772282163614e+03
1.368772932384641081e+03
1.227285480279285139e+03
1.038463086850327272e+03
7.869618686212633065e+02
4.512456374665425756e+02
0.000000000000000000e+00
