# d_l
# unit = Mpc
2.800782850656603114e+05
2.785385810141072725e+05
2.769993281929834629e+05
2.754605299338157056e+05
2.739221896091244416e+05
2.723843106331351446e+05
2.708468964625032386e+05
2.693099508174679358e+05
2.677734767919300939e+05
2.662374782041111612e+05
2.647019586879653507e+05
2.631669219237581710e+05
2.616323716388975154e+05
2.600983116087832022e+05
2.585647456576765107e+05
2.570316776595903793e+05
2.554991115391997737e+05
2.539670512727747846e+05
2.524355008891350590e+05
2.509044644706273684e+05
2.493739461541270430e+05
2.478439501320620475e+05
2.463144806534647651e+05
2.447855420250472380e+05
2.432571386123034754e+05
2.417292748406389146e+05
2.402019551965288119e+05
2.386751842287045729e+05
2.371489665493700595e+05
2.356233068354494753e+05
2.340982098298660421e+05
2.325736803428535350e+05
2.310497232533020433e+05
2.295263435101387731e+05
2.280035461337432207e+05
2.264813362174016947e+05
2.249597189287978690e+05
2.234386995115444879e+05
2.219182832867553225e+05
2.203984756546584831e+05
2.188792820962557744e+05
2.173607081750226498e+05
2.158427595386598259e+05
2.143254419208888721e+05
2.128087611432992562e+05
2.112927231172468455e+05
2.097773338458051730e+05
2.082625994257710408e+05
2.067485260497283307e+05
2.052351200081695279e+05
2.037223876916787995e+05
2.022103355931779370e+05
2.006989703102373169e+05
1.991882985474551970e+05
1.976783271189065708e+05
1.961690629506651021e+05
1.946605130833993026e+05
1.931526846750492405e+05
1.916455850035807234e+05
1.901392214698264142e+05
1.886336016004134144e+05
1.871287330507796723e+05
1.856246236082872201e+05
1.841212811954297358e+05
1.826187138731443265e+05
1.811169298442261643e+05
1.796159374568541534e+05
1.781157452082290838e+05
1.766163617483314883e+05
1.751177958838003979e+05
1.736200565819422482e+05
1.721231529748707253e+05
1.706270943637872697e+05
1.691318902234048583e+05
1.676375502065214969e+05
1.661440841487517755e+05
1.646515020734208811e+05
1.631598141966291296e+05
1.616690309324935952e+05
1.601791628985760035e+05
1.586902209215028270e+05
1.572022160427879717e+05
1.557151595248660014e+05
1.542290628573467257e+05
1.527439377634976408e+05
1.512597962069697678e+05
1.497766503987738979e+05
1.482945128045204037e+05
1.468133961519351287e+05
1.453333134386636957e+05
1.438542779403791064e+05
1.423763032192059036e+05
1.408994031324762909e+05
1.394235918418361107e+05
1.379488838227158994e+05
1.364752938741865801e+05
1.350028371292175143e+05
1.335315290653603151e+05
1.320613855158771621e+05
1.305924226813378336e+05
1.291246571417099622e+05
1.276581058689695928e+05
1.261927862402575556e+05
1.247287160516127478e+05
1.232659135323133669e+05
1.218043973598593293e+05
1.203441866756312811e+05
1.188853011012651259e+05
1.174277607557816373e+05
1.159715862735150586e+05
1.145167988228869508e+05
1.130634202065150021e+05
1.116114725528882554e+05
1.101609788427251624e+05
1.087119625872171600e+05
1.072644479400582786e+05
1.058184597224652971e+05
1.043740234494757169e+05
1.029311653576047829e+05
1.014899124339477421e+05
1.000502924468241399e+05
9.861233397806425637e+04
9.717606645704802941e+04
9.574152019661672239e+04
9.430872643098369008e+04
9.287771735578600783e+04
9.144852617042722704e+04
9.002118712287480594e+04
8.859573555709212087e+04
8.717220796329739096e+04
8.575064203126259963e+04
8.433107670688247890e+04
8.291355225226469338e+04
8.149811030961837969e+04
8.008479396924092725e+04
7.867364784193548257e+04
7.726471813622099580e+04
7.585805274073527835e+04
7.445370131227067031e+04
7.305171536992817710e+04
7.165214839592564385e+04
7.025505594365522848e+04
6.886049575364677003e+04
6.746852787816975615e+04
6.607921481528703589e+04
6.469262165326807008e+04
6.330881622637595865e+04
6.192786928316210833e+04
6.054985466854479455e+04
5.917484952110089944e+04
5.780293448718806030e+04
5.643419395371975406e+04
5.506871630165919487e+04
5.370659418257993821e+04
5.234792482096260937e+04
5.099281034527964221e+04
4.964135815136067686e+04
4.829368130205036869e+04
4.694989896778245748e+04
4.561013694070962811e+04
4.427452805960346450e+04
4.294321298906995071e+04
4.161634075994996238e+04
4.029406954785800190e+04
3.897656750782074232e+04
3.766401371227003256e+04
3.635659920870687347e+04
3.505452821648835379e+04
3.375801948603217170e+04
3.246730784846502866e+04
3.118264598959778596e+04
2.990430648939310413e+04
2.863258417719665522e+04
2.736779886444285148e+04
2.611029853099369211e+04
2.486046305961099642e+04
2.361870863646218277e+04
2.238549296556276022e+04
2.116132148370360301e+04
1.994675481240219597e+04
1.874241774832196461e+04
1.754901018686450334e+04
1.636732041926539932e+04
1.519824159222948947e+04
1.404279194362071939e+04
1.290214005575362717e+04
1.177763642896892088e+04
1.067085315423386237e+04
9.583633918154302592e+03
8.518157105993535879e+03
7.477015301418160561e+03
6.463314861123997616e+03
5.480799143094590363e+03
4.533997772701189206e+03
3.628400983561276007e+03
2.770650974027129450e+03
1.968729443912405259e+03
1.232100775646749980e+03
5.717456909048064517e+02
0.000000000000000000e+00
