# d_m
# unit = Mpc
1.077224173329462974e+04
1.076503740955668036e+04
1.075778031038323752e+04
1.075046978953311009e+04
1.074310518963653340e+04
1.073568584194769210e+04
1.072821106609039452e+04
1.072068017857093946e+04
1.071309245709571587e+04
1.070544719390142018e+04
1.069774365940396274e+04
1.068998111100793540e+04
1.068215879280685476e+04
1.067427593527487443e+04
1.066633175494975694e+04
1.065832545410679086e+04
1.065025622042328541e+04
1.064212322663343548e+04
1.063392563017313296e+04
1.062566257281439721e+04
1.061733318028910617e+04
1.060893656190156071e+04
1.060047181012964757e+04
1.059193800021404786e+04
1.058333418973511107e+04
1.057465941817699422e+04
1.056591270647861165e+04
1.055709305657084042e+04
1.054819945089956309e+04
1.053923085193401857e+04
1.053018620165988796e+04
1.052106442105657152e+04
1.051186440955809667e+04
1.050258504449703833e+04
1.049322518053073691e+04
1.048378364904930095e+04
1.047425925756452489e+04
1.046465078907916177e+04
1.045495700143567956e+04
1.044517662664373529e+04
1.043530837018565035e+04
1.042535091029874820e+04
1.041530289723407077e+04
1.040516295249009090e+04
1.039492966802075534e+04
1.038460160541667756e+04
1.037417729505845637e+04
1.036365523524091986e+04
1.035303389126722323e+04
1.034231169451145615e+04
1.033148704144854310e+04
1.032055829265001739e+04
1.030952377174425055e+04
1.029838176433972149e+04
1.028713051690962493e+04
1.027576823563631478e+04
1.026429308521369057e+04
1.025270318760597547e+04
1.024099662076062486e+04
1.022917141727371018e+04
1.021722556300551696e+04
1.020515699564405622e+04
1.019296360321444809e+04
1.018064322253140381e+04
1.016819363759253611e+04
1.015561257790955460e+04
1.014289771677468161e+04
1.013004666945915778e+04
1.011705699134080896e+04
1.010392617595717093e+04
1.009065165298087231e+04
1.007723078611335040e+04
1.006366087089320536e+04
1.004993913241492010e+04
1.003606272295360395e+04
1.002202871949123983e+04
1.000783412113951090e+04
9.993475846454048224e+03
9.978950730634687716e+03
9.964255522606010345e+03
9.949386881971979165e+03
9.934341375838299427e+03
9.919115475495626015e+03
9.903705552956438623e+03
9.888107877337681202e+03
9.872318611081334893e+03
9.856333806003971404e+03
9.840149399166242802e+03
9.823761208552485186e+03
9.807164928550042532e+03
9.790356125217320368e+03
9.773330231328725858e+03
9.756082541183988724e+03
9.738608205168617133e+03
9.720902224051156736e+03
9.702959443002189801e+03
9.684774545318776291e+03
9.666342045837287515e+03
9.647656284015991332e+03
9.628711416667740195e+03
9.609501410321721778e+03
9.590020033191753100e+03
9.570260846726851014e+03
9.550217196718329433e+03
9.529882203935649159e+03
9.509248754261281647e+03
9.488309488292641618e+03
9.467056790376855133e+03
9.445482777041450390e+03
9.423579284781339084e+03
9.401337857159449413e+03
9.378749737847640063e+03
9.355805828991055023e+03
9.332496717625503152e+03
9.308812631177373987e+03
9.284743427608351340e+03
9.260278577295775904e+03
9.235407143817550605e+03
9.210117763562659093e+03
9.184398624081673915e+03
9.158237441084638704e+03
9.131621433985475960e+03
9.104537299883502783e+03
9.076971185863139908e+03
9.048908659482041912e+03
9.020334677306695085e+03
8.991233551341412749e+03
8.961588913182635224e+03
8.931383675714960191e+03
8.900599992147861485e+03
8.869219212173211417e+03
8.837221835002430453e+03
8.804587459018503068e+03
8.771294727752330800e+03
8.737321271863456786e+03
8.702643646773298315e+03
8.667237265562558605e+03
8.631076326704585881e+03
8.594133736161174966e+03
8.556381023317073414e+03
8.517788250172761764e+03
8.478323913151845773e+03
8.437954836807703032e+03
8.396646058634010842e+03
8.354360704092834567e+03
8.311059850871753952e+03
8.266702381265627992e+03
8.221244821447138747e+03
8.174641166241800420e+03
8.126842687853057214e+03
8.077797726791029163e+03
8.027451463038049951e+03
7.975745665233027466e+03
7.922618415369464856e+03
7.868003806171873293e+03
7.811831607937374429e+03
7.754026901193700724e+03
7.694509671023238297e+03
7.633194358324109999e+03
7.569989367140297873e+03
7.504796493919156092e+03
7.437510343624822781e+03
7.368017625649505135e+03
7.296196396745898710e+03
7.221915208618554061e+03
7.145032153233305507e+03
7.065393791535809214e+03
6.982833949030213262e+03
6.897172359055854031e+03
6.808213131553784478e+03
6.715743021569221128e+03
6.619529467618718627e+03
6.519318365288482710e+03
6.414831535953036109e+03
6.305763844256973243e+03
6.191779910966944044e+03
6.072510360020639382e+03
5.947547530236301100e+03
5.816440573559416407e+03
5.678689853602342737e+03
5.533740551804259667e+03
5.380975388576327532e+03
5.219706351656754123e+03
5.049165403762384813e+03
4.868494071046207864e+03
4.676732005637471957e+03
4.472804674360334502e+03
4.255510576538154055e+03
4.023508754668156598e+03
3.775307937845687320e+03
3.509259540052391458e+03
3.223558038505452714e+03
2.916254089507549452e+03
2.585288128273743951e+03
2.228554925088561504e+03
1.844011852278925744e+03
1.429843647221053516e+03
9.846909813401737210e+02
5.079347879020378969e+02
0.000000000000000000e+00
