# h
# unit = Mpc/c
1.750146813314973349e-02
1.737449999935259184e-02
1.724784338037785303e-02
1.712149901104847646e-02
1.699546763167327640e-02
1.686974998811515553e-02
1.674434683186055289e-02
1.661925892009009573e-02
1.649448701575054188e-02
1.637003188762794006e-02
1.624589431042216051e-02
1.612207506482277522e-02
1.599857493758623239e-02
1.587539472161455384e-02
1.575253521603535434e-02
1.562999722628344301e-02
1.550778156418384721e-02
1.538588904803644443e-02
1.526432050270213128e-02
1.514307675969066812e-02
1.502215865725013526e-02
1.490156704045809966e-02
1.478130276131456658e-02
1.466136667883666256e-02
1.454175965915521611e-02
1.442248257561315472e-02
1.430353630886586555e-02
1.418492174698354237e-02
1.406663978555550143e-02
1.394869132779665878e-02
1.383107728465608928e-02
1.371379857492776091e-02
1.359685612536357981e-02
1.348025087078867645e-02
1.336398375421907550e-02
1.324805572698184615e-02
1.313246774883766212e-02
1.301722078810600182e-02
1.290231582179295414e-02
1.278775383572170778e-02
1.267353582466586130e-02
1.255966279248557638e-02
1.244613575226664708e-02
1.233295572646264486e-02
1.222012374704008891e-02
1.210764085562692112e-02
1.199550810366415907e-02
1.188372655256098899e-02
1.177229727385336634e-02
1.166122134936612396e-02
1.155049987137883247e-02
1.144013394279544751e-02
1.133012467731785156e-02
1.122047319962344442e-02
1.111118064554688506e-02
1.100224816226609906e-02
1.089367690849274602e-02
1.078546805466716954e-02
1.067762278315809686e-02
1.057014228846716621e-02
1.046302777743841894e-02
1.035628046947299416e-02
1.024990159674911416e-02
1.014389240444756903e-02
1.003825415098288411e-02
9.932988108240349209e-03
9.828095561819091483e-03
9.723577811281433267e-03
9.619436170408701345e-03
9.515671967463728773e-03
9.412286545460321618e-03
9.309281262439818988e-03
9.206657491755131442e-03
9.104416622362439954e-03
9.002560059120799998e-03
8.901089223100061912e-03
8.800005551897241082e-03
8.699310499961799420e-03
8.599005538930054940e-03
8.499092157969120181e-03
8.399571864130707735e-03
8.300446182715167168e-03
8.201716657646190498e-03
8.103384851856507143e-03
8.005452347685100903e-03
7.907920747286321939e-03
7.810791673051427179e-03
7.714066768042975031e-03
7.617747696442676332e-03
7.521836144013195960e-03
7.426333818574494018e-03
7.331242450495330243e-03
7.236563793200545720e-03
7.142299623694803659e-03
7.048451743103526478e-03
6.955021977231721358e-03
6.862012177141526073e-03
6.769424219749294730e-03
6.677260008443094280e-03
6.585521473721564142e-03
6.494210573855073963e-03
6.403329295570274991e-03
6.312879654759112787e-03
6.222863697213459194e-03
6.133283499386630797e-03
6.044141169183067999e-03
5.955438846777603296e-03
5.867178705465765469e-03
5.779362952546705269e-03
5.691993830240421777e-03
5.605073616641062344e-03
5.518604626708189555e-03
5.432589213298060458e-03
5.347029768237048300e-03
5.261928723439551238e-03
5.177288552072843546e-03
5.093111769771480925e-03
5.009400935904162987e-03
4.926158654896027091e-03
4.843387577609653029e-03
4.761090402788302652e-03
4.679269878565131026e-03
4.597928804042455270e-03
4.517070030945427410e-03
4.436696465354860071e-03
4.356811069524275590e-03
4.277416863786727072e-03
4.198516928557324140e-03
4.120114406437980735e-03
4.042212504431394113e-03
3.964814496271890434e-03
3.887923724881492665e-03
3.811543604960230050e-03
3.735677625720648220e-03
3.660329353777290375e-03
3.585502436203036325e-03
3.511200603765269029e-03
3.437427674356154962e-03
3.364187556632730614e-03
3.291484253884089002e-03
3.219321868144756852e-03
3.147704604575383546e-03
3.076636776134115091e-03
3.006122808564603687e-03
2.936167245729523478e-03
2.866774755321734296e-03
2.797950134988972694e-03
2.729698318912254697e-03
2.662024384882973396e-03
2.594933561929284576e-03
2.528431238548749151e-03
2.462522971611501299e-03
2.397214496006697462e-03
2.332511735114742735e-03
2.268420812199122786e-03
2.204948062824749720e-03
2.142100048425102116e-03
2.079883571158238579e-03
2.018305690212707053e-03
1.957373739748950129e-03
1.897095348690723765e-03
1.837478462615281180e-03
1.778531368031552361e-03
1.720262719383750449e-03
1.662681569175258195e-03
1.605797401676339279e-03
1.549620170761619722e-03
1.494160342522457248e-03
1.439428943418995894e-03
1.385437614881582062e-03
1.332198675447082096e-03
1.279725191729668169e-03
1.228031059786738365e-03
1.177131098759791675e-03
1.127041159060795635e-03
1.077778247853350413e-03
1.029360675164618221e-03
9.818082246819850693e-04
9.351423541646948848e-04
8.893864314644172936e-04
8.445660134288749191e-04
8.007091764816256802e-04
7.578469094334603501e-04
7.160135810509942562e-04
6.752474969705524058e-04
6.355915624349471604e-04
5.970940685100256141e-04
5.598096188926827413e-04
5.238002103233266185e-04
4.891364687867401535e-04
4.558990208095684850e-04
4.241799357320131473e-04
3.940840980544905287e-04
3.657302414637670957e-04
3.392511786408504795e-04
3.147924824639882391e-04
2.925085372755825567e-04
2.725545863911631042e-04
2.550733966073273043e-04
2.401758388689997057e-04
