# mu
5.223639719278372695e+01
5.222442679397704524e+01
5.221239357885231414e+01
5.220029689325341593e+01
5.218813607281531119e+01
5.217591044275131651e+01
5.216361931763472626e+01
5.215126200295202352e+01
5.213883778770096455e+01
5.212634595500879442e+01
5.211378577458810923e+01
5.210115650433020562e+01
5.208845739004941322e+01
5.207568766522064152e+01
5.206284655070970047e+01
5.204993325449622432e+01
5.203694697138899983e+01
5.202388688273342154e+01
5.201075215611069780e+01
5.199754194502877169e+01
5.198425538860445272e+01
5.197089161123653156e+01
5.195744972226964364e+01
5.194392881564847642e+01
5.193032796956200059e+01
5.191664624607740564e+01
5.190288269076340555e+01
5.188903633230241041e+01
5.187510618209138613e+01
5.186109123383076280e+01
5.184699046310115733e+01
5.183280282692740570e+01
5.181852726332932946e+01
5.180416269085900183e+01
5.178970800812376751e+01
5.177516209329468211e+01
5.176052380359969618e+01
5.174579197480103687e+01
5.173096542065638914e+01
5.171604293236290317e+01
5.170102327798369402e+01
5.168590520185603054e+01
5.167068742398049608e+01
5.165536863939046697e+01
5.163994751750101386e+01
5.162442270143655776e+01
5.160879280733637131e+01
5.159305642363701594e+01
5.157721211033086917e+01
5.156125839819971901e+01
5.154519378802246621e+01
5.152901674975579738e+01
5.151272572168682728e+01
5.149631910955645253e+01
5.147979528565227980e+01
5.146315258786976443e+01
5.144638931874029453e+01
5.142950374442482087e+01
5.141249409367144096e+01
5.139535855673554465e+01
5.137809528426077321e+01
5.136070238611915073e+01
5.134317793020854026e+01
5.132551994120552763e+01
5.130772639927187129e+01
5.128979523871215207e+01
5.127172434658073286e+01
5.125351156123546303e+01
5.123515467083579722e+01
5.121665141178272762e+01
5.119799946709775185e+01
5.117919646473810502e+01
5.116023997584514404e+01
5.114112751292270787e+01
5.112185652794207158e+01
5.110242441036997718e+01
5.108282848511581165e+01
5.106306601039418069e+01
5.104313417549839471e+01
5.102303009848063198e+01
5.100275082373376279e+01
5.098229331947022303e+01
5.096165447509210367e+01
5.094083109844733315e+01
5.091981991296554355e+01
5.089861755466749571e+01
5.087722056904132018e+01
5.085562540777824125e+01
5.083382842536030211e+01
5.081182587549189122e+01
5.078961390736652959e+01
5.076718856175956063e+01
5.074454576693709384e+01
5.072168133437067183e+01
5.069859095424649809e+01
5.067527019075737371e+01
5.065171447716453201e+01
5.062791911061589190e+01
5.060387924670614268e+01
5.057958989376300707e+01
5.055504590684318345e+01
5.053024198142000500e+01
5.050517264674368789e+01
5.047983225885360525e+01
5.045421499322056036e+01
5.042831483699531248e+01
5.040212558083785410e+01
5.037564081029995577e+01
5.034885389673151224e+01
5.032175798767870134e+01
5.029434599673963646e+01
5.026661059438529833e+01
5.023854419031648888e+01
5.021013893109298465e+01
5.018138668086221799e+01
5.015227900955382268e+01
5.012280717858544676e+01
5.009296212569239515e+01
5.006273444881613699e+01
5.003211438898073737e+01
5.000109181208036091e+01
4.996965618949363375e+01
4.993779657743340294e+01
4.990550159493167826e+01
4.987275940035046062e+01
4.983955766629857465e+01
4.980588355282333168e+01
4.977172367873293979e+01
4.973706409089152203e+01
4.970189023131253236e+01
4.966618690185921281e+01
4.962993822634039986e+01
4.959312760976839485e+01
4.955573769452075794e+01
4.951775031311999697e+01
4.947914643731412809e+01
4.943990612310574306e+01
4.940000845133770468e+01
4.935943146339856469e+01
4.931815209156017232e+01
4.927614608340215341e+01
4.923338791971252704e+01
4.918985072517889279e+01
4.914550617109939878e+01
4.910032436924518606e+01
4.905427375589391659e+01
4.900732096492538403e+01
4.895943068872183090e+01
4.891056552544450398e+01
4.886068581105895703e+01
4.880974943425167822e+01
4.875771163211189219e+01
4.870452476413841225e+01
4.865013806176480671e+01
4.859449735016330862e+01
4.853754473857963347e+01
4.847921827484787372e+01
4.841945155901976250e+01
4.835817331019043763e+01
4.829530688088297552e+01
4.823076970281678655e+01
4.816447267502621798e+01
4.809631945462712110e+01
4.802620565847652756e+01
4.795401795045356153e+01
4.787963299638091996e+01
4.780291626301819008e+01
4.772372063254199048e+01
4.764188479765937956e+01
4.755723139461929350e+01
4.746956482141057165e+01
4.737866867571987939e+01
4.728430273089563229e+01
4.718619934703097130e+01
4.708405918669458856e+01
4.697754606850337211e+01
4.686628074340056571e+01
4.674983331353618610e+01
4.662771392531293912e+01
4.649936124655319247e+01
4.636412806803805609e+01
4.622126313036090295e+01
4.606988792290527357e+01
4.590896671901091963e+01
4.573726730719008771e+01
4.555330875975993621e+01
4.535529071844869975e+01
4.514099571725529358e+01
4.490765107950308987e+01
4.465172822895682003e+01
4.436864134707094820e+01
4.405227656571730677e+01
4.369421943305390243e+01
4.328240651223015334e+01
4.279857637998473052e+01
4.221290910021913589e+01
4.147093018279976206e+01
4.045323115487816779e+01
3.878601450064564204e+01
-inf
