# rho
# unit = KG/M^3
5.135287249461962572e-23
5.061207476791923925e-23
4.987843534598859699e-23
4.915192146770748316e-23
4.843249709584363400e-23
4.772012619316480921e-23
4.701477272243875091e-23
4.631640719865725608e-23
4.562499358458807857e-23
4.494049256688694185e-23
4.426287138443361252e-23
4.359210055221989934e-23
4.292813748078949536e-23
4.227094940902217896e-23
4.162050685190974125e-23
4.097677049610790570e-23
4.033970430438443202e-23
3.970927551561908683e-23
3.908545136869163674e-23
3.846819255025782282e-23
3.785746957530942446e-23
3.725324313050217687e-23
3.665548373082787703e-23
3.606414878683022390e-23
3.547920881350101448e-23
3.490063104972002125e-23
3.432837618214296766e-23
3.376241144964963208e-23
3.320270081500776249e-23
3.264921151709713136e-23
3.210190751868548080e-23
3.156075278254057052e-23
3.102571454754216713e-23
3.049676005257004901e-23
2.997384998427993372e-23
2.945695158155159963e-23
2.894603208326481335e-23
2.844105217607531008e-23
2.794198237497488097e-23
2.744878336661924945e-23
2.696142238988819389e-23
2.647986504560547158e-23
2.600407693459484569e-23
2.553402201962406420e-23
2.506966590151688732e-23
2.461097418109707822e-23
2.415791082113238195e-23
2.371044306050257685e-23
2.326853486197540797e-23
2.283215346443064778e-23
2.240126119258003789e-23
2.197582364724733558e-23
2.155580806731231627e-23
2.114117841554272793e-23
2.073190029276233080e-23
2.032793929979488804e-23
1.992925939940814762e-23
1.953582619242586977e-23
1.914760527967181472e-23
1.876456226196974857e-23
1.838666274014342567e-23
1.801387067696059989e-23
1.764615331130104075e-23
1.728347296787648985e-23
1.692579688556671674e-23
1.657308902713947233e-23
1.622531663147452617e-23
1.588244202328361984e-23
1.554443407950253515e-23
1.521125512484301369e-23
1.488287076012880982e-23
1.455924822423970189e-23
1.424035147994343788e-23
1.392614449000776576e-23
1.361659449331245801e-23
1.331166627165327021e-23
1.301132378779795472e-23
1.271553346159827351e-23
1.242426089387799121e-23
1.213747004740485578e-23
1.185512734203063359e-23
1.157719755955108020e-23
1.130364548176195119e-23
1.103443752851501290e-23
1.076953766257801332e-23
1.050891148477471708e-23
1.025252459592888293e-23
1.000034177783626498e-23
9.752329450348631057e-24
9.508451576233732063e-24
9.268672937287320633e-24
9.032960772389170721e-24
8.801278225279025639e-24
8.573591715808653214e-24
8.349866844801812204e-24
8.130067575026253519e-24
7.914160326333743517e-24
7.702109061492033106e-24
7.493881019380891835e-24
7.289439343740064483e-24
7.088750454421320347e-24
6.891779133220410588e-24
6.698490571447096044e-24
6.508850779439139271e-24
6.322824129478293511e-24
6.140376222388318990e-24
5.961472249478974343e-24
5.786077402060016733e-24
5.614156871441205529e-24
5.445676258446300958e-24
5.280600344871057856e-24
5.118894731539237920e-24
4.960524609760599049e-24
4.805455170844899141e-24
4.653651196587893766e-24
4.505078697327346215e-24
4.359702454859012060e-24
4.217487660492649197e-24
4.078399915052018590e-24
3.942404409846878872e-24
3.809465926672984144e-24
3.679550066354096103e-24
3.552622020199973382e-24
3.428646979520373145e-24
3.307590340382054823e-24
3.189417294094777050e-24
3.074092827211296559e-24
2.961582540555373580e-24
2.851851420679765579e-24
2.744864863651231622e-24
2.640588060779529606e-24
2.538986203374418165e-24
2.440024687502656730e-24
2.343668499717001301e-24
2.249883240841213574e-24
2.158633692671048752e-24
2.069885456030267062e-24
1.983603517471625975e-24
1.899753477818885717e-24
1.818300323624803390e-24
1.739209246199137261e-24
1.662445539230145809e-24
1.587974496406087701e-24
1.515761411415221968e-24
1.445771475567306693e-24
1.377969880172099958e-24
1.312321816539359661e-24
1.248792680735845602e-24
1.187347664071315678e-24
1.127951957855528156e-24
1.070570855776741517e-24
1.015169651523214792e-24
9.617134340262054831e-25
9.101674969739720698e-25
8.604971340547734012e-25
8.126675365783678350e-25
7.666439982330140360e-25
7.223917615177202861e-25
6.798760177422448512e-25
6.390620094055961050e-25
5.999150301960328959e-25
5.624003226125635975e-25
5.264830779649462922e-25
4.921285387521894455e-25
4.593019474733016145e-25
4.279686234111666098e-25
3.980937322809174139e-25
3.696425165815624923e-25
3.425802700013606017e-25
3.168721838500698245e-25
2.924835006266986260e-25
2.693794884248806173e-25
2.475253897436242179e-25
2.268864470819379391e-25
2.074278645468923903e-25
1.891149230294338011e-25
1.719128522312580413e-25
1.557868946513735303e-25
1.407022927887887336e-25
1.266242763451994979e-25
1.135181134142394342e-25
1.013490209002918049e-25
9.008225409967765972e-26
7.968304911274912035e-26
7.011664843851466365e-26
6.134829457598269767e-26
5.334323322348984250e-26
4.606670048138821978e-26
3.948393884868629493e-26
3.356019722304879109e-26
2.826070850549970963e-26
2.355071839437564771e-26
1.939546778902097045e-26
1.576020078810819480e-26
1.261015669131761572e-26
9.910578797489712906e-27
7.626708805800891596e-27
5.723787615595521941e-27
4.167057725882047125e-27
2.921761035794880256e-27
