# z
2.499999999999999645e+01
2.487437185929648109e+01
2.474874371859296218e+01
2.462311557788944327e+01
2.449748743718592792e+01
2.437185929648240901e+01
2.424623115577889365e+01
2.412060301507537474e+01
2.399497487437185583e+01
2.386934673366834048e+01
2.374371859296482157e+01
2.361809045226130621e+01
2.349246231155778730e+01
2.336683417085426839e+01
2.324120603015075304e+01
2.311557788944723413e+01
2.298994974874371522e+01
2.286432160804019986e+01
2.273869346733668095e+01
2.261306532663316204e+01
2.248743718592964669e+01
2.236180904522612778e+01
2.223618090452261242e+01
2.211055276381909351e+01
2.198492462311557460e+01
2.185929648241205925e+01
2.173366834170854034e+01
2.160804020100502498e+01
2.148241206030150607e+01
2.135678391959798716e+01
2.123115577889447181e+01
2.110552763819095290e+01
2.097989949748743399e+01
2.085427135678391863e+01
2.072864321608039972e+01
2.060301507537688082e+01
2.047738693467336546e+01
2.035175879396984655e+01
2.022613065326633119e+01
2.010050251256281229e+01
1.997487437185929338e+01
1.984924623115577802e+01
1.972361809045225911e+01
1.959798994974874375e+01
1.947236180904522485e+01
1.934673366834170594e+01
1.922110552763819058e+01
1.909547738693467167e+01
1.896984924623115276e+01
1.884422110552763741e+01
1.871859296482411850e+01
1.859296482412059959e+01
1.846733668341708423e+01
1.834170854271356532e+01
1.821608040201004997e+01
1.809045226130653106e+01
1.796482412060301215e+01
1.783919597989949679e+01
1.771356783919597788e+01
1.758793969849246253e+01
1.746231155778894362e+01
1.733668341708542471e+01
1.721105527638190935e+01
1.708542713567839044e+01
1.695979899497487153e+01
1.683417085427135618e+01
1.670854271356783727e+01
1.658291457286431836e+01
1.645728643216080300e+01
1.633165829145728409e+01
1.620603015075376874e+01
1.608040201005024983e+01
1.595477386934673270e+01
1.582914572864321556e+01
1.570351758793969665e+01
1.557788944723617952e+01
1.545226130653266239e+01
1.532663316582914348e+01
1.520100502512562635e+01
1.507537688442210921e+01
1.494974874371859208e+01
1.482412060301507495e+01
1.469849246231155604e+01
1.457286432160803891e+01
1.444723618090452177e+01
1.432160804020100286e+01
1.419597989949748573e+01
1.407035175879396860e+01
1.394472361809045147e+01
1.381909547738693433e+01
1.369346733668341543e+01
1.356783919597989829e+01
1.344221105527638116e+01
1.331658291457286225e+01
1.319095477386934512e+01
1.306532663316582799e+01
1.293969849246231085e+01
1.281407035175879372e+01
1.268844221105527481e+01
1.256281407035175768e+01
1.243718592964824055e+01
1.231155778894472164e+01
1.218592964824120450e+01
1.206030150753768737e+01
1.193467336683417024e+01
1.180904522613065311e+01
1.168341708542713420e+01
1.155778894472361706e+01
1.143216080402009993e+01
1.130653266331658102e+01
1.118090452261306389e+01
1.105527638190954676e+01
1.092964824120602962e+01
1.080402010050251249e+01
1.067839195979899358e+01
1.055276381909547645e+01
1.042713567839195932e+01
1.030150753768844041e+01
1.017587939698492328e+01
1.005025125628140614e+01
9.924623115577889010e+00
9.798994974874371877e+00
9.673366834170852968e+00
9.547738693467335835e+00
9.422110552763818703e+00
9.296482412060299794e+00
9.170854271356782661e+00
9.045226130653265528e+00
8.919597989949748396e+00
8.793969849246231263e+00
8.668341708542712354e+00
8.542713567839195221e+00
8.417085427135678088e+00
8.291457286432159179e+00
8.165829145728642047e+00
8.040201005025124914e+00
7.914572864321607781e+00
7.788944723618089760e+00
7.663316582914571740e+00
7.537688442211054607e+00
7.412060301507537474e+00
7.286432160804019453e+00
7.160804020100501432e+00
7.035175879396984300e+00
6.909547738693467167e+00
6.783919597989949146e+00
6.658291457286431125e+00
6.532663316582913993e+00
6.407035175879396860e+00
6.281407035175878839e+00
6.155778894472360818e+00
6.030150753768843686e+00
5.904522613065326553e+00
5.778894472361808532e+00
5.653266331658290511e+00
5.527638190954773378e+00
5.402010050251256246e+00
5.276381909547738225e+00
5.150753768844220204e+00
5.025125628140703071e+00
4.899497487437185939e+00
4.773869346733667918e+00
4.648241206030149897e+00
4.522613065326632764e+00
4.396984924623115631e+00
4.271356783919597611e+00
4.145728643216079590e+00
4.020100502512562457e+00
3.894472361809044880e+00
3.768844221105527303e+00
3.643216080402009727e+00
3.517587939698492150e+00
3.391959798994974573e+00
3.266331658291456996e+00
3.140703517587939420e+00
3.015075376884421843e+00
2.889447236180904266e+00
2.763819095477386689e+00
2.638190954773869112e+00
2.512562814070351536e+00
2.386934673366833959e+00
2.261306532663316382e+00
2.135678391959798805e+00
2.010050251256281229e+00
1.884422110552763652e+00
1.758793969849246075e+00
1.633165829145728498e+00
1.507537688442210921e+00
1.381909547738693345e+00
1.256281407035175768e+00
1.130653266331658191e+00
1.005025125628140614e+00
8.793969849246230375e-01
7.537688442211054607e-01
6.281407035175878839e-01
5.025125628140703071e-01
3.768844221105527303e-01
2.512562814070351536e-01
1.256281407035175768e-01
0.000000000000000000e+00
