# d_a
# unit = Mpc
6.147491111711266285e+02
6.171050287897218141e+02
6.194793871588659613e+02
6.218724031025243448e+02
6.242842968084270296e+02
6.267152918918134219e+02
6.291656154605590245e+02
6.316354981817328280e+02
6.341251743496015933e+02
6.366348819551332099e+02
6.391648627570186818e+02
6.417153623542576497e+02
6.442866302603437134e+02
6.468789199790772955e+02
6.494924890820575456e+02
6.521275992878858005e+02
6.547845165431149326e+02
6.574635111049984744e+02
6.601648576260638492e+02
6.628888352405688238e+02
6.656357276528716511e+02
6.684058232277662910e+02
6.711994150828193142e+02
6.740168011827637429e+02
6.768582844359885939e+02
6.797241727931736932e+02
6.826147793481143253e+02
6.855304224407917673e+02
6.884714257627290408e+02
6.914381184646899783e+02
6.944308352667632107e+02
6.974499165708932651e+02
7.004957085758979929e+02
7.035685633950334932e+02
7.066688391761584853e+02
7.097969002245390584e+02
7.129531171283675803e+02
7.161378668870293041e+02
7.193515330421807903e+02
7.225945058116894870e+02
7.258671822264925595e+02
7.291699662704238563e+02
7.325032690230550543e+02
7.358675088056209006e+02
7.392631113300642482e+02
7.426905098512499990e+02
7.461501453224154830e+02
7.496424665538819454e+02
7.531679303750861436e+02
7.567270017999765059e+02
7.603201541958071630e+02
7.639478694553766900e+02
7.676106387272342317e+02
7.713089603534524485e+02
7.750433434505983996e+02
7.788143058060147723e+02
7.826223746465141176e+02
7.864680868318761213e+02
7.903519890519386308e+02
7.942746380272811848e+02
7.982366007135054815e+02
8.022384545090708343e+02
8.062807874666776797e+02
8.103641985081455914e+02
8.144892976427412350e+02
8.186567061888803210e+02
8.228670569991361390e+02
8.271209946884386000e+02
8.314191758653607849e+02
8.357622693663494147e+02
8.401509564927354177e+02
8.445859312503429237e+02
8.490679005914827258e+02
8.535975846590803258e+02
8.581757170326727646e+02
8.628030449759382918e+02
8.674803296854298651e+02
8.722083465400852447e+02
8.769878853510838326e+02
8.818197506115355964e+02
8.867047617454400097e+02
8.916437533552835930e+02
8.966375754675805183e+02
9.016870937755684281e+02
9.067931898781929476e+02
9.119567615144148931e+02
9.171787227917785685e+02
9.224600044080408452e+02
9.278015538645615834e+02
9.332043356699903143e+02
9.386693315326494940e+02
9.441975405398313796e+02
9.497899793220411766e+02
9.554476822000209495e+02
9.611717013121545961e+02
9.669631067195986134e+02
9.728229864862271370e+02
9.787524467301549294e+02
9.847526116432836716e+02
9.908246234749357200e+02
9.969696424752471557e+02
1.003188846793514017e+03
1.009483432326238812e+03
1.015854612509011986e+03
1.022303618045815824e+03
1.028831696568632196e+03
1.035440112219495404e+03
1.042130145146341874e+03
1.048903090903049133e+03
1.055760259743090046e+03
1.062702975795096108e+03
1.069732576107368232e+03
1.076850409547029585e+03
1.084057835537946858e+03
1.091356222619880100e+03
1.098746946809405472e+03
1.106231389741054272e+03
1.113810936564781741e+03
1.121486973573237037e+03
1.129260885529408824e+03
1.137134052661954001e+03
1.145107847291880489e+03
1.153183630050179772e+03
1.161362745641450601e+03
1.169646518103458902e+03
1.178036245506837531e+03
1.186533194032736674e+03
1.195138591358990880e+03
1.203853619277285361e+03
1.212679405454663765e+03
1.221617014242450296e+03
1.230667436424047537e+03
1.239831578546178207e+03
1.249110247027134619e+03
1.258504138752286053e+03
1.268013821907945612e+03
1.277639719118116091e+03
1.287382087680190125e+03
1.297240997499197192e+03
1.307216306443431222e+03
1.317307632808360495e+03
1.327514324534736261e+03
1.337835424780017547e+03
1.348269633388677676e+03
1.358815263745632365e+03
1.369470194426702164e+03
1.380231814979221781e+03
1.391096965072985995e+03
1.402061866154662312e+03
1.413122044615305867e+03
1.424272245337851928e+03
1.435506334326340948e+03
1.446817188927086136e+03
1.458196573929718852e+03
1.469635001577392813e+03
1.481121573214212049e+03
1.492643799946264380e+03
1.504187399281582202e+03
1.515736064232813760e+03
1.527271200801384794e+03
1.538771629097697996e+03
1.550213242569622935e+03
1.561568618888295532e+03
1.572806574948801654e+03
1.583891657150172932e+03
1.594783556584325424e+03
1.605436436937971848e+03
1.615798160735882220e+03
1.625809396955610509e+03
1.635402590741041877e+03
1.644500766396058452e+03
1.653016148355086898e+03
1.660848548471775302e+03
1.667883493437058405e+03
1.673990038410346415e+03
1.679018210238269603e+03
1.682796011000471481e+03
1.685125898453410400e+03
1.685780642615022089e+03
1.684498436466376688e+03
1.680977112538173515e+03
1.674867284692250905e+03
1.665764193967759184e+03
1.653197986597017461e+03
1.636622087974569013e+03
1.615399253914262999e+03
1.588784773328182837e+03
1.555906154666832663e+03
1.515738437116621299e+03
1.467074003471026572e+03
1.408485398224803248e+03
1.338279113410300852e+03
1.254437501834008572e+03
1.154544759589440673e+03
1.035691036409608841e+03
8.943457701007262131e+02
7.261866102487339276e+02
5.258626269069679893e+02
2.866578595909863338e+02
0.000000000000000000e+00
