# d_l
# unit = Mpc
1.573757724598083587e+05
1.564938990183968854e+05
1.556123585593910539e+05
1.547311534761891817e+05
1.538502861909809872e+05
1.529697591552368249e+05
1.520895748502056813e+05
1.512097357874267909e+05
1.503302445092496637e+05
1.494511035893684602e+05
1.485723156333664956e+05
1.476938832792735775e+05
1.468158091981370235e+05
1.459380960946035048e+05
1.450607467075158784e+05
1.441837638105238439e+05
1.433071502127074054e+05
1.424309087592165743e+05
1.415550423319241381e+05
1.406795538500952534e+05
1.398044462710724911e+05
1.389297225909770932e+05
1.380553858454263536e+05
1.371814391102694790e+05
1.363078855023403885e+05
1.354347281802290818e+05
1.345619703450714878e+05
1.336896152413592208e+05
1.328176661577691557e+05
1.319461264280139585e+05
1.310749994317125820e+05
1.302042885952846264e+05
1.293339973928656254e+05
1.284641293472462567e+05
1.275946880308362161e+05
1.267256770666511729e+05
1.258571001293274167e+05
1.249889609461613145e+05
1.241212632981765200e+05
1.232540110212192958e+05
1.223872080070829979e+05
1.215208582046629599e+05
1.206549656211406109e+05
1.197895343232019077e+05
1.189245684382877807e+05
1.180600721558777877e+05
1.171960497288112820e+05
1.163325054746434180e+05
1.154694437770394143e+05
1.146068690872083971e+05
1.137447859253770002e+05
1.128831988823053107e+05
1.120221127017663821e+05
1.111615319540775963e+05
1.103014615366527287e+05
1.094419063384278270e+05
1.085828713271338638e+05
1.077243615510977252e+05
1.068663821410962846e+05
1.060089383122655709e+05
1.051520353660693363e+05
1.042956786923253094e+05
1.034398737712950533e+05
1.025846261758378096e+05
1.017299415736315277e+05
1.008758257294629148e+05
1.000222845075905352e+05
9.916932387418216967e+04
9.831694989983065170e+04
9.746516876215106458e+04
9.661398674846168433e+04
9.576341025855334010e+04
9.491344580754991330e+04
9.406410002886386064e+04
9.321537967725138878e+04
9.236729163196976879e+04
9.151984290004357172e+04
9.067304061964170251e+04
8.982689206357224612e+04
8.898140464289908414e+04
8.813658591068553505e+04
8.729244356587086804e+04
8.644898545728584577e+04
8.560621958781276771e+04
8.476415411869742093e+04
8.392279737401867169e+04
8.308215784532432735e+04
8.224224419643971487e+04
8.140306526845793996e+04
8.056463008491951041e+04
7.972694785719129140e+04
7.889002799005359702e+04
7.805388008750585141e+04
7.721851395880136988e+04
7.638393962472285784e+04
7.555016732411005069e+04
7.471720752065282431e+04
7.388507090996287297e+04
7.305376842693850631e+04
7.222331125343735039e+04
7.139371082627418218e+04
7.056497884555914789e+04
6.973712728339710156e+04
6.891016839296535181e+04
6.808411471799199353e+04
6.725897910265639075e+04
6.643477470193513727e+04
6.561151499241964484e+04
6.478921378363133408e+04
6.396788522986363387e+04
6.314754384258187929e+04
6.232820450341336982e+04
6.150988247776401840e+04
6.069259342909845145e+04
5.987635343392517098e+04
5.906117899753015081e+04
5.824708707050584781e+04
5.743409506612669065e+04
5.662222087862517947e+04
5.581148290242781513e+04
5.500190005241421022e+04
5.419349178526798642e+04
5.338627812199377513e+04
5.258027967168038595e+04
5.177551765659777448e+04
5.097201393872126937e+04
5.016979104778665351e+04
4.936887221098665759e+04
4.856928138443072385e+04
4.777104328649985109e+04
4.697418343324099260e+04
4.617872817595802917e+04
4.538470476921785303e+04
4.459214129788256832e+04
4.380106690091022756e+04
4.301151169683409535e+04
4.222350686699240759e+04
4.143708471055693371e+04
4.065227870337905188e+04
3.986912356098791497e+04
3.908765530610995484e+04
3.830791134111864085e+04
3.752993052586849080e+04
3.675375326141709957e+04
3.597942158019595081e+04
3.520697924325474742e+04
3.443647184527690115e+04
3.366794692814619339e+04
3.290145410393835482e+04
3.213704518831819587e+04
3.137477434544448988e+04
3.061469824562482245e+04
2.985687623712121422e+04
2.910137053369129717e+04
2.834824641965941919e+04
2.759757247455558536e+04
2.684942081963894452e+04
2.610386738894658629e+04
2.536099222788327461e+04
2.462087982280257347e+04
2.388361946553557937e+04
2.314930565741306418e+04
2.241803855801363898e+04
2.168992448467499344e+04
2.096507646974442468e+04
2.024361488364852630e+04
1.952566813315464242e+04
1.881137344571681751e+04
1.810087775258555848e+04
1.739433869404099823e+04
1.669192571039857648e+04
1.599382137875011722e+04
1.530022282415290283e+04
1.461134338594171095e+04
1.392741450709040691e+04
1.324868789559517973e+04
1.257543800185438522e+04
1.190796486323832141e+04
1.124659737522583600e+04
1.059169705761380465e+04
9.943662394251214209e+03
9.302933835211033511e+03
8.669999560714593827e+03
8.045402115475967548e+03
7.429746028830486466e+03
6.823706537562986341e+03
6.228039521031634649e+03
5.643592736610147767e+03
5.071318400146557906e+03
4.512287081052864778e+03
3.967702762161716691e+03
3.438918735884084072e+03
2.927453755447885669e+03
2.435007521670404003e+03
1.963474160993101123e+03
1.514951859905730089e+03
1.091746320238595672e+03
6.963652942508600745e+02
3.315013090030254261e+02
0.000000000000000000e+00
