# h
# unit = Mpc/c
8.575715654653742054e-03
8.515147010410981793e-03
8.454722629366714579e-03
8.394442850930335098e-03
8.334308017003140556e-03
8.274318472009272937e-03
8.214474562927200768e-03
8.154776639321795889e-03
8.095225053376949725e-03
8.035820159928808853e-03
7.976562316499596905e-03
7.917451883332048829e-03
7.858489223424499140e-03
7.799674702566605083e-03
7.741008689375722916e-03
7.682491555333995428e-03
7.624123674826104730e-03
7.565905425177755356e-03
7.507837186694882488e-03
7.449919342703626053e-03
7.392152279591044685e-03
7.334536386846650206e-03
7.277072057104725343e-03
7.219759686187499255e-03
7.162599673149143593e-03
7.105592420320661941e-03
7.048738333355676101e-03
6.992037821277115317e-03
6.935491296524874325e-03
6.879099175004425512e-03
6.822861876136423337e-03
6.766779822907353047e-03
6.710853441921204622e-03
6.655083163452254341e-03
6.599469421498919269e-03
6.544012653838787892e-03
6.488713302084814748e-03
6.433571811742707681e-03
6.378588632269555428e-03
6.323764217133763174e-03
6.269099023876253604e-03
6.214593514173059191e-03
6.160248153899274513e-03
6.106063413194461401e-03
6.052039766529520790e-03
5.998177692775075523e-03
5.944477675271431748e-03
5.890940201900137993e-03
5.837565765157212185e-03
5.784354862228079097e-03
5.731307995064278960e-03
5.678425670461977569e-03
5.625708400142382000e-03
5.573156700834076653e-03
5.520771094357362907e-03
5.468552107710658756e-03
5.416500273159048640e-03
5.364616128325017282e-03
5.312900216281460364e-03
5.261353085647061355e-03
5.209975290684087414e-03
5.158767391398698041e-03
5.107729953643857547e-03
5.056863549224945020e-03
5.006168756008128572e-03
4.955646158031645244e-03
4.905296345620038627e-03
4.855119915501510293e-03
4.805117470928464002e-03
4.755289621801370159e-03
4.705636984796067630e-03
4.656160183494641690e-03
4.606859848520012540e-03
4.557736617674345431e-03
4.508791136081467116e-03
4.460024056333430909e-03
4.411436038641372570e-03
4.363027750990853063e-03
4.314799869301849493e-03
4.266753077593587670e-03
4.218888068154404494e-03
4.171205541716859616e-03
4.123706207638301938e-03
4.076390784087116463e-03
4.029259998234903037e-03
3.982314586454837636e-03
3.935555294526460815e-03
3.888982877847204245e-03
3.842598101650940724e-03
3.796401741233852538e-03
3.750394582187967750e-03
3.704577420642711331e-03
3.658951063514823739e-03
3.613516328767054156e-03
3.568274045676026081e-03
3.523225055109716324e-03
3.478370209815018384e-03
3.433710374715854240e-03
3.389246427222387080e-03
3.344979257551853203e-03
3.300909769061628491e-03
3.257038878595129670e-03
3.213367516841212582e-03
3.169896628707790862e-03
3.126627173710407916e-03
3.083560126376555001e-03
3.040696476666610113e-03
2.998037230412284575e-03
2.955583409773564381e-03
2.913336053715174980e-03
2.871296218503677136e-03
2.829464978226391234e-03
2.787843425333425950e-03
2.746432671204146123e-03
2.705233846739596437e-03
2.664248102982392716e-03
2.623476611765829854e-03
2.582920566393973223e-03
2.542581182354727160e-03
2.502459698067969161e-03
2.462557375671035713e-03
2.422875501844011341e-03
2.383415388677468088e-03
2.344178374585537215e-03
2.305165825267411778e-03
2.266379134720650657e-03
2.227819726309925637e-03
2.189489053895194489e-03
2.151388603023592604e-03
2.113519892189739957e-03
2.075884474169562618e-03
2.038483937433209839e-03
2.001319907643126558e-03
1.964394049243930063e-03
1.927708067151351085e-03
1.891263708548191489e-03
1.855062764796024241e-03
1.819107073472187898e-03
1.783398520542609942e-03
1.747939042682018079e-03
1.712730629754281907e-03
1.677775327466935135e-03
1.643075240215389598e-03
1.608632534133998563e-03
1.574449440372936802e-03
1.540528258621927035e-03
1.506871360904155858e-03
1.473481195666286785e-03
1.440360292193398287e-03
1.407511265380941142e-03
1.374936820899499848e-03
1.342639760792300107e-03
1.310622989550092694e-03
1.278889520713346857e-03
1.247442484057677487e-03
1.216285133425213695e-03
1.185420855272273973e-03
1.154853178012402734e-03
1.124585782243649624e-03
1.094622511960097752e-03
1.064967386860240237e-03
1.035624615879024392e-03
1.006598612086488957e-03
9.778940091140202878e-04
9.495156792896666765e-04
9.214687536868126612e-04
8.937586443160650505e-04
8.663910687185611076e-04
8.393720772501833682e-04
8.127080833802959254e-04
7.864058973653696239e-04
7.604727636966952852e-04
7.349164027613480990e-04
7.097450571949735993e-04
6.849675434413298901e-04
6.605933090628676469e-04
6.366324963632104478e-04
6.130960128777805879e-04
5.899956092508835265e-04
5.673439649292857717e-04
5.451547819398064754e-04
5.234428867489055804e-04
5.022243397811063624e-04
4.815165515408673146e-04
4.613384033614460712e-04
4.417103694953215440e-04
4.226546354422426165e-04
4.041952049412576376e-04
3.863579847804824081e-04
3.691708323647099714e-04
3.526635457465620042e-04
3.368677696274310928e-04
3.218167839800132289e-04
3.075451351644108025e-04
2.940880640519368439e-04
2.814806838811563169e-04
2.697568653497764380e-04
2.589478013954380604e-04
2.490802526506038280e-04
2.401745183970631315e-04
