# mu
5.098468937401355561e+01
5.097248705528159718e+01
5.096022042602578495e+01
5.094788881544805292e+01
5.093549154227547149e+01
5.092302791454197575e+01
5.091049722936428878e+01
5.089789877271201846e+01
5.088523181917165061e+01
5.087249563170431088e+01
5.085968946139705338e+01
5.084681254720746324e+01
5.083386411570141661e+01
5.082084338078369257e+01
5.080774954342124516e+01
5.079458179135893658e+01
5.078133929882739039e+01
5.076802122624280145e+01
5.075462671989832586e+01
5.074115491164686631e+01
5.072760491857496845e+01
5.071397584266739500e+01
5.070026677046217145e+01
5.068647677269582630e+01
5.067260490393833550e+01
5.065865020221749404e+01
5.064461168863240914e+01
5.063048836695558919e+01
5.061627922322337270e+01
5.060198322531418569e+01
5.058759932251419400e+01
5.057312644506999533e+01
5.055856350372775410e+01
5.054390938925837418e+01
5.052916297196817652e+01
5.051432310119449909e+01
5.049938860478576430e+01
5.048435828856533192e+01
5.046923093577861152e+01
5.045400530652272408e+01
5.043868013715808729e+01
5.042325413970129233e+01
5.040772600119845492e+01
5.039209438307835853e+01
5.037635792048448735e+01
5.036051522158537352e+01
5.034456486686205778e+01
5.032850540837208086e+01
5.031233536898881198e+01
5.029605324161530433e+01
5.027965748837158344e+01
5.026314653975417457e+01
5.024651879533557519e+01
5.022977261651703884e+01
5.021290633523350522e+01
5.019591824648954770e+01
5.017880660900769385e+01
5.016156964419622710e+01
5.014420553508013256e+01
5.012671242519353143e+01
5.010908841743207631e+01
5.009133157286341032e+01
5.007343990949396328e+01
5.005541140099006725e+01
5.003724397535138735e+01
5.001893551353447265e+01
5.000048384802435208e+01
4.998188676135143993e+01
4.996314198455167599e+01
4.994424719556690206e+01
4.992520001758285986e+01
4.990599801730192553e+01
4.988663870314727689e+01
4.986711952339540943e+01
4.984743786423349832e+01
4.982759104773784031e+01
4.980757632976973071e+01
4.978739089778446214e+01
4.976703186854929584e+01
4.974649628576574401e+01
4.972578111759135311e+01
4.970488325405583652e+01
4.968379950436619907e+01
4.966252659409494186e+01
4.964106116224539278e+01
4.961939975818752657e+01
4.959753883845752398e+01
4.957547476341359527e+01
4.955320379374038708e+01
4.953072208679364508e+01
4.950802569277634291e+01
4.948511055073683451e+01
4.946197248437904648e+01
4.943860719767413059e+01
4.941501027026206572e+01
4.939117715263115826e+01
4.936710316106241692e+01
4.934278347232503847e+01
4.931821311810807629e+01
4.929338697917252432e+01
4.926829977920679937e+01
4.924294607836745286e+01
4.921732026648563618e+01
4.919141655591840845e+01
4.916522897402234804e+01
4.913875135522553705e+01
4.911197733267177057e+01
4.908490032940925119e+01
4.905751354909364181e+01
4.902980996617323228e+01
4.900178231552104080e+01
4.897342308147657519e+01
4.894472448625616323e+01
4.891567847768815369e+01
4.888627671622517568e+01
4.885651056118211244e+01
4.882637105614367812e+01
4.879584891348121545e+01
4.876493449791265533e+01
4.873361780903428553e+01
4.870188846274627537e+01
4.866973567148736635e+01
4.863714822318603126e+01
4.860411445882742498e+01
4.857062224852567311e+01
4.853665896598106144e+01
4.850221146118996529e+01
4.846726603126277411e+01
4.843180838919088416e+01
4.839582363038812218e+01
4.835929619681439817e+01
4.832220983846994500e+01
4.828454757336821501e+01
4.824629163754150341e+01
4.820742344561809034e+01
4.816792353340008503e+01
4.812777150366147794e+01
4.808694596599102056e+01
4.804542447173737685e+01
4.800318344357278022e+01
4.796019809913502741e+01
4.791644236814366309e+01
4.787188880231322941e+01
4.782650847730401011e+01
4.778027088585528759e+01
4.773314382113842669e+01
4.768509324924231407e+01
4.763608316956108979e+01
4.758607546168928337e+01
4.753502971723919757e+01
4.748290305477524242e+01
4.742964991580373635e+01
4.737522183945890930e+01
4.731956721317752113e+01
4.726263099624695485e+01
4.720435441263205689e+01
4.714467460892129935e+01
4.708352427256384942e+01
4.702083120477574596e+01
4.695651784154694752e+01
4.689050071504941286e+01
4.682268984638619713e+01
4.675298805898082577e+01
4.668129019991742723e+01
4.660748225411946066e+01
4.653144033329013496e+01
4.645302951788822554e+01
4.637210252589664350e+01
4.628849817651762066e+01
4.620203961095174350e+01
4.611253221579751482e+01
4.601976120723192309e+01
4.592348877846556832e+01
4.582345073685159775e+01
4.571935250619668523e+01
4.561086434686630753e+01
4.549761560222856360e+01
4.537918772253205901e+01
4.525510573904402634e+01
4.512482775318574824e+01
4.498773185391073071e+01
4.484309966078573950e+01
4.469009537735842486e+01
4.452773877677311987e+01
4.435486984258307075e+01
4.417010170579033002e+01
4.397175679895335776e+01
4.375777832925223976e+01
4.352560439181025487e+01
4.327198361284507655e+01
4.299269564907885410e+01
4.268210956626605679e+01
4.233245021656584584e+01
4.193250153538140523e+01
4.146512595198952766e+01
4.090199416317025793e+01
4.019060868397093600e+01
3.921418559215947397e+01
3.760242623823892671e+01
-inf
