# rho
# unit = KG/M^3
1.236647683002040379e-23
1.219252101480744797e-23
1.202020489366188748e-23
1.184951945727565929e-23
1.168045733439671414e-23
1.151301115377299833e-23
1.134717354415246111e-23
1.118293549622704242e-23
1.102028963874468709e-23
1.085922941948135345e-23
1.069974582912897554e-23
1.054183149643550409e-23
1.038547823112088222e-23
1.023067866193305772e-23
1.007742541761997981e-23
9.925710307901591645e-24
9.775525142497836328e-24
9.626862550156663114e-24
9.479715159626019783e-24
9.334075599653855585e-24
9.189934041904102854e-24
9.047285572208724817e-24
8.906119543203650619e-24
8.766430221692840297e-24
8.628209417396234034e-24
8.491449759061784019e-24
8.356142237381425776e-24
8.222279481103107084e-24
8.089854118974778664e-24
7.958858779744388296e-24
7.829285273131880570e-24
7.701125408857195671e-24
7.574371815668285786e-24
7.449017122313097227e-24
7.325052319483568455e-24
7.202471673983658041e-24
7.081265357477299786e-24
6.961426817740447599e-24
6.842948274007046933e-24
6.725821535997040908e-24
6.610039232458378040e-24
6.495593173111001450e-24
6.382475577188858058e-24
6.270679073439896381e-24
6.160195881098061134e-24
6.051018219397299972e-24
5.943137898057554549e-24
5.836547545826773378e-24
5.731239381938904115e-24
5.627205625627891477e-24
5.524438496127681650e-24
5.422930622186223148e-24
5.322673404009456763e-24
5.223659470345331012e-24
5.125881449941794408e-24
5.029331152518790075e-24
4.934000797310264197e-24
4.839883013064165290e-24
4.746969609500437210e-24
4.655253215367027737e-24
4.564725640383879994e-24
4.475379513298943230e-24
4.387206643832160567e-24
4.300199660731480520e-24
4.214350783230848539e-24
4.129652230564211547e-24
4.046096221965514993e-24
3.963674976668704329e-24
3.882380304393724146e-24
3.802205243402523819e-24
3.723141603415048673e-24
3.645181603665242691e-24
3.568317463387053528e-24
3.492541811328428229e-24
3.417846457209311385e-24
3.344223620263648448e-24
3.271665929239387933e-24
3.200165398613474126e-24
3.129714042862852048e-24
3.060304490735470214e-24
2.991928756708273646e-24
2.924579264772208592e-24
2.858248029404220440e-24
2.792927474595256541e-24
2.728609819579262345e-24
2.665287283590184040e-24
2.602951881104966277e-24
2.541596240871557573e-24
2.481212377366902582e-24
2.421792509824946754e-24
2.363329062236638174e-24
2.305814049078921129e-24
2.249239894342742603e-24
2.193598817262048780e-24
2.138883037070785846e-24
2.085084773002899254e-24
2.032196039535333656e-24
1.980209465416037934e-24
1.929117269878957908e-24
1.878911467401038231e-24
1.829584277216224722e-24
1.781128123315464730e-24
1.733535224932704076e-24
1.686797698923387993e-24
1.640907969278464017e-24
1.595858050474876618e-24
1.551640366503573146e-24
1.508247136598499236e-24
1.465670579993601257e-24
1.423902915922824844e-24
1.382936363620115816e-24
1.342763244697921125e-24
1.303375676011685822e-24
1.264765979173856676e-24
1.226926475796880088e-24
1.189849282736201477e-24
1.153526721604267244e-24
1.117951011635023575e-24
1.083114372062416289e-24
1.049009022120391387e-24
1.015627283421395270e-24
9.829612728208733589e-25
9.510034143097730030e-25
9.197457223650386725e-25
8.891806209776177181e-25
8.593003293814559583e-25
8.300970668104993950e-25
8.015630524986940304e-25
7.736905056799857747e-25
7.464716967775707375e-25
7.198988962146453959e-25
6.939643232251555682e-25
6.686602482322976396e-25
6.439788392807670454e-25
6.199123667937601708e-25
5.964531523837235084e-25
5.735933129061024779e-25
5.513252211625939550e-25
5.296409940086431757e-25
5.085329530566967246e-25
4.879933175407006037e-25
4.680143066946006314e-25
4.485881909415932846e-25
4.297071895156242901e-25
4.113635984345151784e-25
3.935496113375867603e-25
3.762574730534100455e-25
3.594794540051813274e-25
3.432077478322214166e-25
3.274346249577265605e-25
3.121523558048930064e-25
2.973531340130415189e-25
2.830292044107432458e-25
2.691728630158195800e-25
2.557762778729661407e-25
2.428317450000043666e-25
2.303314836308802140e-25
2.182677385941647387e-25
2.066327547184290425e-25
1.954187768322442500e-25
1.846180369668688904e-25
1.742227927481866382e-25
1.642252762074560223e-25
1.546177193759355257e-25
1.453923798795088691e-25
1.365414897494345354e-25
1.280573066115962680e-25
1.199320496999399314e-25
1.121579766403492690e-25
1.047273258627390732e-25
9.763234219568042274e-26
9.086526406908815604e-26
8.441832991287707697e-26
7.828378455561828729e-26
7.245387282588287731e-26
6.692083315358566240e-26
6.167691036729775581e-26
5.671434929559025931e-26
5.202538196972167891e-26
4.760225961691940854e-26
4.343721746777012035e-26
3.952250355017305933e-26
3.585035629404303511e-26
3.241301732862300627e-26
2.920273148248406882e-26
2.621173878520511550e-26
2.343228246569316785e-26
2.085660095386303839e-26
1.847694067794990048e-26
1.628554166753264111e-26
1.427464555185421310e-26
1.243649396015757072e-26
1.076333012134974845e-26
9.247395664673697684e-27
7.880932219372378436e-27
6.656182214520780772e-27
5.565387279361861113e-27
4.600789443054593778e-27
3.754630734757953807e-27
3.019152983672905851e-27
