7.498632261385352249e-07
0.000000000000000000e+00
7.503465635565996088e-07
0.000000000000000000e+00
0.000000000000000000e+00
7.514039485269350073e-07
7.521911571385891775e-07
7.529651858253358300e-07
7.537191722400118309e-07
7.546114054354555287e-07
7.553321316425591695e-07
7.557421828373100053e-07
7.567518862558482695e-07
7.576179984677278026e-07
7.586150907510085570e-07
7.599686439474615105e-07
7.611133948824968344e-07
7.622049513732130356e-07
7.634985153609240085e-07
7.648166352794321044e-07
7.665189840468948454e-07
7.680468477444321601e-07
7.695106060589934503e-07
7.708214753110817106e-07
7.722110266513321989e-07
7.737947034753616227e-07
7.751555372973811686e-07
7.763471149171959686e-07
7.776256591904052625e-07
7.786472227248107868e-07
7.795015317976085287e-07
7.802666912752626780e-07
7.808177685392987602e-07
7.811696623416883175e-07
7.814055888488376472e-07
7.814899316228928421e-07
7.814463531107946144e-07
7.813317542320720249e-07
7.811816387364249734e-07
7.810678340350985272e-07
7.810679881203921273e-07
7.812898555552338889e-07
7.818698852394843837e-07
7.828776758347897905e-07
7.845541675451292777e-07
7.869413171633298599e-07
7.900002558799686904e-07
7.943888299420641103e-07
7.998949983976152877e-07
8.060389012553187793e-07
8.129428677533217182e-07
8.207267781455758235e-07
8.285434402125451480e-07
8.356800646008263006e-07
8.416714550786663083e-07
8.452031056968157950e-07
8.453185609882521522e-07
8.410501016924588837e-07
8.314522210183457878e-07
8.157958344999031901e-07
7.942034401127088932e-07
7.676430660514118442e-07
7.378277494038024407e-07
7.069854263854137926e-07
6.772606120792310524e-07
6.503144937262039065e-07
6.276268040751856780e-07
6.086872312067074261e-07
5.915431993699548471e-07
5.733487224240973316e-07
5.501752517217250623e-07
5.202879924030782873e-07
4.846184437027855370e-07
4.469179463173255360e-07
4.122420013802575449e-07
3.823966145609532163e-07
3.561730579524305977e-07
3.299988247257895372e-07
2.998557207631297002e-07
2.657504665158432273e-07
2.331105933065092031e-07
2.057376395105788343e-07
1.825525614678497307e-07
1.596291091464669565e-07
1.357172349295756979e-07
1.139657728352436214e-07
9.605773430050152154e-08
7.970574588745199691e-08
6.378837378957764857e-08
