0.000000000000000000e+00 0.000000000000000000e+00
2.605210420841683194e-02 2.727934577472935729e+01
5.210420841683366389e-02 1.139149393998839201e+02
7.815631262525049583e-02 2.672441589234925914e+02
1.042084168336673278e-01 4.947806068808862392e+02
1.302605210420841597e-01 8.041991015402536505e+02
1.563126252505009917e-01 1.197253995448582600e+03
1.823647294589178236e-01 1.652542594763025818e+03
2.084168336673346555e-01 2.197871472400305265e+03
2.344689378757514875e-01 2.839648888009019629e+03
2.605210420841683194e-01 3.584318297387769235e+03
2.865731462925851236e-01 4.438345944805632826e+03
3.126252505010019833e-01 5.378068811753449154e+03
3.386773547094188430e-01 6.375198745951458477e+03
3.647294589178356472e-01 7.480588296293928579e+03
3.907815631262524514e-01 8.699132158884944147e+03
4.168336673346693111e-01 1.003567447971478941e+04
4.428857715430861708e-01 1.149499951129603505e+04
4.689378757515029750e-01 1.300610343189834566e+04
4.949899799599197792e-01 1.457110756863535244e+04
5.210420841683366389e-01 1.625003096931472828e+04
5.470941883767534986e-01 1.804615637729414811e+04
5.731462925851702472e-01 1.996267206927546431e+04
5.991983967935871069e-01 2.200266525963037930e+04
6.252505010020039666e-01 2.402973580997012687e+04
6.513026052104208263e-01 2.611726450836110234e+04
6.773547094188376860e-01 2.831421608036395992e+04
7.034068136272544347e-01 3.062242016632036029e+04
7.294589178356712944e-01 3.304359517013667210e+04
7.555110220440881541e-01 3.557934400353169622e+04
7.815631262525049028e-01 3.801738847033179627e+04
8.076152304609217625e-01 4.053487614832705003e+04
8.336673346693386222e-01 4.315015420890964742e+04
8.597194388777554819e-01 4.586385572109778150e+04
8.857715430861723416e-01 4.867650262546377780e+04
9.118236472945890903e-01 5.156181612258732639e+04
9.378757515030059499e-01 5.430925909826875431e+04
9.639278557114228096e-01 5.713862647684605327e+04
9.899799599198395583e-01 6.004972756352901342e+04
1.016032064128256529e+00 6.304227194209671870e+04
1.042084168336673278e+00 6.611586856323148822e+04
1.068136272545090026e+00 6.919052509037946584e+04
1.094188376753506997e+00 7.213997936275950633e+04
1.120240480961923746e+00 7.515370304322068114e+04
1.146292585170340494e+00 7.823082273172275745e+04
1.172344689378757465e+00 8.137038074364271597e+04
1.198396793587174214e+00 8.457133537216810510e+04
1.224448897795591185e+00 8.769762384107826801e+04
1.250501002004007933e+00 9.072385204046497529e+04
1.276553106212424682e+00 9.379579611922784534e+04
1.302605210420841653e+00 9.691212435814953642e+04
1.328657314629258401e+00 1.000714396375929500e+05
1.354709418837675372e+00 1.032722805115510855e+05
1.380761523046092121e+00 1.063247603617819113e+05
1.406813627254508869e+00 1.093096910320302122e+05
1.432865731462925840e+00 1.123220952979939175e+05
1.458917835671342589e+00 1.153603782377502212e+05
1.484969939879759337e+00 1.184228995769814064e+05
1.511022044088176308e+00 1.215079752501808398e+05
1.537074148296593057e+00 1.243773454351950058e+05
1.563126252505009806e+00 1.272148139399481879e+05
1.589178356713426776e+00 1.300627112796595757e+05
1.615230460921843525e+00 1.329193442133246863e+05
1.641282565130260496e+00 1.357829936458125885e+05
1.667334669338677244e+00 1.386450438328536402e+05
1.693386773547093993e+00 1.412469002833582053e+05
1.719438877755510964e+00 1.438456207608779951e+05
1.745490981963927712e+00 1.464395583206067386e+05
1.771543086172344683e+00 1.490270561240976094e+05
1.797595190380761432e+00 1.516064491847382742e+05
1.823647294589178181e+00 1.541226308411923237e+05
1.849699398797595151e+00 1.564241568975494010e+05
1.875751503006011900e+00 1.587094749959750334e+05
1.901803607214428649e+00 1.609770645713036065e+05
1.927855711422845619e+00 1.632254103891038394e+05
1.953907815631262368e+00 1.654530041411524289e+05
1.979959919839679117e+00 1.675642629263908311e+05
2.006012024048096087e+00 1.695058317677439190e+05
2.032064128256513058e+00 1.714205700032378081e+05
2.058116232464929585e+00 1.733071633263240219e+05
2.084168336673346555e+00 1.751643149784238194e+05
2.110220440881763526e+00 1.769907470764689497e+05
2.136272545090180053e+00 1.786572277949801355e+05
2.162324649298597024e+00 1.801966612779994903e+05
2.188376753507013994e+00 1.817012335662441910e+05
2.214428857715430521e+00 1.831698901942476514e+05
2.240480961923847492e+00 1.846016032071949157e+05
2.266533066132264462e+00 1.859953721490914468e+05
2.292585170340680989e+00 1.871953880095928616e+05
2.318637274549097960e+00 1.883075808137571730e+05
2.344689378757514930e+00 1.893794874317889335e+05
2.370741482965931901e+00 1.904103426626920700e+05
2.396793587174348428e+00 1.913994135239804164e+05
2.422845691382765398e+00 1.923459998698463314e+05
2.448897795591182369e+00 1.930746246914860967e+05
2.474949899799598896e+00 1.937506184759074822e+05
2.501002004008015867e+00 1.943834091124032275e+05
2.527054108216432837e+00 1.949725286549248849e+05
2.553106212424849364e+00 1.955175440269984538e+05
2.579158316633266335e+00 1.959962123094847193e+05
2.605210420841683305e+00 1.962853896998354758e+05
2.631262525050099832e+00 1.965309807383214356e+05
2.657314629258516803e+00 1.967327696298123628e+05
2.683366733466933773e+00 1.968905754427177599e+05
2.709418837675350744e+00 1.970042520577231771e+05
2.735470941883767271e+00 1.970264802630949707e+05
2.761523046092184241e+00 1.969028456761386187e+05
2.787575150300601212e+00 1.967368165431396046e+05
2.813627254509017739e+00 1.965284411614139972e+05
2.839679358717434710e+00 1.962778006685908767e+05
2.865731462925851680e+00 1.959850087013826123e+05
2.891783567134268207e+00 1.955836222336367646e+05
2.917835671342685178e+00 1.950751238720237452e+05
2.943887775551102148e+00 1.945271958783560549e+05
2.969939879759518675e+00 1.939401164759756066e+05
2.995991983967935646e+00 1.933141929012493347e+05
3.022044088176352616e+00 1.926497608332599630e+05
3.048096192384769143e+00 1.918666270045715501e+05
3.074148296593186114e+00 1.910102684601667279e+05
3.100200400801603084e+00 1.901188774334140762e+05
3.126252505010019611e+00 1.891929200130283716e+05
3.152304609218436582e+00 1.882328861955878674e+05
3.178356713426853553e+00 1.872392891538656550e+05
3.204408817635270523e+00 1.861229052703873022e+05
3.230460921843687050e+00 1.849624646398268815e+05
3.256513026052104021e+00 1.837724630140893278e+05
3.282565130260520991e+00 1.825535078705638589e+05
3.308617234468937518e+00 1.813062247290818195e+05
3.334669338677354489e+00 1.800265694874077744e+05
3.360721442885771459e+00 1.786343858250189223e+05
3.386773547094187986e+00 1.772181416301891149e+05
3.412825651302604957e+00 1.757785253023371624e+05
3.438877755511021928e+00 1.743162379915016936e+05
3.464929859719438454e+00 1.728319927439803723e+05
3.490981963927855425e+00 1.713078471508907096e+05
3.517034068136272396e+00 1.697039502892932796e+05
3.543086172344689366e+00 1.680825053931181028e+05
3.569138276553105893e+00 1.664442543644874822e+05
3.595190380761522864e+00 1.647899458261771360e+05
3.621242484969939834e+00 1.631203342888950719e+05
3.647294589178356361e+00 1.614075017827678821e+05
3.673346693386773332e+00 1.596427095270034333e+05
3.699398797595190302e+00 1.578669912893849832e+05
3.725450901803606829e+00 1.560810996080233890e+05
3.751503006012023800e+00 1.542857881442324433e+05
3.777555110220440771e+00 1.524818109189595270e+05
3.803607214428857297e+00 1.506345720721377584e+05
3.829659318637274268e+00 1.487585412024424295e+05
3.855711422845691239e+00 1.468780400710954564e+05
3.881763527054107765e+00 1.449937941789925389e+05
3.907815631262524736e+00 1.431065252542879025e+05
3.933867735470941707e+00 1.412169505937838985e+05
3.959919839679358233e+00 1.392865059520058276e+05
3.985971943887775204e+00 1.373462083084181359e+05
4.012024048096192175e+00 1.354074991697855585e+05
4.038076152304609145e+00 1.334710457401552121e+05
4.064128256513026116e+00 1.315375074391819653e+05
4.090180360721442199e+00 1.296075353720423882e+05
4.116232464929859169e+00 1.276407677017572278e+05
4.142284569138276140e+00 1.256792708787271549e+05
4.168336673346693111e+00 1.237248431046098704e+05
4.194388777555110082e+00 1.217780691179854039e+05
4.220440881763527052e+00 1.198395228452186566e+05
4.246492985971944023e+00 1.179041100278681115e+05
4.272545090180360106e+00 1.159483313050270372e+05
4.298597194388777076e+00 1.140038951808996499e+05
4.324649298597194047e+00 1.120712995946258015e+05
4.350701402805611018e+00 1.101510299229289085e+05
4.376753507014027988e+00 1.082435587103346770e+05
4.402805611222444959e+00 1.063390265052697359e+05
4.428857715430861042e+00 1.044290793363614503e+05
4.454909819639278012e+00 1.025345632863122446e+05
4.480961923847694983e+00 1.006558682493046217e+05
4.507014028056111954e+00 9.879337036971549969e+04
4.533066132264528925e+00 9.694743190734581731e+04
4.559118236472945895e+00 9.510516945119237062e+04
4.585170340681361978e+00 9.326903494920622325e+04
4.611222444889778949e+00 9.145159656397892104e+04
4.637274549098195919e+00 8.965313181929942220e+04
4.663326653306612890e+00 8.787390419229550753e+04
4.689378757515029861e+00 8.611416309974812611e+04
4.715430861723446831e+00 8.435935807953614858e+04
4.741482965931863802e+00 8.261927832251317159e+04
4.767535070140279885e+00 8.090033332590025384e+04
4.793587174348696855e+00 7.920268963214993710e+04
4.819639278557113826e+00 7.752650020847734413e+04
4.845691382765530797e+00 7.587190453525344492e+04
4.871743486973947768e+00 7.422371410886032390e+04
4.897795591182364738e+00 7.259634081745627918e+04
4.923847695390780821e+00 7.099174592050332285e+04
4.949899799599197792e+00 6.940999110183490848e+04
4.975951903807614762e+00 6.785112556329765357e+04
5.002004008016031733e+00 6.631407860615570098e+04
5.028056112224448704e+00 6.478710096686072939e+04
5.054108216432865675e+00 6.328383110101012426e+04
5.080160320641282645e+00 6.180424676224376890e+04
5.106212424849698728e+00 6.034831456212312332e+04
5.132264529058115698e+00 5.891599018795445591e+04
5.158316633266532669e+00 5.750416129266632197e+04
5.184368737474949640e+00 5.610757366559325601e+04
5.210420841683366611e+00 5.473502744985444588e+04
5.236472945891783581e+00 5.338641586740148341e+04
5.262525050100199664e+00 5.206162282571622200e+04
5.288577154308616635e+00 5.076052317360104644e+04
5.314629258517033605e+00 4.947876772889327549e+04
5.340681362725450576e+00 4.821557000708192936e+04
5.366733466933867547e+00 4.697616706726067787e+04
5.392785571142284518e+00 4.576038133814823959e+04
5.418837675350701488e+00 4.456802794376498059e+04
5.444889779559117571e+00 4.339891497636923305e+04
5.470941883767534542e+00 4.224805508035287494e+04
5.496993987975951512e+00 4.111758236840128666e+04
5.523046092184368483e+00 4.001017492372701236e+04
5.549098196392785454e+00 3.892559887769324996e+04
5.575150300601202424e+00 3.786361511680494004e+04
5.601202404809618507e+00 3.682397955469616863e+04
5.627254509018035478e+00 3.580149863067324623e+04
5.653306613226452448e+00 3.480007249321786367e+04
5.679358717434869419e+00 3.382059850835488760e+04
5.705410821643286390e+00 3.286280095139298646e+04
5.731462925851703361e+00 3.192640085168287987e+04
5.757515030060119443e+00 3.101111624890387975e+04
5.783567134268536414e+00 3.011184700812832307e+04
5.809619238476953385e+00 2.923342025983496569e+04
5.835671342685370355e+00 2.837554540288778298e+04
5.861723446893787326e+00 2.753791858426611361e+04
5.887775551102204297e+00 2.672023455565673066e+04
5.913827655310621267e+00 2.592147044058035681e+04
5.939879759519037350e+00 2.513896555815725151e+04
5.965931863727454321e+00 2.437573458439969181e+04
5.991983967935871291e+00 2.363145801013650635e+04
6.018036072144288262e+00 2.290581637024494194e+04
6.044088176352705233e+00 2.219849044375104859e+04
6.070140280561122204e+00 2.150802858930492948e+04
6.096192384769538286e+00 2.083342765659645738e+04
6.122244488977955257e+00 2.017639269023014640e+04
6.148296593186372228e+00 1.953659810688634752e+04
6.174348697394789198e+00 1.891371979386318344e+04
6.200400801603206169e+00 1.830743527106931651e+04
6.226452905811623140e+00 1.771609411285524766e+04
6.252505010020039222e+00 1.713975231435074966e+04
6.278557114228456193e+00 1.657921232745323141e+04
6.304609218436873164e+00 1.603415198084995791e+04
6.330661322645290134e+00 1.550425173226349216e+04
6.356713426853707105e+00 1.498919479065738051e+04
6.382765531062124076e+00 1.448728958531240096e+04
6.408817635270541047e+00 1.399922285484095846e+04
6.434869739478957129e+00 1.352519744377089046e+04
6.460921843687374100e+00 1.306490226794184309e+04
6.486973947895791071e+00 1.261802975889291338e+04
6.513026052104208041e+00 1.218427594709224286e+04
6.539078156312625012e+00 1.176201101818935422e+04
6.565130260521041983e+00 1.135225411703432474e+04
6.591182364729458065e+00 1.095482973455641695e+04
6.617234468937875036e+00 1.056944375935082826e+04
6.643286573146292007e+00 1.019580622171276082e+04
6.669338677354708977e+00 9.833512911103385704e+03
6.695390781563125948e+00 9.481413435042240963e+03
6.721442885771542919e+00 9.140303411856291859e+03
6.747494989979959890e+00 8.809905394253701161e+03
6.773547094188375972e+00 8.489946445072562710e+03
6.799599198396792943e+00 8.180158156257087285e+03
6.825651302605209914e+00 7.880023988144223949e+03
6.851703406813626884e+00 7.588953557356663623e+03
6.877755511022043855e+00 7.307342738415580243e+03
6.903807615230460826e+00 7.034937735032028286e+03
6.929859719438876908e+00 6.771489467278359371e+03
6.955911823647293879e+00 6.516753562605940715e+03
6.981963927855710850e+00 6.270175531121706626e+03
7.008016032064127820e+00 6.031521372522848651e+03
7.034068136272544791e+00 5.800926418477198240e+03
7.060120240480961762e+00 5.578162072666346830e+03
7.086172344689378733e+00 5.363004480547358071e+03
7.112224448897794815e+00 5.155234497700031170e+03
7.138276553106211786e+00 4.954307408251497691e+03
7.164328657314628757e+00 4.760204491870511447e+03
7.190380761523045727e+00 4.572899583542241089e+03
7.216432865731462698e+00 4.392189708335497016e+03
7.242484969939879669e+00 4.217876512621955953e+03
7.268537074148295751e+00 4.049766215085483509e+03
7.294589178356712722e+00 3.887352411410112836e+03
7.320641282565129693e+00 3.730736397721489084e+03
7.346693386773546663e+00 3.579799381762685698e+03
7.372745490981963634e+00 3.434363529046926033e+03
7.398797595190380605e+00 3.294255394418672495e+03
7.424849699398796687e+00 3.159298997088325450e+03
7.450901803607213658e+00 3.029061920054436087e+03
7.476953907815630629e+00 2.903682616435211912e+03
7.503006012024047600e+00 2.783003079302291553e+03
7.529058116232464570e+00 2.666869448135708353e+03
7.555110220440881541e+00 2.555131940379596017e+03
7.581162324649298512e+00 2.447599490161115682e+03
7.607214428857714594e+00 2.344014320517282613e+03
7.633266533066131565e+00 2.244418341470581254e+03
7.659318637274548536e+00 2.148676224852776159e+03
7.685370741482965506e+00 2.056656431025751772e+03
7.711422845691382477e+00 1.968231136176945711e+03
7.737474949899799448e+00 1.883213150427598976e+03
7.763527054108215530e+00 1.801457234588617666e+03
7.789579158316632501e+00 1.722947898351205822e+03
7.815631262525049472e+00 1.647570557148146690e+03
7.841683366733466443e+00 1.575214027357342957e+03
7.867735470941883413e+00 1.505770452714144085e+03
7.893787575150300384e+00 1.439067367901217722e+03
7.919839679358716467e+00 1.375029908990410377e+03
7.945891783567133437e+00 1.313611490651616123e+03
7.971943887775550408e+00 1.254716151731265199e+03
7.997995991983967379e+00 1.198250935408581427e+03
8.024048096192384349e+00 1.144125817396702814e+03
8.050100200400800432e+00 1.092188414970443091e+03
8.076152304609218291e+00 1.042406201392351022e+03
8.102204408817634373e+00 9.947186122345259491e+02
8.128256513026052232e+00 9.490461281320586977e+02
8.154308617234468315e+00 9.053118446434435782e+02
8.180360721442884397e+00 8.634414042344888003e+02
8.206412825651302256e+00 8.233042852440423758e+02
8.232464929859718339e+00 7.848920996338389386e+02
8.258517034068136198e+00 7.481409673511623168e+02
8.284569138276552280e+00 7.129856637526061149e+02
8.310621242484970139e+00 6.793632089504595797e+02
8.336673346693386222e+00 6.472067752111909158e+02
8.362725450901802304e+00 6.164253543211515307e+02
8.388777555110220163e+00 5.870051386059179777e+02
8.414829659318636246e+00 5.588911959671290788e+02
8.440881763527054105e+00 5.320305544662431885e+02
8.466933867735470187e+00 5.063721442755261251e+02
8.492985971943888046e+00 4.818562241638227306e+02
8.519038076152304129e+00 4.584249692352349257e+02
8.545090180360720211e+00 4.360568190843145544e+02
8.571142284569138070e+00 4.147075217894155230e+02
8.597194388777554153e+00 3.943344691380884228e+02
8.623246492985972012e+00 3.748966449658869351e+02
8.649298597194388094e+00 3.563426796501423723e+02
8.675350701402804177e+00 3.386362825330838859e+02
8.701402805611222036e+00 3.217534516609096613e+02
8.727454909819638118e+00 3.056588733969132363e+02
8.753507014028055977e+00 2.903185962718970927e+02
8.779559118236472059e+00 2.756999857997694789e+02
8.805611222444889918e+00 2.617601470135249997e+02
8.831663326653306001e+00 2.484765766154720552e+02
8.857715430861722083e+00 2.358259085458711297e+02
8.883767535070139942e+00 2.237802204759547351e+02
8.909819639278556025e+00 2.123127062345322713e+02
8.935871743486973884e+00 2.013976369113231328e+02
8.961923847695389966e+00 1.910000212127047519e+02
8.987975951903807825e+00 1.811060611192984311e+02
9.014028056112223908e+00 1.716946401009850831e+02
9.040080160320639990e+00 1.627438783077320466e+02
9.066132264529057849e+00 1.542328005732143481e+02
9.092184368737473932e+00 1.461408723373266128e+02
9.118236472945891791e+00 1.384413914895374944e+02
9.144288577154307873e+00 1.311246854372715802e+02
9.170340681362723956e+00 1.241730060116485248e+02
9.196392785571141815e+00 1.175693591697566802e+02
9.222444889779557897e+00 1.112974764837140071e+02
9.248496993987975756e+00 1.053403602149904970e+02
9.274549098196391839e+00 9.968026387425679502e+01
9.300601202404809698e+00 9.430785105434495108e+01
9.326653306613225780e+00 8.920943694871544949e+01
9.352705410821641863e+00 8.437193644147423299e+01
9.378757515030059722e+00 7.978284051369033136e+01
9.404809619238475804e+00 7.542842770558469567e+01
9.430861723446893663e+00 7.129691384564354451e+01
9.456913827655309746e+00 6.737995916695876986e+01
9.482965931863727604e+00 6.366710186933082127e+01
9.509018036072143687e+00 6.014835232292983846e+01
9.535070140280559770e+00 5.681417378442165500e+01
9.561122244488977628e+00 5.365371549577405830e+01
9.587174348697393711e+00 5.065915002200152628e+01
9.613226452905811570e+00 4.782339190065237489e+01
9.639278557114227652e+00 4.513851037864187532e+01
9.665330661322645511e+00 4.259694289161275549e+01
9.691382765531061594e+00 4.019147948802550729e+01
9.717434869739477676e+00 3.791368856581492963e+01
9.743486973947895535e+00 3.575836303021041118e+01
9.769539078156311618e+00 3.371969541604070031e+01
9.795591182364729477e+00 3.179172340277324338e+01
9.821643286573145559e+00 2.996876907834993986e+01
9.847695390781561642e+00 2.824542650022954859e+01
9.873747494989979501e+00 2.661524342484243988e+01
9.899799599198395583e+00 2.507474668705290100e+01
9.925851703406813442e+00 2.361930591222068543e+01
9.951903807615229525e+00 2.224447522426692814e+01
9.977955911823647384e+00 2.094602642003451365e+01
1.000400801603206347e+01 1.971979030496952134e+01
1.003006012024047955e+01 1.856134289758988487e+01
1.005611222444889741e+01 1.746791255122261077e+01
1.008216432865731349e+01 1.643603775193193428e+01
1.010821643286573135e+01 1.546243009767041876e+01
1.013426853707414743e+01 1.454396628245335599e+01
1.016032064128256529e+01 1.367746093125510853e+01
1.018637274549098137e+01 1.285994139640486900e+01
1.021242484969939746e+01 1.208918570966393169e+01
1.023847695390781531e+01 1.136265065020210230e+01
1.026452905811623140e+01 1.067792332026225743e+01
1.029058116232464926e+01 1.003271493367577349e+01
1.031663326653306534e+01 9.424628660798743951e+00
1.034268537074148142e+01 8.851666890268958809e+00
1.036873747494989928e+01 8.312094416401148322e+00
1.039478957915831536e+01 7.804057446530876518e+00
1.042084168336673322e+01 7.325799443946747758e+00
1.044689378757514930e+01 6.875656362503368868e+00
1.047294589178356716e+01 6.451849180720595101e+00
1.049899799599198325e+01 6.053035130898346772e+00
1.052505010020039933e+01 5.677887859751117539e+00
1.055110220440881719e+01 5.325066663644610898e+00
1.057715430861723327e+01 4.993302795871547239e+00
1.060320641282565113e+01 4.681395846161369612e+00
1.062925851703406721e+01 4.388041671153793288e+00
1.065531062124248507e+01 4.112337356179219583e+00
1.068136272545090115e+01 3.853287301784716679e+00
1.070741482965931723e+01 3.609929382140138365e+00
1.073346693386773509e+01 3.381354260773409948e+00
1.075951903807615118e+01 3.166692763535908561e+00
1.078557114228456904e+01 2.965029483503517138e+00
1.081162324649298512e+01 2.775727377943352003e+00
1.083767535070140298e+01 2.598060750208043501e+00
1.086372745490981906e+01 2.431344444922830750e+00
1.088977955911823514e+01 2.274931711797405498e+00
1.091583166332665300e+01 2.128189783173084493e+00
1.094188376753506908e+01 1.990508211166602814e+00
1.096793587174348694e+01 1.861411245084080512e+00
1.099398797595190302e+01 1.740385384644691724e+00
1.102004008016031911e+01 1.626946420734456611e+00
1.104609218436873697e+01 1.520637854892414431e+00
1.107214428857715305e+01 1.421004565309925027e+00
1.109819639278557091e+01 1.327640103320595122e+00
1.112424849699398699e+01 1.240195140008648389e+00
1.115030060120240485e+01 1.158309066903624673e+00
1.117635270541082093e+01 1.081642266339615244e+00
1.120240480961923701e+01 1.009874952534668857e+00
1.122845691382765487e+01 9.426834306911143768e-01
1.125450901803607096e+01 8.797975362768685192e-01
1.128056112224448881e+01 8.209645704496657537e-01
1.130661322645290490e+01 7.659331906343739282e-01
1.133266533066132276e+01 7.144669758506367874e-01
1.135871743486973884e+01 6.663435844020054732e-01
1.138476953907815492e+01 6.213352064560474508e-01
1.141082164328657278e+01 5.792626018260633725e-01
1.143687374749498886e+01 5.399454129814884595e-01
1.146292585170340672e+01 5.032097578581089525e-01
1.148897795591182280e+01 4.688922772292619112e-01
1.151503006012023889e+01 4.368395278078459065e-01
1.154108216432865675e+01 4.068927709890202138e-01
1.156713426853707283e+01 3.789333407106677543e-01
1.159318637274549069e+01 3.528340837780282735e-01
1.161923847695390677e+01 3.284755946892159995e-01
1.164529058116232463e+01 3.057458303011503786e-01
1.167134268537074071e+01 2.845378790209652231e-01
1.169739478957915679e+01 2.647475687026680791e-01
1.172344689378757465e+01 2.462911312697970700e-01
1.174949899799599073e+01 2.290817355431892799e-01
1.177555110220440859e+01 2.130379869145330451e-01
1.180160320641282468e+01 1.980836017088393464e-01
1.182765531062124253e+01 1.841448089634834806e-01
1.185370741482965862e+01 1.711535453043634136e-01
1.187975951903807470e+01 1.590513098705389761e-01
1.190581162324649256e+01 1.477792737289561897e-01
1.193186372745490864e+01 1.372823575812456287e-01
1.195791583166332650e+01 1.275090026993917491e-01
1.198396793587174258e+01 1.184087966796245756e-01
1.201002004008015867e+01 1.099374103669360780e-01
1.203607214428857652e+01 1.020544619808488179e-01
1.206212424849699261e+01 9.472038356325981900e-02
1.208817635270541047e+01 8.789817345272010751e-02
1.211422845691382655e+01 8.155323647688914046e-02
1.214028056112224441e+01 7.565144080261536341e-02
1.216633266533066049e+01 7.016401318051583569e-02
1.219238476953907657e+01 6.506338084637189323e-02
1.221843687374749443e+01 6.032312266860066774e-02
1.224448897795591051e+01 5.591856054890872313e-02
1.227054108216432837e+01 5.182664883759512120e-02
1.229659318637274446e+01 4.802448404547249305e-02
1.232264529058116231e+01 4.449345745541190278e-02
1.234869739478957840e+01 4.121493469300498841e-02
1.237474949899799448e+01 3.817139991498121054e-02
1.240080160320641234e+01 3.534651220454965853e-02
1.242685370741482842e+01 3.272492884685285902e-02
1.245290581162324628e+01 3.029171563385949298e-02
1.247895791583166236e+01 2.803458136231059064e-02
1.250501002004007844e+01 2.594115564780731173e-02
1.253106212424849630e+01 2.399990931046318623e-02
1.255711422845691239e+01 2.220009921217966711e-02
1.258316633266533024e+01 2.053154178675637570e-02
1.260921843687374633e+01 1.898470986676226852e-02
1.263527054108216419e+01 1.755138669017371547e-02
1.266132264529058027e+01 1.622347824118803086e-02
1.268737474949899635e+01 1.499344977493088059e-02
1.271342685370741421e+01 1.385428850128678918e-02
1.273947895791583029e+01 1.279929377720758973e-02
1.276553106212424815e+01 1.182241341152803077e-02
1.279158316633266423e+01 1.091820816409019325e-02
1.281763527054108209e+01 1.008141955919928355e-02
1.284368737474949818e+01 9.307158194945708285e-03
1.286973947895791426e+01 8.590878697144645540e-03
1.289579158316633212e+01 7.928209246853978528e-03
1.292184368737474820e+01 7.315322004944434589e-03
1.294789579158316606e+01 6.748650062649746637e-03
1.297394789579158214e+01 6.224801197485036429e-03
1.300000000000000000e+01 5.740624952566314616e-03
