# cl_delta_noiseisw
2.886992840278291315e-14
1.248886781265123621e-14
6.532275596643820979e-15
3.830038643715843761e-15
2.409534289202686790e-15
1.580477954886903940e-15
1.061191983114585588e-15
7.447043162085382239e-16
5.861199983055922969e-16
4.994091203540631822e-16
4.208069250580183923e-16
3.422843696697860441e-16
2.709951221213239441e-16
2.110831393826998466e-16
1.665950452991086819e-16
1.371908455540499610e-16
1.165614027386962530e-16
1.006515613574155124e-16
8.771475507261175581e-17
7.731267015239876178e-17
6.940416192474073074e-17
6.327132899001511927e-17
5.813918227834483323e-17
5.352022806705030334e-17
4.916028081737314173e-17
4.511348428369872649e-17
4.140519273375523919e-17
3.803314209173025846e-17
3.499002602474167230e-17
3.224860978801902095e-17
2.978500209678363308e-17
2.755924263554620582e-17
2.553497010322595706e-17
2.369402634368085202e-17
2.201997496798144530e-17
2.049280051674623495e-17
1.909652240262422611e-17
1.781357770443940177e-17
1.662778629517926852e-17
1.553288955722273411e-17
1.452016993815920914e-17
1.358597421651056563e-17
1.272210970313140910e-17
1.192628918752424595e-17
1.119194042071357721e-17
1.051157523581810105e-17
9.879213690792936472e-18
9.291374427934136475e-18
8.746600424740195091e-18
8.240178522429519545e-18
7.770178898758779259e-18
7.331149391596644099e-18
6.920007618502402802e-18
6.535761761333982271e-18
6.177370353578075729e-18
5.842545452676577544e-18
5.529474214967340070e-18
5.235936855957490462e-18
4.960542368486468554e-18
4.702967183577333747e-18
4.460039563912329686e-18
4.231351520667786191e-18
4.016613230823460031e-18
3.813835935208655817e-18
3.622998322787652215e-18
3.443106981078036286e-18
3.274092816251930237e-18
3.114850507039019126e-18
2.964909674253019065e-18
2.823230656272299030e-18
2.689229981171388854e-18
2.562296494825525448e-18
2.442074974477365838e-18
2.328375996997125889e-18
2.220747543361430984e-18
2.110448341572468682e-18
2.022477585387013538e-18
1.931113369250957649e-18
1.844581631603849023e-18
1.762449443897581047e-18
1.684585886059084591e-18
1.610676196306998761e-18
1.540636529236722817e-18
1.474057571003570360e-18
1.410853977526880131e-18
1.351015009201940327e-18
1.294037165256014561e-18
1.239910593603592177e-18
1.188476159770572215e-18
1.139500564769345593e-18
1.092956139076936009e-18
1.048678692223623563e-18
1.006471763911716061e-18
9.663075026133465441e-19
9.279301323325168262e-19
8.914800469088109755e-19
8.567898375452122740e-19
8.235985987443575043e-19
7.920372713332733304e-19
7.618965843786046211e-19
7.332495281985894485e-19
7.057837728937892207e-19
6.796165258556348908e-19
6.545908584224291522e-19
6.307094885495924085e-19
6.078779681736811374e-19
5.860138153192435633e-19
5.650989476543974732e-19
5.450855438845015843e-19
5.259670205137051518e-19
5.076310367571664556e-19
4.900865902409578969e-19
4.732976850244106982e-19
4.572726509858886910e-19
4.418718037759993096e-19
4.271762515850955393e-19
4.131047493809227551e-19
3.996199274355057921e-19
3.866801556041502663e-19
3.742974207462860645e-19
3.607041385211670540e-19
3.509843643548678173e-19
3.400767631038156450e-19
3.295970826241363132e-19
3.195620774623864682e-19
3.099164906330646664e-19
3.006802830308968878e-19
2.918242036457215893e-19
2.833269061427365605e-19
2.751843031769102158e-19
2.673924734374458155e-19
2.599069293990685275e-19
2.527310241116793569e-19
2.458679030979108172e-19
2.392908265603155070e-19
2.329990026138661882e-19
2.269682706475058206e-19
2.212025791790279895e-19
2.156781615401715366e-19
2.103820977165176062e-19
2.053309789333026555e-19
2.005054011839626113e-19
1.958773684643944565e-19
1.914666323130945742e-19
1.872525095386850057e-19
1.832279450816419658e-19
1.793723678730970012e-19
1.757028757511673021e-19
1.722165057967776213e-19
1.688872122410173361e-19
1.656960304923875724e-19
1.626780134894571409e-19
1.598060960766041845e-19
1.570767923295023623e-19
1.544732201371790680e-19
1.520157043703427061e-19
1.496868416153579236e-19
1.474637394126281566e-19
1.453683160354096675e-19
1.433924732786634363e-19
1.415132905024622597e-19
1.397461115504394074e-19
1.380695392399134078e-19
1.364961724688651413e-19
1.350197215054787989e-19
1.336146589850841332e-19
1.323075862892062030e-19
1.310734063858032202e-19
1.299198064238498029e-19
1.288426739672423075e-19
1.278280328293469293e-19
1.268676818832846977e-19
1.259839981633816914e-19
1.251484978211247000e-19
1.243651131510740177e-19
1.236235886648162710e-19
1.224758089484029995e-19
1.222691958213452519e-19
1.216390669913226659e-19
1.210282566310844817e-19
1.204399224306507817e-19
1.198567758523794394e-19
1.192817821412738902e-19
1.187058692552906027e-19
1.181108846301367012e-19
1.175111366979731145e-19
1.168839748654684096e-19
1.162236748273069593e-19
1.155322637467311876e-19
1.147872683466322473e-19
1.139922833173884571e-19
1.131335667309154587e-19
1.122139480234959113e-19
1.112197927958932307e-19
1.101476019773192866e-19
1.089957818998633359e-19
1.077603017640615707e-19
1.064387013693907145e-19
1.050296757534279139e-19
1.035324493315736712e-19
1.019492050256195114e-19
1.002660848566674782e-19
9.851538099481731855e-20
9.668992334831042466e-20
9.454720265088476405e-20
9.283171831654755269e-20
9.081135900696879535e-20
8.874174960131414938e-20
8.663111439716324604e-20
8.448776036162871805e-20
8.231779956355691749e-20
8.013332482179342709e-20
7.794025732047933198e-20
7.574837252418501166e-20
7.356290014316022589e-20
7.139428389465860244e-20
6.924623541874121503e-20
6.712472272915310339e-20
6.503778008324077622e-20
6.298789520359980174e-20
6.098033314533276933e-20
5.901502876566601291e-20
5.710039755806323926e-20
5.523437324726474762e-20
5.342132426038823734e-20
5.166007028004512562e-20
4.995354373219139928e-20
4.830207850033196140e-20
4.670381099098220951e-20
4.515896851569013246e-20
4.366842806611271053e-20
4.223256891775386532e-20
4.084670236449701540e-20
3.951299447997196858e-20
3.822808384657283583e-20
3.699224228644780074e-20
3.580401576052897661e-20
3.466150816175584390e-20
3.356219404197123697e-20
3.250746666180380397e-20
3.136902000458181313e-20
3.051934505302481057e-20
2.958282177781706262e-20
2.868358610978889440e-20
2.781967936002465859e-20
2.698981725275587205e-20
2.619340943961189530e-20
2.542764813595606476e-20
2.469234241505346304e-20
2.398535982659056346e-20
2.330284227509782866e-20
2.264974257026684541e-20
2.202135988585190239e-20
2.141567565418976016e-20
2.083502393059973658e-20
2.027535843158807781e-20
1.973414599374142099e-20
1.921464261071047787e-20
1.871192116376961807e-20
1.822987965321453984e-20
1.776204650017180218e-20
1.731130081896809976e-20
1.687594433949065256e-20
1.645709294942233783e-20
1.604910835390045792e-20
1.565699336914395441e-20
1.527691760485164690e-20
1.490836378828321670e-20
1.455250184104705251e-20
1.420729990541985598e-20
1.384543125027599591e-20
1.352086665724344389e-20
1.323928419822703756e-20
1.293489675058378997e-20
1.264212074725404106e-20
1.235562461265624798e-20
1.207958977756747912e-20
1.181187214913246396e-20
1.154990269567473866e-20
1.129736882720395299e-20
1.105108534692845203e-20
1.081231248931253536e-20
1.058028309918277478e-20
1.035467903519281812e-20
1.013564208555910053e-20
9.921445942026557752e-21
9.713880800296632913e-21
9.511460943986602788e-21
9.314172100310489229e-21
9.123779898094296710e-21
8.935871539477972393e-21
8.754598755781324389e-21
8.576762150262811197e-21
8.404809593359384175e-21
8.236583422112845986e-21
8.071663801938567327e-21
7.911668823468289621e-21
7.756202025680379924e-21
7.603947985735482895e-21
7.455113850150645379e-21
7.309550225176241495e-21
7.168184841971735584e-21
7.030798449253690822e-21
6.896011983522640700e-21
6.764228516834562057e-21
6.636008176598798500e-21
6.510308582450780730e-21
6.388157761829760119e-21
6.267954350947239972e-21
6.151394328196766538e-21
6.021880126369320640e-21
5.910917715503846924e-21
5.815771822407270608e-21
5.708895334195077223e-21
5.604433409905730475e-21
5.502045667223271221e-21
5.402037546207624061e-21
5.304162782820844395e-21
5.208187332960411425e-21
5.114532068591119763e-21
5.022724252518780278e-21
4.932907792978778162e-21
4.845351319140876084e-21
4.759010963177581703e-21
4.674947573461220582e-21
4.592496685239132701e-21
4.511560232372993891e-21
4.432493519087612566e-21
4.355062880131637626e-21
4.279254659789671443e-21
4.204764243464602778e-21
4.131796598706508785e-21
4.060517828148223063e-21
3.990473247038054753e-21
3.921866918035174549e-21
3.854974114922423544e-21
3.789054540110916749e-21
3.724797825089936557e-21
3.661478861225052007e-21
3.599495461239180324e-21
3.538915294618664131e-21
3.479448743432428575e-21
3.421255215564636431e-21
3.364033076104454933e-21
3.297970575408081927e-21
3.243257486433438546e-21
3.189547743118792310e-21
3.136710981957791794e-21
3.094694443796403573e-21
3.044275595889000790e-21
2.994534800797705591e-21
2.945777464554968247e-21
2.897994564202508816e-21
2.851245414385143699e-21
2.805321736960660342e-21
2.760337542272589774e-21
2.716249013067600216e-21
2.672955132681421285e-21
2.630571669797051289e-21
2.588994236387699109e-21
2.548294588338831314e-21
2.508335550590811633e-21
2.469217096728049131e-21
2.430794926783956260e-21
2.393172324080114304e-21
2.356313057706350429e-21
2.320001805118109748e-21
2.284637345604324549e-21
2.249874387735526802e-21
2.215718923508114608e-21
2.182240891371898533e-21
2.149435000293870842e-21
2.117276709496579933e-21
2.085658934917947388e-21
2.054757593660302911e-21
2.024457765056031615e-21
1.994665337725429500e-21
1.965452490248823448e-21
1.936899108348467823e-21
1.908812189066763535e-21
1.881186136846427269e-21
1.854182894357549560e-21
1.827786657351253530e-21
1.801738065337190099e-21
1.776277494078110430e-21
1.751231627452943841e-21
1.726674501849890903e-21
1.702597280780719164e-21
1.678993255254879200e-21
1.655852645068645260e-21
1.629629050207533465e-21
1.607488567584317021e-21
1.585636645581229184e-21
1.564143879881362558e-21
1.543156662086495433e-21
1.522376750983431795e-21
1.505583711231872939e-21
1.485714822312957946e-21
1.466190077493021342e-21
1.447074476101459949e-21
1.428363644939910555e-21
1.409988467126003219e-21
1.391947115398415428e-21
1.374298982302174703e-21
1.356917606939480937e-21
1.339922086057017356e-21
1.323258329869303221e-21
1.306981180997868598e-21
1.291015108913105046e-21
1.275375105626704458e-21
1.259989406674387952e-21
1.244921077975527957e-21
1.230106611518766798e-21
1.215673249982319075e-21
1.201485689182334225e-21
1.187551544142776043e-21
1.173925470067955509e-21
1.160616506435312613e-21
1.147561020029617748e-21
1.134813427020951307e-21
1.122311093732434486e-21
1.110006911629965299e-21
1.097955307795116406e-21
1.086211225625418623e-21
1.074726069350314089e-21
1.063429912602396312e-21
1.052396930197789315e-21
1.041566229138993859e-21
1.028370113564638115e-21
1.018135287639885625e-21
1.008001999338431012e-21
9.981952714085285175e-22
9.885281554750209049e-22
9.790837353876998996e-22
9.698917018203971533e-22
9.608646502926979688e-22
9.544236246554847030e-22
9.458433696328277572e-22
9.374329010395711205e-22
9.292336761025556703e-22
9.211675905880591136e-22
9.133736157588821330e-22
9.057710806107133649e-22
8.983237479610946512e-22
8.910504834619579931e-22
8.840032012648011567e-22
8.770824538784037272e-22
8.704148928854929320e-22
8.639454178742970488e-22
8.576228501491848748e-22
8.514592324742819108e-22
8.455488868405691624e-22
8.397511242588507273e-22
8.341195683082219736e-22
8.287599593593969205e-22
8.234582366692511501e-22
8.184312886329400290e-22
8.135594632346531821e-22
8.088518405763900583e-22
8.042949218934147368e-22
7.999489237007144454e-22
7.956921753778378942e-22
7.916947479363830664e-22
7.877736912468853212e-22
7.840873328863542004e-22
7.805729411915259191e-22
7.772070078496435880e-22
7.739482489551207388e-22
7.709218311273669744e-22
7.679927673855631792e-22
7.652521936067372373e-22
7.626595519350216229e-22
7.602175827563170624e-22
7.579381754270332460e-22
7.557889130493348213e-22
7.537118266827258055e-22
7.518470974101062920e-22
7.500461757742440387e-22
7.484051622730750256e-22
7.452154677369265388e-22
7.438570979911485250e-22
7.425189163750510247e-22
7.412765369476847386e-22
7.401901538195967083e-22
7.391820021257902701e-22
7.382323356488962203e-22
7.373257076236618260e-22
7.365035514779444756e-22
7.357615333346298645e-22
7.349796988081935621e-22
7.342786270469862475e-22
7.351790564680305572e-22
7.344925456043372510e-22
7.337628172007639990e-22
7.330236002277057752e-22
7.322573198243031525e-22
7.314312770177008691e-22
7.306047204474926313e-22
7.296677607812940079e-22
7.286202480067886337e-22
7.275452050862574898e-22
7.263166135146580413e-22
7.249660903376174442e-22
7.235529386900252492e-22
7.219490748118409414e-22
7.202359853990129194e-22
7.183455266031999980e-22
7.163046373863788283e-22
7.140688263205489769e-22
7.117034690589698461e-22
7.091342763412758249e-22
7.064015000176745450e-22
7.034829221500840705e-22
7.003787582617091552e-22
6.970876007618852869e-22
6.935888137213963289e-22
6.899285984413639602e-22
6.846457289168746593e-22
6.806370088986489733e-22
6.764359741349255264e-22
6.720712917715742026e-22
6.675691381843743723e-22
6.629154396893411796e-22
6.580779154040429111e-22
6.531255309526656138e-22
6.480865840058955072e-22
6.428880525440244080e-22
6.375810375811467907e-22
6.321536043757680200e-22
6.266950845640054817e-22
6.210956808767313966e-22
6.154239456387458207e-22
6.096889468464144807e-22
6.038994219835724142e-22
5.993584608009735422e-22
5.934907311814809879e-22
5.875557183113445602e-22
5.816172924066825385e-22
5.756640211857544592e-22
5.696845439976127337e-22
5.637222514435761503e-22
5.577469108770581691e-22
5.518001930168829087e-22
5.458518656089884764e-22
5.399422657570687263e-22
5.340409652980609580e-22
5.281869480634063877e-22
5.223667228713463244e-22
5.165836866925439602e-22
5.108575832153710200e-22
5.051575786922553479e-22
4.995178899008465282e-22
4.939250518006589320e-22
4.883794377355014836e-22
4.828823523152594878e-22
4.774509871531580379e-22
4.720698375037668135e-22
4.667383285473211294e-22
4.614889329363567996e-22
4.562592328171233040e-22
4.511267066400454967e-22
4.460423613899717186e-22
4.410253304222828927e-22
4.360555681243913036e-22
4.311501416264416213e-22
4.263066382297380277e-22
4.215255214021653711e-22
4.167890501142734990e-22
4.121279454696049314e-22
4.075108108201248960e-22
4.029504138514951580e-22
3.984606615195337705e-22
3.940253604718399835e-22
3.896435031751033460e-22
3.845596846355902995e-22
3.802908115789448000e-22
3.760847773667043769e-22
3.719400395470019492e-22
3.678553747725563081e-22
3.637883747260352279e-22
3.597920063158382252e-22
3.558514689973632278e-22
3.519643912760477465e-22
3.481299229553852687e-22
3.443335203688029395e-22
3.405996742894854425e-22
3.369016737421446113e-22
3.332504559719849283e-22
3.296446017220679810e-22
3.260957119645226285e-22
3.225896780482817425e-22
3.191249267926025772e-22
3.156887750406870998e-22
3.123034340467215727e-22
3.089802353507148966e-22
3.056931418386580857e-22
3.024766577733731978e-22
2.992821608474853341e-22
