# cl_isw_isw
3.680501172170100788e-10
1.265250480609688067e-10
5.633220591840126401e-11
2.926367300887279642e-11
1.684781274140942021e-11
1.043848509356835033e-11
6.834052616638875177e-12
4.672006939965060275e-12
3.305508662911373876e-12
2.405710948973775416e-12
1.792678428774671604e-12
1.363162372668667959e-12
1.054538697701289034e-12
8.280853984863811819e-13
6.589339734597311070e-13
5.305259430866827796e-13
4.315882940426994615e-13
3.543726801932901632e-13
2.934639683395297081e-13
2.449274861957527243e-13
2.058348895997719453e-13
1.740513763055373196e-13
1.480329647084107475e-13
1.266050829232582840e-13
1.088373495510513740e-13
9.400068192237043916e-14
8.153375936368944479e-14
7.100577377757957812e-14
6.207416993876993025e-14
5.446304774137901028e-14
4.794743118069153951e-14
4.234632492025554329e-14
3.751251761673383861e-14
3.332560793776283500e-14
2.968632555692492843e-14
2.651234297904599251e-14
2.373513644074195525e-14
2.129746790627593411e-14
1.915181420963979578e-14
1.725835717294551312e-14
1.558348182333317341e-14
1.409841141968100989e-14
1.277841304221725012e-14
1.160245455124570504e-14
1.055257478683303757e-14
9.613395274815240532e-15
8.771700393474100883e-15
8.016014997361469868e-15
7.338796958510727453e-15
6.726397217736337117e-15
6.171047244284928024e-15
5.671250376346841094e-15
5.218674408173649792e-15
4.808250837481257682e-15
4.435490711326660998e-15
4.096429678480129545e-15
3.787585675405593298e-15
3.505903601907339230e-15
3.248658404322923159e-15
3.013427200869980114e-15
2.798058015374384230e-15
2.600632529558403707e-15
2.419436310767476857e-15
2.252941501878802021e-15
2.099783764990663522e-15
1.958742391854357499e-15
1.828247183461013815e-15
1.708378066768970800e-15
1.597694651497978509e-15
1.495393810772797461e-15
1.400749728642127198e-15
1.313105148934707874e-15
1.231865084785954165e-15
1.156493632618634938e-15
1.086509031869630475e-15
1.021475765185135950e-15
9.609973538830720777e-16
9.043351873266145825e-16
8.519077104101426790e-16
8.030550794557619780e-16
7.574969865655644119e-16
7.149775890616595912e-16
6.752637518539640048e-16
6.381436470490807817e-16
6.034239844850858590e-16
5.709272268588570429e-16
5.404905190918040013e-16
5.119645443393585847e-16
4.852650438967308890e-16
4.601232029756538251e-16
4.365142092396171692e-16
4.143300243766658427e-16
3.934711375008411764e-16
3.738459922689349320e-16
3.553705975388025740e-16
3.379675778662212695e-16
3.215659119553462854e-16
3.060998480299458718e-16
2.915086051403527344e-16
2.777358202284285946e-16
2.647289020530820607e-16
2.524390791565116445e-16
2.408210119766037085e-16
2.298324450586521366e-16
2.194340782209878587e-16
2.096053988969434216e-16
2.002722599030724738e-16
1.914290586864746666e-16
1.830462145062229466e-16
1.750961333343862964e-16
1.675530893956813612e-16
1.603930362051289997e-16
1.535934452465044567e-16
1.471332899611331297e-16
1.409932563834480049e-16
1.351552855892629711e-16
1.296547871649440236e-16
1.243750360838735531e-16
1.193489885407840215e-16
1.145626211211912447e-16
1.100027098467078270e-16
1.056568543031372979e-16
1.015133897487792973e-16
9.756136637078864603e-17
9.379058385696338560e-17
9.019146064567731443e-17
8.675494440024887553e-17
8.347248418252168610e-17
8.033602373892684911e-17
7.733801720271022679e-17
7.447137813861310497e-17
7.172940643893543339e-17
6.910580527892087214e-17
6.659466531344753191e-17
6.419043105092745989e-17
6.188785054941699168e-17
5.968196327312127598e-17
5.756809517159451752e-17
5.556257829588233570e-17
5.362199114736977114e-17
5.176051003530991586e-17
4.997439456049282016e-17
4.826005259475924489e-17
4.661407697153393839e-17
4.503324882266544367e-17
4.351454240016499852e-17
4.205511177877899143e-17
4.065228183691876357e-17
3.928327503818707031e-17
3.798927712855826954e-17
3.674511145032264624e-17
3.554855079411191649e-17
3.439748661804394116e-17
3.328991696050543200e-17
3.222393959409905581e-17
3.119774270319795364e-17
3.020958492336906815e-17
2.925781306150482531e-17
2.834086897680098557e-17
2.745728016928043831e-17
2.660564758219077400e-17
2.578464127556804755e-17
2.499298804116018812e-17
2.422946968740353524e-17
2.349292219762214376e-17
2.278223791458062387e-17
2.209636381527471713e-17
2.143429539129248812e-17
2.079507922673729551e-17
2.017781996885094284e-17
1.958166634895017395e-17
1.900580372190452503e-17
1.844945121950483436e-17
1.791185599700469602e-17
1.739229993528566572e-17
1.688284448047565703e-17
1.639878538639368460e-17
1.593077555822630453e-17
1.547818571820211105e-17
1.504041289186983454e-17
1.461687777674966402e-17
1.420703189404960305e-17
1.381036426323236306e-17
1.342639197211993972e-17
1.305465200809904914e-17
1.269020077654007548e-17
1.234096441068871091e-17
1.200277221274868522e-17
1.167523163047116278e-17
1.135796767810310222e-17
1.105061881727702090e-17
1.075283553347589250e-17
1.046427802151552849e-17
1.018462005135681397e-17
9.913550344264956389e-18
9.650769947065048490e-18
9.395990300201137843e-18
9.148935466778462947e-18
8.909340457328737457e-18
8.676949816850281388e-18
8.451517463439031852e-18
8.232807415312644887e-18
8.020592678858317588e-18
7.814652875641315602e-18
7.614775924648650251e-18
7.420757690862712565e-18
7.232401581625564255e-18
7.049517668160484668e-18
6.871925607145886404e-18
6.699453798858957885e-18
6.531937495597496009e-18
6.369217098973357413e-18
6.211137637633858104e-18
6.057549776517066586e-18
5.908310617325946475e-18
5.763281800555651832e-18
5.618499831045113765e-18
5.481283550835613282e-18
5.347947274335261445e-18
5.218370868558762031e-18
5.092436344185782366e-18
4.970028905540461151e-18
4.851037850645262727e-18
4.735357685600292748e-18
4.622887071138589409e-18
4.513528091463971622e-18
4.407184545771638533e-18
4.307237155271301048e-18
4.206390034531502974e-18
4.108262658529379413e-18
4.012774168166432195e-18
3.919846494480899689e-18
3.829404512423834274e-18
3.741375963844259994e-18
3.655690090116924501e-18
3.572277353524680036e-18
3.491070377633466794e-18
3.412004232244418000e-18
3.335015736183925916e-18
3.260043740733436034e-18
3.187028940390726957e-18
3.115913774371965083e-18
3.046642643495071780e-18
2.979161837071781295e-18
2.913419430383443765e-18
2.849364951044236866e-18
2.786949866909980556e-18
2.726127050268808790e-18
2.666850580056961109e-18
2.609075796239160673e-18
2.552759388669716494e-18
2.497859425728559483e-18
2.444335168511717251e-18
2.392147392600783667e-18
2.341258621545991006e-18
2.291632314468234844e-18
2.243232938247460089e-18
2.196025980128807310e-18
2.149977924184118443e-18
2.105056587268004694e-18
2.061231006169289158e-18
2.018471175720509593e-18
1.977547034225406226e-18
1.936703087109516665e-18
1.896838847020538011e-18
1.857928816075486094e-18
1.819948905165781845e-18
1.782875841221918198e-18
1.746686849669532438e-18
1.711359671258327650e-18
1.676872211838864859e-18
1.643202822601209935e-18
1.610330437607923802e-18
1.578667915065529711e-18
1.547398025310638120e-18
1.516856619625045169e-18
1.487024627615142637e-18
1.457883678993050464e-18
1.429415924561731958e-18
1.401603642368487562e-18
1.374429457187477156e-18
1.347876673196058297e-18
1.321929193647598210e-18
1.296571424427448786e-18
1.271788139471474835e-18
1.247564537585165555e-18
1.223886212432545751e-18
1.200739207138188919e-18
1.178109969027195062e-18
1.155985310324255948e-18
1.134352328618423541e-18
1.113198406650883314e-18
1.092511226044865097e-18
1.072278909482234310e-18
1.052489904733088996e-18
1.033132985125930744e-18
1.014197269733484734e-18
9.956721765806892567e-19
9.775474239876462837e-19
9.598130359717596236e-19
9.424593190937317393e-19
9.254768257452109692e-19
9.088562983994911913e-19
8.925886470290578156e-19
8.766649725365073400e-19
8.610765570244280257e-19
8.458150186582318787e-19
8.308723137441997410e-19
8.162406987041775805e-19
8.019125981235777577e-19
7.879464391393464843e-19
7.742320885600989049e-19
7.607977297060986636e-19
7.476366462568272836e-19
7.347422975400647864e-19
7.221083043848184629e-19
7.097284268257451833e-19
6.975965878797227027e-19
6.857069472875767689e-19
6.740537423645992036e-19
6.626312666525772420e-19
6.514339791928649604e-19
6.404564877939632387e-19
6.296935194004544161e-19
6.188240726520295556e-19
6.084722635709693897e-19
5.983228518872843514e-19
5.883712823982675457e-19
5.786130737321749337e-19
5.690438733605626049e-19
5.596594296516596961e-19
5.504556049255929570e-19
5.414283751076959603e-19
5.325738131728381063e-19
5.238880893538650358e-19
5.153674664677814036e-19
5.070082902985974571e-19
4.988069593954637978e-19
4.907599584414356717e-19
4.828638978537088772e-19
4.751155092049206557e-19
4.675116034294765043e-19
4.600490375532773639e-19
4.527247415168331271e-19
4.455357159847993787e-19
4.384789946924158162e-19
4.315516632892542904e-19
4.247508765554577226e-19
4.180739120230757271e-19
4.115181546500982478e-19
4.050810307044178777e-19
3.987600133000246839e-19
3.925526527090598208e-19
3.864565829760247969e-19
3.804694804449711049e-19
3.745890768859864103e-19
3.688131831236161035e-19
3.631396248049481988e-19
3.575662662550150714e-19
3.520910294144210484e-19
3.467119029497744667e-19
3.414269267855274939e-19
3.362341753232674420e-19
3.308882557778579286e-19
3.258746411265056252e-19
3.209493576091071440e-19
3.161106576914384768e-19
3.113568223325504666e-19
3.066861251430150870e-19
3.020968274659819191e-19
2.975871988703772885e-19
2.931555465023298297e-19
2.888002224468201163e-19
2.845196275008217264e-19
2.803122005457210495e-19
2.761764104530976386e-19
2.721107427690469420e-19
2.681137177777204965e-19
2.641838932647492042e-19
2.604135730856153846e-19
2.565996081543115789e-19
2.528489702178817787e-19
2.491604847525412498e-19
2.455329809759868275e-19
2.419653017921403333e-19
2.384563209386930861e-19
2.350049381944334251e-19
2.316100828812334980e-19
2.282707277691288367e-19
2.249858697803654817e-19
2.217545291241247730e-19
2.185757580403793904e-19
2.154486322542299967e-19
2.123722473248832019e-19
2.093457081884071143e-19
2.063681222269102640e-19
2.034386252882449364e-19
2.005563785885268923e-19
1.977205584998394043e-19
1.949303544441004515e-19
1.921849669586689625e-19
1.894836059845280388e-19
1.868254928983819312e-19
1.842098609233712417e-19
1.816359593177855665e-19
1.791030569992259843e-19
1.766104398041581230e-19
1.741574093837072375e-19
1.717432857693712003e-19
1.693673988634707384e-19
1.670290930382639779e-19
1.647277248311926518e-19
1.624626455316787838e-19
1.602332019967081843e-19
1.580387487695974606e-19
1.558786542683247549e-19
1.537523064594652975e-19
1.517081469650848479e-19
1.496405257723128650e-19
1.476049243797798826e-19
1.456008354026736438e-19
1.436277603529906178e-19
1.416852024413960162e-19
1.397726696392277451e-19
1.378896795844194854e-19
1.360357558508587866e-19
1.342104249116774126e-19
1.324132269121831762e-19
1.306437277415781665e-19
1.289015063106436918e-19
1.271861475317117422e-19
1.254972373589059313e-19
1.238343642993420958e-19
1.221971111966126983e-19
1.205850623688395538e-19
1.189978079148583774e-19
1.174349458524463705e-19
1.159538002616153489e-19
1.144404214843377029e-19
1.129498858491760142e-19
1.114818096909377582e-19
1.100358148417669509e-19
1.086115322428299566e-19
1.072085998725665030e-19
1.058266597931664048e-19
1.044653615293142058e-19
1.031243681446748453e-19
1.018033520684393628e-19
1.005019900067199478e-19
9.921996195252992468e-20
9.795695505914420582e-20
9.671266111076497541e-20
9.548677798023392993e-20
9.427900799267976759e-20
9.308905529587678215e-20
9.191662883672504283e-20
9.076144111081033335e-20
8.962320761939325974e-20
8.850164912132413133e-20
8.739649208778418643e-20
8.630746892031508988e-20
8.523431736513755820e-20
8.417678493107458317e-20
8.313462824863621587e-20
8.210761033769565270e-20
8.109549488711198777e-20
8.009804520964424988e-20
7.911502835652778022e-20
7.814621694946864094e-20
7.719138866792687870e-20
7.625032364355162611e-20
7.532280252294787450e-20
7.440860705342411273e-20
7.350752049849785806e-20
7.261932858220440980e-20
7.175498625310290153e-20
7.089433819359051692e-20
7.004583278147368994e-20
6.920925936304755737e-20
6.838440553372403704e-20
6.757106200716169003e-20
6.676902836166090966e-20
6.597811595842423821e-20
6.519814481696806969e-20
6.442894048460528093e-20
6.367033361129298252e-20
6.292215685758203755e-20
6.218424173242031185e-20
6.145642184475390845e-20
6.073853304233844798e-20
6.003041284657887460e-20
5.933190153723029337e-20
5.864284304802972319e-20
5.796308857254247322e-20
5.729249562897779533e-20
5.663092402449943949e-20
5.597823489717625673e-20
5.533429122742882082e-20
5.469895994510775716e-20
5.407211172410981701e-20
5.345362203844037726e-20
5.284336735631662210e-20
5.222050040867387866e-20
5.162775056029886814e-20
5.104294094953984282e-20
5.046594798675101662e-20
4.989664852658916845e-20
4.933492123309310622e-20
4.878064583869258094e-20
4.823370377190706121e-20
4.769397910199707971e-20
4.716135681133900769e-20
4.663572347184772647e-20
4.611696843434476376e-20
4.560498415451856027e-20
4.509966647421062473e-20
4.460091462010288022e-20
4.410863062751720911e-20
4.362271855867850254e-20
4.314308457863975405e-20
4.266963596186697937e-20
4.220228109421925296e-20
4.174092900716250283e-20
4.128548824700358267e-20
4.083586803912035195e-20
4.039197892445861600e-20
3.995373299286614618e-20
3.952104300401354249e-20
3.909382309503170351e-20
3.867198922529229895e-20
3.825545874330749647e-20
3.784415137181206667e-20
3.743799034908936531e-20
3.703690179164575593e-20
3.664081288531352394e-20
3.624965024088681652e-20
3.584607669706525961e-20
3.546454946788976725e-20
3.508779816189203740e-20
3.471575121060695373e-20
3.434833788232721986e-20
3.398548847374254907e-20
3.362713430623828572e-20
3.327320740683717195e-20
3.292363998122874954e-20
3.257836612072658259e-20
3.223732093756878713e-20
3.190044079668078136e-20
3.156766423173545579e-20
3.123893078234997253e-20
3.091418090361229317e-20
3.059335546795679825e-20
3.027639565446997712e-20
2.996324325629006239e-20
2.965384062936779615e-20
2.934813175766138866e-20
2.904606171425166013e-20
2.874757645784006748e-20
2.845262302311814653e-20
2.816114979893284186e-20
2.787310709029843132e-20
2.758844733275231822e-20
2.730712290650605338e-20
2.702908685534974209e-20
2.675429258218786995e-20
2.648269419617074569e-20
2.621424699308046205e-20
2.594890702623025254e-20
2.568663067231503491e-20
2.542737413461759240e-20
2.517127333083751371e-20
2.491741424767941488e-20
2.466647083457912840e-20
2.441840415118077542e-20
2.417317583395593364e-20
2.393074822448700824e-20
2.369108449502770195e-20
2.345414830108503298e-20
2.321990369288209358e-20
2.298831523228865977e-20
2.275934787498063987e-20
2.253296753063530845e-20
2.230914096321569961e-20
2.208783546742852293e-20
2.186901890842300529e-20
2.165266016586597948e-20
2.143872849779220434e-20
2.122719333408431788e-20
2.101802448948549790e-20
2.081119234337394526e-20
2.060666765891902199e-20
2.040442137300806833e-20
2.020442494019430742e-20
2.000665023028271284e-20
1.981106969697520472e-20
1.961765669880949345e-20
1.942638522824598340e-20
1.924236387264778242e-20
