# cldesk
2.373561068279701916e-07
2.467881751026637273e-07
2.567374909033170247e-07
2.672009044093392670e-07
2.782042787539834103e-07
2.897807818044160915e-07
3.019437599478278493e-07
3.146880086335549104e-07
3.280320250512996440e-07
3.420110538161749925e-07
3.566002230590430853e-07
3.717642115523776248e-07
3.879745572139649820e-07
4.043215307054021048e-07
4.212600897571237948e-07
4.387778064153796081e-07
4.542823681356582318e-07
4.752130388462307944e-07
4.943623678232473599e-07
5.139502272358368913e-07
5.339618167420820394e-07
5.543516284149501253e-07
5.750478272637923804e-07
5.959977475904634611e-07
6.171395664919631347e-07
6.383685171900033985e-07
6.595786240749795341e-07
6.806757988109256086e-07
7.015383612052200996e-07
7.219913202541233233e-07
7.418836967573507765e-07
7.610826799262157710e-07
7.793882976449079196e-07
7.966038060380275062e-07
8.125410620197470211e-07
8.270040938430127220e-07
8.398424039631689629e-07
8.507811468659264145e-07
8.596850689770758445e-07
8.663728594756065545e-07
8.706588387914168259e-07
8.723732564566835059e-07
8.713818271984086483e-07
8.675943791377386794e-07
8.609726879486199569e-07
8.515275412035179589e-07
8.393035191339588014e-07
8.243871497077985912e-07
8.068570972981790673e-07
7.868572205546329058e-07
7.645935684549088037e-07
7.403109299356203891e-07
7.142593859459390098e-07
6.867263424344709135e-07
6.581043814881003076e-07
6.286831585479937980e-07
5.987827165690502579e-07
5.687193437537385403e-07
5.387847247927543297e-07
5.092124479531702791e-07
4.801688488550469851e-07
4.517816880763137196e-07
4.241661655052312550e-07
3.974418854037866404e-07
3.717235158829866783e-07
3.467982804349317939e-07
3.236014750811616014e-07
3.011501525327243146e-07
2.795760133079780652e-07
2.586807392517159754e-07
2.381546040283151966e-07
2.187662915253176165e-07
2.001257740622713499e-07
1.826891046650727826e-07
1.665930850933717031e-07
1.518495747248492020e-07
1.382384082396128039e-07
1.260459379897756267e-07
1.147717724933680618e-07
1.044469739301770828e-07
9.500136303410891636e-08
8.638842570991857458e-08
7.853721664775632304e-08
7.137370883101622983e-08
6.483953628694065746e-08
5.894646099015268143e-08
5.368200147711990899e-08
4.896138226338253268e-08
4.467998820891760913e-08
4.079598336622446345e-08
3.729873147153584240e-08
3.416560846255870086e-08
3.132784561639259365e-08
2.873264835287134856e-08
2.641089314284643841e-08
2.430646626891824923e-08
2.239912285810034933e-08
2.066021478145616910e-08
1.907145093058835718e-08
1.761821410616566508e-08
1.628353707082070935e-08
1.505502784832376606e-08
1.392133542058418152e-08
1.287218191755909669e-08
1.189927109492733799e-08
1.099520816681914234e-08
1.015347206361651694e-08
9.368427081959148227e-09
8.635254569776778512e-09
7.949889636006559551e-09
7.308910078322308236e-09
6.709376678004660391e-09
6.148779873035112588e-09
5.624913502942090821e-09
