# cldesikdesi
4.179479801851076008e-08
4.498648898087880395e-08
4.854029444897388107e-08
5.249389275449474871e-08
5.688799806315783276e-08
6.176634378723850805e-08
6.718384735144011293e-08
7.317396873598547901e-08
7.979587100764962458e-08
8.710270742272650132e-08
9.514835079298921291e-08
1.039892002469271274e-07
1.136707299171219414e-07
1.242428864271730284e-07
1.357462320222154486e-07
1.482237170181268725e-07
1.616702450515165503e-07
1.760957502474527979e-07
1.914757544727019773e-07
2.076642341395877220e-07
2.246127456677680349e-07
2.422665311462964874e-07
2.604446679551453841e-07
2.789035708359724133e-07
2.973431523996107553e-07
3.153735594680968142e-07
3.325439933749194580e-07
3.483148464415485640e-07
3.620736540639968653e-07
3.731558964778078210e-07
3.810691450359988795e-07
3.849548225253533237e-07
3.839977032114310469e-07
3.776138472286454631e-07
3.659020024491397732e-07
3.491565465904637048e-07
3.281309576748743922e-07
3.042699080295292573e-07
2.793134043634053950e-07
2.551649526223490738e-07
2.332548876719798445e-07
2.139113017100216049e-07
1.961964729692811729e-07
1.782624601568902080e-07
1.586992087098752817e-07
1.380353643246689216e-07
1.185399911673144662e-07
1.020650996298607765e-07
8.804723509855962846e-08
7.518527280892075465e-08
6.378444573235235930e-08
5.417333086180286994e-08
4.559825458864911083e-08
3.829210060747454167e-08
3.219322304530740599e-08
2.702656787507242650e-08
2.268013224292833888e-08
1.907668583841879907e-08
1.608848398506019861e-08
1.362028002670127151e-08
1.158274555670116816e-08
9.893254033680185168e-09
8.492691519052870870e-09
7.326309742092718337e-09
6.350443665837411527e-09
5.528132410847374365e-09
4.829036131177705874e-09
4.228275188796614418e-09
3.706499788358445254e-09
3.248998890909866069e-09
