# cldesik
2.246129857343857704e-07
2.280926558583641261e-07
2.315992858061444530e-07
2.351314193077701369e-07
2.386877575046132525e-07
2.422670223282035173e-07
2.458677159759950769e-07
2.494880105091145795e-07
2.531257905750265991e-07
2.567788862906290572e-07
2.604452231345605693e-07
2.641228361340362698e-07
2.678097541117124969e-07
2.715038657365556117e-07
2.752028725342857431e-07
2.789042434833534505e-07
2.826052072447574674e-07
2.863027716472265663e-07
2.899938312939913105e-07
2.936752680275563710e-07
2.973439624034928927e-07
3.009967131512292059e-07
3.046301476177889322e-07
3.082407133344999332e-07
3.118209597127926580e-07
3.153745234225820840e-07
3.188937887170461018e-07
3.223747201006190073e-07
3.258131512793177161e-07
3.292047713741351462e-07
3.325451326954907260e-07
3.358296811756114411e-07
3.390537882954886994e-07
3.422127685913949899e-07
3.453018545574424977e-07
3.483161864122389381e-07
3.512507255280513588e-07
3.541000373264950463e-07
3.568581269269958870e-07
3.595185594633322034e-07
3.620752207823909879e-07
3.645229191571470962e-07
3.668577200297898628e-07
3.690766151243203191e-07
3.711773039649077757e-07
3.731577159235686313e-07
3.750147428417255088e-07
3.767430528044692545e-07
3.783346843271681943e-07
3.797804313619397245e-07
3.810712406139773460e-07
3.821991118301073486e-07
3.831571733077100364e-07
3.839395995733262777e-07
3.845413652923912232e-07
3.849572166367982448e-07
3.851807309587882110e-07
3.852039859942923098e-07
3.850189279006091722e-07
3.846190626346687091e-07
3.840004003218466516e-07
3.831613017748639458e-07
3.821017839358422040e-07
3.808231946219232317e-07
3.793275263825341822e-07
3.776168334170475396e-07
3.756929592606776566e-07
3.735577281062406244e-07
3.712131803552034728e-07
3.686615640538539074e-07
3.659052393788561453e-07
3.629466185389100664e-07
3.597883592926320930e-07
3.564339924621836316e-07
3.528887219051719104e-07
3.491599829360946222e-07
3.452572137187494477e-07
3.411912456332372948e-07
3.369738674117584166e-07
3.326174509267278265e-07
3.281345100591123275e-07
3.235375464588023203e-07
3.188393168354024126e-07
3.140531485701249271e-07
3.091930313828169785e-07
3.042734754485449904e-07
2.993093328293177398e-07
2.943158441774127082e-07
2.893086670795847505e-07
2.843036900924881261e-07
2.793169050359194762e-07
2.743640447366884648e-07
2.694599866074074664e-07
2.646182739425976183e-07
2.598509313277458760e-07
2.551683398410801431e-07
2.505790687008352378e-07
2.460897322668349487e-07
2.417050035910428522e-07
2.374275900597891394e-07
2.332581837133426522e-07
2.291993499068905242e-07
2.252397290177831856e-07
2.213777888786250369e-07
2.176059543028442309e-07
2.139145701652742816e-07
2.102919145523023213e-07
2.067245569039453001e-07
2.031976040666415185e-07
1.996949331079667743e-07
1.961997259630084916e-07
1.926948830962787329e-07
1.891634528873820066e-07
1.855897820447469370e-07
1.819605566765508920e-07
1.782655305893745297e-07
1.744979381834360941e-07
1.706548881990652951e-07
1.667374649939483057e-07
1.627503802234885581e-07
1.587016486583990615e-07
1.546025266740328991e-07
1.504674630929118698e-07
1.463140752159959194e-07
1.421629781297010731e-07
1.380366277133268947e-07
1.339581684364906508e-07
1.299474513111512140e-07
1.260315869080182675e-07
1.222247813055895000e-07
1.185399100956479852e-07
1.149851466632732990e-07
1.115693153867426201e-07
1.082791724528679006e-07
1.051141228012380878e-07
1.020640780249056125e-07
9.911584243504817359e-08
9.625455017752641220e-08
9.346289390788070070e-08
9.073134519898148704e-08
8.804572944355064517e-08
8.539812151848924574e-08
8.278545862980850596e-08
8.020254342432706115e-08
7.766796594473901479e-08
7.518295003326374773e-08
7.275700019422140658e-08
7.039901887711208617e-08
6.810695509032462678e-08
6.590363816959231744e-08
6.378068065667805287e-08
6.173501179800873510e-08
5.976019573628475894e-08
5.784754089733110885e-08
5.598691387874403345e-08
5.416850914608982963e-08
5.238515563718849074e-08
5.063369212458029205e-08
4.891480363302866858e-08
4.723239075079216474e-08
4.559295382618943670e-08
4.400380703833506628e-08
4.253878605225757118e-08
4.106262885273145640e-08
3.964575502254085146e-08
3.828588948096986201e-08
3.697903217475867307e-08
3.571976148977875414e-08
3.450327234272542093e-08
3.332619553894824041e-08
3.218628186674537070e-08
3.108245908601446606e-08
3.001416686031092317e-08
2.898133230620176509e-08
2.798338689313106813e-08
2.701917055250510247e-08
2.608737556368639513e-08
2.518698421486588887e-08
2.431765865699818057e-08
2.347940310387267678e-08
2.267223099641142611e-08
2.189562577327178881e-08
2.114848698289662626e-08
2.042931040656429045e-08
1.973646267329236206e-08
1.906847793105432646e-08
1.842431391332285802e-08
1.780354108738478373e-08
1.720614096953330416e-08
1.663179560360338800e-08
1.607955475019541835e-08
1.554793585308609992e-08
1.503561271576669483e-08
1.454162513508878988e-08
1.406544775600425608e-08
1.360678482751922024e-08
1.316552900206663365e-08
1.274154090165413303e-08
1.233428333889515318e-08
1.194274920828490463e-08
1.156572069616776431e-08
1.120227312676053460e-08
1.085190618231676286e-08
1.051440224463880660e-08
1.018951630429127596e-08
9.876881078374851662e-09
9.576017512298145615e-09
9.286375445862691699e-09
9.007372988017242251e-09
8.738454733920057653e-09
8.479167289758112451e-09
8.229175255069120833e-09
7.988197569985556508e-09
7.755912661383621092e-09
7.531934908894218151e-09
7.315855669823777390e-09
7.107297584327368519e-09
6.905941733806146572e-09
6.711505058517112525e-09
6.523711237302147276e-09
6.342280204530706240e-09
6.166934215549047110e-09
5.997402636486313117e-09
5.833431347950206947e-09
5.674779146805633883e-09
5.521216465583902200e-09
5.372526622628118753e-09
5.228503199828807191e-09
5.088945543663499671e-09
4.953661258756099301e-09
4.822464997922286345e-09
4.695179447193606286e-09
4.571638414379542385e-09
4.451684194486362457e-09
4.335165422074937796e-09
4.221938839965616795e-09
4.111867486105273826e-09
4.004820209570300078e-09
3.900673798440123382e-09
3.799310925246424621e-09
3.700619528511479143e-09
3.604494495656292640e-09
3.510835703366598335e-09
3.419547507981177741e-09
3.330540216555046803e-09
3.243728301660724934e-09
3.159030190508511988e-09
3.076369620582199659e-09
2.995673983055451537e-09
2.916874271571966049e-09
