# cldesidesi
2.564704188199648453e-07
2.760311355079150535e-07
2.978188079923061018e-07
3.220371801224947598e-07
3.489453235277827744e-07
3.788079418970561032e-07
4.119009359061793846e-07
4.485318833143508227e-07
4.890044585028705134e-07
5.336361556938186974e-07
5.827479324867202354e-07
6.366473339398843152e-07
6.956378274948029315e-07
7.599806211408526151e-07
8.298917925982804048e-07
9.055492678761532455e-07
9.870275122205621839e-07
1.074255773127422559e-06
1.167096012754057265e-06
1.264425478609943351e-06
1.365792107803019815e-06
1.471274755080789588e-06
1.579514519550729515e-06
1.688839581817732532e-06
1.797271900747780865e-06
1.902384031985602009e-06
2.001309534108261685e-06
2.090688649131135059e-06
2.166740528086556174e-06
2.225240285943658880e-06
2.263803525558492667e-06
2.276980307319831806e-06
2.259489105455345326e-06
2.207866341921946922e-06
2.124576196598355934e-06
2.012858829330659508e-06
1.877599226563518714e-06
1.728898092294680794e-06
1.578179108178884049e-06
1.437446605885758622e-06
1.314576880067593938e-06
1.208684931013654000e-06
1.110574102579134507e-06
1.005975861177709822e-06
8.859457370869831466e-07
7.584318545481396350e-07
6.437581167459275845e-07
5.554647769544495753e-07
4.835136795633812782e-07
4.122751647461065001e-07
3.461084357603324094e-07
2.931666708569911576e-07
2.470749726455836158e-07
2.070449729596913896e-07
1.743225584399458192e-07
1.462962992607996987e-07
1.230911141467774857e-07
1.038890374813088698e-07
8.792234366756192381e-08
7.481489699091427016e-08
6.396666316569588511e-08
5.494443129803043568e-08
4.742261994048187190e-08
4.115340109081679151e-08
3.588399190632382355e-08
3.141062624585439904e-08
2.756864237100779141e-08
2.423129710641810179e-08
2.140090373395035928e-08
1.879626799241229980e-08
