6.999999999999999556e-01 7.685281042567441157e-01
7.022044088176352394e-01 7.984643545662665209e-01
7.044088176352705233e-01 8.284006048757889262e-01
7.066132264529058071e-01 8.583368551853114425e-01
7.088176352705410910e-01 8.882731054948336258e-01
7.110220440881762638e-01 9.182093558043545878e-01
7.132264529058115476e-01 9.481456061138769931e-01
7.154308617234468315e-01 9.780818564233995094e-01
7.176352705410821153e-01 1.008018106732921915e+00
7.198396793587173992e-01 1.037954357042444098e+00
7.220440881763526830e-01 1.067890607351966725e+00
7.242484969939879669e-01 1.097826857661488908e+00
7.264529058116232507e-01 1.127763107971011536e+00
7.286573146292584235e-01 1.157699358280532387e+00
7.308617234468937074e-01 1.187635608590054792e+00
7.330661322645289912e-01 1.217571858899577197e+00
7.352705410821642751e-01 1.247508109209099603e+00
7.374749498997995589e-01 1.277444359518622230e+00
7.396793587174348428e-01 1.307380609828144635e+00
7.418837675350701266e-01 1.337316860137667041e+00
7.440881763527054105e-01 1.367253110447189446e+00
7.462925851703406943e-01 1.397189360756711629e+00
7.484969939879758671e-01 1.427125611066232924e+00
7.507014028056111510e-01 1.457061861375755107e+00
7.529058116232464348e-01 1.486998111685277513e+00
7.551102204408817187e-01 1.516934361994799918e+00
7.573146292585170025e-01 1.546870612304322323e+00
7.595190380761522864e-01 1.576806862613844507e+00
7.617234468937875702e-01 1.606743112923367578e+00
7.639278557114228541e-01 1.636679363232889761e+00
7.661322645290580269e-01 1.666615613542410834e+00
7.683366733466933107e-01 1.696551863851933017e+00
7.705410821643285946e-01 1.726488114161455423e+00
7.727454909819638784e-01 1.756424364470977606e+00
7.749498997995991623e-01 1.786360614780500233e+00
7.771543086172344461e-01 1.816296865090022417e+00
7.793587174348697300e-01 1.846233115399544600e+00
7.815631262525050138e-01 1.876169365709067227e+00
7.837675350701402976e-01 1.906105616018589410e+00
7.859719438877754705e-01 1.936041866328110705e+00
7.881763527054107543e-01 1.965978116637632889e+00
7.903807615230460382e-01 1.995914366947155738e+00
7.925851703406813220e-01 2.025850617256678365e+00
7.947895791583166059e-01 2.055786867566200549e+00
7.969939879759518897e-01 2.085723117875722732e+00
7.991983967935871735e-01 2.115659368185245359e+00
8.014028056112224574e-01 2.120633691718128766e+00
8.036072144288577412e-01 2.111344057092931603e+00
8.058116232464929141e-01 2.102054422467734884e+00
8.080160320641281979e-01 2.092764787842537721e+00
8.102204408817634818e-01 2.083475153217341003e+00
8.124248496993987656e-01 2.074185518592143396e+00
8.146292585170340494e-01 2.064895883966946677e+00
8.168336673346693333e-01 2.055606249341749514e+00
8.190380761523046171e-01 2.046316614716552351e+00
8.212424849699397900e-01 2.037026980091356076e+00
8.234468937875751848e-01 2.027737345466158025e+00
8.256513026052103577e-01 2.018447710840961751e+00
8.278557114228456415e-01 2.009158076215764144e+00
8.300601202404809253e-01 1.999868441590567203e+00
8.322645290581162092e-01 1.990578806965370262e+00
8.344689378757514930e-01 1.981289172340173099e+00
8.366733466933867769e-01 1.971999537714976158e+00
8.388777555110220607e-01 1.962709903089778996e+00
8.410821643286572336e-01 1.953420268464582277e+00
8.432865731462926284e-01 1.944130633839384892e+00
8.454909819639278012e-01 1.934840999214187951e+00
8.476953907815630851e-01 1.925551364588991010e+00
8.498997995991983689e-01 1.916261729963794069e+00
8.521042084168336528e-01 1.906972095338596906e+00
8.543086172344689366e-01 1.897682460713399966e+00
8.565130260521042205e-01 1.888392826088202581e+00
8.587174348697395043e-01 1.879103191463005418e+00
8.609218436873746771e-01 1.869813556837808921e+00
8.631262525050099610e-01 1.860523922212611758e+00
8.653306613226452448e-01 1.851234287587414595e+00
8.675350701402805287e-01 1.841944652962217654e+00
8.697394789579158125e-01 1.832655018337020048e+00
8.719438877755510964e-01 1.823365383711823107e+00
8.741482965931863802e-01 1.814075749086626166e+00
8.763527054108215530e-01 1.804786114461429891e+00
8.785571142284569479e-01 1.795496479836232062e+00
8.807615230460921207e-01 1.786206845211035565e+00
8.829659318637274046e-01 1.776917210585838180e+00
8.851703406813626884e-01 1.767627575960641240e+00
8.873747494989979723e-01 1.758337941335444077e+00
8.895791583166332561e-01 1.749048306710247136e+00
8.917835671342685400e-01 1.739758672085049751e+00
8.939879759519038238e-01 1.730469037459852810e+00
8.961923847695389966e-01 1.721179402834656091e+00
8.983967935871743915e-01 1.711889768209458929e+00
9.006012024048095643e-01 1.704324549470415784e+00
9.028056112224448482e-01 1.701357773094449355e+00
9.050100200400801320e-01 1.698390996718483370e+00
9.072144288577154159e-01 1.695424220342516941e+00
9.094188376753506997e-01 1.692457443966551400e+00
9.116232464929859836e-01 1.689490667590584971e+00
9.138276553106212674e-01 1.686523891214618764e+00
9.160320641282564402e-01 1.683557114838653002e+00
9.182364729458918351e-01 1.680590338462686795e+00
9.204408817635270079e-01 1.677623562086720588e+00
9.226452905811622918e-01 1.674656785710754381e+00
9.248496993987975756e-01 1.671690009334788174e+00
9.270541082164328595e-01 1.668723232958822189e+00
9.292585170340681433e-01 1.665756456582856204e+00
9.314629258517034271e-01 1.662789680206889775e+00
9.336673346693387110e-01 1.659822903830923790e+00
9.358717434869738838e-01 1.656856127454958028e+00
9.380761523046091677e-01 1.653889351078991821e+00
9.402805611222444515e-01 1.650922574703025614e+00
9.424849699398797354e-01 1.647955798327059407e+00
9.446893787575150192e-01 1.644989021951093422e+00
9.468937875751503030e-01 1.642022245575127437e+00
9.490981963927855869e-01 1.639055469199161230e+00
9.513026052104207597e-01 1.636088692823195245e+00
9.535070140280561546e-01 1.633121916447228594e+00
9.557114228456913274e-01 1.630155140071263054e+00
9.579158316633267223e-01 1.627188363695296403e+00
9.601202404809618951e-01 1.624221587319330862e+00
9.623246492985971789e-01 1.621254810943364433e+00
9.645290581162324628e-01 1.618288034567398448e+00
9.667334669338677466e-01 1.615321258191432241e+00
9.689378757515030305e-01 1.612354481815466256e+00
9.711422845691382033e-01 1.609387705439500271e+00
9.733466933867735982e-01 1.606420929063533842e+00
9.755511022044087710e-01 1.603454152687567857e+00
9.777555110220440548e-01 1.600487376311601873e+00
9.799599198396793387e-01 1.597520599935635666e+00
9.821643286573146225e-01 1.594553823559669681e+00
9.843687374749499064e-01 1.591587047183703474e+00
9.865731462925851902e-01 1.588620270807737489e+00
9.887775551102204741e-01 1.585653494431771282e+00
9.909819639278556469e-01 1.582686718055805297e+00
9.931863727454910418e-01 1.579719941679839090e+00
9.953907815631262146e-01 1.576753165303873105e+00
9.975951903807614984e-01 1.573786388927906899e+00
9.997995991983967823e-01 1.570819612551940914e+00
1.002004008016032177e+00 1.559456529525769630e+00
1.004208416833667350e+00 1.547253815834579216e+00
1.006412825651302523e+00 1.535051102143389024e+00
1.008617234468937918e+00 1.522848388452197277e+00
1.010821643286573090e+00 1.510645674761006862e+00
1.013026052104208485e+00 1.498442961069815560e+00
1.015230460921843658e+00 1.486240247378624924e+00
1.017434869739478831e+00 1.474037533687434731e+00
1.019639278557114226e+00 1.461834819996242985e+00
1.021843687374749621e+00 1.449632106305051238e+00
1.024048096192384794e+00 1.437429392613861046e+00
1.026252505010019966e+00 1.425226678922670631e+00
1.028456913827655361e+00 1.413023965231479329e+00
1.030661322645290534e+00 1.400821251540288914e+00
1.032865731462925929e+00 1.388618537849097390e+00
1.035070140280561102e+00 1.376415824157906753e+00
1.037274549098196275e+00 1.364213110466716561e+00
1.039478957915831669e+00 1.352010396775524814e+00
1.041683366733467064e+00 1.339807683084333290e+00
1.043887775551102237e+00 1.327604969393143097e+00
1.046092184368737410e+00 1.315402255701952905e+00
1.048296593186372805e+00 1.303199542010760936e+00
1.050501002004007978e+00 1.290996828319570744e+00
1.052705410821643373e+00 1.278794114628378775e+00
1.054909819639278545e+00 1.266591400937188583e+00
1.057114228456913718e+00 1.254388687245998391e+00
1.059318637274549113e+00 1.242185973554806866e+00
1.061523046092184508e+00 1.229983259863615341e+00
1.063727454909819681e+00 1.217780546172424705e+00
1.065931863727454854e+00 1.205577832481234513e+00
1.068136272545090248e+00 1.193375118790042988e+00
1.070340681362725421e+00 1.181172405098852352e+00
1.072545090180360816e+00 1.168969691407661049e+00
1.074749498997995989e+00 1.156766977716470635e+00
1.076953907815631162e+00 1.144564264025280220e+00
1.079158316633266557e+00 1.132361550334088474e+00
1.081362725450901729e+00 1.120158836642898059e+00
1.083567134268537124e+00 1.107956122951706535e+00
1.085771543086172297e+00 1.095753409260516342e+00
1.087975951903807692e+00 1.083550695569324596e+00
1.090180360721442865e+00 1.071347981878134403e+00
1.092384769539078260e+00 1.059145268186942657e+00
1.094589178356713433e+00 1.046942554495752464e+00
1.096793587174348605e+00 1.034739840804562050e+00
1.098997995991984000e+00 1.022537127113370525e+00
1.101202404809619173e+00 1.016089788736476374e+00
1.103406813627254568e+00 1.014438596454830144e+00
1.105611222444889741e+00 1.012787404173183692e+00
1.107815631262525136e+00 1.011136211891537462e+00
1.110020040080160308e+00 1.009485019609891232e+00
1.112224448897795703e+00 1.007833827328244780e+00
1.114428857715430876e+00 1.006182635046598550e+00
1.116633266533066049e+00 1.004531442764952320e+00
1.118837675350701444e+00 1.002880250483306090e+00
1.121042084168336617e+00 1.001229058201659639e+00
1.123246492985972012e+00 9.995778659200132976e-01
1.125450901803607184e+00 9.979266736383671788e-01
1.127655310621242579e+00 9.962754813567206158e-01
1.129859719438877752e+00 9.946242890750747190e-01
1.132064128256513147e+00 9.929730967934281560e-01
1.134268537074148320e+00 9.913219045117817041e-01
1.136472945891783493e+00 9.896707122301355852e-01
1.138677354709418887e+00 9.880195199484891333e-01
1.140881763527054060e+00 9.863683276668429034e-01
1.143086172344689455e+00 9.847171353851965625e-01
1.145290581162324628e+00 9.830659431035505547e-01
1.147494989979959801e+00 9.814147508219041027e-01
1.149699398797595196e+00 9.797635585402577618e-01
1.151903807615230590e+00 9.781123662586113099e-01
1.154108216432865763e+00 9.764611739769650800e-01
1.156312625250500936e+00 9.748099816953188501e-01
1.158517034068136331e+00 9.731587894136726202e-01
1.160721442885771504e+00 9.715075971320262793e-01
1.162925851703406899e+00 9.698564048503799384e-01
1.165130260521042072e+00 9.682052125687335975e-01
1.167334669338677244e+00 9.665540202870874786e-01
1.169539078156312639e+00 9.649028280054410267e-01
1.171743486973948034e+00 9.632516357237947968e-01
1.173947895791583207e+00 9.616004434421484559e-01
1.176152304609218380e+00 9.599492511605023370e-01
1.178356713426853775e+00 9.582980588788558851e-01
1.180561122244488947e+00 9.566468665972096552e-01
1.182765531062124342e+00 9.549956743155630923e-01
1.184969939879759515e+00 9.533444820339170844e-01
1.187174348697394688e+00 9.516932897522707435e-01
1.189378757515030083e+00 9.500420974706244026e-01
1.191583166332665478e+00 9.483909051889779507e-01
1.193787575150300651e+00 9.467397129073317208e-01
1.195991983967935823e+00 9.450885206256854909e-01
1.198196392785571218e+00 9.434373283440392610e-01
1.200400801603206391e+00 9.420155700231834794e-01
1.202605210420841786e+00 9.416262645258847153e-01
1.204809619238476959e+00 9.412369590285859511e-01
1.207014028056112132e+00 9.408476535312871869e-01
1.209218436873747526e+00 9.404583480339886448e-01
1.211422845691382921e+00 9.400690425366898806e-01
1.213627254509018094e+00 9.396797370393912274e-01
1.215831663326653267e+00 9.392904315420923522e-01
1.218036072144288440e+00 9.389011260447935880e-01
1.220240480961923835e+00 9.385118205474950459e-01
1.222444889779559229e+00 9.381225150501962817e-01
1.224649298597194402e+00 9.377332095528975175e-01
1.226853707414829575e+00 9.373439040555989754e-01
1.229058116232464970e+00 9.369545985583001002e-01
1.231262525050100365e+00 9.365652930610014471e-01
1.233466933867735538e+00 9.361759875637024608e-01
1.235671342685370711e+00 9.357866820664040297e-01
1.237875751503005883e+00 9.353973765691052655e-01
1.240080160320641278e+00 9.350080710718063903e-01
1.242284569138276673e+00 9.346187655745077372e-01
1.244488977955911846e+00 9.342294600772090840e-01
1.246693386773547019e+00 9.338401545799102088e-01
1.248897795591182414e+00 9.334508490826115557e-01
1.251102204408817808e+00 9.330615435853127915e-01
1.253306613226452981e+00 9.326722380880141383e-01
1.255511022044088154e+00 9.322829325907153741e-01
1.257715430861723327e+00 9.318936270934168320e-01
1.259919839679358722e+00 9.315043215961179568e-01
1.262124248496994117e+00 9.311150160988191926e-01
1.264328657314629289e+00 9.307257106015203174e-01
1.266533066132264462e+00 9.303364051042218863e-01
1.268737474949899857e+00 9.299470996069231221e-01
1.270941883767535252e+00 9.295577941096243579e-01
1.273146292585170425e+00 9.291684886123255938e-01
1.275350701402805598e+00 9.287791831150270516e-01
1.277555110220440771e+00 9.283898776177281764e-01
1.279759519038076165e+00 9.280005721204295233e-01
1.281963927855711560e+00 9.276112666231308701e-01
1.284168336673346733e+00 9.272219611258319949e-01
1.286372745490981906e+00 9.268326556285333417e-01
1.288577154308617301e+00 9.264433501312347996e-01
1.290781563126252696e+00 9.260540446339359244e-01
1.292985971943887868e+00 9.256647391366370492e-01
1.295190380761523041e+00 9.252754336393385071e-01
1.297394789579158214e+00 9.248861281420398539e-01
1.299599198396793609e+00 9.244968226447410897e-01
1.301803607214429004e+00 9.150790467116551863e-01
1.304008016032064177e+00 9.036549440150620782e-01
1.306212424849699349e+00 8.922308413184691922e-01
1.308416833667334744e+00 8.808067386218750849e-01
1.310621242484970139e+00 8.693826359252808667e-01
1.312825651302605312e+00 8.579585332286878696e-01
1.315030060120240485e+00 8.465344305320948726e-01
1.317234468937875658e+00 8.351103278355018755e-01
1.319438877755511053e+00 8.236862251389077683e-01
1.321643286573146447e+00 8.122621224423136610e-01
1.323847695390781620e+00 8.008380197457207750e-01
1.326052104208416793e+00 7.894139170491277779e-01
1.328256513026052188e+00 7.779898143525335596e-01
1.330460921843687361e+00 7.665657116559406736e-01
1.332665330661322756e+00 7.551416089593463443e-01
1.334869739478957928e+00 7.437175062627534583e-01
1.337074148296593101e+00 7.322934035661603502e-01
1.339278557114228496e+00 7.208693008695662430e-01
1.341482965931863891e+00 7.094451981729723578e-01
1.343687374749499064e+00 6.980210954763792497e-01
1.345891783567134237e+00 6.865969927797862526e-01
1.348096192384769632e+00 6.751728900831921454e-01
1.350300601202404804e+00 6.637487873865992594e-01
1.352505010020040199e+00 6.523246846900049301e-01
1.354709418837675372e+00 6.409005819934120440e-01
1.356913827655310545e+00 6.294764792968190470e-01
1.359118236472945940e+00 6.180523766002248287e-01
1.361322645290581335e+00 6.066282739036307214e-01
1.363527054108216507e+00 5.952041712070378354e-01
1.365731462925851680e+00 5.837800685104447274e-01
1.367935871743486853e+00 5.723559658138518413e-01
1.370140280561122248e+00 5.609318631172577341e-01
1.372344689378757643e+00 5.495077604206635158e-01
1.374549098196392816e+00 5.380836577240706298e-01
1.376753507014027988e+00 5.266595550274776327e-01
1.378957915831663383e+00 5.152354523308834144e-01
1.381162324649298778e+00 5.038113496342893072e-01
1.383366733466933951e+00 4.923872469376964212e-01
1.385571142284569124e+00 4.809631442411033686e-01
1.387775551102204297e+00 4.695390415445103716e-01
1.389979959919839692e+00 4.581149388479162643e-01
1.392184368737475086e+00 4.466908361513221570e-01
1.394388777555110259e+00 4.352667334547290490e-01
1.396593186372745432e+00 4.238426307581361629e-01
1.398797595190380827e+00 4.124185280615420557e-01
1.401002004008016222e+00 4.058332852294928572e-01
1.403206412825651395e+00 4.050546742348954399e-01
1.405410821643286567e+00 4.042760632402980780e-01
1.407615230460921740e+00 4.034974522457006607e-01
1.409819639278557135e+00 4.027188412511031324e-01
1.412024048096192530e+00 4.019402302565057150e-01
1.414228456913827703e+00 4.011616192619082422e-01
1.416432865731462876e+00 4.003830082673109358e-01
1.418637274549098271e+00 3.996043972727133520e-01
1.420841683366733665e+00 3.988257862781159346e-01
1.423046092184368838e+00 3.980471752835185173e-01
1.425250501002004011e+00 3.972685642889211000e-01
1.427454909819639184e+00 3.964899532943236271e-01
1.429659318637274579e+00 3.957113422997262098e-01
1.431863727454909974e+00 3.949327313051287369e-01
1.434068136272545146e+00 3.941541203105313196e-01
1.436272545090180319e+00 3.933755093159339578e-01
1.438476953907815714e+00 3.925968983213363739e-01
1.440681362725451109e+00 3.918182873267389565e-01
1.442885771543086282e+00 3.910396763321415392e-01
1.445090180360721455e+00 3.902610653375441774e-01
1.447294589178356627e+00 3.894824543429467045e-01
1.449498997995992022e+00 3.887038433483492872e-01
1.451703406813627417e+00 3.879252323537517588e-01
1.453907815631262590e+00 3.871466213591543415e-01
1.456112224448897763e+00 3.863680103645569797e-01
1.458316633266533158e+00 3.855893993699595068e-01
1.460521042084168553e+00 3.848107883753619785e-01
1.462725450901803725e+00 3.840321773807646166e-01
1.464929859719438898e+00 3.832535663861671993e-01
1.467134268537074071e+00 3.824749553915697819e-01
1.469338677354709466e+00 3.816963443969723646e-01
1.471543086172344861e+00 3.809177334023747807e-01
1.473747494989980034e+00 3.801391224077773634e-01
1.475951903807615206e+00 3.793605114131799461e-01
1.478156312625250601e+00 3.785819004185825842e-01
1.480360721442885996e+00 3.778032894239850004e-01
1.482565130260521169e+00 3.770246784293875830e-01
1.484769539078156342e+00 3.762460674347902767e-01
1.486973947895791515e+00 3.754674564401928594e-01
1.489178356713426910e+00 3.746888454455953310e-01
1.491382765531062304e+00 3.739102344509978582e-01
1.493587174348697477e+00 3.731316234564004408e-01
1.495791583166332650e+00 3.723530124618030235e-01
1.497995991983968045e+00 3.715744014672056061e-01
1.500200400801603218e+00 3.706944978197059259e-01
1.502404809619238613e+00 3.688016676431845609e-01
1.504609218436873785e+00 3.669088374666631958e-01
1.506813627254508958e+00 3.650160072901419972e-01
1.509018036072144353e+00 3.631231771136205211e-01
1.511222444889779748e+00 3.612303469370990450e-01
1.513426853707414921e+00 3.593375167605777354e-01
1.515631262525050094e+00 3.574446865840564258e-01
1.517835671342685488e+00 3.555518564075350052e-01
1.520040080160320661e+00 3.536590262310136956e-01
1.522244488977956056e+00 3.517661960544922750e-01
1.524448897795591229e+00 3.498733658779709654e-01
1.526653306613226402e+00 3.479805357014497114e-01
1.528857715430861797e+00 3.460877055249281797e-01
1.531062124248497192e+00 3.441948753484067591e-01
1.533266533066132364e+00 3.423020451718854495e-01
1.535470941883767537e+00 3.404092149953642510e-01
1.537675350701402710e+00 3.385163848188429414e-01
1.539879759519038105e+00 3.366235546423214653e-01
1.542084168336673500e+00 3.347307244657999892e-01
1.544288577154308673e+00 3.328378942892787351e-01
1.546492985971943845e+00 3.309450641127574810e-01
1.548697394789579240e+00 3.290522339362359494e-01
1.550901803607214635e+00 3.271594037597144733e-01
1.553106212424849808e+00 3.252665735831932192e-01
1.555310621242484981e+00 3.233737434066719096e-01
1.557515030060120154e+00 3.214809132301507111e-01
1.559719438877755548e+00 3.195880830536291239e-01
1.561923847695390943e+00 3.176952528771077033e-01
1.564128256513026116e+00 3.158024227005864493e-01
1.566332665330661289e+00 3.139095925240651397e-01
1.568537074148296684e+00 3.120167623475437191e-01
1.570741482965932079e+00 3.101239321710222985e-01
1.572945891783567252e+00 3.082311019945009889e-01
1.575150300601202424e+00 3.063382718179796793e-01
1.577354709418837597e+00 3.044454416414583697e-01
1.579559118236472992e+00 3.025526114649370046e-01
1.581763527054108387e+00 3.006597812884154730e-01
1.583967935871743560e+00 2.987669511118942189e-01
1.586172344689378733e+00 2.968741209353729094e-01
1.588376753507014127e+00 2.949812907588513777e-01
1.590581162324649522e+00 2.930884605823300126e-01
1.592785571142284695e+00 2.911956304058087031e-01
1.594989979959919868e+00 2.893028002292873935e-01
1.597194388777555041e+00 2.874099700527661394e-01
1.599398797595190436e+00 2.855171398762446633e-01
1.601603206412825831e+00 2.829311262437179675e-01
1.603807615230461003e+00 2.800851688151895225e-01
1.606012024048096176e+00 2.772392113866610219e-01
1.608216432865731571e+00 2.743932539581322994e-01
1.610420841683366966e+00 2.715472965296035213e-01
1.612625250501002139e+00 2.687013391010750207e-01
1.614829659318637312e+00 2.658553816725466867e-01
1.617034068136272484e+00 2.630094242440181862e-01
1.619238476953907879e+00 2.601634668154894636e-01
1.621442885771543274e+00 2.573175093869607410e-01
1.623647294589178447e+00 2.544715519584322405e-01
1.625851703406813620e+00 2.516255945299038510e-01
1.628056112224449015e+00 2.487796371013750729e-01
1.630260521042084410e+00 2.459336796728463503e-01
1.632464929859719582e+00 2.430877222443179331e-01
1.634669338677354755e+00 2.402417648157894325e-01
1.636873747494989928e+00 2.373958073872609875e-01
1.639078156312625323e+00 2.345498499587322094e-01
1.641282565130260718e+00 2.317038925302035146e-01
1.643486973947895891e+00 2.288579351016750141e-01
1.645691382765531063e+00 2.260119776731466246e-01
1.647895791583166458e+00 2.231660202446179020e-01
1.650100200400801631e+00 2.203200628160894292e-01
1.652304609218437026e+00 2.174741053875606789e-01
1.654509018036072199e+00 2.146281479590322061e-01
1.656713426853707372e+00 2.117821905305037888e-01
1.658917835671342766e+00 2.089362331019750108e-01
1.661122244488978161e+00 2.060902756734462882e-01
1.663326653306613334e+00 2.032443182449178709e-01
1.665531062124248507e+00 2.003983608163893704e-01
1.667735470941883902e+00 1.975524033878606756e-01
1.669939879759519075e+00 1.947064459593322028e-01
1.672144288577154470e+00 1.918604885308034524e-01
1.674348697394789642e+00 1.890145311022750352e-01
1.676553106212424815e+00 1.861685736737465902e-01
1.678757515030060210e+00 1.833226162452178121e-01
1.680961923847695605e+00 1.804766588166890895e-01
1.683166332665330778e+00 1.776307013881606445e-01
1.685370741482965951e+00 1.747847439596321717e-01
1.687575150300601345e+00 1.719387865311034214e-01
1.689779559118236518e+00 1.690928291025750041e-01
1.691983967935871913e+00 1.662468716740462538e-01
1.694188376753507086e+00 1.634009142455177810e-01
1.696392785571142259e+00 1.605549568169893637e-01
1.698597194388777654e+00 1.577089993884606134e-01
1.700801603206412826e+00 1.552486862770054987e-01
1.703006012024048221e+00 1.534632507204285456e-01
1.705210420841683394e+00 1.516778151638517314e-01
1.707414829659318789e+00 1.498923796072747228e-01
1.709619238476953962e+00 1.481069440506979362e-01
1.711823647294589357e+00 1.463215084941209554e-01
1.714028056112224530e+00 1.445360729375441411e-01
1.716232464929859702e+00 1.427506373809673546e-01
1.718436873747495097e+00 1.409652018243903460e-01
1.720641282565130270e+00 1.391797662678135317e-01
1.722845691382765665e+00 1.373943307112365231e-01
1.725050100200400838e+00 1.356088951546597365e-01
1.727254509018036233e+00 1.338234595980827835e-01
1.729458917835671405e+00 1.320380240415059692e-01
1.731663326653306800e+00 1.302525884849289606e-01
1.733867735470941973e+00 1.284671529283521463e-01
1.736072144288577146e+00 1.266817173717753320e-01
1.738276553106212541e+00 1.248962818151983650e-01
1.740480961923847714e+00 1.231108462586215369e-01
1.742685370741483109e+00 1.213254107020445560e-01
1.744889779559118281e+00 1.195399751454677556e-01
1.747094188376753676e+00 1.177545395888907748e-01
1.749298597194388849e+00 1.159691040323139466e-01
1.751503006012024244e+00 1.141836684757369658e-01
1.753707414829659417e+00 1.123982329191601792e-01
1.755911823647294590e+00 1.106127973625833649e-01
1.758116232464929984e+00 1.088273618060063841e-01
1.760320641282565157e+00 1.070419262494295559e-01
1.762525050100200552e+00 1.052564906928525751e-01
1.764729458917835725e+00 1.034710551362757747e-01
1.766933867735471120e+00 1.016856195796987661e-01
1.769138276553106293e+00 9.990018402312197954e-02
1.771342685370741687e+00 9.811474846654498483e-02
1.773547094188376860e+00 9.632931290996817053e-02
1.775751503006012033e+00 9.454387735339137011e-02
1.777955911823647428e+00 9.275844179681437540e-02
1.780160320641282601e+00 9.097300624023756110e-02
1.782364729458917996e+00 8.918757068366058027e-02
1.784569138276553169e+00 8.740213512708377985e-02
1.786773547094188563e+00 8.561669957050678514e-02
1.788977955911823736e+00 8.383126401392998472e-02
1.791182364729458909e+00 8.204582845735317043e-02
1.793386773547094304e+00 8.026039290077617572e-02
1.795591182364729477e+00 7.847495734419938918e-02
1.797795591182364872e+00 7.668952178762239447e-02
1.800000000000000044e+00 7.490408623104559405e-02
