# ells
1.000000000000000000e+01
1.023292992280754099e+01
1.047128548050899610e+01
1.071519305237606545e+01
1.096478196143185180e+01
1.122018454301963608e+01
1.148153621496882870e+01
1.174897554939529698e+01
1.202264434617413080e+01
1.230268770812381796e+01
1.258925411794167459e+01
1.288249551693134265e+01
1.318256738556407370e+01
1.348962882591654022e+01
1.380384264602885303e+01
1.412537544622754737e+01
1.445439770745928065e+01
1.479108388168207888e+01
1.513561248436208651e+01
1.548816618912482035e+01
1.584893192461114175e+01
1.621810097358930847e+01
1.659586907437561365e+01
1.698243652461745157e+01
1.737800828749376336e+01
1.778279410038923558e+01
1.819700858609984451e+01
1.862087136662868403e+01
1.905460717963248385e+01
1.949844599758046471e+01
1.995262314968880801e+01
2.041737944669530691e+01
2.089296130854040712e+01
2.137962089502233454e+01
2.187761623949554135e+01
2.238721138568341118e+01
2.290867652767774842e+01
2.344228815319923953e+01
2.398832919019492493e+01
2.454708915685032267e+01
2.511886431509581996e+01
2.570395782768865800e+01
2.630267991895384228e+01
2.691534803926917974e+01
2.754228703338169026e+01
2.818382931264456559e+01
2.884031503126608698e+01
2.951209226666388474e+01
3.019951720402019291e+01
3.090295432513593710e+01
3.162277660168382454e+01
3.235936569296286081e+01
3.311311214825914817e+01
3.388441561392028945e+01
3.467368504525320105e+01
3.548133892335758333e+01
3.630780547701017724e+01
3.715352290971729587e+01
3.801893963205616700e+01
3.890451449942811024e+01
3.981071705534977667e+01
4.073802778041132200e+01
4.168693834703359613e+01
4.265795188015932382e+01
4.365158322401665458e+01
4.466835921509637330e+01
4.570881896148756596e+01
4.677351412871988146e+01
4.786300923226389870e+01
4.897788193684468894e+01
5.011872336272730166e+01
5.128613839913656136e+01
5.248074602497733565e+01
5.370317963702535025e+01
5.495408738576254137e+01
5.623413251903499344e+01
5.754399373371578008e+01
5.888436553555899167e+01
6.025595860743587195e+01
6.165950018614831407e+01
6.309573444801942799e+01
6.456542290346565949e+01
6.606934480075970839e+01
6.760829753919828988e+01
6.918309709189377088e+01
7.079457843841390741e+01
7.244359600749913852e+01
7.413102413009188751e+01
7.585775750291851693e+01
7.762471166286931634e+01
7.943282347242829644e+01
8.128305161641007714e+01
8.317637711026725356e+01
8.511380382023780555e+01
8.709635899560822736e+01
8.912509381337473258e+01
9.120108393559115711e+01
9.332543007969928794e+01
9.549925860214378304e+01
9.772372209558126599e+01
1.000000000000001990e+02
1.023292992280755698e+02
1.047128548050901742e+02
1.071519305237609245e+02
1.096478196143187347e+02
1.122018454301965278e+02
1.148153621496885251e+02
1.174897554939532682e+02
1.202264434617415532e+02
1.230268770812383679e+02
1.258925411794170088e+02
1.288249551693137676e+02
1.318256738556410141e+02
1.348962882591656012e+02
1.380384264602888038e+02
1.412537544622758219e+02
1.445439770745931014e+02
1.479108388168210126e+02
1.513561248436211883e+02
1.548816618912485978e+02
1.584893192461117337e+02
1.621810097358933263e+02
1.659586907437564776e+02
1.698243652461749491e+02
1.737800828749379889e+02
1.778279410038926471e+02
1.819700858609988074e+02
1.862087136662873377e+02
1.905460717963252080e+02
1.949844599758049526e+02
1.995262314968884994e+02
2.041737944669535807e+02
2.089296130854045259e+02
2.137962089502236722e+02
2.187761623949558611e+02
2.238721138568346873e+02
2.290867652767779532e+02
2.344228815319927435e+02
2.398832919019497183e+02
2.454708915685038448e+02
2.511886431509587396e+02
2.570395782768869708e+02
2.630267991895389628e+02
2.691534803926924724e+02
2.754228703338174569e+02
2.818382931264460467e+02
2.884031503126614666e+02
2.951209226666396148e+02
3.019951720402025330e+02
3.090295432513598257e+02
3.162277660168389275e+02
3.235936569296294465e+02
3.311311214825921070e+02
3.388441561392034487e+02
3.467368504525327353e+02
3.548133892335767428e+02
3.630780547701024830e+02
3.715352290971735556e+02
3.801893963205624232e+02
3.890451449942820545e+02
3.981071705534985767e+02
4.073802778041138595e+02
4.168693834703367997e+02
4.265795188015943040e+02
4.365158322401674127e+02
4.466835921509643867e+02
4.570881896148765691e+02
4.677351412872000083e+02
4.786300923226399959e+02
4.897788193684476141e+02
5.011872336272740540e+02
5.128613839913668926e+02
5.248074602497744081e+02
5.370317963702543693e+02
5.495408738576264795e+02
5.623413251903514265e+02
5.754399373371589945e+02
5.888436553555908404e+02
6.025595860743599133e+02
6.165950018614847750e+02
6.309573444801956157e+02
6.456542290346575328e+02
6.606934480075984766e+02
6.760829753919846326e+02
6.918309709189391015e+02
7.079457843841402109e+02
7.244359600749928632e+02
7.413102413009207794e+02
7.585775750291867325e+02
7.762471166286943571e+02
7.943282347242845844e+02
8.128305161641028462e+02
8.317637711026742409e+02
8.511380382023794482e+02
8.709635899560840926e+02
8.912509381337495142e+02
9.120108393559133901e+02
9.332543007969943574e+02
9.549925860214398199e+02
9.772372209558151326e+02
1.000000000000004093e+03
1.023292992280757858e+03
1.047128548050903873e+03
1.071519305237611434e+03
1.096478196143189507e+03
1.122018454301967495e+03
1.148153621496887581e+03
1.174897554939535212e+03
1.202264434617417919e+03
1.230268770812386265e+03
1.258925411794172533e+03
1.288249551693140120e+03
1.318256738556412756e+03
1.348962882591658854e+03
1.380384264602890880e+03
1.412537544622761288e+03
1.445439770745933856e+03
1.479108388168213196e+03
1.513561248436215010e+03
1.548816618912489048e+03
1.584893192461120634e+03
1.621810097358936446e+03
1.659586907437568243e+03
1.698243652461753072e+03
1.737800828749383527e+03
1.778279410038930109e+03
1.819700858609991883e+03
1.862087136662877128e+03
1.905460717963256002e+03
1.949844599758053391e+03
1.995262314968889086e+03
2.041737944669539957e+03
2.089296130854049352e+03
2.137962089502241270e+03
2.187761623949562818e+03
2.238721138568351307e+03
2.290867652767783966e+03
2.344228815319932437e+03
2.398832919019502242e+03
2.454708915685043394e+03
2.511886431509592512e+03
2.570395782768875051e+03
2.630267991895394971e+03
2.691534803926930635e+03
2.754228703338180367e+03
2.818382931264466606e+03
2.884031503126620464e+03
2.951209226666402174e+03
3.019951720402031697e+03
3.090295432513604737e+03
