# ells_
1.000000000000000000e+00
1.071519305237606412e+00
1.148153621496882826e+00
1.230268770812381618e+00
1.318256738556407015e+00
1.412537544622754382e+00
1.513561248436208206e+00
1.621810097358930003e+00
1.737800828749375359e+00
1.862087136662867515e+00
1.995262314968879513e+00
2.137962089502231766e+00
2.290867652767773155e+00
2.454708915685030579e+00
2.630267991895381741e+00
2.818382931264453717e+00
3.019951720402016093e+00
3.235936569296282705e+00
3.467368504525316641e+00
3.715352290971725147e+00
3.981071705534972249e+00
4.265795188015927053e+00
4.570881896148749846e+00
4.897788193684461611e+00
5.248074602497725394e+00
5.623413251903491172e+00
6.025595860743577781e+00
6.456542290346554580e+00
6.918309709189363943e+00
7.413102413009174718e+00
7.943282347242813124e+00
8.511380382023762792e+00
9.120108393559096527e+00
9.772372209558106704e+00
1.047128548050899610e+01
1.122018454301963608e+01
1.202264434617413080e+01
1.288249551693133554e+01
1.380384264602884592e+01
1.479108388168207178e+01
1.584893192461113287e+01
1.698243652461744446e+01
1.819700858609983385e+01
1.949844599758045405e+01
2.089296130854038580e+01
2.238721138568338986e+01
2.398832919019490006e+01
2.570395782768863313e+01
2.754228703338166184e+01
2.951209226666385632e+01
3.162277660168379256e+01
3.388441561392025392e+01
3.630780547701014171e+01
3.890451449942804629e+01
4.168693834703353218e+01
4.466835921509630225e+01
4.786300923226382764e+01
5.128613839913648320e+01
5.495408738576245611e+01
5.888436553555889930e+01
6.309573444801930009e+01
6.760829753919814777e+01
7.244359600749898220e+01
7.762471166286916002e+01
8.317637711026708303e+01
8.912509381337454784e+01
9.549925860214358408e+01
1.023292992280753566e+02
1.096478196143185073e+02
1.174897554939529130e+02
1.258925411794167530e+02
1.348962882591653170e+02
1.445439770745927888e+02
1.548816618912481147e+02
1.659586907437559660e+02
1.778279410038922776e+02
1.905460717963246395e+02
2.041737944669529554e+02
2.187761623949551790e+02
2.344228815319922603e+02
2.511886431509579722e+02
2.691534803926913924e+02
2.884031503126605571e+02
3.090295432513588594e+02
3.311311214825910838e+02
3.548133892335753217e+02
3.801893963205612863e+02
4.073802778041126089e+02
4.365158322401656505e+02
4.677351412871981324e+02
5.011872336272719508e+02
5.370317963702526640e+02
5.754399373371566071e+02
6.165950018614821602e+02
6.606934480075957481e+02
7.079457843841380509e+02
7.585775750291835493e+02
8.128305161640986398e+02
8.709635899560805683e+02
9.332543007969904920e+02
1.000000000000000000e+03
1.071519305237605977e+03
1.148153621496882806e+03
1.230268770812381035e+03
1.318256738556407527e+03
1.412537544622754012e+03
1.513561248436207279e+03
1.621810097358929852e+03
1.737800828749374432e+03
1.862087136662867579e+03
1.995262314968878854e+03
2.137962089502232629e+03
2.290867652767772597e+03
2.454708915685028387e+03
