# ellsdesi
1.000000000000000000e+00
1.122018454301963342e+00
1.258925411794167282e+00
1.412537544622754382e+00
1.584893192461113598e+00
1.778279410038922759e+00
1.995262314968879735e+00
2.238721138568339875e+00
2.511886431509580131e+00
2.818382931264453717e+00
3.162277660168379523e+00
3.548133892335755046e+00
3.981071705534973137e+00
4.466835921509631824e+00
5.011872336272723771e+00
5.623413251903491172e+00
6.309573444801933384e+00
7.079457843841380438e+00
7.943282347242815788e+00
8.912509381337455849e+00
1.000000000000000000e+01
1.122018454301963608e+01
1.258925411794167459e+01
1.412537544622754737e+01
1.584893192461114175e+01
1.778279410038922848e+01
1.995262314968879735e+01
2.238721138568340052e+01
2.511886431509580930e+01
2.818382931264455138e+01
3.162277660168379256e+01
3.548133892335754780e+01
3.981071705534973404e+01
4.466835921509632357e+01
5.011872336272725192e+01
5.623413251903490817e+01
6.309573444801932851e+01
7.079457843841380793e+01
7.943282347242816854e+01
8.912509381337459047e+01
1.000000000000000000e+02
1.122018454301964141e+02
1.258925411794167530e+02
1.412537544622753956e+02
1.584893192461114211e+02
1.778279410038922776e+02
1.995262314968880730e+02
2.238721138568340052e+02
2.511886431509582280e+02
2.818382931264454783e+02
3.162277660168379612e+02
3.548133892335756627e+02
3.981071705534973262e+02
4.466835921509634773e+02
5.011872336272724624e+02
5.623413251903490391e+02
6.309573444801936830e+02
7.079457843841380509e+02
7.943282347242821970e+02
8.912509381337458763e+02
1.000000000000000000e+03
1.122018454301964084e+03
1.258925411794167530e+03
1.412537544622755377e+03
1.584893192461114040e+03
1.778279410038922833e+03
1.995262314968880901e+03
2.238721138568339939e+03
2.511886431509582053e+03
2.818382931264454783e+03
