0.000000000000000000e+00 0.000000000000000000e+00
2.605210420841683194e-02 3.953496247477034526e-06
5.210420841683366389e-02 7.993750982709398436e-06
7.815631262525049583e-02 1.211406994028989067e-05
1.042084168336673278e-01 1.630804123373190374e-05
1.302605210420841597e-01 2.056953708748767638e-05
1.563126252505009917e-01 2.489271387953226848e-05
1.823647294589178236e-01 2.927201062103895732e-05
2.084168336673346555e-01 3.370214601077516331e-05
2.344689378757514875e-01 3.817811420896005794e-05
2.605210420841683194e-01 4.269517947877666592e-05
2.865731462925851236e-01 4.724886984392218429e-05
3.126252505010019833e-01 5.183496990794969617e-05
3.386773547094188430e-01 5.644951297616587294e-05
3.647294589178356472e-01 6.108877261396033966e-05
3.907815631262524514e-01 6.574925376709338167e-05
4.168336673346693111e-01 7.042768356007378719e-05
4.428857715430861708e-01 7.512100187868545444e-05
4.689378757515029750e-01 7.982635183229886799e-05
4.949899799599197792e-01 8.454107018111066776e-05
5.210420841683366389e-01 8.926267780312111141e-05
5.470941883767534986e-01 9.398887026567374252e-05
5.731462925851702472e-01 9.871750855688584975e-05
5.991983967935871069e-01 1.034466100233960264e-04
6.252505010020039666e-01 1.081743395526196756e-04
6.513026052104208263e-01 1.128990010301748512e-04
6.773547094188376860e-01 1.176190290963346759e-04
7.034068136272544347e-01 1.223329812192810182e-04
7.294589178356712944e-01 1.270395300975538664e-04
7.555110220440881541e-01 1.317374563993852334e-04
7.815631262525049028e-01 1.364256418425339784e-04
8.076152304609217625e-01 1.411030626147585462e-04
8.336673346693386222e-01 1.457687831321245828e-04
8.597194388777554819e-01 1.504219501298990490e-04
8.857715430861723416e-01 1.550617870787807161e-04
9.118236472945890903e-01 1.596875889176105508e-04
9.378757515030059499e-01 1.642987170924455683e-04
9.639278557114228096e-01 1.688945948909320875e-04
9.899799599198395583e-01 1.734747030602229001e-04
1.016032064128256529e+00 1.780385756962265761e-04
1.042084168336673278e+00 1.825857963917115029e-04
1.068136272545090026e+00 1.871159946306846040e-04
1.094188376753506997e+00 1.916288424165003021e-04
1.120240480961923746e+00 1.961240511213003298e-04
1.146292585170340494e+00 2.006013685446240578e-04
1.172344689378757465e+00 2.050605761693349990e-04
1.198396793587174214e+00 2.095014866033780736e-04
1.224448897795591185e+00 2.139239411962865487e-04
1.250501002004007933e+00 2.183278078197977746e-04
1.276553106212424682e+00 2.227129788023940536e-04
1.302605210420841653e+00 2.270793690080553527e-04
1.328657314629258401e+00 2.314269140499874630e-04
1.354709418837675372e+00 2.357555686305635155e-04
1.380761523046092121e+00 2.400653049991859815e-04
1.406813627254508869e+00 2.443561115202391048e-04
1.432865731462925840e+00 2.486279913437488068e-04
1.458917835671342589e+00 2.528809611718030965e-04
1.484969939879759337e+00 2.571150501142049753e-04
1.511022044088176308e+00 2.613302986272325276e-04
1.537074148296593057e+00 2.655267575297631799e-04
1.563126252505009806e+00 2.697044870913899595e-04
1.589178356713426776e+00 2.738635561874987840e-04
1.615230460921843525e+00 2.780040415166121865e-04
1.641282565130260496e+00 2.821260268756120896e-04
1.667334669338677244e+00 2.862296024887495236e-04
1.693386773547093993e+00 2.903148643866255486e-04
1.719438877755510964e+00 2.943819138315895275e-04
1.745490981963927712e+00 2.984308567862406698e-04
1.771543086172344683e+00 3.024618034219538737e-04
1.797595190380761432e+00 3.064748676645585759e-04
1.823647294589178181e+00 3.104701667745044988e-04
1.849699398797595151e+00 3.144478209590335352e-04
1.875751503006011900e+00 3.184079530140517780e-04
1.901803607214428649e+00 3.223506879935585556e-04
1.927855711422845619e+00 3.262761529046418743e-04
1.953907815631262368e+00 3.301844764261910011e-04
1.979959919839679117e+00 3.340757886496086471e-04
2.006012024048096087e+00 3.379502208399277809e-04
2.032064128256513058e+00 3.418079052158518364e-04
2.058116232464929585e+00 3.456489747473453339e-04
2.084168336673346555e+00 3.494735629694955040e-04
2.110220440881763526e+00 3.532818038114641070e-04
2.136272545090180053e+00 3.570738314394270876e-04
2.162324649298597024e+00 3.608497801124830760e-04
2.188376753507013994e+00 3.646097840505833063e-04
2.214428857715430521e+00 3.683539773136040971e-04
2.240480961923847492e+00 3.720824936907460322e-04
2.266533066132264462e+00 3.757954665995022567e-04
2.292585170340680989e+00 3.794930289934952202e-04
2.318637274549097960e+00 3.831753132785273904e-04
2.344689378757514930e+00 3.868424512362421451e-04
2.370741482965931901e+00 3.904945739548336577e-04
2.396793587174348428e+00 3.941318117662831379e-04
2.422845691382765398e+00 3.977542941896380370e-04
2.448897795591182369e+00 4.013621498798861684e-04
2.474949899799598896e+00 4.049555065820067859e-04
2.501002004008015867e+00 4.085344910898118303e-04
2.527054108216432837e+00 4.120992292092183094e-04
2.553106212424849364e+00 4.156498457256191793e-04
2.579158316633266335e+00 4.191864643750412901e-04
2.605210420841683305e+00 4.227092078188053582e-04
2.631262525050099832e+00 4.262181976214193010e-04
2.657314629258516803e+00 4.297135542314591992e-04
2.683366733466933773e+00 4.331953969652051076e-04
2.709418837675350744e+00 4.366638439928217604e-04
2.735470941883767271e+00 4.401190123268833754e-04
2.761523046092184241e+00 4.435610178130596523e-04
2.787575150300601212e+00 4.469899751227919332e-04
2.813627254509017739e+00 4.504059977478015015e-04
2.839679358717434710e+00 4.538091979962814303e-04
2.865731462925851680e+00 4.571996869906367255e-04
2.891783567134268207e+00 4.605775746666453704e-04
2.917835671342685178e+00 4.639429697739232313e-04
2.943887775551102148e+00 4.672959798775811521e-04
2.969939879759518675e+00 4.706367113609762260e-04
2.995991983967935646e+00 4.739652694294609124e-04
3.022044088176352616e+00 4.772817581150422869e-04
3.048096192384769143e+00 4.805862802818725498e-04
3.074148296593186114e+00 4.838789376324939225e-04
3.100200400801603084e+00 4.871598307147684335e-04
3.126252505010019611e+00 4.904290589294278691e-04
3.152304609218436582e+00 4.936867205381854484e-04
3.178356713426853553e+00 4.969329126723512737e-04
3.204408817635270523e+00 5.001677313419009225e-04
3.230460921843687050e+00 5.033912714449525127e-04
3.256513026052104021e+00 5.066036267776011758e-04
3.282565130260520991e+00 5.098048900440771631e-04
3.308617234468937518e+00 5.129951528671873639e-04
3.334669338677354489e+00 5.161745057990004427e-04
3.360721442885771459e+00 5.193430383317526123e-04
3.386773547094187986e+00 5.225008389089347933e-04
3.412825651302604957e+00 5.256479949365395858e-04
3.438877755511021928e+00 5.287845927944395371e-04
3.464929859719438454e+00 5.319107178478744806e-04
3.490981963927855425e+00 5.350264544590255028e-04
3.517034068136272396e+00 5.381318859986548289e-04
3.543086172344689366e+00 5.412270948577963415e-04
3.569138276553105893e+00 5.443121624594740712e-04
3.595190380761522864e+00 5.473871692704394441e-04
3.621242484969939834e+00 5.504521948129082040e-04
3.647294589178356361e+00 5.535073176762857336e-04
3.673346693386773332e+00 5.565526155288686317e-04
3.699398797595190302e+00 5.595881651295115961e-04
3.725450901803606829e+00 5.626140423392483360e-04
3.751503006012023800e+00 5.656303221328596838e-04
3.777555110220440771e+00 5.686370786103774142e-04
3.803607214428857297e+00 5.716343850085200832e-04
3.829659318637274268e+00 5.746223137120488531e-04
3.855711422845691239e+00 5.776009362650417860e-04
3.881763527054107765e+00 5.805703233820799910e-04
3.907815631262524736e+00 5.835305449593361938e-04
3.933867735470941707e+00 5.864816700855688715e-04
3.959919839679358233e+00 5.894237670530106787e-04
3.985971943887775204e+00 5.923569033681508377e-04
4.012024048096192175e+00 5.952811457624103018e-04
4.038076152304609145e+00 5.981965602027016675e-04
4.064128256513026116e+00 6.011032119018756793e-04
4.090180360721442199e+00 6.040011653290520499e-04
4.116232464929859169e+00 6.068904842198286336e-04
4.142284569138276140e+00 6.097712315863739385e-04
4.168336673346693111e+00 6.126434697273949563e-04
4.194388777555110082e+00 6.155072602379850792e-04
4.220440881763527052e+00 6.183626640193483088e-04
4.246492985971944023e+00 6.212097412883976983e-04
4.272545090180360106e+00 6.240485515872327971e-04
4.298597194388777076e+00 6.268791537924903526e-04
4.324649298597194047e+00 6.297016061245713043e-04
4.350701402805611018e+00 6.325159661567443959e-04
4.376753507014027988e+00 6.353222908241240195e-04
4.402805611222444959e+00 6.381206364325258708e-04
4.428857715430861042e+00 6.409110586671985712e-04
4.454909819639278012e+00 6.436936126014333173e-04
4.480961923847694983e+00 6.464683527050505817e-04
4.507014028056111954e+00 6.492353328527664677e-04
4.533066132264528925e+00 6.519946063324390424e-04
4.559118236472945895e+00 6.547462258531937815e-04
4.585170340681361978e+00 6.574902435534314867e-04
4.611222444889778949e+00 6.602267110087198677e-04
4.637274549098195919e+00 6.629556792395666217e-04
4.663326653306612890e+00 6.656771987190786711e-04
4.689378757515029861e+00 6.683913193805066924e-04
4.715430861723446831e+00 6.710980906246785151e-04
4.741482965931863802e+00 6.737975613273182451e-04
4.767535070140279885e+00 6.764897798462582695e-04
4.793587174348696855e+00 6.791747940285355759e-04
4.819639278557113826e+00 6.818526512173926635e-04
4.845691382765530797e+00 6.845233982591602748e-04
4.871743486973947768e+00 6.871870815100397309e-04
4.897795591182364738e+00 6.898437468427825927e-04
4.923847695390780821e+00 6.924934396532661301e-04
4.949899799599197792e+00 6.951362048669692617e-04
4.975951903807614762e+00 6.977720869453472299e-04
5.002004008016031733e+00 7.004011298921109744e-04
5.028056112224448704e+00 7.030233772594066512e-04
5.054108216432865675e+00 7.056388721539012593e-04
5.080160320641282645e+00 7.082476572427747006e-04
5.106212424849698728e+00 7.108497747596184907e-04
5.132264529058115698e+00 7.134452665102428539e-04
5.158316633266532669e+00 7.160341738783943715e-04
5.184368737474949640e+00 7.186165378313858106e-04
5.210420841683366611e+00 7.211923989256372640e-04
5.236472945891783581e+00 7.237617973121321813e-04
5.262525050100199664e+00 7.263247727417893734e-04
5.288577154308616635e+00 7.288813645707507751e-04
5.314629258517033605e+00 7.314316117655876755e-04
5.340681362725450576e+00 7.339755529084263921e-04
5.366733466933867547e+00 7.365132262019945817e-04
5.392785571142284518e+00 7.390446694745890542e-04
5.418837675350701488e+00 7.415699201849676936e-04
5.444889779559117571e+00 7.440890154271642904e-04
5.470941883767534542e+00 7.466019919352306260e-04
5.496993987975951512e+00 7.491088860879032037e-04
5.523046092184368483e+00 7.516097339132008079e-04
5.549098196392785454e+00 7.541045710929482294e-04
5.575150300601202424e+00 7.565934329672325534e-04
5.601202404809618507e+00 7.590763545387899493e-04
5.627254509018035478e+00 7.615533704773253497e-04
5.653306613226452448e+00 7.640245151237647992e-04
5.679358717434869419e+00 7.664898224944451371e-04
5.705410821643286390e+00 7.689493262852352667e-04
5.731462925851703361e+00 7.714030598756007207e-04
5.757515030060119443e+00 7.738510563325981875e-04
5.783567134268536414e+00 7.762933484148172364e-04
5.809619238476953385e+00 7.787299685762555813e-04
5.835671342685370355e+00 7.811609489701388338e-04
5.861723446893787326e+00 7.835863214526822508e-04
5.887775551102204297e+00 7.860061175867931764e-04
5.913827655310621267e+00 7.884203686457197076e-04
5.939879759519037350e+00 7.908291056166440658e-04
5.965931863727454321e+00 7.932323592042203478e-04
5.991983967935871291e+00 7.956301598340600198e-04
6.018036072144288262e+00 7.980225376561649346e-04
6.044088176352705233e+00 8.004095225483088497e-04
6.070140280561122204e+00 8.027911441193684222e-04
6.096192384769538286e+00 8.051674317126033533e-04
6.122244488977955257e+00 8.075384144088895884e-04
6.148296593186372228e+00 8.099041210299024254e-04
6.174348697394789198e+00 8.122645801412533293e-04
6.200400801603206169e+00 8.146198200555805581e-04
6.226452905811623140e+00 8.169698688355925189e-04
6.252505010020039222e+00 8.193147542970675382e-04
6.278557114228456193e+00 8.216545040118101561e-04
6.304609218436873164e+00 8.239891453105601489e-04
6.330661322645290134e+00 8.263187052858638219e-04
6.356713426853707105e+00 8.286432107949001993e-04
6.382765531062124076e+00 8.309626884622660142e-04
6.408817635270541047e+00 8.332771646827211252e-04
6.434869739478957129e+00 8.355866656238924084e-04
6.460921843687374100e+00 8.378912172289412199e-04
6.486973947895791071e+00 8.401908452191883580e-04
6.513026052104208041e+00 8.424855750967047635e-04
6.539078156312625012e+00 8.447754321468613475e-04
6.565130260521041983e+00 8.470604414408454234e-04
6.591182364729458065e+00 8.493406278381377848e-04
6.617234468937875036e+00 8.516160159889577972e-04
6.643286573146292007e+00 8.538866303366698940e-04
6.669338677354708977e+00 8.561524951201580870e-04
6.695390781563125948e+00 8.584136343761657835e-04
6.721442885771542919e+00 8.606700719416027516e-04
6.747494989979959890e+00 8.629218314558194510e-04
6.773547094188375972e+00 8.651689363628475371e-04
6.799599198396792943e+00 8.674114099136119582e-04
6.825651302605209914e+00 8.696492751681093349e-04
6.851703406813626884e+00 8.718825549975557643e-04
6.877755511022043855e+00 8.741112720865056767e-04
6.903807615230460826e+00 8.763354489349420686e-04
6.929859719438876908e+00 8.785551078603335597e-04
6.955911823647293879e+00 8.807702709996677055e-04
6.981963927855710850e+00 8.829809603114521094e-04
7.008016032064127820e+00 8.851871975776904895e-04
7.034068136272544791e+00 8.873890044058305561e-04
7.060120240480961762e+00 8.895864022306844594e-04
7.086172344689378733e+00 8.917794123163227818e-04
7.112224448897794815e+00 8.939680557579448954e-04
7.138276553106211786e+00 8.961523534837202622e-04
7.164328657314628757e+00 8.983323262566064249e-04
7.190380761523045727e+00 9.005079946761424935e-04
7.216432865731462698e+00 9.026793791802188889e-04
7.242484969939879669e+00 9.048465000468193303e-04
7.268537074148295751e+00 9.070093773957446084e-04
7.294589178356712722e+00 9.091680311903094702e-04
7.320641282565129693e+00 9.113224812390166270e-04
7.346693386773546663e+00 9.134727471972117893e-04
7.372745490981963634e+00 9.156188485687121381e-04
7.398797595190380605e+00 9.177608047074152812e-04
7.424849699398796687e+00 9.198986348188871757e-04
7.450901803607213658e+00 9.220323579619283663e-04
7.476953907815630629e+00 9.241619930501181060e-04
7.503006012024047600e+00 9.262875588533410216e-04
7.529058116232464570e+00 9.284090739992900340e-04
7.555110220440881541e+00 9.305265569749529087e-04
7.581162324649298512e+00 9.326400261280779879e-04
7.607214428857714594e+00 9.347494996686182400e-04
7.633266533066131565e+00 9.368549956701612133e-04
7.659318637274548536e+00 9.389565320713373067e-04
7.685370741482965506e+00 9.410541266772081987e-04
7.711422845691382477e+00 9.431477971606418327e-04
7.737474949899799448e+00 9.452375610636661518e-04
7.763527054108215530e+00 9.473234357988064621e-04
7.789579158316632501e+00 9.494054386504055575e-04
7.815631262525049472e+00 9.514835867759247620e-04
7.841683366733466443e+00 9.535578972072346728e-04
7.867735470941883413e+00 9.556283868518800984e-04
7.893787575150300384e+00 9.576950724943377336e-04
7.919839679358716467e+00 9.597579707972498731e-04
7.945891783567133437e+00 9.618170983026522701e-04
7.971943887775550408e+00 9.638724714331739149e-04
7.997995991983967379e+00 9.659241064932345359e-04
8.024048096192384349e+00 9.679720196702156464e-04
8.050100200400800432e+00 9.700162270356270378e-04
8.076152304609218291e+00 9.720567445462488781e-04
8.102204408817634373e+00 9.740935880452691485e-04
8.128256513026052232e+00 9.761267732664590142e-04
8.154308617234468315e+00 9.781563158199762815e-04
8.180360721442884397e+00 9.801822312240622646e-04
8.206412825651302256e+00 9.822045348755125641e-04
8.232464929859718339e+00 9.842232420660447251e-04
8.258517034068136198e+00 9.862383679802874756e-04
8.284569138276552280e+00 9.882499276968211271e-04
8.310621242484970139e+00 9.902579361891999769e-04
8.336673346693386222e+00 9.922624083269671220e-04
8.362725450901802304e+00 9.942633588766536593e-04
8.388777555110220163e+00 9.962608025027698631e-04
8.414829659318636246e+00 9.982547537687753297e-04
8.440881763527054105e+00 1.000245227138050422e-03
8.466933867735470187e+00 1.002232236974843864e-03
8.492985971943888046e+00 1.004215797545217293e-03
8.519038076152304129e+00 1.006195923017972694e-03
8.545090180360720211e+00 1.008172627465572443e-03
8.571142284569138070e+00 1.010145924865048098e-03
8.597194388777554153e+00 1.012115829098894637e-03
8.623246492985972012e+00 1.014082353955959512e-03
8.649298597194388094e+00 1.016045513132316511e-03
8.675350701402804177e+00 1.018005320232132039e-03
8.701402805611222036e+00 1.019961788768520118e-03
8.727454909819638118e+00 1.021914932164387415e-03
8.753507014028055977e+00 1.023864763753266991e-03
8.779559118236472059e+00 1.025811296780146202e-03
8.805611222444889918e+00 1.027754544402279197e-03
8.831663326653306001e+00 1.029694519689996817e-03
8.857715430861722083e+00 1.031631235627499150e-03
8.883767535070139942e+00 1.033564705113645694e-03
8.909819639278556025e+00 1.035494940962732296e-03
8.935871743486973884e+00 1.037421955905262023e-03
8.961923847695389966e+00 1.039345762588702151e-03
8.987975951903807825e+00 1.041266373578240501e-03
9.014028056112223908e+00 1.043183801357524436e-03
9.040080160320639990e+00 1.045098058329396382e-03
9.066132264529057849e+00 1.047009156816621758e-03
9.092184368737473932e+00 1.048917109062604122e-03
9.118236472945891791e+00 1.050821927232096185e-03
9.144288577154307873e+00 1.052723623411900861e-03
9.170340681362723956e+00 1.054622209611564285e-03
9.196392785571141815e+00 1.056517697764063632e-03
9.222444889779557897e+00 1.058410099726482577e-03
9.248496993987975756e+00 1.060299427280683498e-03
9.274549098196391839e+00 1.062185692133968623e-03
9.300601202404809698e+00 1.064068905919736841e-03
9.326653306613225780e+00 1.065949080198131185e-03
9.352705410821641863e+00 1.067826226456679599e-03
9.378757515030059722e+00 1.069700356110928757e-03
9.404809619238475804e+00 1.071571480505071824e-03
9.430861723446893663e+00 1.073439610912564710e-03
9.456913827655309746e+00 1.075304758536743850e-03
9.482965931863727604e+00 1.077166934511428588e-03
9.509018036072143687e+00 1.079026149901521608e-03
9.535070140280559770e+00 1.080882415703603725e-03
9.561122244488977628e+00 1.082735742846517189e-03
9.587174348697393711e+00 1.084586142191947249e-03
9.613226452905811570e+00 1.086433624535004154e-03
9.639278557114227652e+00 1.088278200604757663e-03
9.665330661322645511e+00 1.090119881064847453e-03
9.691382765531061594e+00 1.091958676514004399e-03
9.717434869739477676e+00 1.093794597486610681e-03
9.743486973947895535e+00 1.095627654453239707e-03
9.769539078156311618e+00 1.097457857821196705e-03
9.795591182364729477e+00 1.099285217935046938e-03
9.821643286573145559e+00 1.101109745077145886e-03
9.847695390781561642e+00 1.102931449468155323e-03
9.873747494989979501e+00 1.104750341267561565e-03
9.899799599198395583e+00 1.106566430574182228e-03
9.925851703406813442e+00 1.108379727426672332e-03
9.951903807615229525e+00 1.110190241804021299e-03
9.977955911823647384e+00 1.111997983626046918e-03
1.000400801603206347e+01 1.113802962753883451e-03
1.003006012024047955e+01 1.115605188990464970e-03
1.005611222444889741e+01 1.117404672081001105e-03
1.008216432865731349e+01 1.119201421713454745e-03
1.010821643286573135e+01 1.120995447519005208e-03
1.013426853707414743e+01 1.122786759072513145e-03
1.016032064128256529e+01 1.124575365892978946e-03
1.018637274549098137e+01 1.126361277443997449e-03
1.021242484969939746e+01 1.128144503134204200e-03
1.023847695390781531e+01 1.129925052317721276e-03
1.026452905811623140e+01 1.131702934294597472e-03
1.029058116232464926e+01 1.133478158311241549e-03
1.031663326653306534e+01 1.135250733560853745e-03
1.034268537074148142e+01 1.137020669183853817e-03
1.036873747494989928e+01 1.138787974268299545e-03
1.039478957915831536e+01 1.140552657850306753e-03
1.042084168336673322e+01 1.142314728914461952e-03
1.044689378757514930e+01 1.144074196394230872e-03
1.047294589178356716e+01 1.145831069172364167e-03
1.049899799599198325e+01 1.147585356081299657e-03
1.052505010020039933e+01 1.149337065903554157e-03
1.055110220440881719e+01 1.151086207372123763e-03
1.057715430861723327e+01 1.152832789170865711e-03
1.060320641282565113e+01 1.154576819934887387e-03
1.062925851703406721e+01 1.156318308250927100e-03
1.065531062124248507e+01 1.158057262657731165e-03
1.068136272545090115e+01 1.159793691646425788e-03
1.070741482965931723e+01 1.161527603660888293e-03
1.073346693386773509e+01 1.163259007098115753e-03
1.075951903807615118e+01 1.164987910308581693e-03
1.078557114228456904e+01 1.166714321596601248e-03
1.081162324649298512e+01 1.168438249220683095e-03
1.083767535070140298e+01 1.170159701393882687e-03
1.086372745490981906e+01 1.171878686284148763e-03
1.088977955911823514e+01 1.173595212014672895e-03
1.091583166332665300e+01 1.175309286664225593e-03
1.094188376753506908e+01 1.177020918267498691e-03
1.096793587174348694e+01 1.178730114815439286e-03
1.099398797595190302e+01 1.180436884255581503e-03
1.102004008016031911e+01 1.182141234492375004e-03
1.104609218436873697e+01 1.183843173387510474e-03
1.107214428857715305e+01 1.185542708760243136e-03
1.109819639278557091e+01 1.187239848387708916e-03
1.112424849699398699e+01 1.188934600005243404e-03
1.115030060120240485e+01 1.190626971306695632e-03
1.117635270541082093e+01 1.192316969944734678e-03
1.120240480961923701e+01 1.194004603531159539e-03
1.122845691382765487e+01 1.195689879637202050e-03
1.125450901803607096e+01 1.197372805793830465e-03
1.128056112224448881e+01 1.199053389492043924e-03
1.130661322645290490e+01 1.200731638183172127e-03
1.133266533066132276e+01 1.202407559279165903e-03
1.135871743486973884e+01 1.204081160152887771e-03
1.138476953907815492e+01 1.205752448138399475e-03
1.141082164328657278e+01 1.207421430531246693e-03
1.143687374749498886e+01 1.209088114588740062e-03
1.146292585170340672e+01 1.210752507530236423e-03
1.148897795591182280e+01 1.212414616537413120e-03
1.151503006012023889e+01 1.214074448754544908e-03
1.154108216432865675e+01 1.215732011288772618e-03
1.156713426853707283e+01 1.217387311210375725e-03
1.159318637274549069e+01 1.219040355553034725e-03
1.161923847695390677e+01 1.220691151314098498e-03
1.164529058116232463e+01 1.222339705454846253e-03
1.167134268537074071e+01 1.223986024900742100e-03
1.169739478957915679e+01 1.225630116541699373e-03
1.172344689378757465e+01 1.227271987232327402e-03
1.174949899799599073e+01 1.228911643792191064e-03
1.177555110220440859e+01 1.230549093006053649e-03
1.180160320641282468e+01 1.232184341624130344e-03
1.182765531062124253e+01 1.233817396362329576e-03
1.185370741482965862e+01 1.235448263902499564e-03
1.187975951903807470e+01 1.237076950892665320e-03
1.190581162324649256e+01 1.238703463947271079e-03
1.193186372745490864e+01 1.240327809647413836e-03
1.195791583166332650e+01 1.241949994541081438e-03
1.198396793587174258e+01 1.243570025143379615e-03
1.201002004008015867e+01 1.245187907936769417e-03
1.203607214428857652e+01 1.246803649371287749e-03
1.206212424849699261e+01 1.248417255864778730e-03
1.208817635270541047e+01 1.250028733803117478e-03
1.211422845691382655e+01 1.251638089540428687e-03
1.214028056112224441e+01 1.253245329399310616e-03
1.216633266533066049e+01 1.254850459671052586e-03
1.219238476953907657e+01 1.256453486615848785e-03
1.221843687374749443e+01 1.258054416463016186e-03
1.224448897795591051e+01 1.259653255411202939e-03
1.227054108216432837e+01 1.261250009628604339e-03
1.229659318637274446e+01 1.262844685253166005e-03
1.232264529058116231e+01 1.264437288392795088e-03
1.234869739478957840e+01 1.266027825125562358e-03
1.237474949899799448e+01 1.267616301499908428e-03
1.240080160320641234e+01 1.269202723534842156e-03
1.242685370741482842e+01 1.270787097220142745e-03
1.245290581162324628e+01 1.272369428516557715e-03
1.247895791583166236e+01 1.273949723355995893e-03
1.250501002004007844e+01 1.275527987641728858e-03
1.253106212424849630e+01 1.277104227248576553e-03
1.255711422845691239e+01 1.278678448023103532e-03
1.258316633266533024e+01 1.280250655783805652e-03
1.260921843687374633e+01 1.281820856321300682e-03
1.263527054108216419e+01 1.283389055398511313e-03
1.266132264529058027e+01 1.284955258750855546e-03
1.268737474949899635e+01 1.286519472086423846e-03
1.271342685370741421e+01 1.288081701086162380e-03
1.273947895791583029e+01 1.289641951404057107e-03
1.276553106212424815e+01 1.291200228667308122e-03
1.279158316633266423e+01 1.292756538476507247e-03
1.281763527054108209e+01 1.294310886405814539e-03
1.284368737474949818e+01 1.295863278003133497e-03
1.286973947895791426e+01 1.297413718790281067e-03
1.289579158316633212e+01 1.298962214263162194e-03
1.292184368737474820e+01 1.300508769891933541e-03
1.294789579158316606e+01 1.302053391121180646e-03
1.297394789579158214e+01 1.303596083370077083e-03
1.300000000000000000e+01 1.305136852032552728e-03
