# d_z
7.849132142578408855e-01
7.808204274240081455e-01
7.767427181163147898e-01
7.726805834630872116e-01
7.686345078623604277e-01
7.646049447406210176e-01
7.605923264433802622e-01
7.565970746345116460e-01
7.526195919765716891e-01
7.486602625547986722e-01
7.447194522935455252e-01
7.407975093659804333e-01
7.368947645977603766e-01
7.330115418741117717e-01
7.291481255499071557e-01
7.253047968411944213e-01
7.214818220580244690e-01
7.176794516800075741e-01
7.138979207815779882e-01
7.101374494497818546e-01
7.063982431949628049e-01
7.026804933546607623e-01
6.989843821036224591e-01
6.953100722315915805e-01
6.916577088658063532e-01
6.880274314284533510e-01
6.844193668016707033e-01
6.808336297259106606e-01
6.772703231900131238e-01
6.737295388131934182e-01
6.702113572191297219e-01
6.667158484022995824e-01
6.632430720867046325e-01
6.597930867224907070e-01
6.563659223153835987e-01
6.529616091771834885e-01
6.495801699957335362e-01
6.462216186903996240e-01
6.428859607456726133e-01
6.395731935362969356e-01
6.362833066440889418e-01
6.330162821665863415e-01
6.297720950176859400e-01
6.265507132203915752e-01
6.233520981918175830e-01
6.201762080493939955e-01
6.170229941907909854e-01
6.138923922299297509e-01
6.107843403706156860e-01
6.076987714120185569e-01
6.046356130003841534e-01
6.015947878730467657e-01
5.985762140949104637e-01
5.955798052875713733e-01
5.926054708512397129e-01
5.896531161796266796e-01
5.867226428679518380e-01
5.838139489142304406e-01
5.809269289139891157e-01
5.780614742485671309e-01
5.752174739371345158e-01
5.723948198253194786e-01
5.695933860038093766e-01
5.668130530846838822e-01
5.640536992585423182e-01
5.613152004524816219e-01
5.585974304822994840e-01
5.559002611990848663e-01
5.532235626303537712e-01
5.505672031158858060e-01
5.479310494384125318e-01
5.453149669493072560e-01
5.427188196894204841e-01
5.401424705052061404e-01
5.375857811602752223e-01
5.350486124425177792e-01
5.325308242669212211e-01
5.300322757742229607e-01
5.275528254255210658e-01
5.250923327650633965e-01
5.226506571478327645e-01
5.202276508909783326e-01
5.178231707657562355e-01
5.154370732569403257e-01
5.130692146376778506e-01
5.107194510409907018e-01
5.083876385280371446e-01
5.060736331532411647e-01
5.037772910264070036e-01
5.014984683719139191e-01
4.992370215851020254e-01
4.969928070969927281e-01
4.947656817788901873e-01
4.925555030182128258e-01
4.903621284083848342e-01
4.881854159546638039e-01
4.860252241159071507e-01
4.838814118441433498e-01
4.817538252349716776e-01
4.796423567950364730e-01
4.775468474456699974e-01
4.754671585662805788e-01
4.734031521882118287e-01
4.713546910233983311e-01
4.693216384913165284e-01
4.673038587442975844e-01
4.653012166912690040e-01
4.633135780199878484e-01
4.613408092178258868e-01
4.593827775911653033e-01
4.574393512834637465e-01
4.555103992920431777e-01
4.535957914836524774e-01
4.516953986088603212e-01
4.498090923153240106e-01
4.479367451599824412e-01
4.460782306202204506e-01
4.442334231040483417e-01
4.424021979593382170e-01
4.405844314821604768e-01
4.387800009242585619e-01
4.369887844997010218e-01
4.352106613907466559e-01
4.334455117529601997e-01
4.316932167196113612e-01
4.299536584053900712e-01
4.282267199094706434e-01
4.265122853179540430e-01
4.248102397057192392e-01
4.231204691377105642e-01
4.214428606696881130e-01
4.197773023484693278e-01
4.181236832409402915e-01
4.164818935139713574e-01
4.148518239776803340e-01
4.132333666424978236e-01
4.116264145033766142e-01
4.100308615375533594e-01
4.084466027019497680e-01
4.068735339302345655e-01
4.053115521295618806e-01
4.037605551770066525e-01
4.022204419157128785e-01
4.006911121507700235e-01
3.991724666448359105e-01
3.976644071135193581e-01
3.961668362205371663e-01
3.946796575726589928e-01
3.932027757144549995e-01
3.917360961228572025e-01
3.902795252015476835e-01
3.888329702751839312e-01
3.873963395834749135e-01
3.859695422751164839e-01
3.845524884015962264e-01
3.831450889108790614e-01
3.817472556409814421e-01
3.803589013134446306e-01
3.789799395267126614e-01
3.776102847494272607e-01
3.762498523136432738e-01
3.748985584079751465e-01
3.735563200706802367e-01
3.722230551826853362e-01
3.708986824605630117e-01
3.695831214494656458e-01
3.682762925160200096e-01
3.669781165215219021e-01
3.656885157958648658e-01
3.644074131368219005e-01
3.631347321225403824e-01
3.618703971169031641e-01
3.606143332623037434e-01
3.593664664724171565e-01
3.581267234249703724e-01
3.568950315545153518e-01
3.556713190452087114e-01
3.544555148236011588e-01
3.532475485514408042e-01
3.520473506184914614e-01
3.508548521353704319e-01
3.496699849264086057e-01
3.484926815225333208e-01
3.473228751541795334e-01
3.461604997442280229e-01
3.450054899009761811e-01
3.438577809111414418e-01
3.427173087328984069e-01
3.415840099889546067e-01
3.404578219596627320e-01
3.393386825761740555e-01
3.382265304136323203e-01
3.371213046844109273e-01
3.360229452313932552e-01
3.349313925212989984e-01
3.338465876380563579e-01
3.327684722762204728e-01
3.316969887344418666e-01
3.306320799089817464e-01
3.295736892872792034e-01
3.285217609415665985e-01
3.274762395225382927e-01
3.264370702530693391e-01
3.254041989219871311e-01
3.243775715652125191e-01
3.233571353946668170e-01
3.223428378950805029e-01
3.213346270551257211e-01
3.203324513992769629e-01
3.193362599818980740e-01
3.183460023813836082e-01
3.173616286943561349e-01
3.163830895299173385e-01
3.154103360039546833e-01
3.144433197335034236e-01
3.134819928311630144e-01
3.125263078995696997e-01
3.115762180259228908e-01
3.106316767765673892e-01
3.096926381916303983e-01
3.087590567797129371e-01
3.078308875126364863e-01
3.069080858202433149e-01
3.059906075852520391e-01
3.050784091381660290e-01
3.041714472522371038e-01
3.032696791384815738e-01
3.023730624407505729e-01
3.014815552308526270e-01
3.005951160037297898e-01
2.997137036726859050e-01
2.988372775646671031e-01
2.979657974155940914e-01
2.970992233657456238e-01
2.962375159551947634e-01
2.953806361192933272e-01
2.945285451842094004e-01
2.936812048625130900e-01
2.928385772488130145e-01
2.920006248154417006e-01
2.911673104081902719e-01
2.903385972420910455e-01
2.895144488972492547e-01
2.886948293147213462e-01
2.878797027924418495e-01
2.870690339811955982e-01
2.862627876385066550e-01
2.854609293414405724e-01
2.846634248077817841e-01
2.838702400586436414e-01
2.830813414486557655e-01
2.822966956622063317e-01
2.815162697097282063e-01
2.807400309240281611e-01
2.799679469566603851e-01
2.791999857743415192e-01
2.784361156554088224e-01
2.776763051863196385e-01
2.769205232581928855e-01
2.761687390633913441e-01
2.754209220921438606e-01
2.746770421292091258e-01
2.739370692505774807e-01
2.732009738202133553e-01
2.724687264868358438e-01
2.717402981807381379e-01
2.710156601106443186e-01
2.702947837606046178e-01
2.695776408869272056e-01
2.688642035151468379e-01
2.681544439370299182e-01
2.674483347076161421e-01
2.667458486422936703e-01
2.660469588139121599e-01
2.653516385499282149e-01
2.646598614295864738e-01
2.639716012811335610e-01
2.632868321790672317e-01
2.626055284414161028e-01
2.619276646270549125e-01
2.612532155330496986e-01
2.605821561920368401e-01
2.599144618696322406e-01
2.592501080618725973e-01
2.585890704926872563e-01
2.579313251114001004e-01
2.572768480902627442e-01
2.566256158220155403e-01
2.559776049174801726e-01
2.553327922031792818e-01
2.546911547189862346e-01
2.540526697158019820e-01
2.534173146532613385e-01
2.527850671974651298e-01
2.521559051815377428e-01
2.515298065609177236e-01
2.509067497765216648e-01
2.502867132972170228e-01
2.496696757874596051e-01
2.490556161051830641e-01
2.484445132997147310e-01
2.478363466097161516e-01
2.472310954611481870e-01
2.466287394652611764e-01
2.460292584166085539e-01
2.454326322910844738e-01
2.448388412439855832e-01
2.442478656080947774e-01
2.436596858917891018e-01
2.430742827771697756e-01
2.424916371182146702e-01
2.419117299389526576e-01
2.413345424316600540e-01
2.407600559550788222e-01
2.401882520326550918e-01
2.396191123508000509e-01
2.390526187571702654e-01
2.384887532589690107e-01
2.379274980212685020e-01
2.373688353653505834e-01
2.368127477670682879e-01
2.362592178552270494e-01
2.357082284099833169e-01
2.351597623612647348e-01
2.346138027872068377e-01
2.340703329126092858e-01
2.335293361074103624e-01
2.329907958851791527e-01
2.324546959016255965e-01
2.319210199531282490e-01
2.313897519752791676e-01
2.308608760414462280e-01
2.303343763613519835e-01
2.298102372796694548e-01
2.292884432746343792e-01
2.287689789566736132e-01
2.282518290670496608e-01
2.277369784765210237e-01
2.272244121840185094e-01
2.267141153153363620e-01
2.262060731218393794e-01
2.257002709791843531e-01
2.251966943860572445e-01
2.246953289629242956e-01
2.241961604507978489e-01
2.236991747100169348e-01
2.232043577190413464e-01
2.227116955732600101e-01
2.222211744838133718e-01
2.217327807764285508e-01
2.212465008902689545e-01
2.207623213767966608e-01
2.202802287886104216e-01
2.198002099957573341e-01
2.193222519006236548e-01
2.188463414922907357e-01
2.183724658666660046e-01
2.179006122254206479e-01
2.174307678749398121e-01
2.169629202252846278e-01
2.164970567891663367e-01
2.160331651809317410e-01
2.155712331155605066e-01
2.151112484076738718e-01
2.146531989705544041e-01
2.141970728151770254e-01
2.137428580492511387e-01
2.132905428762731093e-01
2.128401155945903456e-01
2.123915645964748744e-01
2.119448783672083225e-01
2.115000454841766409e-01
2.110570546159749872e-01
2.106158945215233225e-01
2.101765540491908335e-01
2.097390221359314577e-01
2.093032878064277069e-01
2.088693401722455101e-01
2.084371684309971051e-01
2.080067618655146722e-01
2.075781098430315164e-01
2.071512018143742140e-01
2.067260273131619197e-01
2.063025759550162486e-01
2.058808374367783189e-01
2.054608015357359263e-01
2.050424581088580167e-01
2.046257970920384028e-01
2.042108084993479455e-01
2.037974824222937298e-01
2.033858090290882326e-01
2.029757785639246803e-01
2.025673813462619544e-01
2.021606077701161019e-01
2.017554483033601187e-01
2.013518934870316690e-01
2.009499339346478841e-01
2.005495603315274877e-01
2.001507634341209430e-01
1.997535340693474826e-01
1.993578631339393281e-01
1.989637415937927367e-01
1.985711604833271249e-01
1.981801109048496046e-01
1.977905840279277905e-01
1.974025710887681861e-01
1.970160633896022861e-01
1.966310522980786180e-01
1.962475292466613896e-01
1.958654857320358822e-01
1.954849133145198925e-01
1.951058036174816712e-01
1.947281483267639668e-01
1.943519391901142312e-01
1.939771680166209877e-01
1.936038266761559712e-01
1.932319070988225140e-01
1.928614012744094552e-01
1.924923012518508503e-01
1.921245991386919816e-01
1.917582870666517947e-01
1.913933572456296694e-01
1.910298020074825687e-01
1.906676136887544004e-01
1.903067846820195863e-01
1.899473074353815183e-01
1.895891744519756783e-01
1.892323782894785866e-01
1.888769115596214687e-01
1.885227669277091678e-01
1.881699371121440534e-01
1.878184148839549261e-01
1.874681930663306129e-01
1.871192645341587246e-01
1.867716222135688831e-01
1.864252590814808597e-01
1.860801681651574058e-01
1.857363425417615788e-01
1.853937753379186759e-01
1.850524597292826645e-01
1.847123889401071639e-01
1.843735562428208408e-01
1.840359549576067733e-01
1.836995784519866726e-01
1.833644201404090734e-01
1.830304734838418268e-01
1.826977319893683671e-01
1.823661892097888093e-01
1.820358387432243763e-01
1.817066742327263507e-01
1.813786893658887456e-01
1.810518778744650004e-01
1.807262335339881731e-01
1.804017501633959630e-01
1.800784216246581471e-01
1.797562418224089020e-01
1.794352047035821796e-01
1.791153042570511056e-01
1.787965345132706552e-01
1.784788895439242684e-01
1.781623634615737140e-01
1.778469504193125328e-01
1.775326446104230904e-01
1.772194402680367098e-01
1.769073316647975513e-01
1.765963131125295738e-01
1.762863789619069643e-01
1.759775236021276223e-01
1.756697414605901952e-01
1.753630270025737514e-01
1.750573747309215888e-01
1.747527791857267643e-01
1.744492349440221746e-01
1.741467366194724975e-01
1.738452788620699629e-01
1.735448563578326497e-01
1.732454638285058912e-01
1.729470960312665673e-01
1.726497477584303109e-01
1.723534138371615176e-01
1.720580891291862979e-01
1.717637685305078987e-01
1.714704469711254564e-01
1.711781194147545537e-01
1.708867808585518289e-01
1.705964263328407227e-01
1.703070509008410560e-01
1.700186496584006890e-01
1.697312177337295114e-01
1.694447502871369859e-01
1.691592425107707187e-01
1.688746896283590815e-01
1.685910868949550556e-01
1.683084295966833233e-01
1.680267130504892459e-01
1.677459326038907850e-01
1.674660836347321158e-01
1.671871615509400444e-01
1.669091617902828117e-01
1.666320798201307574e-01
1.663559111372195920e-01
1.660806512674156965e-01
1.658062957654836689e-01
1.655328401802385052e-01
1.652602801435042179e-01
1.649886113122683018e-01
1.647178293545192296e-01
1.644479299660171201e-01
1.641789088700743304e-01
1.639107618173374081e-01
1.636434845855720688e-01
1.633770729794492560e-01
1.631115228303335885e-01
1.628468299960738330e-01
1.625829903607952098e-01
1.623199998346935291e-01
1.620578543538314931e-01
1.617965498799367463e-01
1.615360824002015083e-01
1.612764479270846485e-01
1.610176424981151488e-01
1.607596621756973154e-01
1.605025030469182379e-01
1.602461612233564703e-01
1.599906328408927936e-01
1.597359140595227822e-01
1.594820010631706197e-01
1.592288900595051626e-01
1.589765772797574472e-01
1.587250589785396127e-01
1.584743314336659603e-01
1.582243909459752351e-01
1.579752338391547106e-01
1.577268564595659117e-01
1.574792551760715309e-01
1.572324263798643984e-01
1.569863664842979512e-01
1.567410719247175621e-01
1.564965391582944509e-01
1.562527646638600665e-01
1.560097449417426896e-01
1.557674765136050632e-01
1.555259559222836596e-01
1.552851797316293914e-01
1.550451445263497097e-01
1.548058469118518965e-01
1.545672835140882995e-01
1.543294509794021774e-01
1.540923459743757384e-01
1.538559651856786226e-01
1.536203053199188262e-01
1.533853631034937659e-01
1.531511352824435346e-01
1.529176186223049072e-01
1.526848099079672338e-01
1.524527059435287768e-01
1.522213035521549906e-01
1.519905995759377737e-01
1.517605908757560240e-01
1.515312743311372223e-01
1.513026468401204860e-01
1.510747053191207057e-01
1.508474467027938470e-01
1.506208679439034470e-01
1.503949660131880806e-01
1.501697378992304377e-01
1.499451806083271777e-01
1.497212911643597266e-01
1.494980666086667964e-01
1.492755039999172917e-01
1.490536004139852433e-01
1.488323529438245196e-01
1.486117586993457584e-01
1.483918148072939092e-01
1.481725184111268578e-01
1.479538666708949401e-01
1.477358567631217312e-01
1.475184858806856680e-01
1.473017512327029488e-01
1.470856500444109594e-01
1.468701795570532820e-01
1.466553370277649260e-01
1.464411197294596401e-01
1.462275249507168084e-01
1.460145499956704285e-01
1.458021921838985047e-01
1.455904488503134142e-01
1.453793173450533549e-01
1.451687950333746535e-01
1.449588792955445737e-01
1.447495675267359283e-01
1.445408571369215800e-01
1.443327455507705803e-01
1.441252302075446134e-01
1.439183085609956614e-01
1.437119780792645851e-01
1.435062362447801498e-01
1.433010805541592714e-01
1.430965085181078178e-01
1.428925176613224934e-01
1.426891055223934168e-01
1.424862696537072815e-01
1.422840076213517657e-01
1.420823170050203588e-01
1.418811953854624830e-01
1.416806403647213608e-01
1.414806495808712261e-01
1.412812206670584769e-01
1.410823512695727477e-01
1.408840390477563431e-01
1.406862816739146982e-01
1.404890768332273943e-01
1.402924222236596463e-01
1.400963155558749562e-01
1.399007545531483765e-01
1.397057369512799685e-01
1.395112604985098703e-01
1.393173229554332260e-01
1.391239220949162247e-01
1.389310557020126957e-01
1.387387215738815349e-01
1.385469175197044933e-01
1.383556413606049917e-01
1.381648909295671024e-01
1.379746640713559735e-01
1.377849586424378381e-01
1.375957725109016316e-01
1.374071035563806942e-01
1.372189496699752209e-01
1.370313087541753794e-01
1.368441787227848982e-01
1.366575575008456833e-01
1.364714430245623222e-01
1.362858332412279494e-01
1.361007261091499998e-01
1.359161195975772118e-01
1.357320116866266857e-01
1.355484003672118298e-01
1.353652836409707239e-01
1.351826595201950365e-01
1.350005260277597208e-01
1.348188811970530143e-01
1.346377230719068285e-01
1.344570497065284698e-01
1.342768591654318888e-01
1.340971495233701516e-01
1.339179188652681596e-01
1.337391652861559810e-01
1.335608868911026814e-01
1.333830817951507097e-01
1.332057481232506724e-01
1.330288840101967740e-01
1.328524876005625632e-01
1.326765570486374279e-01
1.325010905183635346e-01
1.323260861832728230e-01
1.321515422264251949e-01
1.319774568403466741e-01
1.318038282269681782e-01
1.316306545975647335e-01
1.314579341726953565e-01
1.312856651821430742e-01
1.311138458648556382e-01
1.309424744688867104e-01
1.307715492513371602e-01
1.306010684782973885e-01
1.304310304247894015e-01
1.302614333747101061e-01
1.300922756207741615e-01
1.299235554644581625e-01
1.297552712159446009e-01
1.295874211940662712e-01
1.294200037262516756e-01
1.292530171484702062e-01
1.290864598051779111e-01
1.289203300492641757e-01
1.287546262419978216e-01
1.285893467529744261e-01
1.284244899600640033e-01
1.282600542493583795e-01
1.280960380151198730e-01
1.279324396597295854e-01
1.277692575936367758e-01
1.276064902353078179e-01
1.274441360111764621e-01
1.272821933555935425e-01
1.271206607107777942e-01
1.269595365267666698e-01
1.267988192613674903e-01
1.266385073801092331e-01
1.264785993561944044e-01
1.263190936704513267e-01
1.261599888112869550e-01
1.260012832746397193e-01
1.258429755639332570e-01
1.256850641900296994e-01
1.255275476711840976e-01
1.253704245329986255e-01
1.252136933083772552e-01
1.250573525374812089e-01
1.249014007676838706e-01
1.247458365535268759e-01
1.245906584566759540e-01
1.244358650458773780e-01
1.242814548969148059e-01
1.241274265925658565e-01
1.239737787225600046e-01
1.238205098835357537e-01
1.236676186789987669e-01
1.235151037192800672e-01
1.233629636214946534e-01
1.232111970095002840e-01
1.230598025138565366e-01
1.229087787717844382e-01
1.227581244271260946e-01
1.226078381303046527e-01
1.224579185382846935e-01
1.223083643145328331e-01
1.221591741289786009e-01
1.220103466579754437e-01
1.218618805842624636e-01
1.217137745969257556e-01
1.215660273913608258e-01
1.214186376692343583e-01
1.212716041384472726e-01
1.211249255130970176e-01
1.209786005134410036e-01
1.208326278658596736e-01
1.206870063028202683e-01
1.205417345628406744e-01
1.203968113766386433e-01
1.202522355058306541e-01
1.201080057100739895e-01
1.199641207517189723e-01
1.198205793989898654e-01
1.196773804259500529e-01
1.195345226124678584e-01
1.193920047441819898e-01
1.192498256124681077e-01
1.191079840144045193e-01
1.189664787527394546e-01
1.188253086358571631e-01
1.186844724777452453e-01
1.185439690979619848e-01
1.184037973216034434e-01
1.182639559792717093e-01
1.181244439070421454e-01
1.179852599464322055e-01
1.178464029443691552e-01
1.177078717531592489e-01
1.175696652304561302e-01
1.174317822392298843e-01
1.172942216477364796e-01
1.171569823294870000e-01
1.170200631632174609e-01
1.168834630328584451e-01
1.167471808275054035e-01
1.166112154413888602e-01
1.164755657738448247e-01
1.163402307292854820e-01
1.162052092171701884e-01
1.160705001519764801e-01
1.159361024531712220e-01
1.158020150451823660e-01
1.156682368573703212e-01
1.155347668240001013e-01
1.154016038842131109e-01
1.152687469819995841e-01
1.151361950661708988e-01
1.150039470903322786e-01
1.148720020128556479e-01
1.147403587968523347e-01
1.146090164101467024e-01
1.144779738252489909e-01
1.143472300193293240e-01
1.142167839741911051e-01
1.140866346762450106e-01
1.139567811164830663e-01
1.138272222904528480e-01
1.136979571982319470e-01
1.135689848444025041e-01
1.134403042380259657e-01
1.133119143926180905e-01
1.131838143261238994e-01
1.130560030608929872e-01
1.129284796236550009e-01
1.128012430454952697e-01
1.126742923618302000e-01
1.125476266123837804e-01
1.124212448411630177e-01
1.122951460964347337e-01
1.121693294307014865e-01
1.120437939006783817e-01
1.119185385672696875e-01
1.117935624955456592e-01
1.116688647547196406e-01
1.115444444181250827e-01
1.114203005631929921e-01
1.112964322714291993e-01
1.111728386283922093e-01
1.110495187236706371e-01
1.109264716508614884e-01
1.108036965075478164e-01
1.106811923952771420e-01
1.105589584195396935e-01
1.104369936897470067e-01
1.103152973192102621e-01
1.101938684251192596e-01
1.100727061285212693e-01
1.099518095542999646e-01
1.098311778311547027e-01
1.097108100915796663e-01
1.095907054718434637e-01
1.094708631119685333e-01
1.093512821557110215e-01
1.092319617505403684e-01
1.091129010476194622e-01
1.089940992017846000e-01
1.088755553715258367e-01
1.087572687189671816e-01
1.086392384098471553e-01
1.085214636134992638e-01
1.084039435028328890e-01
1.082866772543140815e-01
1.081696640479463262e-01
1.080529030672519042e-01
1.079363934992529639e-01
1.078201345344527856e-01
1.077041253668173659e-01
1.075883651937568630e-01
1.074728532161073752e-01
1.073575886381126221e-01
1.072425706674059731e-01
1.071277985149923645e-01
1.070132713952305081e-01
1.068989885258151279e-01
1.067849491277593765e-01
1.066711524253771415e-01
1.065575976462658642e-01
1.064442840212890540e-01
1.063312107845591631e-01
1.062183771734205723e-01
1.061057824284324380e-01
1.059934257933519419e-01
1.058813065151175403e-01
1.057694238438322554e-01
1.056577770327470495e-01
1.055463653382446160e-01
1.054351880198226288e-01
1.053242443400779632e-01
1.052135335646900843e-01
1.051030549624053789e-01
1.049928078050210017e-01
1.048827913673690687e-01
1.047730049273008779e-01
1.046634477656713802e-01
1.045541191663235253e-01
1.044450184160727046e-01
1.043361448046916384e-01
1.042274976248948742e-01
1.041190761723237435e-01
1.040108797455312067e-01
1.039029076459669354e-01
1.037951591779623511e-01
1.036876336487158740e-01
1.035803303682781978e-01
1.034732486495375664e-01
1.033663878082054371e-01
1.032597471628018682e-01
1.031533260346411962e-01
1.030471237478178259e-01
1.029411396291920328e-01
1.028353730083757939e-01
1.027298232177188825e-01
1.026244895922948236e-01
1.025193714698871966e-01
1.024144681909757854e-01
1.023097790987228667e-01
1.022053035389597908e-01
1.021010408601732561e-01
1.019969904134921113e-01
1.018931515526737830e-01
1.017895236340911058e-01
1.016861060167193187e-01
1.015828980621226174e-01
1.014798991344413870e-01
1.013771086003791982e-01
1.012745258291898182e-01
1.011721501850998961e-01
1.010699810485667233e-01
1.009680177980548516e-01
1.008662598128875210e-01
1.007647064748752735e-01
1.006633571683032830e-01
1.005622112799193085e-01
1.004612681989211082e-01
1.003605273169445034e-01
1.002599880280511113e-01
1.001596497287163684e-01
1.000595118178174564e-01
9.995957369662152037e-02
9.985983476877377529e-02
9.976029444028566839e-02
9.966095211952336053e-02
9.956180721719587456e-02
9.946285914634371561e-02
9.936410732232733856e-02
9.926555116281562952e-02
9.916719008777466482e-02
9.906902351945635898e-02
9.897105088238726534e-02
9.887327160335745990e-02
9.877568511140932817e-02
9.867829083782667099e-02
9.858108821612367179e-02
9.848407668203397469e-02
9.838725567349994316e-02
9.829062463066187694e-02
9.819418299584710408e-02
9.809793021355962817e-02
9.800186573046935912e-02
9.790598899540166322e-02
9.781029945932688541e-02
9.771479657534987151e-02
9.761947979869978198e-02
9.752434858671968354e-02
9.742940239885641840e-02
9.733464069665027918e-02
9.724006294372519732e-02
9.714566860577836249e-02
9.705145715057053590e-02
9.695742804791586400e-02
9.686358076967223341e-02
9.676991478973126504e-02
9.667642958400864128e-02
9.658312463043444707e-02
9.648999940894342764e-02
9.639705340146545454e-02
9.630428609191603317e-02
9.621169696618668554e-02
9.611928551213559657e-02
9.602705121957834378e-02
9.593499358027833546e-02
9.584311208793776238e-02
9.575140623818827190e-02
9.565987552858186416e-02
9.556851945858176045e-02
9.547733752955325781e-02
9.538632924475484720e-02
9.529549410932923459e-02
9.520483163029433427e-02
9.511434131653456747e-02
9.502402267879185571e-02
9.493387522965707204e-02
9.484389848356124253e-02
9.475409195676687268e-02
9.466445516735932930e-02
9.457498763523834728e-02
9.448568888210941152e-02
9.439655843147543024e-02
9.430759580862822788e-02
9.421880054064012133e-02
9.413017215635570423e-02
9.404171018638357582e-02
9.395341416308800042e-02
9.386528362058081665e-02
9.377731809471324953e-02
9.368951712306790303e-02
9.360188024495046111e-02
9.351440700138209661e-02
9.342709693509111679e-02
9.333994959050528895e-02
9.325296451374387452e-02
9.316614125260981594e-02
9.307947935658193728e-02
9.299297837680724210e-02
9.290663786609316965e-02
9.282045737890003145e-02
9.273443647133317036e-02
9.264857470113573024e-02
9.256287162768082888e-02
9.247732681196420279e-02
9.239193981659678256e-02
9.230671020579712949e-02
9.222163754538433011e-02
9.213672140277039124e-02
9.205196134695317611e-02
9.196735694850896592e-02
9.188290777958545152e-02
9.179861341389444762e-02
9.171447342670475955e-02
9.163048739483511951e-02
9.154665489664713662e-02
9.146297551203833032e-02
9.137944882243503875e-02
9.129607441078566032e-02
9.121285186155350666e-02
9.112978076071022449e-02
9.104686069572871798e-02
9.096409125557659847e-02
9.088147203070920388e-02
9.079900261306303455e-02
9.071668259604907802e-02
9.063451157454607832e-02
9.055248914489393008e-02
9.047061490488729485e-02
9.038888845376875925e-02
9.030730939222261777e-02
9.022587732236830860e-02
9.014459184775383549e-02
9.006345257334964771e-02
8.998245910554207583e-02
8.990161105212701731e-02
8.982090802230381643e-02
8.974034962666875559e-02
8.965993547720901846e-02
8.957966518729638949e-02
8.949953837168118931e-02
8.941955464648604357e-02
8.933971362919983228e-02
8.926001493867168068e-02
8.918045819510485306e-02
8.910104302005079913e-02
8.902176903640308947e-02
8.894263586839171176e-02
8.886364314157688127e-02
8.878479048284335096e-02
8.870607752039456895e-02
8.862750388374671107e-02
8.854906920372312973e-02
8.847077311244845588e-02
8.839261524334286746e-02
8.831459523111651055e-02
8.823671271176374009e-02
8.815896732255747159e-02
8.808135870204371332e-02
8.800388649003594577e-02
8.792655032760939016e-02
8.784934985709587363e-02
8.777228472207795895e-02
8.769535456738374035e-02
8.761855903908132015e-02
8.754189778447342418e-02
8.746537045209205885e-02
8.738897669169309879e-02
8.731271615425101329e-02
8.723658849195367604e-02
8.716059335819696663e-02
8.708473040757953865e-02
8.700899929589771264e-02
8.693339968014024421e-02
8.685793121848316145e-02
8.678259357028465792e-02
8.670738639608006892e-02
8.663230935757655626e-02
8.655736211764843147e-02
8.648254434033178506e-02
8.640785569081971262e-02
8.633329583545726327e-02
8.625886444173652690e-02
8.618456117829166596e-02
8.611038571489405824e-02
8.603633772244749511e-02
8.596241687298318557e-02
8.588862283965516264e-02
8.581495529673519029e-02
8.574141391960828085e-02
8.566799838476778228e-02
8.559470836981074304e-02
8.552154355343319359e-02
8.544850361542537243e-02
8.537558823666727137e-02
8.530279709912386155e-02
8.523012988584058314e-02
8.515758628093868243e-02
8.508516596961071543e-02
8.501286863811605143e-02
8.494069397377622399e-02
8.486864166497060102e-02
8.479671140113187455e-02
8.472490287274155041e-02
8.465321577132566000e-02
8.458164978945020840e-02
8.451020462071695549e-02
8.443887995975894734e-02
8.436767550223625567e-02
8.429659094483167581e-02
8.422562598524632738e-02
8.415478032219556037e-02
8.408405365540459753e-02
8.401344568089327836e-02
8.394295610517209238e-02
8.387258463098955230e-02
8.380233096206698984e-02
8.373219480311483442e-02
8.366217585982833882e-02
8.359227383888369334e-02
8.352248844793366822e-02
8.345281939560385276e-02
8.338326639148836705e-02
8.331382914614601787e-02
8.324450737109621856e-02
8.317530077881506168e-02
8.310620908273123886e-02
8.303723199722232162e-02
8.296836923761066740e-02
8.289962052015957539e-02
8.283098556206938690e-02
8.276246408147366895e-02
8.269405579743537016e-02
8.262576042994290715e-02
8.255757769990652861e-02
8.248950732915434625e-02
8.242154904042872654e-02
8.235370255738243273e-02
8.228596760457498882e-02
8.221834390746880772e-02
8.215083119242573562e-02
8.208342918670316624e-02
8.201613761845051587e-02
8.194895621670550412e-02
8.188188471139058733e-02
8.181492283330933646e-02
8.174807031414284275e-02
8.168132688644616501e-02
8.161469228364472139e-02
8.154816624003090320e-02
8.148174849076036952e-02
8.141543877184866107e-02
8.134923682016773072e-02
8.128314237344240467e-02
8.121715517024702402e-02
8.115127495000187818e-02
8.108550145296995748e-02
8.101983442025341431e-02
8.095427359379024634e-02
8.088881871635096588e-02
8.082346953153510261e-02
8.075822578376808114e-02
8.069308721829775155e-02
8.062805358119111421e-02
8.056312461933108626e-02
8.049830008041312934e-02
8.043357971294212705e-02
8.036896326622905429e-02
8.030445049038781313e-02
8.024004113633192992e-02
8.017573495577146048e-02
8.011153170120977052e-02
8.004743112594041310e-02
7.998343298404392288e-02
7.991953703038467971e-02
7.985574302060785556e-02
7.979205071113630587e-02
7.972845985916739153e-02
7.966497022267005068e-02
7.960158156038157906e-02
7.953829363180470180e-02
7.947510619720450642e-02
7.941201901760548687e-02
7.934903185478837939e-02
7.928614447128740084e-02
7.922335663038702902e-02
7.916066809611932431e-02
7.909807863326072386e-02
7.903558800732929379e-02
7.897319598458168999e-02
7.891090233201032700e-02
7.884870681734047759e-02
7.878660920902741394e-02
7.872460927625345162e-02
7.866270678892525736e-02
7.860090151767086530e-02
7.853919323383694306e-02
7.847758170948596068e-02
7.841606671739337342e-02
7.835464803104488785e-02
7.829332542463361688e-02
7.823209867305738752e-02
7.817096755191599300e-02
7.810993183750848667e-02
7.804899130683033703e-02
7.798814573757084645e-02
7.792739490811044500e-02
7.786673859751791493e-02
7.780617658554787874e-02
7.774570865263806529e-02
7.768533457990653424e-02
7.762505414914931678e-02
7.756486714283757078e-02
7.750477334411509656e-02
7.744477253679564466e-02
7.738486450536044559e-02
7.732504903495548976e-02
7.726532591138922379e-02
7.720569492112967780e-02
7.714615585130216169e-02
7.708670848968671163e-02
7.702735262471543942e-02
7.696808804547025651e-02
7.690891454168008456e-02
7.684983190371874606e-02
7.679083992260218872e-02
7.673193838998614014e-02
7.667312709816376248e-02
7.661440584006301568e-02
7.655577440924443700e-02
7.649723259989855972e-02
7.643878020684366503e-02
7.638041702552331169e-02
7.632214285200394910e-02
7.626395748297257193e-02
7.620586071573436093e-02
7.614785234821036530e-02
7.608993217893514349e-02
7.603210000705439009e-02
7.597435563232274314e-02
7.591669885510136939e-02
7.585912947635571613e-02
7.580164729765320741e-02
7.574425212116102368e-02
7.568694374964379801e-02
7.562972198646138178e-02
7.557258663556652711e-02
7.551553750150279132e-02
7.545857438940226092e-02
7.540169710498326183e-02
7.534490545454830546e-02
7.528819924498171556e-02
7.523157828374762990e-02
7.517504237888772423e-02
7.511859133901904739e-02
7.506222497333193966e-02
7.500594309158778450e-02
7.494974550411698244e-02
7.489363202181677226e-02
7.483760245614913542e-02
7.478165661913858953e-02
7.472579432337035643e-02
7.467001538198800303e-02
7.461431960869141511e-02
7.455870681773490993e-02
7.450317682392493257e-02
7.444772944261823788e-02
7.439236448971964233e-02
7.433708178168010883e-02
7.428188113549477611e-02
7.422676236870080768e-02
7.417172529937544889e-02
7.411676974613408408e-02
7.406189552812816879e-02
7.400710246504334233e-02
7.395239037709733232e-02
7.389775908503809498e-02
7.384320841014190007e-02
7.378873817421126302e-02
7.373434819957305764e-02
7.368003830907668417e-02
7.362580832609195991e-02
7.357165807450743999e-02
7.351758737872834959e-02
7.346359606367475203e-02
7.340968395477961983e-02
7.335585087798708603e-02
7.330209665975041811e-02
7.324842112703025543e-02
7.319482410729270805e-02
7.314130542850758032e-02
7.308786491914645578e-02
7.303450240818094852e-02
7.298121772508076033e-02
7.292801069981205697e-02
7.287488116283553918e-02
7.282182894510465243e-02
7.276885387806375505e-02
7.271595579364652229e-02
7.266313452427398956e-02
7.261038990285284545e-02
7.255772176277368313e-02
7.250512993790933503e-02
7.245261426261292992e-02
7.240017457171628312e-02
7.234781070052831442e-02
7.229552248483298027e-02
7.224330976088787215e-02
7.219117236542238469e-02
7.213911013563606422e-02
7.208712290919680465e-02
7.203521052423934867e-02
7.198337281936345589e-02
7.193160963363229299e-02
7.187992080657083782e-02
7.182830617816408914e-02
7.177676558885555391e-02
7.172529887954547101e-02
7.167390589158935399e-02
7.162258646679620089e-02
7.157134044742700929e-02
7.152016767619298609e-02
7.146906799625417361e-02
7.141804125121767322e-02
7.136708728513616040e-02
7.131620594250619172e-02
7.126539706826671983e-02
7.121466050779756696e-02
7.116399610691767630e-02
7.111340371188373810e-02
7.106288316938855210e-02
7.101243432655951482e-02
7.096205703095702366e-02
7.091175113057304746e-02
7.086151647382946117e-02
7.081135290957675521e-02
7.076126028709224525e-02
7.071123845607873992e-02
7.066128726666305593e-02
7.061140656939436655e-02
7.056159621524296655e-02
7.051185605559849578e-02
7.046218594226871801e-02
7.041258572747793876e-02
7.036305526386556208e-02
7.031359440448456399e-02
7.026420300280018794e-02
7.021488091268841825e-02
7.016562798843449522e-02
7.011644408473158285e-02
7.006732905667927003e-02
7.001828275978225213e-02
6.996930504994874900e-02
6.992039578348925588e-02
6.987155481711507243e-02
6.982278200793691492e-02
6.977407721346354230e-02
6.972544029160031298e-02
6.967687110064785250e-02
6.962836949930077679e-02
6.957993534664611013e-02
6.953156850216213325e-02
6.948326882571691232e-02
6.943503617756692503e-02
6.938687041835579772e-02
6.933877140911298698e-02
6.929073901125233637e-02
6.924277308657085517e-02
6.919487349724727510e-02
6.914704010584089844e-02
6.909927277529012701e-02
6.905157136891126868e-02
6.900393575039717731e-02
6.895636578381597603e-02
6.890886133360979438e-02
6.886142226297714553e-02
6.881404843804492244e-02
6.876673972507756083e-02
6.871949598999993469e-02
6.867231709910441573e-02
6.862520291904980474e-02
6.857815331685998550e-02
6.853116815992270350e-02
6.848424731598831694e-02
6.843739065316857551e-02
6.839059803993534359e-02
6.834386934511942069e-02
6.829720443790932016e-02
6.825060318784999247e-02
6.820406546484167332e-02
6.815759113913864853e-02
6.811118008134806057e-02
6.806483216242870116e-02
6.801854725368984556e-02
6.797232522679003131e-02
6.792616595373586474e-02
6.788006930688092466e-02
6.783403515892445779e-02
6.778806338291033795e-02
6.774215385222581709e-02
6.769630644060038727e-02
6.765052102210465657e-02
6.760479747114915561e-02
6.755913566248324120e-02
6.751353547119388898e-02
6.746799677270463869e-02
6.742251944277434517e-02
6.737710335749619306e-02
6.733174839329648942e-02
6.728645442693355350e-02
6.724122133549657876e-02
6.719604899640461981e-02
6.715093728740539891e-02
6.710588608657420961e-02
6.706089527231284819e-02
6.701596472334855892e-02
6.697109431873285446e-02
6.692628393784051666e-02
6.688153346036843083e-02
6.683684276633464205e-02
6.679221173607718942e-02
6.674764025025302361e-02
6.670312818983699377e-02
6.665867543612080670e-02
6.661428187071193052e-02
6.656994737553255381e-02
6.652567183281853092e-02
6.648145512511846600e-02
6.643729713529239467e-02
6.639319774651113171e-02
6.634915684225485555e-02
6.630517430631237275e-02
6.626125002277999387e-02
6.621738387606047882e-02
6.617357575086207921e-02
6.612982553219753923e-02
6.608613310538302699e-02
6.604249835603720475e-02
6.599892117008022974e-02
6.595540143373268549e-02
6.591193903351467986e-02
6.586853385624480417e-02
6.582518578903920337e-02
6.578189471931053522e-02
6.573866053476708216e-02
6.569548312341171037e-02
6.565236237354088455e-02
6.560929817374387685e-02
6.556629041290155946e-02
6.552333898018562752e-02
6.548044376505759989e-02
6.543760465726786157e-02
6.539482154685474780e-02
6.535209432414355868e-02
6.530942287974569882e-02
6.526680710455762258e-02
6.522424688976009854e-02
6.518174212681707158e-02
6.513929270747489952e-02
6.509689852376134012e-02
6.505455946798470446e-02
6.501227543273291332e-02
6.497004631087262283e-02
6.492787199554819755e-02
6.488575238018107205e-02
6.484368735846851584e-02
6.480167682438305043e-02
6.475972067217136696e-02
6.471781879635347956e-02
6.467597109172197600e-02
6.463417745334085196e-02
6.459243777654498364e-02
6.455075195693898982e-02
6.450911989039645467e-02
6.446754147305913674e-02
6.442601660133594199e-02
6.438454517190221604e-02
6.434312708169885597e-02
6.430176222793138052e-02
6.426045050806913905e-02
6.421919181984454827e-02
6.417798606125202365e-02
6.413683313054739654e-02
6.409573292624692886e-02
6.405468534712646655e-02
6.401369029222077345e-02
6.397274766082244879e-02
6.393185735248139989e-02
6.389101926700373191e-02
6.385023330445116496e-02
6.380949936514004883e-02
6.376881734964069681e-02
6.372818715877648366e-02
6.368760869362304067e-02
6.364708185550749242e-02
6.360660654600769348e-02
6.356618266695132635e-02
6.352581012041522146e-02
6.348548880872444122e-02
6.344521863445166943e-02
6.340499950041625365e-02
6.336483130968352528e-02
6.332471396556400844e-02
6.328464737161258735e-02
6.324463143162786793e-02
6.320466604965124802e-02
6.316475112996623731e-02
6.312488657709772188e-02
6.308507229581113152e-02
6.304530819111170414e-02
6.300559416824380587e-02
6.296593013269011219e-02
6.292631599017077526e-02
6.288675164664288275e-02
6.284723700829956961e-02
6.280777198156926866e-02
6.276835647311507227e-02
6.272899038983391351e-02
6.268967363885585842e-02
6.265040612754339822e-02
6.261118776349072768e-02
6.257201845452295408e-02
6.253289810869544496e-02
6.249382663429311341e-02
6.245480393982963396e-02
6.241582993404675567e-02
6.237690452591372614e-02
6.233802762462636177e-02
6.229919913960647176e-02
6.226041898050112960e-02
6.222168705718203463e-02
6.218300327974467939e-02
6.214436755850775984e-02
6.210577980401249532e-02
6.206723992702189302e-02
6.202874783852001250e-02
6.199030344971141748e-02
6.195190667202034318e-02
6.191355741709018978e-02
6.187525559678262038e-02
6.183700112317711689e-02
6.179879390857016819e-02
6.176063386547464562e-02
6.172252090661909524e-02
6.168445494494717574e-02
6.164643589361689519e-02
6.160846366599991714e-02
6.157053817568109572e-02
6.153265933645763602e-02
6.149482706233849738e-02
6.145704126754376884e-02
6.141930186650398221e-02
6.138160877385952924e-02
6.134396190445994684e-02
6.130636117336328572e-02
6.126880649583559685e-02
6.123129778735007800e-02
6.119383496358661578e-02
6.115641794043110563e-02
6.111904663397479953e-02
6.108172096051368155e-02
6.104444083654789188e-02
6.100720617878106072e-02
6.097001690411969071e-02
6.093287292967253244e-02
6.089577417275003623e-02
6.085872055086364446e-02
6.082171198172527798e-02
6.078474838324657292e-02
6.074782967353854757e-02
6.071095577091067952e-02
6.067412659387051710e-02
6.063734206112298547e-02
6.060060209156990091e-02
6.056390660430921447e-02
6.052725551863453318e-02
6.049064875403448172e-02
6.045408623019217498e-02
6.041756786698455201e-02
6.038109358448179309e-02
6.034466330294687569e-02
6.030827694283479035e-02
6.027193442479209656e-02
6.023563566965629834e-02
6.019938059845533068e-02
6.016316913240690040e-02
6.012700119291796569e-02
6.009087670158416716e-02
6.005479558018927966e-02
6.001875775070456692e-02
5.998276313528831671e-02
5.994681165628527181e-02
5.991090323622597774e-02
5.987503779782632485e-02
5.983921526398699314e-02
5.980343555779281395e-02
5.976769860251233274e-02
5.973200432159716383e-02
5.969635263868151159e-02
5.966074347758160146e-02
5.962517676229510399e-02
5.958965241700067694e-02
5.955417036605738929e-02
5.951873053400409674e-02
5.948333284555908790e-02
5.944797722561939030e-02
5.941266359926031249e-02
5.937739189173490278e-02
5.934216202847343580e-02
5.930697393508289200e-02
5.927182753734636794e-02
5.923672276122266683e-02
5.920165953284568100e-02
5.916663777852392697e-02
5.913165742474000425e-02
5.909671839815012345e-02
5.906182062558356510e-02
5.902696403404210368e-02
5.899214855069963293e-02
5.895737410290158298e-02
5.892264061816443466e-02
5.888794802417512964e-02
5.885329624879076515e-02
5.881868522003790012e-02
5.878411486611213876e-02
5.874958511537765882e-02
5.871509589636666332e-02
5.868064713777892266e-02
5.864623876848126111e-02
5.861187071750715433e-02
5.857754291405604247e-02
5.854325528749308033e-02
5.850900776734850595e-02
5.847480028331721730e-02
5.844063276525822415e-02
5.840650514319426639e-02
5.837241734731128673e-02
5.833836930795793102e-02
5.830436095564512505e-02
5.827039222104556104e-02
5.823646303499323273e-02
5.820257332848307458e-02
5.816872303267026090e-02
5.813491207886995610e-02
5.810114039855677343e-02
5.806740792336428231e-02
5.803371458508459896e-02
5.800006031566793535e-02
5.796644504722205798e-02
5.793286871201189930e-02
5.789933124245913443e-02
5.786583257114162604e-02
5.783237263079308438e-02
5.779895135430252601e-02
5.776556867471389217e-02
5.773222452522557002e-02
5.769891883918993464e-02
5.766565155011296739e-02
5.763242259165374248e-02
5.759923189762400364e-02
5.756607940198775475e-02
5.753296503886079494e-02
5.749988874251031612e-02
5.746685044735445891e-02
5.743385008796177138e-02
5.740088759905098009e-02
5.736796291549043497e-02
5.733507597229761665e-02
5.730222670463893525e-02
5.726941504782898790e-02
5.723664093733049629e-02
5.720390430875351567e-02
5.717120509785533766e-02
5.713854324053985884e-02
5.710591867285722684e-02
5.707333133100348649e-02
5.704078115131998306e-02
5.700826807029325816e-02
5.697579202455427261e-02
5.694335295087828847e-02
5.691095078618426534e-02
5.687858546753459671e-02
5.684625693213461728e-02
5.681396511733217969e-02
5.678170996061735615e-02
5.674949139962190414e-02
5.671730937211896806e-02
5.668516381602261428e-02
5.665305466938749812e-02
5.662098187040837810e-02
5.658894535741978288e-02
5.655694506889565737e-02
5.652498094344880764e-02
5.649305291983072047e-02
5.646116093693100135e-02
5.642930493377707607e-02
5.639748484953376051e-02
5.636570062350292065e-02
5.633395219512306318e-02
5.630223950396889138e-02
5.627056248975102759e-02
5.623892109231558301e-02
5.620731525164373438e-02
5.617574490785143260e-02
5.614421000118894473e-02
5.611271047204052093e-02
5.608124626092404058e-02
5.604981730849056820e-02
5.601842355552401342e-02
5.598706494294085345e-02
5.595574141178955019e-02
5.592445290325040452e-02
5.589319935863501509e-02
5.586198071938609788e-02
5.583079692707688252e-02
5.579964792341098739e-02
5.576853365022188536e-02
5.573745404947258453e-02
5.570640906325536462e-02
5.567539863379127041e-02
5.564442270342988273e-02
5.561348121464882582e-02
5.558257410991501724e-02
5.555170133117399989e-02
5.552086282222286340e-02
5.549005852604810274e-02
5.545928838576256320e-02
5.542855234460510733e-02
5.539785034594022634e-02
5.536718233325776950e-02
5.533654825017249312e-02
5.530594804042382462e-02
5.527538164787542535e-02
5.524484901651489921e-02
5.521435009045347342e-02
5.518388481392556832e-02
5.515345313128856147e-02
5.512305498702235740e-02
5.509269032572914476e-02
5.506235909213298696e-02
5.503206123107947517e-02
5.500179668753552714e-02
5.497156540658883206e-02
5.494136733344774648e-02
5.491120241344080860e-02
5.488107059201648152e-02
5.485097181474279937e-02
5.482090602730702728e-02
5.479087317551539771e-02
5.476087320529269414e-02
5.473090606268201513e-02
5.470097169384437880e-02
5.467107004505843831e-02
5.464120106272016275e-02
5.461136469334251092e-02
5.458156088355509139e-02
5.455178958010388490e-02
5.452205072985089745e-02
5.449234427977386191e-02
5.446267017696591189e-02
5.443302836863524174e-02
5.440341880210489145e-02
5.437384142481226784e-02
5.434429618430904746e-02
5.431478302826069082e-02
5.428530190444615794e-02
5.425585276075771402e-02
5.422643554520049231e-02
5.419705020589228595e-02
5.416769669106317325e-02
5.413837494905526099e-02
5.410908492832231659e-02
5.407982657742956001e-02
5.405059984505331677e-02
5.402140467998068490e-02
5.399224103110928513e-02
5.396310884744694170e-02
5.393400807811141867e-02
5.390493867233000364e-02
5.387590057943945909e-02
5.384689374888540492e-02
5.381791813022231141e-02
5.378897367311306216e-02
5.376006032732866952e-02
5.373117804274799708e-02
5.370232676935753069e-02
5.367350645725098290e-02
5.364471705662910567e-02
5.361595851779930866e-02
5.358723079117549276e-02
5.355853382727761985e-02
5.352986757673159485e-02
5.350123199026878690e-02
5.347262701872596002e-02
5.344405261304480820e-02
5.341550872427180269e-02
5.338699530355783124e-02
5.335851230215798990e-02
5.333005967143124304e-02
5.330163736284015269e-02
5.327324532795066347e-02
5.324488351843176953e-02
5.321655188605524389e-02
5.318825038269542338e-02
5.315997896032882003e-02
5.313173757103399619e-02
5.310352616699116901e-02
5.307534470048200920e-02
5.304719312388936348e-02
5.301907138969697703e-02
5.299097945048920205e-02
5.296291725895078961e-02
5.293488476786657737e-02
5.290688193012123286e-02
5.287890869869901755e-02
5.285096502668347462e-02
5.282305086725722770e-02
5.279516617370166170e-02
5.276731089939669384e-02
5.273948499782050992e-02
5.271168842254931458e-02
5.268392112725704679e-02
5.265618306571514390e-02
5.262847419179229880e-02
5.260079445945417542e-02
5.257314382276311732e-02
5.254552223587803661e-02
5.251792965305397687e-02
5.249036602864200901e-02
5.246283131708889824e-02
5.243532547293686119e-02
5.240784845082335774e-02
5.238040020548078574e-02
5.235298069173627972e-02
5.232558986451148891e-02
5.229822767882218171e-02
5.227089408977820401e-02
5.224358905258309066e-02
5.221631252253385730e-02
5.218906445502079910e-02
5.216184480552717162e-02
5.213465352962903809e-02
5.210749058299492253e-02
5.208035592138569869e-02
5.205324950065421535e-02
5.202617127674515063e-02
5.199912120569470664e-02
5.197209924363049155e-02
5.194510534677112407e-02
5.191813947142606689e-02
5.189120157399550182e-02
5.186429161096982321e-02
5.183740953892972819e-02
5.181055531454573093e-02
5.178372889457805855e-02
5.175693023587638053e-02
5.173015929537960744e-02
5.170341603011557874e-02
5.167670039720095171e-02
5.165001235384088230e-02
5.162335185732883081e-02
5.159671886504634680e-02
5.157011333446276380e-02
5.154353522313512986e-02
5.151698448870779129e-02
5.149046108891233015e-02
5.146396498156725896e-02
5.143749612457778481e-02
5.141105447593564276e-02
5.138463999371883223e-02
5.135825263609141572e-02
5.133189236130328292e-02
5.130555912768993559e-02
5.127925289367228634e-02
5.125297361775640881e-02
5.122672125853336422e-02
5.120049577467890300e-02
5.117429712495334682e-02
5.114812526820130406e-02
5.112198016335149642e-02
5.109586176941650904e-02
5.106977004549261012e-02
5.104370495075949421e-02
5.101766644448010174e-02
5.099165448600043171e-02
5.096566903474925719e-02
5.093971005023796572e-02
5.091377749206038583e-02
5.088787131989246787e-02
5.086199149349217991e-02
5.083613797269923712e-02
5.081031071743494221e-02
5.078450968770192170e-02
5.075873484358397331e-02
5.073298614524582306e-02
5.070726355293296572e-02
5.068156702697136640e-02
5.065589652776737728e-02
5.063025201580747398e-02
5.060463345165803345e-02
5.057904079596516056e-02
5.055347400945447295e-02
5.052793305293093451e-02
5.050241788727861253e-02
5.047692847346047645e-02
5.045146477251824524e-02
5.042602674557217224e-02
5.040061435382079541e-02
5.037522755854079853e-02
5.034986632108682386e-02
5.032453060289122926e-02
5.029922036546388003e-02
5.027393557039205180e-02
5.024867617934012515e-02
5.022344215404946077e-02
5.019823345633817741e-02
5.017305004810095753e-02
5.014789189130889474e-02
5.012275894800925780e-02
5.009765118032527553e-02
5.007256855045607441e-02
5.004751102067629687e-02
5.002247855333610826e-02
4.999747111086086382e-02
4.997248865575098370e-02
4.994753115058175180e-02
4.992259855800314922e-02
4.989769084073964606e-02
4.987280796158999330e-02
4.984794988342711869e-02
4.982311656919784226e-02
4.979830798192277225e-02
4.977352408469606915e-02
4.974876484068529309e-02
4.972403021313120952e-02
4.969932016534760189e-02
4.967463466072111200e-02
4.964997366271102497e-02
4.962533713484913039e-02
4.960072504073952809e-02
4.957613734405839911e-02
4.955157400855392247e-02
4.952703499804601145e-02
4.950252027642619568e-02
4.947802980765739211e-02
4.945356355577377322e-02
4.942912148488055879e-02
4.940470355915387718e-02
4.938030974284056407e-02
4.935594000025796818e-02
4.933159429579382638e-02
4.930727259390604855e-02
4.928297485912257192e-02
4.925870105604118754e-02
4.923445114932933908e-02
4.921022510372397019e-02
4.918602288403139261e-02
4.916184445512705725e-02
4.913768978195536680e-02
4.911355882952961327e-02
4.908945156293170048e-02
4.906536794731201911e-02
4.904130794788930797e-02
4.901727152995039721e-02
4.899325865885018755e-02
4.896926930001129635e-02
4.894530341892406461e-02
4.892136098114628628e-02
4.889744195230309037e-02
4.887354629808673967e-02
4.884967398425654056e-02
4.882582497663855159e-02
4.880199924112555571e-02
4.877819674367684516e-02
4.875441745031801333e-02
4.873066132714087145e-02
4.870692834030319190e-02
4.868321845602869430e-02
4.865953164060671243e-02
4.863586786039218041e-02
4.861222708180537588e-02
4.858860927133180907e-02
4.856501439552206312e-02
4.854144242099159984e-02
4.851789331442066255e-02
4.849436704255405406e-02
4.847086357220104641e-02
4.844738287023514500e-02
4.842392490359401919e-02
4.840048963927930797e-02
4.837707704435642575e-02
4.835368708595446513e-02
4.833031973126603043e-02
4.830697494754709193e-02
4.828365270211679161e-02
4.826035296235734601e-02
4.823707569571381720e-02
4.821382086969406428e-02
4.819058845186854900e-02
4.816737840987008606e-02
4.814419071139390549e-02
4.812102532419728490e-02
4.809788221609953562e-02
4.807476135498180148e-02
4.805166270878693385e-02
4.802858624551931133e-02
4.800553193324473555e-02
4.798249974009025781e-02
4.795948963424400552e-02
4.793650158395511285e-02
4.791353555753348481e-02
4.789059152334973479e-02
4.786766944983495559e-02
4.784476930548065693e-02
4.782189105883857122e-02
4.779903467852051474e-02
4.777620013319825581e-02
4.775338739160334828e-02
4.773059642252705514e-02
4.770782719482010575e-02
4.768507967739264025e-02
4.766235383921402224e-02
4.763964964931272084e-02
4.761696707677615104e-02
