# f_z
5.223705453263876031e-01
5.284423810321632331e-01
5.344631060747430107e-01
5.404318759980383247e-01
5.463478744259574471e-01
5.522103827226056971e-01
5.580187428989791254e-01
5.637723179532498907e-01
5.694705237461452629e-01
5.751128275967958281e-01
5.806987468884895476e-01
5.862278476830870000e-01
5.916997433432353848e-01
5.971140540277106723e-01
6.024705340796299158e-01
6.077689304309541463e-01
6.130090284159153136e-01
6.181906555442013840e-01
6.233136800042172743e-01
6.283780091877730900e-01
6.333835882361440461e-01
6.383303986075845593e-01
6.432184382053691696e-01
6.480477622868809906e-01
6.528184771317442348e-01
6.575306922016705968e-01
6.621845475861586339e-01
6.667802125983395278e-01
6.713178844029523695e-01
6.757977866763933417e-01
6.802201682988149312e-01
6.845853020782572962e-01
6.888934835068019069e-01
6.931449939291474127e-01
6.973402124637204658e-01
7.014794983998109412e-01
7.055632237447635458e-01
7.095917781720046946e-01
7.135655679042031130e-01
7.174850146326904321e-01
7.213505544726599439e-01
7.251626369536601224e-01
7.289217240448797597e-01
7.326282892147061299e-01
7.362828165240236089e-01
7.398857868664585613e-01
7.434376926172130418e-01
7.469390768978052542e-01
7.503904556422068550e-01
7.537923517804051565e-01
7.571452944849473843e-01
7.604498184496495394e-01
7.637064631996632880e-01
7.669157724320831981e-01
7.700782933862821977e-01
7.731945762431635671e-01
7.762651735525211150e-01
7.792906396877007369e-01
7.822715303267633313e-01
7.852084019593518205e-01
7.881018084370059462e-01
7.909522780539302023e-01
7.937604057290328363e-01
7.965267453730540126e-01
7.992518498385325909e-01
8.019362705464909702e-01
8.045805571346665852e-01
8.071852571264910292e-01
8.097509156200377589e-01
8.122780749961702185e-01
8.147672746451453119e-01
8.172190507109428070e-01
8.196339358526074648e-01
8.220124590219100025e-01
8.243551452566512117e-01
8.266625154889504223e-01
8.289350863678780490e-01
8.311733700958117144e-01
8.333778742779083260e-01
8.355490938619167807e-01
8.376875172986494311e-01
8.397936595365353973e-01
8.418680078261069344e-01
8.439110443459227895e-01
8.459232461118912916e-01
8.479050848964202469e-01
8.498570271568978152e-01
8.517795339730365178e-01
8.536730609926166391e-01
8.555380583851954768e-01
8.573749708033555628e-01
8.591842382571365233e-01
8.609662944126713624e-01
8.627215664130789552e-01
8.644504765794724932e-01
8.661534416327846264e-01
8.678308726912107307e-01
8.694831752727352203e-01
8.711108163963051654e-01
8.727140279090750408e-01
8.742932970505201684e-01
8.758490065873251185e-01
8.773815338019684829e-01
8.788912505175858758e-01
8.803785231261469502e-01
8.818437126197141707e-01
8.832871746245646305e-01
8.847092594379664110e-01
8.861103120674107547e-01
8.874906722721103147e-01
8.888506746065846231e-01
8.901906484661610275e-01
8.915109181342297795e-01
8.928118028310977339e-01
8.940936167642966614e-01
8.953566691802056221e-01
8.966012644168575019e-01
8.978277019578045914e-01
8.990362764869268553e-01
9.002272779440694261e-01
9.014009915814074070e-01
9.025576980204360611e-01
9.036976733094941316e-01
9.048211889817320275e-01
9.059285121134414975e-01
9.070199053826684121e-01
9.080956271280359315e-01
9.091559314077078957e-01
9.102010680584287083e-01
9.112312827545773208e-01
9.122468170671809151e-01
9.132479085228321081e-01
9.142347905221093196e-01
9.152076920134738502e-01
9.161668397339481906e-01
9.171124555866987382e-01
9.180447577265959946e-01
9.189639606172375075e-01
9.198702750876147638e-01
9.207639083883951692e-01
9.216450642477898025e-01
9.225139429269805236e-01
9.233707412750831178e-01
9.242156527836232760e-01
9.250488676405054234e-01
9.258705727834570798e-01
9.266809519529306538e-01
9.274801857444484599e-01
9.282684516603775249e-01
9.290459241611215280e-01
9.298127747157197698e-01
9.305691718518441791e-01
9.313152812051851415e-01
9.320512655682192671e-01
9.327772849383547671e-01
9.334934965654472228e-01
9.342000549986839708e-01
9.348971121328315537e-01
9.355848172538464569e-01
9.362633170838470242e-01
9.369327558254437749e-01
9.375932752054312314e-01
9.382450145178401479e-01
9.388881106663506948e-01
9.395226982060703724e-01
9.401489093846771006e-01
9.407668741829310344e-01
9.413767226000249178e-01
9.419785778141377408e-01
9.425725631727177589e-01
9.431587999991857263e-01
9.437374075422521047e-01
9.443085030127091883e-01
9.448722016196243745e-01
9.454286166059394647e-01
9.459778592834835464e-01
9.465200390674027853e-01
9.470552635100139005e-01
9.475836383340892066e-01
9.481052674655764401e-01
9.486202530657623644e-01
9.491286955628857047e-01
9.496306936832055179e-01
9.501263444815333248e-01
9.506157433712342231e-01
9.510989841537047518e-01
9.515761590473343912e-01
9.520473587159581363e-01
9.525126722968054738e-01
9.529721874279551974e-01
9.534259902753018379e-01
9.538741655590403656e-01
9.543167965796778285e-01
9.547539652435772517e-01
9.551857520880423502e-01
9.556122363059492697e-01
9.560334957699323510e-01
9.564496070561315788e-01
9.568606454675084860e-01
9.572666850567362884e-01
9.576677986486730187e-01
9.580640578624234349e-01
9.584555331329960293e-01
9.588422937325629114e-01
9.592244102185385479e-01
9.596019472108214821e-01
9.599749703445601412e-01
9.603435444647119290e-01
9.607077333526985452e-01
9.610675997454466435e-01
9.614232053540738843e-01
9.617746108822293749e-01
9.621218760440941598e-01
9.624650595820464227e-01
9.628042192839988411e-01
9.631394120004125314e-01
9.634706936609956918e-01
9.637981192910891615e-01
9.641217430277483347e-01
9.644416181355234263e-01
9.647577970219469723e-01
9.650703312527303401e-01
9.653792715666782431e-01
9.656846678903229231e-01
9.659865693522864394e-01
9.662850242973735071e-01
9.665800803004013231e-01
9.668717841797703771e-01
9.671601820107825764e-01
9.674453191387095696e-01
9.677272401916164890e-01
9.680059890929473276e-01
9.682816090738737280e-01
9.685541426854135105e-01
9.688236318103232714e-01
9.690901176747680479e-01
9.693536408597733800e-01
9.696142413124642090e-01
9.698719583570928338e-01
9.701268307058622531e-01
9.703788964695475583e-01
9.706281931679182629e-01
9.708747577399682305e-01
9.711186265539538676e-01
9.713598354172457983e-01
9.715984195859976857e-01
9.718344158926479626e-01
9.720678564977408564e-01
9.722987747779798795e-01
9.725272038914237749e-01
9.727531764898142974e-01
9.729767247272373965e-01
9.731978802686236385e-01
9.734166742980917553e-01
9.736331375271374267e-01
9.738473002026714065e-01
9.740591921149092114e-01
9.742688426051150374e-01
9.744762805732034572e-01
9.746815344852004515e-01
9.748846323805684388e-01
9.750856018793957469e-01
9.752844701894540780e-01
9.754812641131275219e-01
9.756760100542137826e-01
9.758687340246012809e-01
9.760594616508239119e-01
9.762482181804965631e-01
9.764350284886330611e-01
9.766199170838483212e-01
9.768029081144490311e-01
9.769840253744119796e-01
9.771632923092548051e-01
9.773407320218001626e-01
9.775163672778350854e-01
9.776902205116677624e-01
9.778623138315847285e-01
9.780326690252082456e-01
9.782013075647580935e-01
9.783682506122183264e-01
9.785335190244103254e-01
9.786971333579758126e-01
9.788591138742696041e-01
9.790194805441649883e-01
9.791782530527727291e-01
9.793354508040763573e-01
9.794910929254839749e-01
9.796451982722990115e-01
9.797977854321117119e-01
9.799488727291123524e-01
9.800984782283271857e-01
9.802466197397806669e-01
9.803933148225819627e-01
9.805385807889409611e-01
9.806824350769383081e-01
9.808248956813427899e-01
9.809659775272300264e-01
9.811056969865804556e-01
9.812440702030731376e-01
9.813811130957053042e-01
9.815168413623482913e-01
9.816512704832416336e-01
9.817844157244256520e-01
9.819162921411143108e-01
9.820469145810089007e-01
9.821762976875547668e-01
9.823044559031408607e-01
9.824314034722433364e-01
9.825571544445161898e-01
9.826817226778261638e-01
9.828051218412375833e-01
9.829273654179433439e-01
9.830484667081476058e-01
9.831684388318967516e-01
9.832872947318637147e-01
9.834050471760827916e-01
9.835217087606386022e-01
9.836372919123090863e-01
9.837518088911624270e-01
9.838652717931110070e-01
9.839776925524206241e-01
9.840890829441778509e-01
9.841994545867150945e-01
9.843088189439945790e-01
9.844171873279524698e-01
9.845245709008023649e-01
9.846309806773009266e-01
9.847364275269745448e-01
9.848409221763094745e-01
9.849444752109037804e-01
9.850470970775847546e-01
9.851487980864894745e-01
9.852495884131118320e-01
9.853494781003142577e-01
9.854484770603062493e-01
9.855465950765909255e-01
9.856438418058776074e-01
9.857402267799637574e-01
9.858357594075856101e-01
9.859304489762377166e-01
9.860243046539630685e-01
9.861173354911131339e-01
9.862095504220791398e-01
9.863009582669952646e-01
9.863915677334131882e-01
9.864813874179495512e-01
9.865704258079066591e-01
9.866586912828663181e-01
9.867461921162580252e-01
9.868329364769010681e-01
9.869189324305224220e-01
9.870041879412494445e-01
9.870887121212730264e-01
9.871725116374215903e-01
9.872555939225817756e-01
9.873379665535710892e-01
9.874196370125101208e-01
9.875006126881813451e-01
9.875809008773651643e-01
9.876605087861557442e-01
9.877394435312542020e-01
9.878177121412422546e-01
9.878953215578355485e-01
9.879722786371161192e-01
9.880485901507464197e-01
9.881242627871628104e-01
9.881993031527515070e-01
9.882737177730044342e-01
9.883475130936579811e-01
9.884206954818134383e-01
9.884932712270391164e-01
9.885652465424565882e-01
9.886366275658080571e-01
9.887074203605085154e-01
9.887776309166803612e-01
9.888472651521729162e-01
9.889163289135647350e-01
9.889848279771514816e-01
9.890527680499174856e-01
9.891201547704929764e-01
9.891869937100959964e-01
9.892532903734602145e-01
9.893190501997471964e-01
9.893842785634465731e-01
9.894489807752602228e-01
9.895131620829746844e-01
9.895768276723184709e-01
9.896399826678081713e-01
9.897026321335794519e-01
9.897647810742069563e-01
9.898264344355114375e-01
9.898875971053535672e-01
9.899482739144171983e-01
9.900084696369795267e-01
9.900681889916698175e-01
9.901274366422174733e-01
9.901862171981876681e-01
9.902445352157062120e-01
9.903023951981740902e-01
9.903598015969707902e-01
9.904167588121465249e-01
9.904732711931053535e-01
9.905293430392766441e-01
9.905849786007780988e-01
9.906401820790668999e-01
9.906949576275830838e-01
9.907493093523824790e-01
9.908032413127595417e-01
9.908567575218625301e-01
9.909098619472983538e-01
9.909625585117288749e-01
9.910148510934583266e-01
9.910667435270121839e-01
9.911182396037078179e-01
9.911693430722157139e-01
9.912200576391140272e-01
9.912703869694332592e-01
9.913203346871947153e-01
9.913699043759397478e-01
9.914190995792520056e-01
9.914679242431134742e-01
9.915163820087257163e-01
9.915644756310536545e-01
9.916122085013735488e-01
9.916595839734115847e-01
9.917066053638238232e-01
9.917532759526692665e-01
9.917995989838763737e-01
9.918455776657019163e-01
9.918912151711848368e-01
9.919365146385923371e-01
9.919814791718598590e-01
9.920261118410250711e-01
9.920704156826553044e-01
9.921143937002695479e-01
9.921580488647533391e-01
9.922013841147688806e-01
9.922444023571587168e-01
9.922871064673438601e-01
9.923294992897163658e-01
9.923715836380260225e-01
9.924133622957621581e-01
9.924548380165297834e-01
9.924960135244202952e-01
9.925368915143769621e-01
9.925774746525559689e-01
9.926177655766816876e-01
9.926577668963968426e-01
9.926974811936088994e-01
9.927369110228303484e-01
9.927760589115149914e-01
9.928149273603893432e-01
9.928535188437798142e-01
9.928918358099345642e-01
9.929298806813418032e-01
9.929676558550430965e-01
9.930051637029426725e-01
9.930424065721121796e-01
9.930793867850917778e-01
9.931161066401866799e-01
9.931525684117594732e-01
9.931887743505191102e-01
9.932247266838053479e-01
9.932604276158696344e-01
9.932958793281519982e-01
9.933310839795543856e-01
9.933660437067100002e-01
9.934007606242493127e-01
9.934352368250622956e-01
9.934694743805571049e-01
9.935034753409155428e-01
9.935372417353446339e-01
9.935707755723249823e-01
9.936040788398562418e-01
9.936371535056988114e-01
9.936700015176122003e-01
9.937026248035906173e-01
9.937350252720954513e-01
9.937672048122838664e-01
9.937991652942358423e-01
9.938309085691762190e-01
9.938624364696959645e-01
9.938937508099685569e-01
9.939248533859649237e-01
9.939557459756649394e-01
9.939864303392661471e-01
9.940169082193894834e-01
9.940471813412834479e-01
9.940772514130239434e-01
9.941071201257126733e-01
9.941367891536727619e-01
9.941662601546412681e-01
9.941955347699601431e-01
9.942246146247635252e-01
9.942535013281637024e-01
9.942821964734339657e-01
9.943107016381893537e-01
9.943390183845651764e-01
9.943671482593928745e-01
9.943950927943738805e-01
9.944228535062510366e-01
9.944504318969784595e-01
9.944778294538881847e-01
9.945050481724748703e-01
9.945320892122154754e-01
9.945589537626740029e-01
9.945856432555112425e-01
9.946121591085337332e-01
9.946385027258488609e-01
9.946646754980187355e-01
9.946906788022109591e-01
9.947165140023488394e-01
9.947421824492586051e-01
9.947676854808156222e-01
9.947930244220877238e-01
9.948182005854779852e-01
9.948432152708646115e-01
9.948680697657398264e-01
9.948927653453465414e-01
9.949173032728135802e-01
9.949416847992890167e-01
9.949659111640721809e-01
9.949899835947433324e-01
9.950139033072927797e-01
9.950376715062473343e-01
9.950612893847956553e-01
9.950847581249124829e-01
9.951080788974800972e-01
9.951312528624101095e-01
9.951542811687615897e-01
9.951771649548596388e-01
9.951999053484114066e-01
9.952225034666212222e-01
9.952449604163033925e-01
9.952672772939953338e-01
9.952894551860673733e-01
9.953114951688327716e-01
9.953333983086553038e-01
9.953551656620560628e-01
9.953767982758192634e-01
9.953982971870958263e-01
9.954196634235065178e-01
9.954408980032437571e-01
9.954620019351716476e-01
9.954829762189253417e-01
9.955038218450089627e-01
9.955245397948925268e-01
9.955451310411076449e-01
9.955655965473416691e-01
9.955859372685311737e-01
9.956061541509546586e-01
9.956262481323229219e-01
9.956462201418696534e-01
9.956660711004401421e-01
9.956858019205795385e-01
9.957054135066190081e-01
9.957249067547624399e-01
9.957442825531704900e-01
9.957635417820449586e-01
9.957826853137113909e-01
9.958017140127005673e-01
9.958206287358302156e-01
9.958394303322840591e-01
9.958581196436910865e-01
9.958766975042041558e-01
9.958951647405759333e-01
9.959135221722366094e-01
9.959317706113678392e-01
9.959499108629780162e-01
9.959679437249758793e-01
9.959858699882429001e-01
9.960036904367051136e-01
9.960214058474045062e-01
9.960390169905691815e-01
9.960565246296826381e-01
9.960739295215521594e-01
9.960912324163773146e-01
9.961084340578162388e-01
9.961255351830523574e-01
9.961425365228596673e-01
9.961594388016675738e-01
9.961762427376249507e-01
9.961929490426632006e-01
9.962095584225590938e-01
9.962260715769961639e-01
9.962424891996263243e-01
9.962588119781299323e-01
9.962750405942757403e-01
9.962911757239798494e-01
9.963072180373641062e-01
9.963231681988136135e-01
9.963390268670344607e-01
9.963547946951094580e-01
9.963704723305539801e-01
9.963860604153716993e-01
9.964015595861085428e-01
9.964169704739068711e-01
9.964322937045586581e-01
9.964475298985583374e-01
9.964626796711549828e-01
9.964777436324037119e-01
9.964927223872165341e-01
9.965076165354133098e-01
9.965224266717708224e-01
9.965371536054890012e-01
9.965517980031303180e-01
9.965663601257158666e-01
9.965808405488902899e-01
9.965952398434823056e-01
9.966095585755516684e-01
9.966237973064355771e-01
9.966379565927943052e-01
9.966520369866569418e-01
9.966660390354652455e-01
9.966799632821188304e-01
9.966938102650187981e-01
9.967075805181104808e-01
9.967212745709270738e-01
9.967348929486313791e-01
9.967484361720583275e-01
9.967619047577557234e-01
9.967752992180259897e-01
9.967886200609661351e-01
9.968018677905082781e-01
9.968150429064591700e-01
9.968281459045393866e-01
9.968411772764224077e-01
9.968541375097725865e-01
9.968670270882835638e-01
9.968798464917159041e-01
9.968925961959338444e-01
9.969052766729423753e-01
9.969178883909236566e-01
9.969304318142727661e-01
9.969429074036337823e-01
9.969553156159344232e-01
9.969676569044214620e-01
9.969799317186947007e-01
9.969921405047414975e-01
9.970042837049702955e-01
9.970163617582440407e-01
9.970283750999134886e-01
9.970403241618492896e-01
9.970522093724750734e-01
9.970640311567988689e-01
9.970757899364450783e-01
9.970874861296855629e-01
9.970991201514710633e-01
9.971106924134613969e-01
9.971222033240561000e-01
9.971336532884242931e-01
9.971450427085346568e-01
9.971563719831844086e-01
9.971676415080289457e-01
9.971788516756100451e-01
9.971900028753849510e-01
9.972010954937542415e-01
9.972121299140895845e-01
9.972231065167616038e-01
9.972340256791675239e-01
9.972448877757572605e-01
9.972556931780610645e-01
9.972664422547159457e-01
9.972771353714913189e-01
9.972877728913153161e-01
9.972983551743005437e-01
9.973088825777693955e-01
9.973193554562792551e-01
9.973297741616471423e-01
9.973401390429746938e-01
9.973504504466723652e-01
9.973607087164835239e-01
9.973709141935086508e-01
9.973810672162285451e-01
9.973911681205279711e-01
9.974012172397189735e-01
9.974112149045633036e-01
9.974211614432958450e-01
9.974310571816463744e-01
9.974409024428623205e-01
9.974506975477305248e-01
9.974604428145991131e-01
9.974701385593990333e-01
9.974797850956654832e-01
9.974893827345588937e-01
9.974989317848861337e-01
9.975084325531209384e-01
9.975178853434246706e-01
9.975272904576664157e-01
9.975366481954432984e-01
9.975459588541001343e-01
9.975552227287494134e-01
9.975644401122906180e-01
9.975736112954295409e-01
9.975827365666976032e-01
9.975918162124703947e-01
9.976008505169871032e-01
9.976098397623680558e-01
9.976187842286342589e-01
9.976276841937246065e-01
9.976365399335144213e-01
9.976453517218333289e-01
9.976541198304826885e-01
9.976628445292529124e-01
9.976715260859412293e-01
9.976801647663688932e-01
9.976887608343973923e-01
9.976973145519461017e-01
9.977058261790084925e-01
9.977142959736688965e-01
9.977227241921182710e-01
9.977311110886711853e-01
9.977394569157810311e-01
9.977477619240565643e-01
9.977560263622771153e-01
9.977642504774083543e-01
9.977724345146173901e-01
9.977805787172887575e-01
9.977886833270386280e-01
9.977967485837301309e-01
9.978047747254886746e-01
9.978127619887154909e-01
9.978207106081031785e-01
9.978286208166498028e-01
9.978364928456727734e-01
9.978443269248233882e-01
9.978521232821007114e-01
9.978598821438653399e-01
9.978676037348530592e-01
9.978752882781886102e-01
9.978829362822033699e-01
9.978905477370469956e-01
9.978981227946527310e-01
9.979056616720708428e-01
9.979131645848016152e-01
9.979206317468080067e-01
9.979280633705287507e-01
9.979354596668905675e-01
9.979428208453210436e-01
9.979501471137608437e-01
9.979574386786761453e-01
9.979646957450706291e-01
9.979719185164975803e-01
9.979791071950719905e-01
9.979862619814824365e-01
9.979933830750021828e-01
9.980004706735018383e-01
9.980075249734597920e-01
9.980145461699744258e-01
9.980215344567748836e-01
9.980284900262326175e-01
9.980354130693720460e-01
9.980423037758821003e-01
9.980491623341266605e-01
9.980559889311554356e-01
9.980627837527145108e-01
9.980695469832573385e-01
9.980762788059548418e-01
9.980829794027059609e-01
9.980896489541476457e-01
9.980962876396656247e-01
9.981028956374039529e-01
9.981094731242753371e-01
9.981160202759706834e-01
9.981225372669695339e-01
9.981290242705492810e-01
9.981354814587948265e-01
9.981419090026084628e-01
9.981483070717191985e-01
9.981546758346917514e-01
9.981610154589366513e-01
9.981673261107186779e-01
9.981736079551662977e-01
9.981798611562808787e-01
9.981860858769453504e-01
9.981922822789331962e-01
9.981984505229175575e-01
9.982045907684791164e-01
9.982107031741158654e-01
9.982167878972506569e-01
9.982228450942405296e-01
9.982288749203843681e-01
9.982348775299317856e-01
9.982408530760911169e-01
9.982468017110377456e-01
9.982527235859220971e-01
9.982586188508777436e-01
9.982644876550292867e-01
9.982703301465004619e-01
9.982761464724217992e-01
9.982819367789382836e-01
9.982877012112173487e-01
9.982934399134562042e-01
9.982991530288896076e-01
9.983048406997969693e-01
9.983105030675104574e-01
9.983161402724217703e-01
9.983217524539892418e-01
9.983273397507460567e-01
9.983329023003062463e-01
9.983384402393726820e-01
9.983439537037432920e-01
9.983494428283189448e-01
9.983549077471096656e-01
9.983603485932417421e-01
9.983657654989643859e-01
9.983711585956566159e-01
9.983765280138341414e-01
9.983818738831553574e-01
9.983871963324283394e-01
9.983924954896173931e-01
9.983977714818491611e-01
9.984030244354195061e-01
9.984082544757991728e-01
9.984134617276406720e-01
9.984186463147842749e-01
9.984238083602640090e-01
9.984289479863140970e-01
9.984340653143747302e-01
9.984391604650982854e-01
9.984442335583550987e-01
9.984492847132395710e-01
9.984543140480758305e-01
9.984593216804237281e-01
9.984643077270843881e-01
9.984692723041059814e-01
9.984742155267897212e-01
9.984791375096946364e-01
9.984840383666441221e-01
9.984889182107307137e-01
9.984937771543219709e-01
9.984986153090656957e-01
9.985034327858953729e-01
9.985082296950353875e-01
9.985130061460065765e-01
9.985177622476311132e-01
9.985224981080379481e-01
9.985272138346679149e-01
9.985319095342788387e-01
9.985365853129503089e-01
9.985412412760893419e-01
9.985458775284346000e-01
9.985504941740619422e-01
9.985550913163889764e-01
9.985596690581798329e-01
9.985642275015504943e-01
9.985687667479729024e-01
9.985732868982800658e-01
9.985777880526707229e-01
9.985822703107141152e-01
9.985867337713540959e-01
9.985911785329143475e-01
9.985956046931022678e-01
9.986000123490142988e-01
9.986044015971393684e-01
9.986087725333642195e-01
9.986131252529774072e-01
9.986174598506734057e-01
9.986217764205573832e-01
9.986260750561493094e-01
9.986303558503879518e-01
9.986346188956354286e-01
9.986388642836814267e-01
9.986430921057468657e-01
9.986473024524884501e-01
9.986514954140025546e-01
9.986556710798293324e-01
9.986598295389566005e-01
9.986639708798240589e-01
9.986680951903267323e-01
9.986722025578196327e-01
9.986762930691209794e-01
9.986803668105161957e-01
9.986844238677620167e-01
9.986884643260897088e-01
9.986924882702096218e-01
9.986964957843139645e-01
9.987004869520812456e-01
9.987044618566797149e-01
9.987084205807706949e-01
9.987123632065125767e-01
9.987162898155642621e-01
9.987202004890883833e-01
9.987240953077556327e-01
9.987279743517473163e-01
9.987318377007592396e-01
9.987356854340051493e-01
9.987395176302202859e-01
9.987433345545736474e-01
9.987471361335296116e-01
9.987509224040047595e-01
9.987546934429496481e-01
9.987584493268507613e-01
9.987621901317346174e-01
9.987659159331699898e-01
9.987696268062719041e-01
9.987733228257045237e-01
9.987770040656842596e-01
9.987806705999831003e-01
9.987843225019311655e-01
9.987879598444208140e-01
9.987915826999084201e-01
9.987951911404185923e-01
9.987987852375462827e-01
9.988023650624603400e-01
9.988059306859062847e-01
9.988094821782089738e-01
9.988130196092759316e-01
9.988165430486000140e-01
9.988200525652624062e-01
9.988235482279353983e-01
9.988270301048849387e-01
9.988304982639740759e-01
9.988339527726649569e-01
9.988373936980222689e-01
9.988408211067154596e-01
9.988442350650218460e-01
9.988476356388289457e-01
9.988510228936375857e-01
9.988543968945639007e-01
9.988577577063427748e-01
9.988611053933296180e-01
9.988644400195036965e-01
9.988677616484702426e-01
9.988710703434630078e-01
9.988743661673470386e-01
9.988776491826211190e-01
9.988809194514198797e-01
9.988841770355169070e-01
9.988874219963268519e-01
9.988906543949075401e-01
9.988938742919630798e-01
9.988970817478456388e-01
9.989002768225583306e-01
9.989034595757569912e-01
9.989066300667531761e-01
9.989097883545159373e-01
9.989129344976742653e-01
9.989160685545196428e-01
9.989191905830080431e-01
9.989223006407622618e-01
9.989253987850739147e-01
9.989284850729063248e-01
9.989315595608958542e-01
9.989346223053546803e-01
9.989376733622727933e-01
9.989407127873201064e-01
9.989437406358486760e-01
9.989467569628946997e-01
9.989497618231806264e-01
9.989527552711174874e-01
9.989557373608065616e-01
9.989587081460417073e-01
9.989616676803113604e-01
9.989646160168005329e-01
9.989675532083928111e-01
9.989704793076724654e-01
9.989733943669258931e-01
9.989762984381445055e-01
9.989791915730259486e-01
9.989820738229761021e-01
9.989849452391115214e-01
9.989878058722605481e-01
9.989906557729660852e-01
9.989934949914864859e-01
9.989963235777983286e-01
9.989991415815977494e-01
9.990019490523024404e-01
9.990047460390533152e-01
9.990075325907165071e-01
9.990103087558851458e-01
9.990130745828809111e-01
9.990158301197560320e-01
9.990185754142950625e-01
9.990213105140164362e-01
9.990240354661742428e-01
9.990267503177601149e-01
9.990294551155046721e-01
9.990321499058794075e-01
9.990348347350982428e-01
9.990375096491193041e-01
9.990401746936465877e-01
9.990428299141311808e-01
9.990454753557735934e-01
9.990481110635249795e-01
9.990507370820884692e-01
9.990533534559215001e-01
9.990559602292365948e-01
9.990585574460035811e-01
9.990611451499507023e-01
9.990637233845661713e-01
9.990662921931002804e-01
9.990688516185661783e-01
9.990714017037418682e-01
9.990739424911713185e-01
9.990764740231665719e-01
9.990789963418084119e-01
9.990815094889486936e-01
9.990840135062108995e-01
9.990865084349924707e-01
9.990889943164654730e-01
9.990914711915788171e-01
9.990939391010587034e-01
9.990963980854108417e-01
9.990988481849216729e-01
9.991012894396594790e-01
9.991037218894759375e-01
9.991061455740075647e-01
9.991085605326768260e-01
9.991109668046936898e-01
9.991133644290570714e-01
9.991157534445559429e-01
9.991181338897704434e-01
9.991205058030737662e-01
9.991228692226330477e-01
9.991252241864108097e-01
9.991275707321660704e-01
9.991299088974556764e-01
9.991322387196358568e-01
9.991345602358630007e-01
9.991368734830953224e-01
9.991391784980937496e-01
9.991414753174234775e-01
9.991437639774547463e-01
9.991460445143646174e-01
9.991483169641378614e-01
9.991505813625678467e-01
9.991528377452585374e-01
9.991550861476247158e-01
9.991573266048938695e-01
9.991595591521069686e-01
9.991617838241199090e-01
9.991640006556042897e-01
9.991662096810489668e-01
9.991684109347606091e-01
9.991706044508654738e-01
9.991727902633100733e-01
9.991749684058625069e-01
9.991771389121132385e-01
9.991793018154767614e-01
9.991814571491919317e-01
9.991836049463236336e-01
9.991857452397636674e-01
9.991878780622317491e-01
9.991900034462766200e-01
9.991921214242769356e-01
9.991942320284423751e-01
9.991963352908150853e-01
9.991984312432700133e-01
9.992005199175163499e-01
9.992026013450983069e-01
9.992046755573965600e-01
9.992067425856284713e-01
9.992088024608498653e-01
9.992108552139555844e-01
9.992129008756805986e-01
9.992149394766007831e-01
9.992169710471340283e-01
9.992189956175412391e-01
9.992210132179273341e-01
9.992230238782418006e-01
9.992250276282802490e-01
9.992270244976845239e-01
9.992290145159445913e-01
9.992309977123985387e-01
9.992329741162341294e-01
9.992349437564894687e-01
9.992369066620536699e-01
9.992388628616682977e-01
9.992408123839277012e-01
9.992427552572802352e-01
9.992446915100289262e-01
9.992466211703323609e-01
9.992485442662057959e-01
9.992504608255218246e-01
9.992523708760109313e-01
9.992542744452629355e-01
9.992561715607274353e-01
9.992580622497146958e-01
9.992599465393964264e-01
9.992618244568067798e-01
9.992636960288430181e-01
9.992655612822664013e-01
9.992674202437028530e-01
9.992692729396440710e-01
9.992711193964477490e-01
9.992729596403391312e-01
9.992747936974111234e-01
9.992766215936252916e-01
9.992784433548128620e-01
9.992802591468540330e-01
9.992820688533807783e-01
9.992838724992717525e-01
9.992856701098801198e-01
9.992874617104320345e-01
9.992892473260273078e-01
9.992910269816395186e-01
9.992928007021176784e-01
9.992945685121862320e-01
9.992963304364461674e-01
9.992980864993755707e-01
9.992998367253305148e-01
9.993015811385455027e-01
9.993033197631344677e-01
9.993050526230911057e-01
9.993067797422899856e-01
9.993085011444869936e-01
9.993102168533201102e-01
9.993119268923100762e-01
9.993136312848609482e-01
9.993153300542608752e-01
9.993170232236829875e-01
9.993187108161856180e-01
9.993203928547131909e-01
9.993220693620971096e-01
9.993237403610558678e-01
9.993254058741963819e-01
9.993270659240137688e-01
9.993287205328930112e-01
9.993303697231086247e-01
9.993320135168258789e-01
9.993336519361013526e-01
9.993352850028833778e-01
9.993369127390128170e-01
9.993385351662233962e-01
9.993401523061429259e-01
9.993417641802929685e-01
9.993433708100906143e-01
9.993449722168479266e-01
9.993465684217733846e-01
9.993481594459718842e-01
9.993497453104458472e-01
9.993513260360953332e-01
9.993529016437191492e-01
9.993544721540146281e-01
9.993560375875791824e-01
9.993575979649098606e-01
9.993591533064050125e-01
9.993607036323638448e-01
9.993622489629873096e-01
9.993637893183792142e-01
9.993653247185458888e-01
9.993668551833972957e-01
9.993683807327473634e-01
9.993699013863146519e-01
9.993714171637227972e-01
9.993729280845010665e-01
9.993744341680849130e-01
9.993759354338164203e-01
9.993774319009449680e-01
9.993789235886275657e-01
9.993804105159295181e-01
9.993818927018248699e-01
9.993833701651969603e-01
9.993848429248389786e-01
9.993863109994542970e-01
9.993877744076569147e-01
9.993892331679724572e-01
9.993906872988379542e-01
9.993921368186030607e-01
9.993935817455297244e-01
9.993950220977936283e-01
9.993964578934837473e-01
9.993978891506034579e-01
9.993993158870707605e-01
9.994007381207187235e-01
9.994021558692961493e-01
9.994035691504677965e-01
9.994049779818149348e-01
9.994063823808359004e-01
9.994077823649465397e-01
9.994091779514804319e-01
9.994105691576896655e-01
9.994119560007449499e-01
9.994133384977363921e-01
9.994147166656739412e-01
9.994160905214872770e-01
9.994174600820269205e-01
9.994188253640643449e-01
9.994201863842925304e-01
9.994215431593261867e-01
9.994228957057024187e-01
9.994242440398810601e-01
9.994255881782448947e-01
9.994269281371005453e-01
9.994282639326783624e-01
9.994295955811332011e-01
9.994309230985447545e-01
9.994322465009178869e-01
9.994335658041829662e-01
9.994348810241965309e-01
9.994361921767414003e-01
9.994374992775274524e-01
9.994388023421914014e-01
9.994401013862977967e-01
9.994413964253392457e-01
9.994426874747366352e-01
9.994439745498394645e-01
9.994452576659268450e-01
9.994465368382068338e-01
9.994478120818179878e-01
9.994490834118285871e-01
9.994503508432380778e-01
9.994516143909766281e-01
9.994528740699059055e-01
9.994541298948195207e-01
9.994553818804428058e-01
9.994566300414340354e-01
9.994578743923840936e-01
9.994591149478172509e-01
9.994603517221912758e-01
9.994615847298977673e-01
9.994628139852627102e-01
9.994640395025469193e-01
9.994652612959458171e-01
9.994664793795904334e-01
9.994676937675474049e-01
9.994689044738193084e-01
9.994701115123452162e-01
9.994713148970006955e-01
9.994725146415986972e-01
9.994737107598890002e-01
9.994749032655596555e-01
9.994760921722363189e-01
9.994772774934831405e-01
9.994784592428028747e-01
9.994796374336376577e-01
9.994808120793683415e-01
9.994819831933157150e-01
9.994831507887407263e-01
9.994843148788443710e-01
9.994854754767681371e-01
9.994866325955945596e-01
9.994877862483474429e-01
9.994889364479920824e-01
9.994900832074353758e-01
9.994912265395266004e-01
9.994923664570575239e-01
9.994935029727624043e-01
9.994946360993185452e-01
9.994957658493469621e-01
9.994968922354117158e-01
9.994980152700212450e-01
9.994991349656281443e-01
9.995002513346291639e-01
9.995013643893663202e-01
9.995024741421263403e-01
9.995035806051414395e-01
9.995046837905896542e-01
9.995057837105947307e-01
9.995068803772265698e-01
9.995079738025017813e-01
9.995090639983835734e-01
9.995101509767824188e-01
9.995112347495557215e-01
9.995123153285088158e-01
9.995133927253948558e-01
9.995144669519148151e-01
9.995155380197183748e-01
9.995166059404037018e-01
9.995176707255181148e-01
9.995187323865578621e-01
9.995197909349687881e-01
9.995208463821463329e-01
9.995218987394359766e-01
9.995229480181333503e-01
9.995239942294846802e-01
9.995250373846867875e-01
9.995260774948875326e-01
9.995271145711860372e-01
9.995281486246329061e-01
9.995291796662303385e-01
9.995302077069325719e-01
9.995312327576462152e-01
9.995322548292301379e-01
9.995332739324960247e-01
9.995342900782083762e-01
9.995353032770850632e-01
9.995363135397972165e-01
9.995373208769697815e-01
9.995383252991812961e-01
9.995393268169647794e-01
9.995403254408075089e-01
9.995413211811511323e-01
9.995423140483923330e-01
9.995433040528827195e-01
9.995442912049293804e-01
9.995452755147945512e-01
9.995462569926966134e-01
9.995472356488095400e-01
9.995482114932635609e-01
9.995491845361454963e-01
9.995501547874984238e-01
9.995511222573225663e-01
9.995520869555749588e-01
9.995530488921701151e-01
9.995540080769796942e-01
9.995549645198334998e-01
9.995559182305187029e-01
9.995568692187809523e-01
9.995578174943242633e-01
9.995587630668106849e-01
9.995597059458616318e-01
9.995606461410569965e-01
9.995615836619359262e-01
9.995625185179970451e-01
9.995634507186984541e-01
9.995643802734578420e-01
9.995653071916530408e-01
9.995662314826220252e-01
9.995671531556630240e-01
9.995680722200347423e-01
9.995689886849569161e-01
9.995699025596097576e-01
9.995708138531350651e-01
9.995717225746356682e-01
9.995726287331759830e-01
9.995735323377821224e-01
9.995744333974420082e-01
9.995753319211058141e-01
9.995762279176858556e-01
9.995771213960569224e-01
9.995780123650562787e-01
9.995789008334843295e-01
9.995797868101041761e-01
9.995806703036421714e-01
9.995815513227882532e-01
9.995824298761956106e-01
9.995833059724812397e-01
9.995841796202260543e-01
9.995850508279751079e-01
9.995859196042375938e-01
9.995867859574870673e-01
9.995876498961618895e-01
9.995885114286650053e-01
9.995893705633644988e-01
9.995902273085932599e-01
9.995910816726497616e-01
9.995919336637978381e-01
9.995927832902667953e-01
9.995936305602517447e-01
9.995944754819141576e-01
9.995953180633809776e-01
9.995961583127459527e-01
9.995969962380689688e-01
9.995978318473766056e-01
9.995986651486623575e-01
9.995994961498865239e-01
9.996003248589763190e-01
9.996011512838264279e-01
9.996019754322990059e-01
9.996027973122234567e-01
9.996036169900726076e-01
9.996044344395612624e-01
9.996052496427305645e-01
9.996060626072950095e-01
9.996068733409371188e-01
9.996076818513081053e-01
9.996084881460272076e-01
9.996092922326826891e-01
9.996100941188313938e-01
9.996108938119994125e-01
9.996116913196815279e-01
9.996124866493422134e-01
9.996132798084149673e-01
9.996140708043029788e-01
9.996148596443793499e-01
9.996156463359866517e-01
9.996164308864375903e-01
9.996172133030150064e-01
9.996179935929720983e-01
9.996187717635324210e-01
9.996195478218898867e-01
9.996203217752092085e-01
9.996210936306262340e-01
9.996218633952472787e-01
9.996226310761501255e-01
9.996233966803835802e-01
9.996241602149679162e-01
9.996249216868949850e-01
9.996256811031282163e-01
9.996264384706027295e-01
9.996271937962257770e-01
9.996279470868765227e-01
9.996286983494062639e-01
9.996294475906387644e-01
9.996301948173701435e-01
9.996309400363690978e-01
9.996316832543769015e-01
9.996324244781078505e-01
9.996331637142491511e-01
9.996339009694610311e-01
9.996346362503769623e-01
9.996353695636038816e-01
9.996361009157219701e-01
9.996368303132849853e-01
9.996375577628207054e-01
9.996382832708304855e-01
9.996390068437895904e-01
9.996397284881476386e-01
9.996404482103280476e-01
9.996411660167289215e-01
9.996418819137226075e-01
9.996425959076560286e-01
9.996433080048509057e-01
9.996440182116036466e-01
9.996447265341855681e-01
9.996454329788430071e-01
9.996461375517975423e-01
9.996468402592458835e-01
9.996475411073602046e-01
9.996482401022881437e-01
9.996489372501529136e-01
9.996496325570535246e-01
9.996503260290646731e-01
9.996510176722371854e-01
9.996517074925976853e-01
9.996523954961491487e-01
9.996530816888709037e-01
9.996537660767184086e-01
9.996544486656238071e-01
9.996551294614955951e-01
9.996558084702193980e-01
9.996564856976573044e-01
9.996571611496484211e-01
9.996578348320087626e-01
9.996585067505318056e-01
9.996591769109879344e-01
9.996598453191249956e-01
9.996605119806682982e-01
9.996611769013206139e-01
9.996618400867625098e-01
9.996625015426521266e-01
9.996631612746257334e-01
9.996638192882971730e-01
9.996644755892586387e-01
9.996651301830804526e-01
9.996657830753109542e-01
9.996664342714771667e-01
9.996670837770843532e-01
9.996677315976163491e-01
9.996683777385357850e-01
9.996690222052837527e-01
9.996696650032805831e-01
9.996703061379250688e-01
9.996709456145954631e-01
9.996715834386490362e-01
9.996722196154220752e-01
9.996728541502303278e-01
9.996734870483690027e-01
9.996741183151127697e-01
9.996747479557158700e-01
9.996753759754123392e-01
9.996760023794157846e-01
9.996766271729198294e-01
9.996772503610981131e-01
9.996778719491041798e-01
9.996784919420719229e-01
9.996791103451151406e-01
9.996797271633282023e-01
9.996803424017858264e-01
9.996809560655433025e-01
9.996815681596363801e-01
9.996821786890816020e-01
9.996827876588759709e-01
9.996833950739978381e-01
9.996840009394060145e-01
9.996846052600406596e-01
9.996852080408227259e-01
9.996858092866546253e-01
9.996864090024198957e-01
9.996870071929835344e-01
9.996876038631917760e-01
9.996881990178725363e-01
9.996887926618353015e-01
9.996893847998712390e-01
9.996899754367531976e-01
9.996905645772360405e-01
9.996911522260563121e-01
9.996917383879327934e-01
9.996923230675662797e-01
9.996929062696396917e-01
9.996934879988181866e-01
9.996940682597493799e-01
9.996946470570629018e-01
9.996952243953713957e-01
9.996958002792696307e-01
9.996963747133353895e-01
9.996969477021286909e-01
9.996975192501926788e-01
9.996980893620533992e-01
9.996986580422194679e-01
9.996992252951830693e-01
9.996997911254188462e-01
9.997003555373851214e-01
9.997009185355231198e-01
9.997014801242576354e-01
9.997020403079965867e-01
9.997025990911314608e-01
9.997031564780373136e-01
9.997037124730728808e-01
9.997042670805802445e-01
9.997048203048854997e-01
9.997053721502985324e-01
9.997059226211130190e-01
9.997064717216066487e-01
9.997070194560411238e-01
9.997075658286622701e-01
9.997081108437000374e-01
9.997086545053686102e-01
9.997091968178665189e-01
9.997097377853765288e-01
9.997102774120659729e-01
9.997108157020867525e-01
9.997113526595750033e-01
9.997118882886519842e-01
9.997124225934232999e-01
9.997129555779794563e-01
9.997134872463957489e-01
9.997140176027323744e-01
9.997145466510346523e-01
9.997150743953326923e-01
9.997156008396419491e-01
9.997161259879626671e-01
9.997166498442807692e-01
9.997171724125673009e-01
9.997176936967784311e-01
9.997182137008560066e-01
9.997187324287273302e-01
9.997192498843050501e-01
9.997197660714877143e-01
9.997202809941594381e-01
9.997207946561897929e-01
9.997213070614344721e-01
9.997218182137349585e-01
9.997223281169184128e-01
9.997228367747983402e-01
9.997233441911740348e-01
9.997238503698306911e-01
9.997243553145401807e-01
9.997248590290601644e-01
9.997253615171346475e-01
9.997258627824940902e-01
9.997263628288551862e-01
9.997268616599211954e-01
9.997273592793818331e-01
9.997278556909131586e-01
9.997283508981783529e-01
9.997288449048267189e-01
9.997293377144945703e-01
9.997298293308050088e-01
9.997303197573680356e-01
9.997308089977802181e-01
9.997312970556254674e-01
9.997317839344745938e-01
9.997322696378851958e-01
9.997327541694023267e-01
9.997332375325580500e-01
9.997337197308717727e-01
9.997342007678500231e-01
9.997346806469867841e-01
9.997351593717633822e-01
9.997356369456485981e-01
9.997361133720985560e-01
9.997365886545572788e-01
9.997370627964560219e-01
9.997375358012138280e-01
9.997380076722375275e-01
9.997384784129216273e-01
9.997389480266483108e-01
9.997394165167878821e-01
9.997398838866984327e-01
9.997403501397258418e-01
9.997408152792043312e-01
9.997412793084559102e-01
9.997417422307907087e-01
9.997422040495071993e-01
9.997426647678918643e-01
9.997431243892196395e-01
9.997435829167535815e-01
9.997440403537452003e-01
9.997444967034344598e-01
9.997449519690495556e-01
9.997454061538073589e-01
9.997458592609133055e-01
9.997463112935612850e-01
9.997467622549340849e-01
9.997472121482028351e-01
9.997476609765277855e-01
9.997481087430575286e-01
9.997485554509298877e-01
9.997490011032713619e-01
9.997494457031974591e-01
9.997498892538124737e-01
9.997503317582098203e-01
9.997507732194721441e-01
9.997512136406709882e-01
9.997516530248671263e-01
9.997520913751104521e-01
9.997525286944400902e-01
9.997529649858846179e-01
9.997534002524617325e-01
9.997538344971785840e-01
9.997542677230317754e-01
9.997546999330073625e-01
9.997551311300808541e-01
9.997555613172173228e-01
9.997559904973714051e-01
9.997564186734874125e-01
9.997568458484992204e-01
9.997572720253306011e-01
9.997576972068950019e-01
9.997581213960955449e-01
9.997585445958254713e-01
9.997589668089675863e-01
9.997593880383947029e-01
9.997598082869698644e-01
9.997602275575456776e-01
9.997606458529653128e-01
9.997610631760615041e-01
9.997614795296574375e-01
9.997618949165663071e-01
9.997623093395917593e-01
9.997627228015273371e-01
9.997631353051571468e-01
9.997635468532555247e-01
9.997639574485871483e-01
9.997643670939070359e-01
9.997647757919608802e-01
9.997651835454846037e-01
9.997655903572046920e-01
9.997659962298384162e-01
9.997664011660933880e-01
9.997668051686678936e-01
9.997672082402511151e-01
9.997676103835225758e-01
9.997680116011528062e-01
9.997684118958030108e-01
9.997688112701254015e-01
9.997692097267628641e-01
9.997696072683490698e-01
9.997700038975089187e-01
9.997703996168582075e-01
9.997707944290035176e-01
9.997711883365426599e-01
9.997715813420645636e-01
9.997719734481490539e-01
9.997723646573674072e-01
9.997727549722817963e-01
9.997731443954458452e-01
9.997735329294042961e-01
9.997739205766931203e-01
9.997743073398397406e-01
9.997746932213629201e-01
9.997750782237727618e-01
9.997754623495709314e-01
9.997758456012504347e-01
9.997762279812957287e-01
9.997766094921828328e-01
9.997769901363794398e-01
9.997773699163448047e-01
9.997777488345297447e-01
9.997781268933766397e-01
9.997785040953198754e-01
9.997788804427852893e-01
9.997792559381905031e-01
9.997796305839452558e-01
9.997800043824506266e-01
9.997803773360999235e-01
9.997807494472782386e-01
9.997811207183624482e-01
9.997814911517216574e-01
9.997818607497166443e-01
9.997822295147005267e-01
9.997825974490183176e-01
9.997829645550070365e-01
9.997833308349958203e-01
9.997836962913062564e-01
9.997840609262517164e-01
9.997844247421379116e-01
9.997847877412628925e-01
9.997851499259169383e-01
9.997855112983825565e-01
9.997858718609345940e-01
9.997862316158403484e-01
9.997865905653593455e-01
9.997869487117436726e-01
9.997873060572378678e-01
9.997876626040788084e-01
9.997880183544960442e-01
9.997883733107115756e-01
9.997887274749399644e-01
9.997890808493883341e-01
9.997894334362565916e-01
9.997897852377369832e-01
9.997901362560148719e-01
9.997904864932679603e-01
9.997908359516668453e-01
9.997911846333749075e-01
9.997915325467792158e-01
9.997918797294701454e-01
9.997922261414593503e-01
9.997925717848857863e-01
9.997929166618810815e-01
9.997932607745700917e-01
9.997936041250704564e-01
9.997939467154927096e-01
9.997942885479405017e-01
9.997946296245102671e-01
9.997949699472917784e-01
9.997953095183674810e-01
9.997956483398134919e-01
9.997959864136983787e-01
9.997963237420842697e-01
9.997966603270265207e-01
9.997969961705733821e-01
9.997973312747664432e-01
9.997976656416406316e-01
9.997979992732241028e-01
9.997983321715383509e-01
9.997986643385980976e-01
9.997989957764115143e-01
9.997993264869800001e-01
9.997996564722985147e-01
9.997999857343554675e-01
9.998003142751326067e-01
9.998006420966052410e-01
9.998009692007421290e-01
9.998012955895054787e-01
9.998016212648513923e-01
9.998019462287290882e-01
9.998022704830816787e-01
9.998025940298459480e-01
9.998029168709520187e-01
9.998032390083241294e-01
9.998035604438797463e-01
9.998038811795305625e-01
9.998042012171814985e-01
9.998045205587318129e-01
9.998048392060738809e-01
9.998051571610946375e-01
9.998054744256742454e-01
9.998057910016870942e-01
9.998061068910014670e-01
9.998064220954792081e-01
9.998067366169764991e-01
9.998070504573433048e-01
9.998073636184234836e-01
9.998076761020552317e-01
9.998079879100704170e-01
9.998082990442951345e-01
9.998086095065494838e-01
9.998089192986476803e-01
9.998092284223980553e-01
9.998095368796031668e-01
9.998098446720595778e-01
9.998101518015581890e-01
9.998104582698840170e-01
9.998107640788164163e-01
9.998110692301287461e-01
9.998113737255889255e-01
9.998116775669589895e-01
9.998119807559953109e-01
9.998122832944487115e-01
9.998125851840642397e-01
9.998128864265815041e-01
9.998131870237341179e-01
9.998134869772505873e-01
9.998137862888535343e-01
9.998140849602602520e-01
9.998143829931824822e-01
9.998146803893263046e-01
9.998149771503924699e-01
9.998152732780761776e-01
9.998155687740674091e-01
9.998158636400505950e-01
9.998161578777046143e-01
9.998164514887032395e-01
9.998167444747146915e-01
9.998170368374019734e-01
9.998173285784227593e-01
9.998176196994292830e-01
9.998179102020688935e-01
9.998182000879832776e-01
9.998184893588090150e-01
9.998187780161774674e-01
9.998190660617148895e-01
9.998193534970423180e-01
9.998196403237755714e-01
9.998199265435254723e-01
9.998202121578974033e-01
9.998204971684920839e-01
9.998207815769047935e-01
9.998210653847260376e-01
9.998213485935409928e-01
9.998216312049300614e-01
9.998219132204684279e-01
9.998221946417265027e-01
9.998224754702694783e-01
9.998227557076578842e-01
9.998230353554471428e-01
9.998233144151876806e-01
9.998235928884252610e-01
9.998238707767005407e-01
9.998241480815495130e-01
9.998244248045031757e-01
9.998247009470877522e-01
9.998249765108248033e-01
9.998252514972307825e-01
9.998255259078177026e-01
9.998257997440925804e-01
9.998260730075578806e-01
9.998263456997112941e-01
9.998266178220456268e-01
9.998268893760492437e-01
9.998271603632057358e-01
9.998274307849940312e-01
9.998277006428886171e-01
9.998279699383589847e-01
9.998282386728702953e-01
9.998285068478832693e-01
9.998287744648535202e-01
9.998290415252327756e-01
9.998293080304677671e-01
9.998295739820008965e-01
9.998298393812700136e-01
9.998301042297085273e-01
9.998303685287452947e-01
9.998306322798047319e-01
9.998308954843070362e-01
9.998311581436677420e-01
9.998314202592979427e-01
9.998316818326046240e-01
9.998319428649902196e-01
9.998322033578527224e-01
9.998324633125859062e-01
9.998327227305793263e-01
9.998329816132179859e-01
9.998332399618828914e-01
9.998334977779503863e-01
9.998337550627928172e-01
9.998340118177784230e-01
9.998342680442707797e-01
9.998345237436296884e-01
9.998347789172105093e-01
9.998350335663643840e-01
9.998352876924384569e-01
9.998355412967756539e-01
9.998357943807145709e-01
9.998360469455900290e-01
9.998362989927325195e-01
9.998365505234684258e-01
9.998368015391201347e-01
9.998370520410059248e-01
9.998373020304400782e-01
9.998375515087326582e-01
9.998378004771900640e-01
9.998380489371142543e-01
9.998382968898035239e-01
9.998385443365521708e-01
9.998387912786501630e-01
9.998390377173840271e-01
9.998392836540359596e-01
9.998395290898843824e-01
9.998397740262039424e-01
9.998400184642652899e-01
9.998402624053349674e-01
9.998405058506760756e-01
9.998407488015473854e-01
9.998409912592043369e-01
9.998412332248981516e-01
9.998414746998763869e-01
9.998417156853828258e-01
9.998419561826574764e-01
9.998421961929364610e-01
9.998424357174521271e-01
9.998426747574333806e-01
9.998429133141051306e-01
9.998431513886884003e-01
9.998433889824009935e-01
9.998436260964567168e-01
9.998438627320656025e-01
9.998440988904342408e-01
9.998443345727655585e-01
9.998445697802585963e-01
9.998448045141089535e-01
9.998450387755087876e-01
9.998452725656462592e-01
9.998455058857063094e-01
9.998457387368699933e-01
9.998459711203151468e-01
9.998462030372156084e-01
9.998464344887421085e-01
9.998466654760616024e-01
9.998468960003376038e-01
9.998471260627300738e-01
9.998473556643957538e-01
9.998475848064873883e-01
9.998478134901547243e-01
9.998480417165439560e-01
9.998482694867976139e-01
9.998484968020550090e-01
9.998487236634520103e-01
9.998489500721211565e-01
9.998491760291912112e-01
9.998494015357881626e-01
9.998496265930341131e-01
9.998498512020480566e-01
9.998500753639455452e-01
9.998502990798389112e-01
9.998505223508370454e-01
9.998507451780456190e-01
9.998509675625670834e-01
9.998511895055002263e-01
9.998514110079409489e-01
9.998516320709818217e-01
9.998518526957119734e-01
9.998520728832174242e-01
9.998522926345810857e-01
9.998525119508824277e-01
9.998527308331978114e-01
9.998529492826004894e-01
9.998531673001601616e-01
9.998533848869439744e-01
9.998536020440152994e-01
9.998538187724347326e-01
9.998540350732596504e-01
9.998542509475442097e-01
9.998544663963394585e-01
9.998546814206933364e-01
9.998548960216508963e-01
9.998551102002537494e-01
9.998553239575408424e-01
9.998555372945475694e-01
9.998557502123066598e-01
9.998559627118475124e-01
9.998561747941968614e-01
9.998563864603781104e-01
9.998565977114116654e-01
9.998568085483150458e-01
9.998570189721027734e-01
9.998572289837862614e-01
9.998574385843740364e-01
9.998576477748717384e-01
9.998578565562817877e-01
9.998580649296040512e-01
9.998582728958351762e-01
9.998584804559690342e-01
9.998586876109963884e-01
9.998588943619052261e-01
9.998591007096807592e-01
9.998593066553052022e-01
9.998595121997578827e-01
9.998597173440152419e-01
9.998599220890509454e-01
9.998601264358356611e-01
9.998603303853375035e-01
9.998605339385215895e-01
9.998607370963501495e-01
9.998609398597826381e-01
9.998611422297759566e-01
9.998613442072838975e-01
9.998615457932575890e-01
9.998617469886454945e-01
9.998619477943931910e-01
9.998621482114435910e-01
9.998623482407369423e-01
9.998625478832103841e-01
9.998627471397988353e-01
9.998629460114341061e-01
9.998631444990456751e-01
9.998633426035599125e-01
9.998635403259008569e-01
9.998637376669897714e-01
9.998639346277450324e-01
9.998641312090826849e-01
9.998643274119159985e-01
9.998645232371555780e-01
9.998647186857092528e-01
9.998649137584826319e-01
9.998651084563783265e-01
9.998653027802965054e-01
9.998654967311347841e-01
9.998656903097881132e-01
9.998658835171487791e-01
9.998660763541067364e-01
9.998662688215492755e-01
9.998664609203610221e-01
9.998666526514241593e-01
9.998668440156183168e-01
9.998670350138206819e-01
9.998672256469058883e-01
9.998674159157457941e-01
9.998676058212102591e-01
9.998677953641662564e-01
9.998679845454784276e-01
9.998681733660087501e-01
9.998683618266172024e-01
9.998685499281607658e-01
9.998687376714943120e-01
9.998689250574700482e-01
