# cl_g_fnu_z_01
6.354466862961215094e-04
6.270856382777745914e-04
6.162652072458126972e-04
6.028963856559544461e-04
5.869351443511249293e-04
5.683741706632915126e-04
5.472923759170978016e-04
5.238205737734145592e-04
4.981666976090942710e-04
4.705968618061593051e-04
4.414449993084136712e-04
4.111498186222025536e-04
3.802192472322773477e-04
3.491844221369842728e-04
3.185776899996417967e-04
2.889132765357722713e-04
2.606614378520711456e-04
2.342092075586449742e-04
2.098195421454990717e-04
1.876171934047822368e-04
1.675837787686723093e-04
1.495583416813993675e-04
1.332681945350107659e-04
1.184185791262896655e-04
1.047245379723322453e-04
9.199600165998118514e-05
8.016617070499850828e-05
6.930472292185281850e-05
5.954097945227861631e-05
5.096639392332031368e-05
4.355230862479200174e-05
3.714842126343392365e-05
3.157250944835578356e-05
2.671049257810612844e-05
2.252880778889609825e-05
1.898164991612404109e-05
1.595948724689710694e-05
1.335477311977334449e-05
1.112872958502592421e-05
9.258524259967789745e-06
7.689873070511999854e-06
6.373123369865956067e-06
5.270086356282807156e-06
4.345166067985573833e-06
3.575769325377611242e-06
2.939130306893027663e-06
2.411031696965343196e-06
1.973831462035090507e-06
1.613632726078165702e-06
1.317266618110422924e-06
1.073690494714441394e-06
8.740146090715467217e-07
7.106711323550998495e-07
5.773532031174505847e-07
4.692431152964405232e-07
3.802960723173021710e-07
3.080819041970663590e-07
2.493159272687475205e-07
2.014496210295972326e-07
1.624450433003194161e-07
1.310735061354416611e-07
1.056859152645479442e-07
8.524610953553055190e-08
6.871592793911248737e-08
5.531351840422599315e-08
4.447138039421697897e-08
2.596460841920111407e-08
2.925479956407687467e-08
2.350975794489499680e-08
1.888730930116972270e-08
