# cl_g_fnu_z_2
3.318626646274900382e-08
3.539394339154892496e-08
3.776311465067642501e-08
4.030194639524670450e-08
4.301189195642879751e-08
4.591230248762735657e-08
4.900450335184151655e-08
5.229466229540551063e-08
5.578775666616920948e-08
5.948705741693702961e-08
6.339385696272232069e-08
6.750722754242642612e-08
7.182348388404467303e-08
7.633571565260794392e-08
8.103253575220750532e-08
8.589910956190206174e-08
9.091713546676403646e-08
9.605526615444980834e-08
1.012802026051456650e-07
1.065333721078330030e-07
1.118186846730995975e-07
1.170556677817195296e-07
1.221661531137777893e-07
1.270979490274144773e-07
1.317624481337735242e-07
1.360611389127750530e-07
1.399089701735645776e-07
1.432131209103274696e-07
1.458818417270024903e-07
1.477912566403877771e-07
1.488434217996448916e-07
1.489608591245402577e-07
1.480774777233437100e-07
1.459782953760944043e-07
1.429953075371987437e-07
1.388425818969451942e-07
1.336385290914765492e-07
1.274362009101895118e-07
1.203444235031671454e-07
1.125559078067470667e-07
1.042194759165129598e-07
9.547607244871738188e-08
8.692015143145285994e-08
7.842937465006423706e-08
7.038323734068140447e-08
6.284287291083222443e-08
5.605184123368073677e-08
5.000171780576923343e-08
4.468599640399904712e-08
3.999229879727434161e-08
3.581776083373329892e-08
3.201174044240921154e-08
2.839185363091381410e-08
2.498565552985864980e-08
2.170442738319912225e-08
1.850542931292174781e-08
1.582302902095390249e-08
1.337564395698042329e-08
1.136756197727612166e-08
9.716534910613667824e-09
8.268942535305394676e-09
7.071286191435610496e-09
5.969629947952400603e-09
4.931797736321637141e-09
4.161909832880378572e-09
3.477040577063170424e-09
2.897782249305232175e-09
2.435958698326400138e-09
1.999668157059964414e-09
1.661355838880600069e-09
