# cl_g_fnu_z_1
3.724080620023834400e-07
3.941300022719779417e-07
4.170879271630529777e-07
4.412882148145916741e-07
4.667111037087955878e-07
4.933157999722269915e-07
5.210761949267048819e-07
5.499430750923366470e-07
5.798238515912552089e-07
6.105935936194950961e-07
6.420900699579216698e-07
6.740965140655653148e-07
7.063902568566742369e-07
7.387730184333415063e-07
7.706594889216886205e-07
8.018615539811513802e-07
8.319502588003099924e-07
8.604708994675247656e-07
8.869197552893606574e-07
9.107537169023241406e-07
9.314733216509346477e-07
9.478799432295341165e-07
9.609949901749866575e-07
9.688834176683560438e-07
9.714135227056966646e-07
9.681835616781477909e-07
9.588839292058324796e-07
9.432924841287816014e-07
9.213321075336809157e-07
8.930956730979248939e-07
8.589573195567355118e-07
8.197564408930232693e-07
7.749464245968421116e-07
7.266547390862873493e-07
6.756166876383570735e-07
6.229352867552028143e-07
5.698649090551516009e-07
5.175120331590346141e-07
4.691964355787780144e-07
4.195235314618971092e-07
3.757236400127701874e-07
3.352734349427512437e-07
2.990402093194882017e-07
2.665655801938664571e-07
2.374354614380936059e-07
2.111497092632472104e-07
1.873504834380614308e-07
1.649772687924111822e-07
1.443761369567892917e-07
1.252781788953658937e-07
1.077869373008225939e-07
9.207456905470377716e-08
7.828233003928642548e-08
6.643228104847771634e-08
5.637433585425839969e-08
4.784328155757929705e-08
4.053000438615361962e-08
3.419395656359436947e-08
2.797599296347732526e-08
2.398930090765946308e-08
2.033322489177059322e-08
1.664695339634476015e-08
1.385152591798587111e-08
1.135444337858245199e-08
9.583057389031319337e-09
7.773756455363508524e-09
6.474495264834494629e-09
5.303121998462288200e-09
4.352949306909790103e-09
3.572506368033425101e-09
