# cl_g_fnu_z_3
9.124420156423117281e-09
9.750168719793691367e-09
1.042480002225567966e-08
1.115141631320326214e-08
1.193317554852676048e-08
1.277326468381099640e-08
1.367485243476976542e-08
1.464105433111847606e-08
1.567486906733804828e-08
1.677911412605831271e-08
1.795634620469492161e-08
1.920872240046248099e-08
2.053809159978736934e-08
2.194549839524837581e-08
2.343101725440045482e-08
2.499412966609817993e-08
2.663326422698161167e-08
2.834535692680196175e-08
3.012565782083790519e-08
3.196762219664305701e-08
3.386266729899502026e-08
3.579986240919422378e-08
3.776508875360820685e-08
3.974289482784154960e-08
4.171366910083220084e-08
4.365083795849507412e-08
4.552845113997665199e-08
4.731835622355012815e-08
4.898701612329002522e-08
5.049632262942682912e-08
5.181570224551883584e-08
5.289651909426463835e-08
5.369202940507374860e-08
5.416574714614556142e-08
5.430244389926942053e-08
5.405876890697734323e-08
5.337082601234445904e-08
5.226853774356254342e-08
5.073628527090781809e-08
4.878130353875848164e-08
4.642525526278897984e-08
4.372500321363642690e-08
4.075270480059107637e-08
3.757635652932097317e-08
3.429841063861240950e-08
3.102946356969299074e-08
2.787164961447495316e-08
2.487183789554276597e-08
2.214844291960451943e-08
1.973407225801795160e-08
1.763875279585820470e-08
1.583343770516299582e-08
1.423173243855314338e-08
1.280665970456418494e-08
1.147340700683333269e-08
1.016842418469203348e-08
8.873130450642597413e-09
7.623400870380258968e-09
6.461887499745090992e-09
5.455481287117869090e-09
4.618813758213672754e-09
3.959458683225360230e-09
3.410368647487924925e-09
2.918414486971635943e-09
2.467728560741099973e-09
2.059229081359585248e-09
1.714786739676264447e-09
1.440418112239540360e-09
1.208050728168960157e-09
1.008254041409073960e-09
