# cl_isw_fnu_z_01
1.912262300203800145e-11
1.525940366937065454e-11
1.213445502381680369e-11
9.616978918248291598e-12
7.596011151663986408e-12
5.980242379930652510e-12
4.693414958210431506e-12
3.671949409678316470e-12
2.863710580563935526e-12
2.226752615268266419e-12
1.726165258593282509e-12
1.334054839970919071e-12
1.027966025264816581e-12
7.896084155216692675e-13
6.047015468504149265e-13
4.615977756087655510e-13
3.511890643145120099e-13
2.662670912296399190e-13
2.011540803605558098e-13
1.513984411394605993e-13
1.135103482702047529e-13
8.473543670605819143e-14
6.297441472149277334e-14
4.657600483452089582e-14
3.426882934968446162e-14
2.507660212144748254e-14
1.824549541150126502e-14
1.319045746425813689e-14
9.473349101274954790e-15
6.756546443341955148e-15
4.779956605819810573e-15
3.356191687273782602e-15
2.337344875183780277e-15
1.612995532777296437e-15
1.103908647733389895e-15
7.486155995280197160e-16
5.034983455433357377e-16
3.358856646017138542e-16
2.224246494271275582e-16
1.463519673718102187e-16
9.580588905675043504e-17
6.240865320939717966e-17
4.052658386177184156e-17
2.625370560895543790e-17
1.693574674545557555e-17
1.090084002686315775e-17
6.999016672470319013e-18
4.489349337319574331e-18
2.878611422901447111e-18
1.846958107360107294e-18
1.185127440636159425e-18
7.592019793831098988e-19
4.856751564860056597e-19
3.108253345082655179e-19
1.993541155954999686e-19
1.280991744865606781e-19
8.266738079513710862e-20
5.366241530170825393e-20
3.500907858580427395e-20
2.289588073086260555e-20
1.495977083727236908e-20
9.726758393019515772e-21
6.287812433506364884e-21
4.075005205064128018e-21
2.678617677362523099e-21
1.783621911818817697e-21
1.200948069065847728e-21
7.974193426766615577e-22
5.158783012155628598e-22
3.313291774688294967e-22
