# cl_isw_fnu_z_3
1.913594778482585130e-11
1.527037169457944411e-11
1.214255057849669533e-11
9.623579187067187449e-12
7.600533537125366094e-12
5.983334239711909366e-12
4.695863186846679957e-12
3.673384027768573253e-12
2.864641476530959694e-12
2.227582474564568067e-12
1.726843159515308741e-12
1.334531239963941507e-12
1.028233830915072775e-12
7.898082661767700123e-13
6.047649215958145816e-13
4.616417697999141902e-13
3.511929225553893364e-13
2.662546888540647050e-13
2.011595218157883527e-13
1.514144673363197452e-13
1.135094516707564796e-13
8.473201187482996312e-14
6.297535218752997479e-14
4.657997948733894273e-14
3.427244555107563887e-14
2.507958487530083239e-14
1.824650438182621870e-14
1.319472626814054561e-14
9.476989990888022493e-15
6.758774344797220130e-15
4.781710795878263306e-15
3.357126180936721129e-15
2.338472477611422127e-15
1.613930647255729674e-15
1.104376291400697369e-15
7.491877270972619217e-16
5.039448318556332460e-16
3.362976855290357457e-16
2.227002595589828759e-16
1.465700246614524329e-16
9.598981544821156654e-17
6.255319705432726743e-17
4.061141754882693956e-17
2.631150634031704500e-17
1.698496857406923584e-17
1.093911907620308732e-17
7.029810906744725054e-18
4.512144723073983444e-18
2.895462295987656484e-18
1.860210964819778373e-18
1.194688835519341641e-18
7.661907259240368207e-19
4.907440157437260961e-19
3.145217044388669664e-19
2.020533018217375509e-19
1.301972140878799081e-19
8.420103929501893145e-20
5.482082175384302438e-20
3.589298786105818671e-20
2.357931977305443197e-20
1.548792815259112215e-20
1.011150547388241763e-20
6.571216400765698546e-21
4.259733027367271130e-21
2.799087242062318657e-21
1.870831463657116392e-21
1.265918037927366131e-21
8.456888716726584826e-22
5.501688776878124773e-22
3.532389525600174703e-22
