# cl_iswg_fnu_z_2
9.383664883361719150e-10
8.635862607548508022e-10
7.933509802060988506e-10
7.275708278528479691e-10
6.660526316303020787e-10
6.086040957493541768e-10
5.550780608169029473e-10
5.052971107777265354e-10
4.590968276085791172e-10
4.162899936855965600e-10
3.766889272638038476e-10
3.401300270202845773e-10
3.064329662006548508e-10
2.754158900169125959e-10
2.469436136428353099e-10
2.208550567774655483e-10
1.969979785499535901e-10
1.752084032015070366e-10
1.553443474463859614e-10
1.372890253404818068e-10
1.209280323341801572e-10
1.061061038253794414e-10
9.279924895334685012e-11
8.084450162428194142e-11
7.014297007332130076e-11
6.048726462074125045e-11
5.195135802731787978e-11
4.439439510998213971e-11
3.774390638051125966e-11
3.189562456389692223e-11
2.676993754048252079e-11
2.232081436840155055e-11
1.849414492305441608e-11
1.520173655128634243e-11
1.239809623637745502e-11
1.004729504913741317e-11
8.070316383186865234e-12
6.419216649703093728e-12
5.067985132616697770e-12
3.966236749729242150e-12
3.077744464439843874e-12
2.364659548980594292e-12
1.810952397842821050e-12
1.378657528277431647e-12
1.045573206601017597e-12
7.898037838476969877e-13
5.952433891885349650e-13
4.494931822902653523e-13
3.371332037679812929e-13
2.545984122612150988e-13
1.924636007359104438e-13
1.445339407335108280e-13
1.078074048245850935e-13
8.014219143460348113e-14
5.939307904065341752e-14
4.300289205958679441e-14
3.157728080778689656e-14
2.285206541154746173e-14
1.665933783231282918e-14
1.209615162294636910e-14
8.742160307671804822e-15
6.397503919707235976e-15
4.654217300271763979e-15
3.322845461484158544e-15
2.415952181190341944e-15
1.742223814005325522e-15
1.242697498978194499e-15
9.007156095492065917e-16
6.411055568482437017e-16
4.598690978758444764e-16
