# cl_iswg_fnu_z_01
3.240446838064997629e-08
2.884874987136453959e-08
2.507545821207890326e-08
2.121680018087186838e-08
1.819962677816845800e-08
1.551371143419430961e-08
1.349961399044685917e-08
1.137756343689509337e-08
9.259381479572607261e-09
7.022934897310575447e-09
5.764813400205155596e-09
4.708672981807345461e-09
3.831611075398744583e-09
3.107172389540064243e-09
2.511829751745618192e-09
2.029693660966630046e-09
1.631251958523219947e-09
1.300022031602006865e-09
1.026310470028607390e-09
7.998644702545967055e-10
6.132287738710134247e-10
4.603911357562207059e-10
3.400096138141084707e-10
2.495245781042594223e-10
1.845248863977906293e-10
1.386164825663910707e-10
1.055277808603582139e-10
8.055415357677127164e-11
6.086708075624276642e-11
4.617590737663407206e-11
3.528332884775730072e-11
2.665786303054434749e-11
1.916679145179137048e-11
1.323901110368716766e-11
9.121871259734220352e-12
6.402892070487292722e-12
4.714532364709709060e-12
3.612101808970623651e-12
2.668787429141603772e-12
1.831149161785295199e-12
1.215734931377727440e-12
8.621431992469392226e-13
6.461789180585629986e-13
4.525328265472579020e-13
3.022572864134530954e-13
2.174326604853609362e-13
1.543496411130570473e-13
1.037163168715130361e-13
7.367774258604169706e-14
5.078628067337080861e-14
3.529205728914669301e-14
2.427733774592116608e-14
1.679939877568175274e-14
1.159348768276493321e-14
7.945552956746109065e-15
5.467768949584712353e-15
3.755338329814812836e-15
2.564769508593210298e-15
1.752015601231145458e-15
1.203176817104653621e-15
8.254647012352506166e-16
5.621379391468816167e-16
3.823415471250307794e-16
2.608822451001649243e-16
1.774219491511750416e-16
1.200685793136703600e-16
8.150047441621441409e-17
5.565408051734627922e-17
3.781020971221312385e-17
2.552828852253417248e-17
