# cl_iswg_fnu_z_3
3.968429679392370738e-10
3.660078117206140241e-10
3.370676379108254829e-10
3.098899685858314722e-10
2.843440657139710564e-10
2.605630578719682326e-10
2.383759960236194677e-10
2.177115390817585900e-10
1.984953219489829511e-10
1.806575501389080983e-10
1.641100769448864309e-10
1.487910277703059119e-10
1.346246695996048439e-10
1.215387891660057074e-10
1.094913083066048665e-10
9.840656777034533143e-11
8.822958397481640310e-11
7.889919494737557160e-11
7.036096202477239474e-11
6.253442163200759481e-11
5.545223612708162969e-11
4.901713880206681921e-11
4.318445914973747059e-11
3.791449094809839344e-11
3.316638329619799010e-11
2.888940614615621891e-11
2.503167050446919666e-11
2.160964731304476445e-11
1.857018653398607706e-11
1.587320932105527218e-11
1.348831535157481473e-11
1.139480156934422766e-11
9.572090239584634887e-12
7.984746588564949731e-12
6.611641474459989527e-12
5.443295591033137921e-12
4.444058490255320328e-12
3.599012930525594463e-12
2.889321884087740962e-12
2.301050467213443595e-12
1.817142103903553633e-12
1.421136702533950529e-12
1.104132832935041710e-12
8.527747510758440354e-13
6.540065929916997528e-13
4.986743045262002305e-13
3.787166937604827731e-13
2.872274438893612707e-13
2.169816612409266255e-13
1.645345085248358022e-13
1.250305209675923563e-13
9.492202507937040934e-14
7.201294791594204901e-14
5.463587536609166506e-14
4.139534074696356721e-14
3.095509578018423769e-14
2.320821845217247891e-14
1.718363136362306309e-14
1.267303570571718788e-14
9.304798968334919181e-15
6.804394740925400154e-15
5.021841484076308664e-15
3.717207207408839647e-15
2.739181512503933058e-15
2.035014574607486749e-15
1.494939447067766043e-15
1.085847736388310881e-15
7.936071692590820260e-16
5.766956964574682183e-16
4.219591900883533141e-16
