# cl_iswg_fnu_z_1
3.396573964795772177e-09
3.110183305345096697e-09
2.841937630736702563e-09
2.591398464056648542e-09
2.357716341366217650e-09
2.140264236771302804e-09
1.938510489899087760e-09
1.751742197207442047e-09
1.579227931063601050e-09
1.420228885112944339e-09
1.273950946710394752e-09
1.139703553677130909e-09
1.016792649222395608e-09
9.044485525429092995e-10
8.020568139289000555e-10
7.090250163069347222e-10
6.245151539851361974e-10
5.479590314176541445e-10
4.788739113240563920e-10
4.167734847738835244e-10
3.611192910008519706e-10
3.113934748627553491e-10
2.673239285312785717e-10
2.285618809968608791e-10
1.938026042105059335e-10
1.635837918095421393e-10
1.372565296296031781e-10
1.144910706242439023e-10
9.482669363218686564e-11
7.789693986348785176e-11
6.347880455563954282e-11
5.137250315915679736e-11
4.121299065057821060e-11
3.276586672808989899e-11
2.586247131792067744e-11
2.025902081412224124e-11
1.575781663362261600e-11
1.218897099071450754e-11
9.306677325657421334e-12
7.073865044531156366e-12
5.320270120298866794e-12
4.021456589506644605e-12
3.030692805815536801e-12
2.287587084004730434e-12
1.721205317570841937e-12
1.290192252547412218e-12
9.597861506102687454e-13
7.138247646172356272e-13
5.327629723202945304e-13
3.971643544821720883e-13
2.914251483856417508e-13
2.142986780575713505e-13
1.510641343932781502e-13
1.098013909112227599e-13
7.959242602635058923e-14
5.656283196981696590e-14
4.009888993833297468e-14
2.918067409812724123e-14
2.036309482618836693e-14
1.473051549248857632e-14
1.072536201453111689e-14
7.537824936818563984e-15
5.259477530533023525e-15
3.705682820998201103e-15
2.675925584016396242e-15
1.843625749990950502e-15
1.309404392675133763e-15
9.223452313538779533e-16
6.417253083883640074e-16
4.495071199060437151e-16
