# ells_isw
2.000000000000000000e+00
3.200000000000000000e+01
6.200000000000000000e+01
9.200000000000000000e+01
1.220000000000000000e+02
1.520000000000000000e+02
1.820000000000000000e+02
2.120000000000000000e+02
2.420000000000000000e+02
2.720000000000000000e+02
3.020000000000000000e+02
3.320000000000000000e+02
3.620000000000000000e+02
3.920000000000000000e+02
4.220000000000000000e+02
4.520000000000000000e+02
4.820000000000000000e+02
5.120000000000000000e+02
5.420000000000000000e+02
5.720000000000000000e+02
