# kfnu_z_01
1.042168514686636627e-05
1.150836123997578397e-05
1.270834582101088017e-05
1.403345322614768520e-05
1.549673106637783349e-05
1.711258482828270644e-05
1.889692612166982144e-05
2.086732092720922083e-05
2.304317058587912470e-05
2.544589551689568907e-05
2.809915713442023844e-05
3.102907430729828775e-05
3.426449620747007430e-05
3.783727879635989666e-05
4.178259405307471752e-05
4.613929559127427638e-05
5.095026790513657033e-05
5.626288839266635478e-05
6.212945299921557307e-05
6.860773282824084163e-05
7.576150528620928526e-05
8.366120891878381371e-05
9.238462371286004782e-05
1.020176277961581945e-04
1.126550705521367490e-04
1.244016893906518817e-04
1.373731356579810381e-04
1.516971242381259799e-04
1.675146777415648103e-04
1.849815453169867396e-04
2.042697014985606074e-04
2.255690342281013727e-04
2.490892657078802586e-04
2.750619605649262667e-04
3.037428541574627161e-04
3.354143118485808372e-04
3.703881811816245317e-04
4.090088186785578728e-04
4.516564367804676294e-04
4.987509455531835556e-04
5.507560563273727894e-04
6.081837345845997334e-04
6.715994677506387234e-04
7.416275911964476109e-04
8.189575746655464172e-04
9.043508325703442097e-04
9.986481163650751114e-04
1.102777780033648014e-03
1.217765151523053646e-03
1.344742253422737122e-03
1.484959502704441547e-03
1.639797119423747063e-03
1.810779911465942860e-03
1.999591011554002762e-03
2.208089688792824745e-03
2.438328694552183151e-03
2.692574867978692055e-03
2.973331371322274208e-03
3.283362602815032005e-03
3.625720972195267677e-03
4.003777168691158295e-03
4.421253688633441925e-03
4.882261157035827637e-03
5.391337443143129349e-03
5.953495856374502182e-03
6.574270781129598618e-03
7.259774487465620041e-03
8.016755804419517517e-03
8.852668106555938721e-03
9.775741957128047943e-03
1.079506427049636841e-02
1.192067284137010574e-02
1.316364947706460953e-02
1.453623175621032715e-02
1.605193503201007843e-02
1.772568002343177795e-02
1.957394927740097046e-02
2.161493711173534393e-02
2.386874146759510040e-02
2.635755017399787903e-02
2.910587005317211151e-02
3.214075788855552673e-02
3.549209609627723694e-02
3.919288143515586853e-02
4.327954724431037903e-02
4.760750010609626770e-02
5.193545669317245483e-02
5.626341328024864197e-02
6.059136614203453064e-02
6.491932272911071777e-02
6.924727559089660645e-02
7.357522845268249512e-02
7.790318876504898071e-02
8.223114162683486938e-02
8.655909448862075806e-02
9.088705480098724365e-02
9.722315520048141479e-02
1.035592555999755859e-01
1.098953485488891602e-01
1.162314489483833313e-01
1.225675493478775024e-01
1.289036571979522705e-01
1.352397501468658447e-01
1.415758579969406128e-01
1.479119509458541870e-01
1.542480587959289551e-01
1.605841517448425293e-01
1.669202595949172974e-01
1.732563525438308716e-01
1.795924603939056396e-01
1.859285533428192139e-01
1.922646611928939819e-01
1.986007541418075562e-01
2.049368619918823242e-01
2.112729549407958984e-01
2.176090627908706665e-01
2.239451557397842407e-01
2.302812635898590088e-01
2.366173565387725830e-01
2.429534643888473511e-01
2.492895573377609253e-01
2.556256651878356934e-01
2.619617581367492676e-01
2.682978510856628418e-01
2.746339738368988037e-01
2.809700667858123779e-01
2.873061597347259521e-01
2.936422526836395264e-01
2.999783456325531006e-01
3.063144683837890625e-01
3.126505613327026367e-01
3.313544094562530518e-01
3.514305353164672852e-01
3.727230131626129150e-01
3.953055739402770996e-01
4.192563891410827637e-01
4.446583092212677002e-01
6.205706596374511719e-01
8.660761117935180664e-01
1.208706617355346680e+00
1.686885952949523926e+00
2.354238986968994141e+00
3.285605192184448242e+00
4.585431575775146484e+00
6.399485111236572266e+00
8.931200981140136719e+00
1.246449470520019531e+01
1.739560317993164062e+01
2.427752113342285156e+01
3.388201141357421875e+01
4.728615570068359375e+01
6.599314117431640625e+01
9.210085296630859375e+01
