# zfnu_z_1
0.000000000000000000e+00
2.204408817635270662e-02
4.408817635270541324e-02
6.613226452905812680e-02
8.817635270541082648e-02
1.102204408817635262e-01
1.322645290581162536e-01
1.543086172344689533e-01
1.763527054108216530e-01
1.983967935871743526e-01
2.204408817635270523e-01
2.424849699398797798e-01
2.645290581162325072e-01
2.865731462925851791e-01
3.086172344689379066e-01
3.306613226452905785e-01
3.527054108216433059e-01
3.747494989979960334e-01
3.967935871743487053e-01
4.188376753507014327e-01
4.408817635270541047e-01
4.629258517034068321e-01
4.849699398797595595e-01
5.070140280561122870e-01
5.290581162324650144e-01
5.511022044088176308e-01
5.731462925851703583e-01
5.951903807615230857e-01
6.172344689378758131e-01
6.392785571142285406e-01
6.613226452905811570e-01
6.833667334669338844e-01
7.054108216432866119e-01
7.274549098196393393e-01
7.494989979959920667e-01
7.715430861723446831e-01
7.935871743486974106e-01
8.156312625250501380e-01
8.376753507014028655e-01
8.597194388777555929e-01
8.817635270541082093e-01
9.038076152304609368e-01
9.258517034068136642e-01
9.478957915831663916e-01
9.699398797595191191e-01
9.919839679358718465e-01
1.014028056112224574e+00
1.036072144288577190e+00
1.058116232464930029e+00
1.080160320641282645e+00
1.102204408817635262e+00
1.124248496993988100e+00
1.146292585170340717e+00
1.168336673346693555e+00
1.190380761523046171e+00
1.212424849699398788e+00
1.234468937875751626e+00
1.256513026052104243e+00
1.278557114228457081e+00
1.300601202404809698e+00
1.322645290581162314e+00
1.344689378757515152e+00
1.366733466933867769e+00
1.388777555110220607e+00
1.410821643286573224e+00
1.432865731462925840e+00
1.454909819639278679e+00
1.476953907815631295e+00
1.498997995991984133e+00
1.521042084168336750e+00
1.543086172344689366e+00
1.565130260521042205e+00
1.587174348697394821e+00
1.609218436873747660e+00
1.631262525050100276e+00
1.653306613226452892e+00
1.675350701402805731e+00
1.697394789579158347e+00
1.719438877755511186e+00
1.741482965931863802e+00
1.763527054108216419e+00
1.785571142284569257e+00
1.807615230460921874e+00
1.829659318637274712e+00
1.851703406813627328e+00
1.873747494989980167e+00
1.895791583166332783e+00
1.917835671342685400e+00
1.939879759519038238e+00
1.961923847695390855e+00
1.983967935871743693e+00
2.006012024048096087e+00
2.028056112224449148e+00
2.050100200400801764e+00
2.072144288577154381e+00
2.094188376753506997e+00
2.116232464929860058e+00
2.138276553106212674e+00
2.160320641282565290e+00
2.182364729458917907e+00
2.204408817635270523e+00
2.226452905811623584e+00
2.248496993987976200e+00
2.270541082164328817e+00
2.292585170340681433e+00
2.314629258517034049e+00
2.336673346693387110e+00
2.358717434869739726e+00
2.380761523046092343e+00
2.402805611222444959e+00
2.424849699398797576e+00
2.446893787575150636e+00
2.468937875751503253e+00
2.490981963927855869e+00
2.513026052104208485e+00
2.535070140280561102e+00
2.557114228456914162e+00
2.579158316633266779e+00
2.601202404809619395e+00
2.623246492985972012e+00
2.645290581162324628e+00
2.667334669338677688e+00
2.689378757515030305e+00
2.711422845691382921e+00
2.733466933867735538e+00
2.755511022044088154e+00
2.777555110220441215e+00
2.799599198396793831e+00
2.821643286573146447e+00
2.843687374749499064e+00
2.865731462925851680e+00
2.887775551102204741e+00
2.909819639278557357e+00
2.931863727454909974e+00
2.953907815631262590e+00
2.975951903807615206e+00
2.997995991983968267e+00
3.020040080160320883e+00
3.042084168336673500e+00
3.064128256513026116e+00
3.086172344689378733e+00
3.108216432865731793e+00
3.130260521042084410e+00
3.152304609218437026e+00
3.174348697394789642e+00
3.196392785571142259e+00
3.218436873747495319e+00
3.240480961923847936e+00
3.262525050100200552e+00
3.284569138276553169e+00
3.306613226452905785e+00
3.328657314629258845e+00
3.350701402805611462e+00
3.372745490981964078e+00
3.394789579158316695e+00
3.416833667334669311e+00
3.438877755511022372e+00
3.460921843687374988e+00
3.482965931863727604e+00
3.505010020040080221e+00
3.527054108216432837e+00
3.549098196392785898e+00
3.571142284569138514e+00
3.593186372745491131e+00
3.615230460921843747e+00
3.637274549098196808e+00
3.659318637274549424e+00
3.681362725450902040e+00
3.703406813627254657e+00
3.725450901803607273e+00
3.747494989979960334e+00
3.769539078156312950e+00
3.791583166332665567e+00
3.813627254509018183e+00
3.835671342685370799e+00
3.857715430861723860e+00
3.879759519038076476e+00
3.901803607214429093e+00
3.923847695390781709e+00
3.945891783567134325e+00
3.967935871743487386e+00
3.989979959919840002e+00
4.012024048096192175e+00
4.034068136272545679e+00
4.056112224448898296e+00
4.078156312625250912e+00
4.100200400801603529e+00
4.122244488977956145e+00
4.144288577154308761e+00
4.166332665330661378e+00
4.188376753507013994e+00
4.210420841683366611e+00
4.232464929859720115e+00
4.254509018036072732e+00
4.276553106212425348e+00
4.298597194388777964e+00
4.320641282565130581e+00
4.342685370741483197e+00
4.364729458917835814e+00
4.386773547094188430e+00
4.408817635270541047e+00
4.430861723446893663e+00
4.452905811623247168e+00
4.474949899799599784e+00
4.496993987975952400e+00
4.519038076152305017e+00
4.541082164328657633e+00
4.563126252505010250e+00
4.585170340681362866e+00
4.607214428857715482e+00
4.629258517034068099e+00
4.651302605210420715e+00
4.673346693386774220e+00
4.695390781563126836e+00
4.717434869739479453e+00
4.739478957915832069e+00
4.761523046092184686e+00
4.783567134268537302e+00
4.805611222444889918e+00
4.827655310621242535e+00
4.849699398797595151e+00
4.871743486973947768e+00
4.893787575150301272e+00
4.915831663326653889e+00
4.937875751503006505e+00
4.959919839679359121e+00
4.981963927855711738e+00
5.004008016032064354e+00
5.026052104208416971e+00
5.048096192384769587e+00
5.070140280561122204e+00
5.092184368737474820e+00
5.114228456913828325e+00
5.136272545090180941e+00
5.158316633266533557e+00
5.180360721442886174e+00
5.202404809619238790e+00
5.224448897795591407e+00
5.246492985971944023e+00
5.268537074148296639e+00
5.290581162324649256e+00
5.312625250501001872e+00
5.334669338677355377e+00
5.356713426853707993e+00
5.378757515030060610e+00
5.400801603206413226e+00
5.422845691382765843e+00
5.444889779559118459e+00
5.466933867735471075e+00
5.488977955911823692e+00
5.511022044088176308e+00
5.533066132264528925e+00
5.555110220440882429e+00
5.577154308617235046e+00
5.599198396793587662e+00
5.621242484969940278e+00
5.643286573146292895e+00
5.665330661322645511e+00
5.687374749498998128e+00
5.709418837675350744e+00
5.731462925851703361e+00
5.753507014028056865e+00
5.775551102204409482e+00
5.797595190380762098e+00
5.819639278557114714e+00
5.841683366733467331e+00
5.863727454909819947e+00
5.885771543086172564e+00
5.907815631262525180e+00
5.929859719438877796e+00
5.951903807615230413e+00
5.973947895791583917e+00
5.995991983967936534e+00
6.018036072144289150e+00
6.040080160320641767e+00
6.062124248496994383e+00
6.084168336673347000e+00
6.106212424849699616e+00
6.128256513026052232e+00
6.150300601202404849e+00
6.172344689378757465e+00
6.194388777555110970e+00
6.216432865731463586e+00
6.238476953907816203e+00
6.260521042084168819e+00
6.282565130260521435e+00
6.304609218436874052e+00
6.326653306613226668e+00
6.348697394789579285e+00
6.370741482965931901e+00
6.392785571142284518e+00
6.414829659318638022e+00
6.436873747494990639e+00
6.458917835671343255e+00
6.480961923847695871e+00
6.503006012024048488e+00
6.525050100200401104e+00
6.547094188376753721e+00
6.569138276553106337e+00
6.591182364729458953e+00
6.613226452905811570e+00
6.635270541082165074e+00
6.657314629258517691e+00
6.679358717434870307e+00
6.701402805611222924e+00
6.723446893787575540e+00
6.745490981963928157e+00
6.767535070140280773e+00
6.789579158316633389e+00
6.811623246492986006e+00
6.833667334669338622e+00
6.855711422845692127e+00
6.877755511022044743e+00
6.899799599198397360e+00
6.921843687374749976e+00
6.943887775551102592e+00
6.965931863727455209e+00
6.987975951903807825e+00
7.010020040080160442e+00
7.032064128256513058e+00
7.054108216432865675e+00
7.076152304609219179e+00
7.098196392785571796e+00
7.120240480961924412e+00
7.142284569138277028e+00
7.164328657314629645e+00
7.186372745490982261e+00
7.208416833667334878e+00
7.230460921843687494e+00
7.252505010020040110e+00
7.274549098196393615e+00
7.296593186372746231e+00
7.318637274549098848e+00
7.340681362725451464e+00
7.362725450901804081e+00
7.384769539078156697e+00
7.406813627254509314e+00
7.428857715430861930e+00
7.450901803607214546e+00
7.472945891783567163e+00
7.494989979959920667e+00
7.517034068136273284e+00
7.539078156312625900e+00
7.561122244488978517e+00
7.583166332665331133e+00
7.605210420841683749e+00
7.627254509018036366e+00
7.649298597194388982e+00
7.671342685370741599e+00
7.693386773547094215e+00
7.715430861723447720e+00
7.737474949899800336e+00
7.759519038076152952e+00
7.781563126252505569e+00
7.803607214428858185e+00
7.825651302605210802e+00
7.847695390781563418e+00
7.869739478957916035e+00
7.891783567134268651e+00
7.913827655310621267e+00
7.935871743486974772e+00
7.957915831663327388e+00
7.979959919839680005e+00
8.002004008016031733e+00
8.024048096192384349e+00
8.046092184368738742e+00
8.068136272545091359e+00
8.090180360721443975e+00
8.112224448897796591e+00
8.134268537074149208e+00
8.156312625250501824e+00
8.178356713426854441e+00
8.200400801603207057e+00
8.222444889779559674e+00
8.244488977955912290e+00
8.266533066132264906e+00
8.288577154308617523e+00
8.310621242484970139e+00
8.332665330661322756e+00
8.354709418837675372e+00
8.376753507014027988e+00
8.398797595190380605e+00
8.420841683366733221e+00
8.442885771543085838e+00
8.464929859719440230e+00
8.486973947895792847e+00
8.509018036072145463e+00
8.531062124248498080e+00
8.553106212424850696e+00
8.575150300601203313e+00
8.597194388777555929e+00
8.619238476953908545e+00
8.641282565130261162e+00
8.663326653306613778e+00
8.685370741482966395e+00
8.707414829659319011e+00
8.729458917835671627e+00
8.751503006012024244e+00
8.773547094188376860e+00
8.795591182364729477e+00
8.817635270541082093e+00
8.839679358717434710e+00
8.861723446893787326e+00
8.883767535070139942e+00
8.905811623246494335e+00
8.927855711422846952e+00
8.949899799599199568e+00
8.971943887775552184e+00
8.993987975951904801e+00
9.016032064128257417e+00
9.038076152304610034e+00
9.060120240480962650e+00
9.082164328657315266e+00
9.104208416833667883e+00
9.126252505010020499e+00
9.148296593186373116e+00
9.170340681362725732e+00
9.192384769539078349e+00
9.214428857715430965e+00
9.236472945891783581e+00
9.258517034068136198e+00
9.280561122244488814e+00
9.302605210420841431e+00
9.324649298597194047e+00
9.346693386773548440e+00
9.368737474949901056e+00
9.390781563126253673e+00
9.412825651302606289e+00
9.434869739478958905e+00
9.456913827655311522e+00
9.478957915831664138e+00
9.501002004008016755e+00
9.523046092184369371e+00
9.545090180360721988e+00
9.567134268537074604e+00
9.589178356713427220e+00
9.611222444889779837e+00
9.633266533066132453e+00
9.655310621242485070e+00
9.677354709418837686e+00
9.699398797595190302e+00
9.721442885771542919e+00
9.743486973947895535e+00
9.765531062124248152e+00
9.787575150300602544e+00
9.809619238476955161e+00
9.831663326653307777e+00
9.853707414829660394e+00
9.875751503006013010e+00
9.897795591182365627e+00
9.919839679358718243e+00
9.941883767535070859e+00
9.963927855711423476e+00
9.985971943887776092e+00
1.000801603206412871e+01
1.003006012024048133e+01
1.005210420841683394e+01
1.007414829659318656e+01
1.009619238476953917e+01
1.011823647294589179e+01
1.014028056112224441e+01
1.016232464929859702e+01
1.018436873747494964e+01
1.020641282565130403e+01
1.022845691382765665e+01
1.025050100200400927e+01
1.027254509018036188e+01
1.029458917835671450e+01
1.031663326653306711e+01
1.033867735470941973e+01
1.036072144288577235e+01
1.038276553106212496e+01
1.040480961923847758e+01
1.042685370741483020e+01
1.044889779559118281e+01
1.047094188376753543e+01
1.049298597194388805e+01
1.051503006012024066e+01
1.053707414829659328e+01
1.055911823647294590e+01
1.058116232464929851e+01
1.060320641282565113e+01
1.062525050100200374e+01
1.064729458917835814e+01
1.066933867735471075e+01
1.069138276553106337e+01
1.071342685370741599e+01
1.073547094188376860e+01
1.075751503006012122e+01
1.077955911823647384e+01
1.080160320641282645e+01
1.082364729458917907e+01
1.084569138276553169e+01
1.086773547094188430e+01
1.088977955911823692e+01
1.091182364729458953e+01
1.093386773547094215e+01
1.095591182364729477e+01
1.097795591182364738e+01
1.100000000000000000e+01
