# d_l
# unit = Mpc
1.743059445597469457e+05
1.739163963357258763e+05
1.735269064495534403e+05
1.731374750675098330e+05
1.727481023566667282e+05
1.723587884848907124e+05
1.719695336208493973e+05
1.715803379340169486e+05
1.711912015946793254e+05
1.708021247739395185e+05
1.704131064649515320e+05
1.700241492013721436e+05
1.696352519746562175e+05
1.692464149592316244e+05
1.688576383303710900e+05
1.684689222641989181e+05
1.680802669376957347e+05
1.676916725287053559e+05
1.673031392159400857e+05
1.669146671789866523e+05
1.665262565983125824e+05
1.661379076552720217e+05
1.657496205321120506e+05
1.653613954119787668e+05
1.649732324789234553e+05
1.645851319179087004e+05
1.641970939148154866e+05
1.638091186564485251e+05
1.634212063305439951e+05
1.630333571257743461e+05
1.626455712317569996e+05
1.622578488390590064e+05
1.618701901392049913e+05
1.614825953246840509e+05
1.610950645889548468e+05
1.607075981264548318e+05
1.603201961326055753e+05
1.599328588038203306e+05
1.595455863375114277e+05
1.591583785618965630e+05
1.587712364179464639e+05
1.583841597347718489e+05
1.579971487138519005e+05
1.576102035577007337e+05
1.572233244698751951e+05
1.568365116549820814e+05
1.564497653186863754e+05
1.560630856677182310e+05
1.556764729098811804e+05
1.552899272540595266e+05
1.549034489102270163e+05
1.545170380894539994e+05
1.541306950039162766e+05
1.537444198669024045e+05
1.533582128928226302e+05
1.529720742972168664e+05
1.525860042967631016e+05
1.522000031092857826e+05
1.518140709537648363e+05
1.514282080503432080e+05
1.510424146203369019e+05
1.506566908862429555e+05
1.502710370717481128e+05
1.498854534017387778e+05
1.494999390537209983e+05
1.491144963556496950e+05
1.487291244840036670e+05
1.483438236685567535e+05
1.479585941403275065e+05
1.475734361315896676e+05
1.471883498758807837e+05
1.468033356080127414e+05
1.464183935640811105e+05
1.460335239814749511e+05
1.456487270988868549e+05
1.452640031563235389e+05
1.448793523951151583e+05
1.444947750579262793e+05
1.441102713887661521e+05
1.437258416329985484e+05
1.433414860373534320e+05
1.429572048499369412e+05
1.425729983202422445e+05
1.421888666991607752e+05
1.418048102389931155e+05
1.414208291934600275e+05
1.410369238177138614e+05
1.406530941599975049e+05
1.402693408958041400e+05
1.398856640755576664e+05
1.395020639602513402e+05
1.391185408123685920e+05
1.387350948958939407e+05
1.383517264763260901e+05
1.379684358206892211e+05
1.375852231975461182e+05
1.372020888770103920e+05
1.368190331307589950e+05
1.364360562320450263e+05
1.360531584557106835e+05
1.356703400782001263e+05
1.352876013775730389e+05
1.349049426335174649e+05
1.345223641273633402e+05
1.341398661420964345e+05
1.337574489623717964e+05
1.333751128745275782e+05
1.329928581665993552e+05
1.326106851283337455e+05
1.322285940512036032e+05
1.318465852284219291e+05
1.314646589549562195e+05
1.310828155275442987e+05
1.307010552447083901e+05
1.303193784067705419e+05
1.299377853158679063e+05
1.295562762759685138e+05
1.291748515928863053e+05
1.287935115742975759e+05
1.284122565297566471e+05
1.280310867707119760e+05
1.276500026105225406e+05
1.272690043644747784e+05
1.268880923497987242e+05
1.265072668856852979e+05
1.261265282933031267e+05
1.257458768958161672e+05
1.253653130184011243e+05
1.249848370823362347e+05
1.246044492266851303e+05
1.242241498789272882e+05
1.238439393724681140e+05
1.234638180428164778e+05
1.230837862276027445e+05
1.227038442665983894e+05
1.223239925017346977e+05
1.219442312771224824e+05
1.215645609390713798e+05
1.211849818361099897e+05
1.208054943190056947e+05
1.204260987407851208e+05
1.200467954567547422e+05
1.196675848245213274e+05
1.192884672040135483e+05
1.189094429575028043e+05
1.185305124496247736e+05
1.181516760474014591e+05
1.177729341202632786e+05
1.173942870400709216e+05
1.170157351811385888e+05
1.166372789202563290e+05
1.162589186367132206e+05
1.158806547123213968e+05
1.155024875314389210e+05
1.151244174809944234e+05
1.147464449505109660e+05
1.143685703321309702e+05
1.139907940206408239e+05
1.136131164134961291e+05
1.132355379108476482e+05
1.128580589155664784e+05
1.124806798332704930e+05
1.121034010723511747e+05
1.117262230439995765e+05
1.113491461622343777e+05
1.109721708439288486e+05
1.105952975088387320e+05
1.102185265796307067e+05
1.098418584819105745e+05
1.094652936442524660e+05
1.090888324982279009e+05
1.087124754784355755e+05
1.083362230225314852e+05
1.079600755712591636e+05
1.075840335684806050e+05
1.072080974612073769e+05
1.068322676996325317e+05
1.064565447371624614e+05
1.060809290304490714e+05
1.057054210394233232e+05
1.053300212273281795e+05
1.049547300607520592e+05
1.045795480096638494e+05
1.042044755474467529e+05
1.038295131509339117e+05
1.034546613004439423e+05
1.030799204798168357e+05
1.027052911764508608e+05
1.023307738813391625e+05
1.019563690891077858e+05
1.015820772980534239e+05
1.012078990101822565e+05
1.008338347312489350e+05
1.004598849707961781e+05
1.000860502421951824e+05
9.971233106268632400e+04
9.933872795342035533e+04
9.896524143950061989e+04
9.859187205002506380e+04
9.821862031812987698e+04
9.784548678103290149e+04
9.747247198007776751e+04
9.709957646077930985e+04
9.672680077286872256e+04
9.635414547034003772e+04
9.598161111149683711e+04
9.560919825900006981e+04
9.523690747991589888e+04
9.486473934576517786e+04
9.449269443257260718e+04
9.412077332091743301e+04
9.374897659598439350e+04
9.337730484761585831e+04
9.300575867036402633e+04
9.263433866354456404e+04
9.226304543129085505e+04
9.189187958260891901e+04
9.152084173143333464e+04
9.114993249668352655e+04
9.077915250232197286e+04
9.040850237741171441e+04
9.003798275617646868e+04
8.966759427805995801e+04
8.929733758778762422e+04
8.892721333542847424e+04
8.855722217645772616e+04
8.818736477182117233e+04
8.781764178799981892e+04
8.744805389707582071e+04
8.707860177679966728e+04
8.670928611065777659e+04
8.634010758794202411e+04
8.597106690381946100e+04
8.560216475940399687e+04
8.523340186182825710e+04
8.486477892431775399e+04
8.449629666626508697e+04
8.412795581330616551e+04
8.375975709739715967e+04
8.339170125689321139e+04
8.302378903662750963e+04
8.265602118799291202e+04
8.228839846902404679e+04
8.192092164448043332e+04
8.155359148593225109e+04
8.118640877184637066e+04
8.081937428767427627e+04
8.045248882594156021e+04
8.008575318633831921e+04
7.971916817581218493e+04
7.935273460866148525e+04
7.898645330663154891e+04
7.862032509901115554e+04
7.825435082273180888e+04
7.788853132246808673e+04
7.752286745073986822e+04
7.715736006801608892e+04
7.679201004282137728e+04
7.642681825184263289e+04
7.606178558003938815e+04
7.569691292075495585e+04
7.533220117583010870e+04
7.496765125571833050e+04
7.460326407960332290e+04
7.423904057551891310e+04
7.387498168047076615e+04
7.351108834056025080e+04
7.314736151111088111e+04
7.278380215679660614e+04
7.242041125177312642e+04
7.205718977981085482e+04
7.169413873443087505e+04
7.133125911904343229e+04
7.096855194708831550e+04
7.060601824217881949e+04
7.024365903824793349e+04
6.988147537969735276e+04
6.951946832154903677e+04
6.915763892960027442e+04
6.879598828058120853e+04
6.843451746231564903e+04
6.807322757388497121e+04
6.771211972579488065e+04
6.735119504014610720e+04
6.699045465080787835e+04
6.662989970359478320e+04
6.626953135644771100e+04
6.590935077961788920e+04
6.554935915585471957e+04
6.518955768059740512e+04
6.482994756217054965e+04
6.447053002198367176e+04
6.411130629473474255e+04
6.375227762861787050e+04
6.339344528553546843e+04
6.303481054131457495e+04
6.267637468592783262e+04
6.231813902371917357e+04
6.196010487363392895e+04
6.160227356945408246e+04
6.124464646003859525e+04
6.088722490956863476e+04
6.053001029779809323e+04
6.017300402030988334e+04
5.981620748877704318e+04
5.945962213123065158e+04
5.910324939233234181e+04
5.874709073365395307e+04
5.839114763396272610e+04
5.803542158951309102e+04
5.767991411434493784e+04
5.732462674058877019e+04
5.696956101877733454e+04
5.661471851816509297e+04
5.626010082705433160e+04
5.590570955312922888e+04
5.555154632379731629e+04
5.519761278653933550e+04
5.484391060926689534e+04
5.449044148068891081e+04
5.413720711068643141e+04
5.378420923069665150e+04
5.343144959410611045e+04
5.307892997665318399e+04
5.272665217684062372e+04
5.237461801635807933e+04
5.202282934051496704e+04
5.167128801868404116e+04
5.131999594475622871e+04
5.096895507179354900e+04
5.061816727412513865e+04
5.026763455792704190e+04
4.991735891993973200e+04
4.956734238387311052e+04
4.921758700093524385e+04
4.886809485037457489e+04
4.851886804003641009e+04
4.816990870693435863e+04
4.782121901783621433e+04
4.747280116986609937e+04
4.712465739112265146e+04
4.677678994131351647e+04
4.642920111240758706e+04
4.608189322930474009e+04
4.573486865052417124e+04
4.538812976891190192e+04
4.504167901236769831e+04
4.469551884459293069e+04
4.434965176585900917e+04
4.400408031379820022e+04
4.365880706421692594e+04
4.331383463193236821e+04
4.296916567163373838e+04
4.262480287876854709e+04
4.228074899045502389e+04
4.193700678642171988e+04
4.159357908997501363e+04
4.125046876899603376e+04
4.090767873696750758e+04
4.056521195403226739e+04
4.022307142808393837e+04
3.988126021589193260e+04
3.953978142426100385e+04
3.919863821122785157e+04
3.885783378729492688e+04
3.851737141670427081e+04
3.817725441875197430e+04
3.783748616914500599e+04
3.749807010140286729e+04
3.715900970830480946e+04
3.682030854338518111e+04
3.648197022247865971e+04
3.614399842531758622e+04
3.580639689718314185e+04
3.546916945061318256e+04
3.513231996716863796e+04
3.479585239926134818e+04
3.445977077204564557e+04
3.412407918537665682e+04
3.378878181583810510e+04
3.345388291884266073e+04
3.311938683080805640e+04
3.278529797141237941e+04
3.245162084593187683e+04
3.211836004766535916e+04
3.178552026044850572e+04
3.145310626126309216e+04
3.112112292294443978e+04
3.078957521699254721e+04
3.045846821649116464e+04
3.012780709914005638e+04
2.979759715040603987e+04
2.946784376679796696e+04
2.913855245927210490e+04
2.880972885677386512e+04
2.848137870992262833e+04
2.815350789484689085e+04
2.782612241717678626e+04
2.749922841620205145e+04
2.717283216920382256e+04
2.684694009596860997e+04
2.652155876349437312e+04
2.619669489089781928e+04
2.587235535453393095e+04
2.554854719333819594e+04
2.522527761440371978e+04
2.490255399880512050e+04
2.458038390768259342e+04
2.425877508859987211e+04
2.393773548219105214e+04
2.361727322911144802e+04
2.329739667730964720e+04
2.297811438963781984e+04
2.265943515181944895e+04
2.234136798079391883e+04
2.202392213345930213e+04
2.170710711583577358e+04
2.139093269267319192e+04
2.107540889752854127e+04
2.076054604333990937e+04
2.044635473352568806e+04
2.013284587363940955e+04
1.982003068361284022e+04
1.950792072096287666e+04
1.919652785186362598e+04
1.888586433078004484e+04
1.857594277059551314e+04
1.826677616989632224e+04
1.795837792955020632e+04
1.765076187016643962e+04
1.734394225049075976e+04
1.703793378679201123e+04
1.673275167330092518e+04
1.642841160376555854e+04
1.612492979419178664e+04
1.582232300684180518e+04
1.552060857556794326e+04
1.521980443256462240e+04
1.491992913662543106e+04
1.462100190299880160e+04
1.432304263494067163e+04
1.402607195706900711e+04
1.373011125063107102e+04
1.343518269080095524e+04
1.314130928613168544e+04
1.284851492029325891e+04
1.255682439623520804e+04
1.226626348291960130e+04
1.197685896477809365e+04
1.168863869405417063e+04
1.140163164619923191e+04
1.111586797849883624e+04
1.083137909211238366e+04
1.054819769771671236e+04
1.026635788495020824e+04
9.985895195859455271e+03
9.706846702555434604e+03
9.429251089289005904e+03
9.153148739157299133e+03
8.878581825652176121e+03
8.605594409258490487e+03
8.334232539304268357e+03
8.064544361254551404e+03
7.796580229626491928e+03
7.530392826683527346e+03
7.266037287040307092e+03
7.003571328276983877e+03
6.743055387619187968e+03
6.484552764688547541e+03
6.228129770265310981e+03
5.973855880928640545e+03
5.721803899349664789e+03
5.472050119905214160e+03
5.224674499155203193e+03
4.979760830581413757e+03
4.737396922818409621e+03
4.497674780416993599e+03
4.260690785965352006e+03
4.026545882151902788e+03
3.795345752086531775e+03
3.567200995903322564e+03
3.342227301349583740e+03
3.120545605725474616e+03
2.902282246179200683e+03
2.687569094991345082e+03
2.476543676105330178e+03
2.269349258790341082e+03
2.066134923970663294e+03
1.867055598437536901e+03
1.672272051894469541e+03
1.481950851596290931e+03
1.296264269249487597e+03
1.115390134872311592e+03
9.395116324942545134e+02
7.688170329316208154e+02
6.034993594333990359e+02
4.437559827691587202e+02
2.897881433423632416e+02
1.418003991632983229e+02
0.000000000000000000e+00
