# h
# unit = 1.0/Mpc
7.745113127060186675e-03
7.723276500302652878e-03
7.701460598953342902e-03
7.679665442279806110e-03
7.657891049605606952e-03
7.636137440310625073e-03
7.614404633831313787e-03
7.592692649660990646e-03
7.571001507350101113e-03
7.549331226506513469e-03
7.527681826795805907e-03
7.506053327941538886e-03
7.484445749725560440e-03
7.462859111988274195e-03
7.441293434628956822e-03
7.419748737606032124e-03
7.398225040937375478e-03
7.376722364700620017e-03
7.355240729033439388e-03
7.333780154133872145e-03
7.312340660260600173e-03
7.290922267733283488e-03
7.269524996932849072e-03
7.248148868301820466e-03
7.226793902344613545e-03
7.205460119627861773e-03
7.184147540780736266e-03
7.162856186495264975e-03
7.141586077526653614e-03
7.120337234693616991e-03
7.099109678878692993e-03
7.077903431028595600e-03
7.056718512154527140e-03
7.035554943332522626e-03
7.014412745703793237e-03
6.993291940475047236e-03
6.972192548918853400e-03
6.951114592373981889e-03
6.930058092245740785e-03
6.909023070006342117e-03
6.888009547195241868e-03
6.867017545419502531e-03
6.846047086354159136e-03
6.825098191742557524e-03
6.804170883396751593e-03
6.783265183197838104e-03
6.762381113096344390e-03
6.741518695112599588e-03
6.720677951337104133e-03
6.699858903930910534e-03
6.679061575126005006e-03
6.658285987225699525e-03
6.637532162604996983e-03
6.616800123711010125e-03
6.596089893063326708e-03
6.575401493254428437e-03
6.554734946950078675e-03
6.534090276889721431e-03
6.513467505886902029e-03
6.492866656829658287e-03
6.472287752680942058e-03
6.451730816479038164e-03
6.431195871337975524e-03
6.410682940447949563e-03
6.390192047075751551e-03
6.369723214565196218e-03
6.349276466337549357e-03
6.328851825891971053e-03
6.308449316805948490e-03
6.288068962735744380e-03
6.267710787416835849e-03
6.247374814664372403e-03
6.227061068373623484e-03
6.206769572520439912e-03
6.186500351161706643e-03
6.166253428435821554e-03
6.146028828563151677e-03
6.125826575846517186e-03
6.105646694671650228e-03
6.085489209507697131e-03
6.065354144907682439e-03
6.045241525509013718e-03
6.025151376033962940e-03
6.005083721290171289e-03
5.985038586171142691e-03
5.965015995656749483e-03
5.945015974813752831e-03
5.925041318771926205e-03
5.905086503497169667e-03
5.885154333630930254e-03
5.865244834592676579e-03
5.845358031891369904e-03
5.825493951126003642e-03
5.805652617986133308e-03
5.785834058252435977e-03
5.766038297797250640e-03
5.746265362585129856e-03
5.726515278673415671e-03
5.706788072212779991e-03
5.687083769447820458e-03
5.667402396717613824e-03
5.647743980456304894e-03
5.628108547193688520e-03
5.608496123555801148e-03
5.588906736265513223e-03
5.569340412143136340e-03
5.549797178107017392e-03
5.530277061174159597e-03
5.510780088460832254e-03
5.491306287183201316e-03
5.471855684657945217e-03
5.452428308302901920e-03
5.433024185637695160e-03
5.413643344284387558e-03
5.394285811968133754e-03
5.374951616517822245e-03
5.355640785866760609e-03
5.336353348053328623e-03
5.317089331221653940e-03
5.297848763622302511e-03
5.278631673612959457e-03
5.259438089659127305e-03
5.240268040334821603e-03
5.221121554323280428e-03
5.201998660417684293e-03
5.182899387521869121e-03
5.163823764651053957e-03
5.144771820932582569e-03
5.125743585606659831e-03
5.106739088027096793e-03
5.087758357662075688e-03
5.068801424094907145e-03
5.049868317024793461e-03
5.030959066267625714e-03
5.012073701756750502e-03
4.993212253543773127e-03
4.974374751799356432e-03
4.955561226814021378e-03
4.936771708998978839e-03
4.918006228886944060e-03
4.899264817132971926e-03
4.880547504515297431e-03
4.861854321936180494e-03
4.843185300422775917e-03
4.824540471127992079e-03
4.805919865331363498e-03
4.787323514439944215e-03
4.768751449989185563e-03
4.750203703643859909e-03
4.731680307198951434e-03
4.713181292580586809e-03
4.694706691846971085e-03
4.676256537189307956e-03
4.657830860932772078e-03
4.639429695537449286e-03
4.621053073599322783e-03
4.602701027851237650e-03
4.584373591163893973e-03
4.566070796546857317e-03
4.547792677149554465e-03
4.529539266262303833e-03
4.511310597317347640e-03
4.493106703889883195e-03
4.474927619699134093e-03
4.456773378609406658e-03
4.438644014631167208e-03
4.420539561922127124e-03
4.402460054788348738e-03
4.384405527685360758e-03
4.366376015219271094e-03
4.348371552147916978e-03
4.330392173381999478e-03
4.312437913986261369e-03
4.294508809180649402e-03
4.276604894341506057e-03
4.258726205002776044e-03
4.240872776857210202e-03
4.223044645757601488e-03
4.205241847718027906e-03
4.187464418915098907e-03
4.169712395689240819e-03
4.151985814545964930e-03
4.134284712157178070e-03
4.116609125362492329e-03
4.098959091170561661e-03
4.081334646760415019e-03
4.063735829482823317e-03
4.046162676861679401e-03
4.028615226595384097e-03
4.011093516558258271e-03
3.993597584801967040e-03
3.976127469556963931e-03
3.958683209233945441e-03
3.941264842425336833e-03
3.923872407906775321e-03
3.906505944638637498e-03
3.889165491767548975e-03
3.871851088627953439e-03
3.854562774743675643e-03
3.837300589829498697e-03
3.820064573792784305e-03
3.802854766735090392e-03
3.785671208953822128e-03
3.768513940943895961e-03
3.751383003399431405e-03
3.734278437215457578e-03
3.717200283489639247e-03
3.700148583524038443e-03
3.683123378826883877e-03
3.666124711114368551e-03
3.649152622312461670e-03
3.632207154558770440e-03
3.615288350204388414e-03
3.598396251815798048e-03
3.581530902176783670e-03
3.564692344290368298e-03
3.547880621380783417e-03
3.531095776895462179e-03
3.514337854507055582e-03
3.497606898115477279e-03
3.480902951849976137e-03
3.464226060071236984e-03
3.447576267373508255e-03
3.430953618586761282e-03
3.414358158778874313e-03
3.397789933257845587e-03
3.381248987574045437e-03
3.364735367522490948e-03
3.348249119145154870e-03
3.331790288733306200e-03
3.315358922829879807e-03
3.298955068231891174e-03
3.282578771992868041e-03
3.266230081425329761e-03
3.249909044103297447e-03
3.233615707864833169e-03
3.217350120814633802e-03
3.201112331326637882e-03
3.184902388046688404e-03
3.168720339895228152e-03
3.152566236070034056e-03
3.136440126048988409e-03
3.120342059592903870e-03
3.104272086748366237e-03
3.088230257850650088e-03
3.072216623526649159e-03
3.056231234697870912e-03
3.040274142583464061e-03
3.024345398703300741e-03
3.008445054881096845e-03
2.992573163247591768e-03
2.976729776243761550e-03
2.960914946624094903e-03
2.945128727459912169e-03
2.929371172142747164e-03
2.913642334387761112e-03
2.897942268237235081e-03
2.882271028064098406e-03
2.866628668575524341e-03
2.851015244816577313e-03
2.835430812173923495e-03
2.819875426379595158e-03
2.804349143514826143e-03
2.788852020013935906e-03
2.773384112668291629e-03
2.757945478630326706e-03
2.742536175417626017e-03
2.727156260917087526e-03
2.711805793389138967e-03
2.696484831472043854e-03
2.681193434186261281e-03
2.665931660938898520e-03
2.650699571528224770e-03
2.635497226148266446e-03
2.620324685393495261e-03
2.605182010263570533e-03
2.590069262168195104e-03
2.574986502932031986e-03
2.559933794799721610e-03
2.544911200440987988e-03
2.529918782955824664e-03
2.514956605879787362e-03
2.500024733189376829e-03
2.485123229307516224e-03
2.470252159109136061e-03
2.455411587926854561e-03
2.440601581556764259e-03
2.425822206264329622e-03
2.411073528790395708e-03
2.396355616357303490e-03
2.381668536675123158e-03
2.367012357948012312e-03
2.352387148880683877e-03
2.337792978685011500e-03
2.323229917086750730e-03
2.308698034332398123e-03
2.294197401196188240e-03
2.279728088987209057e-03
2.265290169556691269e-03
2.250883715305406450e-03
2.236508799191240862e-03
2.222165494736908897e-03
2.207853876037822651e-03
2.193574017770131505e-03
2.179325995198913915e-03
2.165109884186547026e-03
2.150925761201251049e-03
2.136773703325801042e-03
2.122653788266437754e-03
2.108566094361951498e-03
2.094510700592975075e-03
2.080487686591457521e-03
2.066497132650359052e-03
2.052539119733545053e-03
2.038613729485899955e-03
2.024721044243665315e-03
2.010861147044998645e-03
1.997034121640776840e-03
1.983240052505634218e-03
1.969479024849249502e-03
1.955751124627893005e-03
1.942056438556231642e-03
1.928395054119407806e-03
1.914767059585397325e-03
1.901172544017651041e-03
1.887611597288038449e-03
1.874084310090087324e-03
1.860590773952546005e-03
1.847131081253263135e-03
1.833705325233400468e-03
1.820313600011993051e-03
1.806956000600858959e-03
1.793632622919877221e-03
1.780343563812639574e-03
1.767088921062490809e-03
1.753868793408974378e-03
1.740683280564679809e-03
1.727532483232528367e-03
1.714416503123493028e-03
1.701335442974769713e-03
1.688289406568428165e-03
1.675278498750531640e-03
1.662302825450770070e-03
1.649362493702604543e-03
1.636457611663944336e-03
1.623588288638379718e-03
1.610754635096979829e-03
1.597956762700686014e-03
1.585194784323311215e-03
1.572468814075169080e-03
1.559778967327361170e-03
1.547125360736729656e-03
1.534508112271516702e-03
1.521927341237743316e-03
1.509383168306337609e-03
1.496875715541033701e-03
1.484405106427081397e-03
1.471971465900778547e-03
1.459574920379869264e-03
1.447215597794835077e-03
1.434893627621105280e-03
1.422609140912236983e-03
1.410362270334078114e-03
1.398153150199967767e-03
1.385981916507006027e-03
1.373848706973430749e-03
1.361753661077152273e-03
1.349696920095473825e-03
1.337678627146063511e-03
1.325698927229206981e-03
1.313757967271404932e-03
1.301855896170356439e-03
1.289992864841389046e-03
1.278169026265391561e-03
1.266384535538306365e-03
1.254639549922245646e-03
1.242934228898293992e-03
1.231268734221065012e-03
1.219643229975092644e-03
1.208057882633110491e-03
1.196512861116319796e-03
1.185008336856710259e-03
1.173544483861525605e-03
1.162121478779968480e-03
1.150739500972220971e-03
1.139398732580896786e-03
1.128099358605016587e-03
1.116841566976612288e-03
1.105625548640081770e-03
1.094451497634402193e-03
1.083319611178322484e-03
1.072230089758681578e-03
1.061183137221961056e-03
1.050178960869239128e-03
1.039217771554672848e-03
1.028299783787681556e-03
1.017425215838981857e-03
1.006594289850653873e-03
9.958072319504100798e-04
9.850642723702631842e-04
9.743656455697824589e-04
9.637115903641511362e-04
9.531023500572375880e-04
9.425381725799127433e-04
9.320193106338439193e-04
9.215460218410267924e-04
9.111185688993052008e-04
9.007372197441668518e-04
8.904022477170917297e-04
8.801139317407637207e-04
8.698725565014585716e-04
8.596784126389419006e-04
8.495317969442249626e-04
8.394330125655437638e-04
8.293823692229413194e-04
8.193801834318556205e-04
8.094267787361288840e-04
7.995224859508801149e-04
7.896676434156910335e-04
7.798625972585945592e-04
7.701077016713525495e-04
7.604033191965557876e-04
7.507498210270783460e-04
7.411475873184629037e-04
7.315970075148185833e-04
7.220984806888457262e-04
7.126524158966244648e-04
7.032592325478245537e-04
6.939193607920214569e-04
6.846332419218173525e-04
6.754013287935019261e-04
6.662240862659933550e-04
6.571019916588306765e-04
6.480355352299985985e-04
6.390252206743872801e-04
6.300715656436955709e-04
6.211751022885968242e-04
6.123363778239942047e-04
6.035559551181801608e-04
5.948344133067190670e-04
5.861723484318434206e-04
5.775703741081378208e-04
5.690291222152427846e-04
5.605492436182600352e-04
5.521314089164831157e-04
5.437763092209835008e-04
5.354846569614931523e-04
5.272571867228850349e-04
5.190946561114088021e-04
5.109978466506528115e-04
5.029675647069796343e-04
4.950046424439219061e-04
4.871099388047246074e-04
4.792843405218442975e-04
4.715287631518106553e-04
4.638441521333526679e-04
4.562314838661346355e-04
4.486917668067869893e-04
4.412260425781715863e-04
4.338353870869635391e-04
4.265209116436431192e-04
4.192837640778950339e-04
4.121251298411347536e-04
4.050462330864749235e-04
3.980483377148375619e-04
3.911327483741325025e-04
3.843008113964312350e-04
3.775539156558475667e-04
3.708934933273973938e-04
3.643210205244257704e-04
3.578380177892603246e-04
3.514460504085752590e-04
3.451467285215318432e-04
3.389417069851190407e-04
3.328326849572661728e-04
3.268214051542896008e-04
3.209096527350989631e-04
3.150992537604280349e-04
3.093920731712260989e-04
3.037900122264057773e-04
2.982950053365060472e-04
2.929090162267025958e-04
2.876340333601729591e-04
2.824720645513639035e-04
2.774251306984893924e-04
2.724952585659316719e-04
2.676844725504602630e-04
2.629947853707010458e-04
2.584281876274415780e-04
2.539866361935092139e-04
2.496720414064471094e-04
2.454862530552918368e-04
2.414310451746153096e-04
2.375080996846805847e-04
2.337189889459503867e-04
2.300651573289716554e-04
2.265479019362610946e-04
2.231683526504210061e-04
2.199274517212018905e-04
2.168259331422175474e-04
