# mu
5.120656099307927889e+01
5.120170263981380998e+01
5.119683412233705866e+01
5.119195539869359379e+01
5.118706642666953144e+01
5.118216716379040321e+01
5.117725756731899622e+01
5.117233759425321438e+01
5.116740720132391118e+01
5.116246634499260892e+01
5.115751496642899099e+01
5.115255305159862331e+01
5.114758054111283769e+01
5.114259739033352758e+01
5.113760355434192206e+01
5.113259898793623393e+01
5.112758364562930069e+01
5.112255748164615454e+01
5.111752044992164201e+01
5.111247250409793708e+01
5.110741359752210400e+01
5.110234368324355358e+01
5.109726271401154918e+01
5.109217064227266292e+01
5.108706742016815383e+01
5.108195299953138147e+01
5.107682733188518398e+01
5.107169036843919940e+01
5.106654206008715846e+01
5.106138235740418452e+01
5.105621121064405088e+01
5.105102856973637415e+01
5.104583438428380049e+01
5.104062860355921316e+01
5.103541117650279091e+01
5.103018205171915866e+01
5.102494117747443880e+01
5.101968850169325975e+01
5.101442397195579304e+01
5.100914753044388306e+01
5.100385913414450556e+01
5.099855872453201755e+01
5.099324624777800352e+01
5.098792164969411544e+01
5.098258487572880426e+01
5.097723587096410824e+01
5.097187458011237027e+01
5.096650094751295512e+01
5.096111491712882469e+01
5.095571643254324812e+01
5.095030543695630598e+01
5.094488187318145123e+01
5.093944568364201331e+01
5.093399681036764548e+01
5.092853519499075077e+01
5.092306077874283687e+01
5.091757350245089953e+01
5.091207330653367080e+01
5.090656013099786747e+01
5.090103391543444644e+01
5.089549459901473938e+01
5.088994212048656607e+01
5.088437641817030510e+01
5.087879742995497168e+01
5.087320507806351344e+01
5.086759932998243983e+01
5.086198010704053019e+01
5.085634734536057522e+01
5.085070098061341781e+01
5.084504094801368979e+01
5.083936718231551311e+01
5.083367961780815847e+01
5.082797818831160441e+01
5.082226282717211063e+01
5.081653346725766340e+01
5.081079004095347074e+01
5.080503248015726570e+01
5.079926071627470208e+01
5.079347468021456535e+01
5.078767430238400493e+01
5.078185951268369536e+01
5.077603024050291225e+01
5.077018641471458693e+01
5.076432796367025446e+01
5.075845481519500169e+01
5.075256689658228026e+01
5.074666413458871261e+01
5.074074645221219271e+01
5.073481378155571520e+01
5.072886604451424830e+01
5.072290316564367174e+01
5.071692506893604957e+01
5.071093167781393873e+01
5.070492291512476157e+01
5.069889870313501490e+01
5.069285896352450038e+01
5.068680361738037732e+01
5.068073258519123669e+01
5.067464578684102605e+01
5.066854314160293882e+01
5.066242456813321837e+01
5.065628998446491948e+01
5.065013930800146369e+01
5.064397245551027993e+01
5.063778934311628177e+01
5.063158988629520252e+01
5.062537399986698716e+01
5.061914159798895696e+01
5.061289259414899533e+01
5.060662690115854900e+01
5.060034443114564340e+01
5.059404509554768481e+01
5.058772880510433367e+01
5.058139546985007939e+01
5.057504499910687912e+01
5.056867730147665441e+01
5.056229228483366001e+01
5.055588985631676735e+01
5.054946992232167702e+01
5.054303238849297486e+01
5.053657715971612419e+01
5.053010414010931584e+01
5.052361323301526141e+01
5.051710434099282310e+01
5.051057736580854396e+01
5.050403220842808594e+01
5.049746876900754700e+01
5.049088694688462198e+01
5.048428664220408990e+01
5.047766774934046907e+01
5.047103016678782694e+01
5.046437379051976535e+01
5.045769851564564590e+01
5.045100423640098342e+01
5.044429084613776126e+01
5.043755823731463295e+01
5.043080630148691057e+01
5.042403492929652487e+01
5.041724401046173654e+01
5.041043343376675523e+01
5.040360308705123771e+01
5.039675285719957287e+01
5.038988263013005309e+01
5.038299229078394603e+01
5.037608172311426102e+01
5.036915081007452244e+01
5.036219943360728024e+01
5.035522747463248550e+01
5.034823481303571668e+01
5.034122132765617152e+01
5.033418689627458775e+01
5.032713139560087967e+01
5.032005470126171076e+01
5.031295668778774655e+01
5.030583722860086482e+01
5.029869619600106034e+01
5.029153346115322165e+01
5.028434889407373021e+01
5.027714236361675404e+01
5.026991373746050584e+01
5.026266288209312449e+01
5.025538966279844999e+01
5.024809394364160653e+01
5.024077558745423744e+01
5.023343445581966904e+01
5.022607040905776898e+01
5.021868330620957011e+01
5.021127300502170243e+01
5.020383936193056229e+01
5.019638223204623984e+01
5.018890146913621209e+01
5.018139692560875886e+01
5.017386845249617977e+01
5.016631589943764880e+01
5.015873911466194102e+01
5.015113794496977562e+01
5.014351223571592442e+01
5.013586183079104330e+01
5.012818657260320521e+01
5.012048630205919864e+01
5.011276085854542828e+01
5.010501007990858824e+01
5.009723380243600133e+01
5.008943186083568122e+01
5.008160408821598963e+01
5.007375031606507321e+01
5.006587037422989539e+01
5.005796409089495569e+01
5.005003129256066075e+01
5.004207180402132593e+01
5.003408544834286431e+01
5.002607204684007058e+01
5.001803141905354266e+01
5.000996338272619823e+01
5.000186775377946446e+01
4.999374434628902009e+01
4.998559297246013955e+01
4.997741344260266061e+01
4.996920556510547584e+01
4.996096914641066178e+01
4.995270399098709646e+01
4.994440990130371461e+01
4.993608667780225119e+01
4.992773411886949475e+01
4.991935202080917122e+01
4.991094017781324510e+01
4.990249838193277299e+01
4.989402642304822422e+01
4.988552408883933964e+01
4.987699116475442196e+01
4.986842743397909317e+01
4.985983267740451197e+01
4.985120667359504409e+01
4.984254919875539258e+01
4.983386002669700332e+01
4.982513892880411532e+01
4.981638567399895123e+01
4.980760002870648151e+01
4.979878175681845676e+01
4.978993061965680766e+01
4.978104637593639126e+01
4.977212878172709054e+01
4.976317759041515387e+01
4.975419255266393037e+01
4.974517341637375978e+01
4.973611992664123704e+01
4.972703182571765979e+01
4.971790885296677232e+01
4.970875074482158595e+01
4.969955723474058118e+01
4.969032805316292922e+01
4.968106292746298180e+01
4.967176158190382296e+01
4.966242373758998951e+01
4.965304911241928210e+01
4.964363742103365240e+01
4.963418837476913836e+01
4.962470168160486139e+01
4.961517704611103596e+01
4.960561416939592050e+01
4.959601274905185164e+01
4.958637247910007062e+01
4.957669304993461878e+01
4.956697414826501102e+01
4.955721545705786468e+01
4.954741665547732055e+01
4.953757741882427013e+01
4.952769741847443186e+01
4.951777632181509148e+01
4.950781379218067002e+01
4.949780948878691333e+01
4.948776306666376001e+01
4.947767417658688771e+01
4.946754246500779573e+01
4.945736757398246652e+01
4.944714914109860615e+01
4.943688679940130726e+01
4.942658017731720577e+01
4.941622889857706014e+01
4.940583258213668216e+01
4.939539084209619091e+01
4.938490328761760395e+01
4.937436952284068070e+01
4.936378914679689700e+01
4.935316175332165045e+01
4.934248693096456861e+01
4.933176426289783478e+01
4.932099332682262371e+01
4.931017369487332758e+01
4.929930493351989185e+01
4.928838660346787748e+01
4.927741825955632748e+01
4.926639945065342374e+01
4.925532971954974926e+01
4.924420860284926960e+01
4.923303563085774215e+01
4.922181032746870244e+01
4.921053221004680722e+01
4.919920078930861962e+01
4.918781556920050946e+01
4.917637604677391039e+01
4.916488171205763535e+01
4.915333204792717936e+01
4.914172652997109481e+01
4.913006462635414806e+01
4.911834579767730702e+01
4.910656949683443884e+01
4.909473516886554734e+01
4.908284225080659979e+01
4.907089017153568733e+01
4.905887835161554023e+01
4.904680620313219919e+01
4.903467312952982127e+01
4.902247852544140017e+01
4.901022177651539380e+01
4.899790225923801756e+01
4.898551934075123171e+01
4.897307237866615282e+01
4.896056072087176858e+01
4.894798370533891330e+01
4.893534065991930504e+01
4.892263090213943144e+01
4.890985373898920585e+01
4.889700846670524470e+01
4.888409437054855289e+01
4.887111072457643957e+01
4.885805679140850089e+01
4.884493182198653471e+01
4.883173505532813152e+01
4.881846571827371406e+01
4.880512302522695478e+01
4.879170617788817310e+01
4.877821436498067698e+01
4.876464676196967218e+01
4.875100253077354040e+01
4.873728081946734392e+01
4.872348076197809519e+01
4.870960147777174143e+01
4.869564207153139535e+01
4.868160163282668407e+01
4.866747923577383972e+01
4.865327393868613370e+01
4.863898478371458367e+01
4.862461079647828655e+01
4.861015098568427106e+01
4.859560434273640794e+01
4.858096984133293716e+01
4.856624643705239919e+01
4.855143306692734484e+01
4.853652865046209541e+01
4.852153208329495726e+01
4.850644224565400719e+01
4.849125799586789043e+01
4.847597817139079268e+01
4.846060158829396158e+01
4.844512704074168141e+01
4.842955330045118956e+01
4.841387911613598760e+01
4.839810321293180806e+01
4.838222429180475359e+01
4.836624102894077737e+01
4.835015207511594326e+01
4.833395605504657055e+01
4.831765156671876582e+01
4.830123718069616245e+01
4.828471143940544152e+01
4.826807285639843315e+01
4.825131991559008071e+01
4.823445107047123770e+01
4.821746474329533783e+01
4.820035932423780878e+01
4.818313317052729161e+01
4.816578460554735841e+01
4.814831191790763398e+01
4.813071336048304971e+01
4.811298714941987953e+01
4.809513146310719378e+01
4.807714444111232410e+01
4.805902418307881163e+01
4.804076874758514748e+01
4.802237615096283463e+01
4.800384436607178884e+01
4.798517132103145144e+01
4.796635489790556761e+01
4.794739293133854119e+01
4.792828320714141910e+01
4.790902346082503982e+01
4.788961137607817165e+01
4.787004458318803302e+01
4.785032065740061569e+01
4.783043711721806091e+01
4.781039142263018960e+01
4.779018097327708858e+01
4.776980310653959805e+01
4.774925509555414038e+01
4.772853414714857223e+01
4.770763739969493145e+01
4.768656192087537704e+01
4.766530470535683861e+01
4.764386267237014749e+01
4.762223266318870429e+01
4.760041143850177292e+01
4.757839567567716443e+01
4.755618196590761215e+01
4.753376681123494052e+01
4.751114662144568968e+01
4.748831771083163744e+01
4.746527629480804222e+01
4.744201848638206087e+01
4.741854029246351843e+01
4.739483761000938955e+01
4.737090622199309564e+01
4.734674179318901110e+01
4.732233986576192564e+01
4.729769585465075465e+01
4.727280504273472417e+01
4.724766257576995088e+01
4.722226345708311612e+01
4.719660254200825023e+01
4.717067453205169869e+01
4.714447396876924046e+01
4.711799522733828383e+01
4.709123250980684361e+01
4.706417983799973825e+01
4.703683104606101750e+01
4.700917977261018876e+01
4.698121945248810505e+01
4.695294330806667915e+01
4.692434434009459920e+01
4.689541531804925967e+01
4.686614876996267043e+01
4.683653697168685426e+01
4.680657193556143625e+01
4.677624539844328666e+01
4.674554880905483145e+01
4.671447331460419150e+01
4.668300974662660252e+01
4.665114860599235413e+01
4.661888004702188937e+01
4.658619386064383150e+01
4.655307945652629087e+01
4.651952584410550884e+01
4.648552161242979253e+01
4.645105490988001407e+01
4.641611341665819879e+01
4.638068432773418692e+01
4.634475432203578293e+01
4.630830953611528145e+01
4.627133553469115412e+01
4.623381727917677608e+01
4.619573909402885192e+01
4.615708463073217160e+01
4.611783682921852545e+01
4.607797787649754184e+01
4.603748916225389820e+01
4.599635123113982615e+01
4.595454373146303340e+01
4.591204535993765035e+01
4.586883380212908889e+01
4.582488566818278031e+01
4.578017642337985649e+01
4.573468031300983228e+01
4.568837028099056141e+01
4.564121788159707194e+01
4.559319318358277684e+01
4.554426466588756028e+01
4.549439910402448106e+01
4.544356144611946036e+01
4.539171467744228750e+01
4.533881967211102904e+01
4.528483503046949465e+01
4.522971690042684401e+01
4.517341878080142692e+01
4.511589130442327189e+01
4.505708199841093631e+01
4.499693501864013001e+01
4.493539085495074659e+01
4.487238600307945546e+01
4.480785259864002512e+01
4.474171800767665275e+01
4.467390436735931303e+01
4.460432806923585503e+01
4.453289917605649606e+01
4.445952076148144272e+01
4.438408815989536294e+01
4.430648811098215845e+01
4.422659778053131419e+01
4.414428363498306851e+01
4.405940014225026857e+01
4.397178826508332605e+01
4.388127370527391236e+01
4.378766484678545368e+01
4.369075033272201836e+01
4.359029619389232835e+01
4.348604242418710442e+01
4.337769886808573006e+01
4.326494024551958262e+01
4.314740008496399071e+01
4.302466326102880601e+01
4.289625672906717568e+01
4.276163790294690159e+01
4.262017991235448733e+01
4.247115267015603024e+01
4.231369822589390139e+01
4.214679819194432042e+01
4.196922995782551169e+01
4.177950670043115622e+01
4.157579339333000235e+01
4.135578625427432087e+01
4.111653465805514429e+01
4.085416900325544987e+01
4.056346775063911991e+01
4.023713399515880695e+01
3.986451080827526994e+01
3.942911498221419464e+01
3.890338406732269760e+01
3.823572110655369016e+01
3.731040306188134537e+01
3.575838726686477997e+01
-inf
