# d_a
# unit = Mpc
6.222097104833466119e+02
6.245919899839170739e+02
6.269928960243785241e+02
6.294126473139256177e+02
6.318514659486651226e+02
6.343095774756376386e+02
6.367872109582207258e+02
6.392845990429625544e+02
6.418019780278669941e+02
6.443395879321698203e+02
6.468976725676401429e+02
6.494764796114427554e+02
6.520762606805941459e+02
6.546972714080553715e+02
6.573397715204924907e+02
6.600040249177504847e+02
6.626902997540707929e+02
6.653988685211070333e+02
6.681300081327548241e+02
6.708840000118718763e+02
6.736611301788983610e+02
6.764616893424376940e+02
6.792859729918410494e+02
6.821342814918360773e+02
6.850069201792423428e+02
6.879041994618330591e+02
6.908264349193680118e+02
6.937739474068723666e+02
6.967470631601822788e+02
6.997461139038269948e+02
7.027714369612850760e+02
7.058233753676679498e+02
7.089022779848804703e+02
7.120084996193148754e+02
7.151424011421177056e+02
7.183043496120898226e+02
7.214947184012698926e+02
7.247138873232522656e+02
7.279622427642865432e+02
7.312401778172172726e+02
7.345480924183121942e+02
7.378863934870286130e+02
7.412554950687650717e+02
7.446558184806604004e+02
7.480877924604737927e+02
7.515518533186005925e+02
7.550484450932704021e+02
7.585780197089695776e+02
7.621410371381329014e+02
7.657379655661439983e+02
7.693692815596750734e+02
7.730354702384213397e+02
7.767370260117459111e+02
7.804744504874107633e+02
7.842482560948693617e+02
7.880589639517413616e+02
7.919071046389462936e+02
7.957932183932185808e+02
7.997178553031141064e+02
8.036815755085090132e+02
8.076849494035747057e+02
8.117285578431964268e+02
8.158129923528000518e+02
8.199388553415395791e+02
8.241067603187811983e+02
8.283173321138117444e+02
8.325712070986677418e+02
8.368690334139860170e+02
8.412114711977407069e+02
8.455991928167098877e+02
8.500328831005085704e+02
8.545132395779733088e+02
8.590409727156743429e+02
8.636168061582901601e+02
8.682414769705527533e+02
8.729157358804147862e+02
8.776403475230767981e+02
8.824160906854357336e+02
8.872437585504874278e+02
8.921241589411429231e+02
8.970581145628793820e+02
9.020464632445410871e+02
9.070900581765788502e+02
9.121897681458888201e+02
9.173464777663562018e+02
9.225610877040934383e+02
9.278345148962444000e+02
9.331676927621456343e+02
9.385615714054425780e+02
9.440171178056863255e+02
9.495353159977040605e+02
9.551171672369304133e+02
9.607636901486338274e+02
9.664759208588118327e+02
9.722549131042554791e+02
9.781017383190510373e+02
9.840174856945014881e+02
9.900032622091231360e+02
9.960601926250494671e+02
1.002189419446790907e+03
1.008392102837861785e+03
1.014669420490364018e+03
1.021022567442066588e+03
1.027452755834980280e+03
1.033961214608825912e+03
1.040549189122044481e+03
1.047217940692320553e+03
1.053968746047677996e+03
1.060802896678336310e+03
1.067721698078424197e+03
1.074726468865566176e+03
1.081818539765044761e+03
1.088999252443860087e+03
1.096269958178427487e+03
1.103632016337936420e+03
1.111086792663446886e+03
1.118635657320662403e+03
1.126279982701921426e+03
1.134021140950269455e+03
1.141860501175533955e+03
1.149799426328951995e+03
1.157839269699252782e+03
1.165981370988886283e+03
1.174227051924510306e+03
1.182577611350606503e+03
1.191034319749291399e+03
1.199598413122869943e+03
1.208271086168302418e+03
1.217053484664552798e+03
1.225946696984487289e+03
1.234951744632543978e+03
1.244069571697635411e+03
1.253301033874739232e+03
1.262646882178408532e+03
1.272107753228204501e+03
1.281684149620506105e+03
1.291376422626073236e+03
1.301184751933372581e+03
1.311109123045557908e+03
1.321149302049530434e+03
1.331304807439120395e+03
1.341574878632961827e+03
1.351958440780249248e+03
1.362454065393416840e+03
1.373059926284791345e+03
1.383773750213176299e+03
1.394592761564734701e+03
1.405513620298716432e+03
1.416532352280541090e+03
1.427644271000214076e+03
1.438843889530148317e+03
1.450124821410102413e+03
1.461479668954139015e+03
1.472899897250809772e+03
1.484375691867743626e+03
1.495895797969082878e+03
1.507447338201138564e+03
1.519015606289142852e+03
1.530583832805234351e+03
1.542132919001779555e+03
1.553641133939377141e+03
1.565083769356551329e+03
1.576432745805918103e+03
1.587656162492276280e+03
1.598717781959011063e+03
1.609576439240790478e+03
1.620185363284810137e+03
1.630491396281629477e+03
1.640434093969008018e+03
1.649944687714467136e+03
1.658944879560361869e+03
1.667345455342341666e+03
1.675044664100305454e+03
1.681926338198297799e+03
1.687857700589190699e+03
1.692686803261478644e+03
1.696239528486437848e+03
1.698316070624862050e+03
1.698686799328719189e+03
1.697087384230646649e+03
1.693213035680282474e+03
1.686711684487347839e+03
1.677175884270557162e+03
1.664133170582651474e+03
1.647034548279306364e+03
1.625240698058078351e+03
1.598005388052147509e+03
1.564455436874710813e+03
1.523566385400810987e+03
1.474132772282163614e+03
1.414731535590368367e+03
1.343676520912713841e+03
1.258961269598223453e+03
1.158186035800936907e+03
1.038463086850327272e+03
8.962913666570194664e+02
7.273868621396422895e+02
5.264473500720747552e+02
2.868176048843019430e+02
0.000000000000000000e+00
