# d_l
# unit = Mpc
1.592856858837366744e+05
1.583925446207134810e+05
1.574997415132962633e+05
1.566072789940631774e+05
1.557151595248660014e+05
1.548233855973281898e+05
1.539319597333513957e+05
1.530408844856355281e+05
1.521501624382087321e+05
1.512597962069697678e+05
1.503697884402426134e+05
1.494801418193436693e+05
1.485908590591613902e+05
1.477019429087499448e+05
1.468133961519351287e+05
1.459252216079360223e+05
1.450374221319991047e+05
1.441500006160497142e+05
1.432629599893548584e+05
1.423763032192059036e+05
1.414900333116147958e+05
1.406041533120271633e+05
1.397186663060531428e+05
1.388335754202156677e+05
1.379488838227158994e+05
1.370645947242191469e+05
1.361807113786574046e+05
1.352972370840543590e+05
1.344141751833688759e+05
1.335315290653603151e+05
1.326493021654752956e+05
1.317674979667566367e+05
1.308861200007751904e+05
1.300051718485864258e+05
1.291246571417099622e+05
1.282445795631351648e+05
1.273649428483527881e+05
1.264857507864137297e+05
1.256070072210145881e+05
1.247287160516127478e+05
1.238508812345709739e+05
1.229735067843323050e+05
1.220965967746261013e+05
1.212201553397076932e+05
1.203441866756312811e+05
1.194686950415572646e+05
1.185936847610960540e+05
1.177191602236890176e+05
1.168451258860280359e+05
1.159715862735150586e+05
1.150985459817618103e+05
1.142260096781345346e+05
1.133539821852856549e+05
1.124824681505582994e+05
1.116114725528882554e+05
1.107410003629890562e+05
1.098710566317398188e+05
1.090016464920191211e+05
1.081327751605927333e+05
1.072644479400582786e+05
1.063966702208493080e+05
1.055294474832998239e+05
1.046627852997721784e+05
1.037966893368509191e+05
1.029311653576047829e+05
1.020662192239200085e+05
1.012018568989066407e+05
1.003380844493819459e+05
9.947490804843348451e+04
9.861233397806425637e+04
9.775036863192493911e+04
9.688901851813518442e+04
9.602829026219816296e+04
9.516819061001214141e+04
9.430872643098369008e+04
9.344990472124532971e+04
9.259173260698397644e+04
9.173421734788313915e+04
9.087736634068464627e+04
9.002118712287480594e+04
8.916568737650111143e+04
8.831087493212337722e+04
8.745675777290792030e+04
8.660334403886842483e+04
8.575064203126259963e+04
8.489866021715009992e+04
8.404740723411893123e+04
8.319689189519037609e+04
8.234712319390731864e+04
8.149811030961837969e+04
8.064986261296363955e+04
7.980238967157478328e+04
7.895570125599746825e+04
7.810980734584898164e+04
7.726471813622099580e+04
7.642044404434098396e+04
7.557699571650489816e+04
7.473438403529461357e+04
7.389262012709525879e+04
7.305171536992817710e+04
7.221168140161527845e+04
7.137253012829371437e+04
7.053427373329816328e+04
6.969692468643165193e+04
6.886049575364677003e+04
6.802500000715807255e+04
6.719045083601203805e+04
6.635686195713891357e+04
6.552424742691576103e+04
6.469262165326807008e+04
6.386199940834373410e+04
6.303239584179220401e+04
6.220382649468574527e+04
6.137630731412118621e+04
6.054985466854479455e+04
5.972448536384481122e+04
5.890021666026049934e+04
5.807706629015969520e+04
5.725505247674060956e+04
5.643419395371975406e+04
5.561450998606975918e+04
5.479602039187952323e+04
5.397874556541150378e+04
5.316270650144047977e+04
5.234792482096260937e+04
5.153442279837214301e+04
5.072222339021251537e+04
4.991135026561555424e+04
4.910182783855500747e+04
4.829368130205036869e+04
4.748693666446994030e+04
4.668162078809599916e+04
4.587776145858345990e+04
4.507538731143510813e+04
4.427452805960346450e+04
4.347521441848394898e+04
4.267747819100417109e+04
4.188135232416114741e+04
4.108687096949686384e+04
4.029406954785800190e+04
3.950298481882231863e+04
3.871365495521531557e+04
3.792611962318707810e+04
3.714042006837116060e+04
3.635659920870687347e+04
3.557470173457187047e+04
3.479477421694841905e+04
3.401686522443175636e+04
3.324102544998604571e+04
3.246730784846502866e+04
3.169576778603979983e+04
3.092646320282158194e+04
3.015945479013220029e+04
2.939480618406497524e+04
2.863258417719665522e+04
2.787285895056247682e+04
2.711570432829589845e+04
2.636119805766916761e+04
2.560942211765907996e+04
2.486046305961099642e+04
2.411441238409741345e+04
2.337136695867426170e+04
2.263142948194735436e+04
2.189470900018798056e+04
2.116132148370360301e+04
2.043139047130121980e+04
1.970504779250632055e+04
1.898243437875504605e+04
1.826370117660058531e+04
1.754901018686450334e+04
1.683853559275181760e+04
1.613246514013350316e+04
1.543100159537428226e+04
1.473436446488956426e+04
1.404279194362071939e+04
1.335654314209110998e+04
1.267590063640217159e+04
1.200117339258432912e+04
1.133270012462943487e+04
1.067085315423386237e+04
1.001604284958259086e+04
9.368722730019986557e+03
8.729395332499434517e+03
8.098618943154443514e+03
7.477015301418160561e+03
6.865278382158364366e+03
6.264184349376610953e+03
5.674602747610421829e+03
5.097508946745431786e+03
4.533997772701189206e+03
3.985298128439158518e+03
3.452788223645833568e+03
2.938010774757945910e+03
2.442687202245651861e+03
1.968729443912405259e+03
1.518247548463915564e+03
1.093550774585130284e+03
6.971396046849744152e+02
3.316860441221558062e+02
0.000000000000000000e+00
