# cl_iswg_fnu_z_2
9.383670660612276365e-10
8.636067162327347827e-10
7.933973701228946779e-10
7.275939828250039929e-10
6.660460849621967330e-10
6.086058340670948343e-10
5.551028841333202781e-10
5.053176168245791682e-10
4.591098240574085383e-10
4.163024181895631065e-10
3.766958810609376678e-10
3.401273543250377300e-10
3.064412942051749788e-10
2.754306516541755743e-10
2.469472112931808137e-10
2.208547972118540236e-10
1.969992162376919303e-10
1.752026869231038492e-10
1.553376111334269735e-10
1.372860863413436803e-10
1.209252514528980789e-10
1.061115596227383982e-10
9.280018976685309419e-11
8.085087533689518461e-11
7.014750988789996180e-11
6.048721535651841523e-11
5.195247284669777533e-11
4.439579797394537537e-11
3.774378325635316878e-11
3.189462363282604800e-11
2.677114720795103603e-11
2.232310326875772911e-11
1.849354383400068974e-11
1.520093182215048293e-11
1.239782496935287776e-11
1.004746459247437088e-11
8.069420735098282488e-12
6.419250017267478223e-12
5.067960404892314067e-12
3.966462168986518204e-12
3.077907964837079867e-12
2.364748217203414974e-12
1.810933731882756992e-12
1.378700652764130185e-12
1.045548862042277783e-12
7.898517444780121471e-13
5.952333351499721928e-13
4.494915684259032074e-13
3.371461009660128644e-13
2.545878298399841502e-13
1.924695924477744231e-13
1.445227976794605835e-13
1.077931943251826708e-13
8.014426179097814106e-14
5.938504048425637455e-14
4.299945722068694608e-14
3.157562563795557061e-14
2.285045468391251217e-14
1.665798364529974298e-14
1.209502145904779005e-14
8.742547728433102595e-15
6.397538350618932103e-15
4.653979964409957238e-15
3.322829622395084327e-15
2.415907912965815094e-15
1.742143110710972701e-15
1.242586331670052667e-15
9.009772831857346921e-16
6.410816377476865049e-16
4.599282418157336514e-16
