# cl_isw_fnu_z_2
1.913606712387864846e-11
1.527054225607706065e-11
1.214282185931655302e-11
9.623641357362592409e-12
7.600605643167369169e-12
5.983521968542754966e-12
4.695727444146683756e-12
3.673592112133906247e-12
2.865052772241283774e-12
2.227502168916993740e-12
1.726783290020890996e-12
1.334560275175265837e-12
1.028236634228321091e-12
7.897843445911956053e-13
6.047685380913232893e-13
4.615992894786000357e-13
3.511783531144395961e-13
2.662822911235011351e-13
2.011555578167736152e-13
1.514054934263414847e-13
1.135085462396777380e-13
8.473330600571075364e-14
6.297143193467431781e-14
4.657677027965294821e-14
3.427420813484578321e-14
2.508063749255781768e-14
1.824702090586654820e-14
1.319378249706880659e-14
9.475567097594610843e-15
6.758494164071209308e-15
4.782238935991744468e-15
3.357013431187713187e-15
2.338463846988613657e-15
1.613925681749827364e-15
1.104380899721829350e-15
7.492619703341020301e-16
5.039394330348220202e-16
3.362762746152501463e-16
2.227298148750921154e-16
1.465333480028405504e-16
9.595601485468350164e-17
6.254985622737565610e-17
4.061552580785319318e-17
2.631903563016701396e-17
1.699139021593563730e-17
1.094136261505978343e-17
7.029815291645756006e-18
4.513142579210828060e-18
2.896206585329920422e-18
1.860115294405471558e-18
1.194507645964695786e-18
7.661922087627185776e-19
4.906290417643112410e-19
3.145283988150555340e-19
2.020357498415415521e-19
1.301854011112111766e-19
8.420151557374918357e-20
5.481361194748393629e-20
3.589455342344959509e-20
2.358182069287224020e-20
1.548742897862039022e-20
1.011536287585039700e-20
6.567633284665661430e-21
4.261210746584803194e-21
2.799038160846129726e-21
1.870355712828185366e-21
1.264127242501166974e-21
8.457581438618587086e-22
5.505009737995377141e-22
3.531496990003713176e-22
