# kfnu_z_2
1.042168514686636627e-05
1.150836123997578397e-05
1.270834582101088017e-05
1.403345322614768520e-05
1.549673106637783349e-05
1.711258482828270644e-05
1.889692612166982144e-05
2.086732092720922083e-05
2.304317058587912470e-05
2.544589551689568907e-05
2.809915713442023844e-05
3.102907430729828775e-05
3.426449620747007430e-05
3.783727879635989666e-05
4.178259405307471752e-05
4.613929559127427638e-05
5.095026790513657033e-05
5.626288839266635478e-05
6.212945299921557307e-05
6.860773282824084163e-05
7.576150528620928526e-05
8.366120891878381371e-05
9.238462371286004782e-05
1.020176277961581945e-04
1.126550705521367490e-04
1.244016893906518817e-04
1.373731356579810381e-04
1.516971242381259799e-04
1.675146777415648103e-04
1.849815453169867396e-04
2.042697014985606074e-04
2.255690342281013727e-04
2.490892657078802586e-04
2.750619605649262667e-04
3.037428541574627161e-04
3.354143118485808372e-04
3.703881811816245317e-04
4.090088186785578728e-04
4.516564367804676294e-04
4.987509455531835556e-04
5.507560563273727894e-04
6.081837345845997334e-04
6.715994677506387234e-04
7.416275911964476109e-04
8.189575746655464172e-04
9.043508325703442097e-04
9.986481163650751114e-04
1.102777780033648014e-03
1.217765151523053646e-03
1.344742253422737122e-03
1.484959502704441547e-03
1.639797119423747063e-03
1.810779911465942860e-03
1.999591011554002762e-03
2.208089688792824745e-03
2.438328694552183151e-03
2.692574867978692055e-03
2.973331371322274208e-03
3.283362602815032005e-03
3.625720972195267677e-03
4.003777168691158295e-03
4.421253688633441925e-03
4.882261157035827637e-03
5.391337443143129349e-03
5.953495856374502182e-03
6.574270781129598618e-03
7.259774487465620041e-03
8.016755804419517517e-03
8.852668106555938721e-03
9.775741957128047943e-03
1.079506427049636841e-02
1.192067284137010574e-02
1.316364947706460953e-02
1.453623175621032715e-02
1.605193503201007843e-02
1.772568002343177795e-02
1.957394927740097046e-02
2.161493711173534393e-02
2.386874146759510040e-02
2.635755017399787903e-02
2.910587005317211151e-02
3.214075788855552673e-02
3.549209609627723694e-02
3.919288143515586853e-02
4.327954724431037903e-02
4.760750010609626770e-02
5.193545669317245483e-02
5.626341328024864197e-02
6.059136614203453064e-02
6.491932272911071777e-02
6.924727559089660645e-02
7.357522845268249512e-02
7.790318876504898071e-02
8.223114162683486938e-02
8.655909448862075806e-02
9.088705480098724365e-02
9.732577204704284668e-02
1.037644967436790466e-01
1.102032214403152466e-01
1.166419461369514465e-01
1.230806708335876465e-01
1.295193880796432495e-01
1.359581202268600464e-01
1.423968374729156494e-01
1.488355696201324463e-01
1.552742868661880493e-01
1.617130190134048462e-01
1.681517362594604492e-01
1.745904535055160522e-01
1.810291856527328491e-01
1.874679028987884521e-01
1.939066350460052490e-01
2.003453522920608521e-01
2.067840844392776489e-01
2.132228016853332520e-01
2.196615189313888550e-01
2.261002510786056519e-01
2.325389683246612549e-01
2.389777004718780518e-01
2.454164177179336548e-01
2.518551349639892578e-01
2.582938671112060547e-01
2.647325992584228516e-01
2.711713016033172607e-01
2.776100337505340576e-01
2.840487658977508545e-01
2.904874980449676514e-01
2.969262003898620605e-01
3.033649325370788574e-01
3.098036646842956543e-01
3.162423968315124512e-01
3.226810991764068604e-01
3.291198313236236572e-01
3.355585634708404541e-01
3.419972658157348633e-01
3.484359979629516602e-01
3.548747301101684570e-01
3.613134622573852539e-01
3.677521646022796631e-01
3.741908967494964600e-01
3.806296288967132568e-01
3.870683312416076660e-01
3.935070633888244629e-01
3.999457955360412598e-01
4.063845276832580566e-01
4.128232300281524658e-01
4.192619621753692627e-01
4.257006943225860596e-01
4.321393966674804688e-01
4.385781288146972656e-01
4.450168609619140625e-01
4.514555931091308594e-01
4.578942954540252686e-01
4.643330276012420654e-01
4.707717597484588623e-01
4.772104620933532715e-01
4.836491942405700684e-01
4.900879263877868652e-01
4.965266585350036621e-01
5.029653906822204590e-01
5.094041228294372559e-01
5.158427953720092773e-01
5.222815275192260742e-01
5.287202596664428711e-01
5.351589918136596680e-01
5.415977239608764648e-01
5.480364561080932617e-01
5.544751882553100586e-01
5.609138607978820801e-01
5.673525929450988770e-01
5.737913250923156738e-01
5.802300572395324707e-01
5.866687893867492676e-01
5.931075215339660645e-01
5.995462536811828613e-01
6.059849262237548828e-01
6.124236583709716797e-01
6.188623905181884766e-01
6.253011226654052734e-01
6.754024028778076172e-01
7.295179963111877441e-01
8.660761117935180664e-01
1.208706617355346680e+00
1.686885952949523926e+00
2.354238986968994141e+00
3.285605192184448242e+00
4.585431575775146484e+00
6.399485111236572266e+00
8.931200981140136719e+00
1.246449470520019531e+01
1.739560317993164062e+01
2.427752113342285156e+01
3.388201141357421875e+01
4.728615570068359375e+01
6.599314117431640625e+01
9.210085296630859375e+01
