# k_h
1.047815112542593852e-05
1.157265069196000695e-05
1.278147738048573956e-05
1.411657194694271311e-05
1.559112570248544216e-05
1.721970329526811838e-05
1.901839459605980664e-05
2.100496931234374642e-05
2.319905252079479396e-05
2.562231929914560169e-05
2.829870936693623662e-05
3.125466537312604487e-05
3.451938391663134098e-05
3.812511931755580008e-05
4.210749830235727131e-05
4.650585469789803028e-05
5.136364416102878749e-05
5.672885527019388974e-05
6.265449337661266327e-05
6.919909355929121375e-05
7.642731361556798220e-05
8.441056706942617893e-05
9.322771074948832393e-05
1.029658524203114212e-04
1.137211947934702039e-04
1.255999959539622068e-04
1.387195952702313662e-04
1.532096066512167454e-04
1.692131772870197892e-04
1.868884137365967035e-04
2.064099389826878905e-04
2.279705659020692110e-04
2.517833490855991840e-04
2.780834911391139030e-04
3.071308019571006298e-04
3.392123035155236721e-04
3.746448492165654898e-04
4.137785581406205893e-04
4.569999582599848509e-04
5.047360900789499283e-04
5.574585520662367344e-04
6.156880990602076054e-04
6.800000555813312531e-04
7.510297582484781742e-04
8.294789586216211319e-04
9.161225170828402042e-04
1.011816435493528843e-03
1.117506180889904499e-03
1.234235824085772038e-03
1.363158458843827248e-03
1.505547785200178623e-03
1.662810449488461018e-03
1.836500014178454876e-03
2.028332557529211044e-03
2.240202855318784714e-03
2.474204171448945999e-03
2.732648281380534172e-03
3.018088173121213913e-03
3.333343891426920891e-03
3.681529778987169266e-03
4.066085442900657654e-03
4.490810446441173553e-03
4.959899932146072388e-03
5.477988626807928085e-03
6.050194147974252701e-03
6.682169623672962189e-03
7.380158640444278717e-03
8.151056244969367981e-03
9.002478793263435364e-03
9.942836128175258636e-03
1.098142005503177643e-02
1.212848909199237823e-02
1.339537557214498520e-02
1.479459553956985474e-02
1.633997075259685516e-02
1.804677024483680725e-02
1.993185281753540039e-02
2.201384305953979492e-02
2.431331016123294830e-02
2.685296721756458282e-02
2.965790592133998871e-02
3.275583311915397644e-02
3.617735952138900757e-02
3.995628282427787781e-02
4.412993416190147400e-02
4.854292795062065125e-02
5.295591801404953003e-02
5.736891180276870728e-02
6.178190559148788452e-02
6.619489938020706177e-02
7.060789316892623901e-02
7.502088695764541626e-02
7.943388074636459351e-02
8.384687453508377075e-02
8.825986832380294800e-02
9.267286211252212524e-02
9.920192509889602661e-02
1.057309880852699280e-01
1.122600510716438293e-01
1.187891140580177307e-01
1.253181844949722290e-01
1.318472474813461304e-01
1.383763104677200317e-01
1.449053734540939331e-01
1.514344364404678345e-01
1.579634994268417358e-01
1.644925624132156372e-01
1.710216253995895386e-01
1.775506883859634399e-01
1.840797513723373413e-01
1.906088143587112427e-01
1.971378773450851440e-01
2.036669403314590454e-01
2.101960033178329468e-01
2.167250663042068481e-01
2.232541292905807495e-01
2.297832071781158447e-01
2.363122701644897461e-01
2.428413331508636475e-01
2.493703961372375488e-01
2.558994591236114502e-01
2.624285221099853516e-01
2.689575850963592529e-01
2.754866480827331543e-01
2.820157110691070557e-01
2.885447740554809570e-01
2.950738370418548584e-01
3.016029000282287598e-01
3.081319630146026611e-01
3.146610260009765625e-01
3.211900889873504639e-01
3.277191519737243652e-01
3.342482149600982666e-01
3.407772779464721680e-01
3.473063409328460693e-01
3.538354039192199707e-01
3.603644669055938721e-01
3.668935298919677734e-01
3.734225928783416748e-01
3.799516558647155762e-01
3.864807188510894775e-01
3.930097818374633789e-01
3.995388448238372803e-01
4.060679078102111816e-01
4.125969707965850830e-01
4.191260337829589844e-01
4.336152970790863037e-01
4.598872065544128418e-01
6.418243050575256348e-01
8.957380056381225586e-01
1.250103116035461426e+00
1.744659423828125000e+00
2.434868335723876953e+00
3.398132562637329102e+00
4.742475986480712891e+00
6.618658065795898438e+00
9.237081527709960938e+00
1.289138603210449219e+01
1.799137878417968750e+01
2.510899162292480469e+01
3.504241943359375000e+01
4.890563583374023438e+01
6.825331878662109375e+01
9.525517272949218750e+01
