# ee
5.763907358050346375e-02
8.833139389753341675e-02
9.289793670177459717e-02
7.643374055624008179e-02
5.193319544196128845e-02
3.048098832368850708e-02
1.695346459746360779e-02
1.073121279478073120e-02
8.697345852851867676e-03
7.966449484229087830e-03
7.186154369264841080e-03
6.088465917855501175e-03
5.279443226754665375e-03
4.926541820168495178e-03
5.001811776310205460e-03
5.354691762477159500e-03
5.672218278050422668e-03
5.963122472167015076e-03
6.369433831423521042e-03
6.977367214858531952e-03
7.910661399364471436e-03
9.139514528214931488e-03
1.057635154575109482e-02
1.222733501344919205e-02
1.407903432846069336e-02
1.611016318202018738e-02
1.832261681556701660e-02
2.070446684956550598e-02
2.325288020074367523e-02
2.597585693001747131e-02
2.887500077486038208e-02
3.196375444531440735e-02
3.527451679110527039e-02
3.885530680418014526e-02
4.274770990014076233e-02
4.691931605339050293e-02
5.133524909615516663e-02
5.599661171436309814e-02
6.091904640197753906e-02
6.612095981836318970e-02
7.161162048578262329e-02
7.739780843257904053e-02
8.347146958112716675e-02
8.983492851257324219e-02
9.649233520030975342e-02
1.034416779875755310e-01
1.106864437460899353e-01
1.182078421115875244e-01
1.259796619415283203e-01
1.339732259511947632e-01
1.422764062881469727e-01
1.510415375232696533e-01
1.602648943662643433e-01
1.699278503656387329e-01
1.798890829086303711e-01
1.900365054607391357e-01
2.003730535507202148e-01
2.109314650297164917e-01
2.217592597007751465e-01
2.329459041357040405e-01
2.444809079170227051e-01
2.563288509845733643e-01
2.685062885284423828e-01
2.809926271438598633e-01
2.937238216400146484e-01
3.066997528076171875e-01
3.199587166309356689e-01
3.334571123123168945e-01
3.472330868244171143e-01
3.612732589244842529e-01
3.755504190921783447e-01
3.900302648544311523e-01
4.047009050846099854e-01
4.195726215839385986e-01
4.346459209918975830e-01
4.499115943908691406e-01
4.653953909873962402e-01
4.810410141944885254e-01
4.968519806861877441e-01
5.127770900726318359e-01
5.288380980491638184e-01
5.450097322463989258e-01
5.612888932228088379e-01
5.776504874229431152e-01
5.941065549850463867e-01
6.106262803077697754e-01
6.272235512733459473e-01
6.438826918601989746e-01
6.605655550956726074e-01
6.772638559341430664e-01
6.939619779586791992e-01
7.106518745422363281e-01
7.272955775260925293e-01
7.438924312591552734e-01
7.604268193244934082e-01
7.768831849098205566e-01
7.932533621788024902e-01
8.094995617866516113e-01
8.256210088729858398e-01
8.416764736175537109e-01
8.575167059898376465e-01
8.732150793075561523e-01
8.887711763381958008e-01
9.041099548339843750e-01
9.193049073219299316e-01
9.342066645622253418e-01
9.488891363143920898e-01
9.632771611213684082e-01
9.773700833320617676e-01
9.912413954734802246e-01
1.004815578460693359e+00
1.018091440200805664e+00
1.030993223190307617e+00
1.043668389320373535e+00
1.055892705917358398e+00
1.067739129066467285e+00
1.079355001449584961e+00
1.090590476989746094e+00
1.101295590400695801e+00
1.111766457557678223e+00
1.121704459190368652e+00
1.131182551383972168e+00
1.140274167060852051e+00
1.148903250694274902e+00
1.157143115997314453e+00
1.164843916893005371e+00
1.172152876853942871e+00
1.178920388221740723e+00
1.185144901275634766e+00
1.190974116325378418e+00
1.196258425712585449e+00
1.201070785522460938e+00
1.205410599708557129e+00
1.209202527999877930e+00
1.212445497512817383e+00
1.215212941169738770e+00
1.217429637908935547e+00
1.219243049621582031e+00
1.220429420471191406e+00
1.221062183380126953e+00
1.221214532852172852e+00
1.220885634422302246e+00
1.220000267028808594e+00
1.218705892562866211e+00
1.216778755187988281e+00
1.214441061019897461e+00
1.211542725563049316e+00
1.208157539367675781e+00
1.204358577728271484e+00
1.200070977210998535e+00
1.195219516754150391e+00
1.189952731132507324e+00
1.184270024299621582e+00
1.178171038627624512e+00
1.171655297279357910e+00
1.164722323417663574e+00
1.157446026802062988e+00
1.149677395820617676e+00
1.141564488410949707e+00
1.133181333541870117e+00
1.124378561973571777e+00
1.115230321884155273e+00
1.105810284614562988e+00
1.096043586730957031e+00
1.086078524589538574e+00
1.075691699981689453e+00
1.065253973007202148e+00
1.054467797279357910e+00
1.043555498123168945e+00
1.032516479492187500e+00
1.021276116371154785e+00
1.009833693504333496e+00
9.984859824180603027e-01
9.869351983070373535e-01
9.754039049148559570e-01
9.638181924819946289e-01
9.524015784263610840e-01
9.408574700355529785e-01
9.294092655181884766e-01
9.180575013160705566e-01
9.068771600723266602e-01
8.957943916320800781e-01
8.848841786384582520e-01
8.742955923080444336e-01
8.638880252838134766e-01
8.538030982017517090e-01
8.440265059471130371e-01
8.345959782600402832e-01
8.255639672279357910e-01
8.169533610343933105e-01
8.087868690490722656e-01
8.011095523834228516e-01
7.939517498016357422e-01
7.873509526252746582e-01
7.813448309898376465e-01
7.759784460067749023e-01
7.712745070457458496e-01
7.672707438468933105e-01
7.639971375465393066e-01
7.615143656730651855e-01
7.598333358764648438e-01
7.590177655220031738e-01
7.590941190719604492e-01
7.601112127304077148e-01
7.621102929115295410e-01
7.651179432868957520e-01
7.691903114318847656e-01
7.743538618087768555e-01
7.806646823883056641e-01
7.881566882133483887e-01
7.968636751174926758e-01
8.068343400955200195e-01
8.180654048919677734e-01
8.307541012763977051e-01
8.447187542915344238e-01
8.601194620132446289e-01
8.769602775573730469e-01
8.952451348304748535e-01
9.151268601417541504e-01
9.365348815917968750e-01
9.596219062805175781e-01
9.843177199363708496e-01
1.010626196861267090e+00
1.038699746131896973e+00
1.068542480468750000e+00
1.100158095359802246e+00
1.133550763130187988e+00
1.168798446655273438e+00
1.205905079841613770e+00
1.244948863983154297e+00
1.285859227180480957e+00
1.328863024711608887e+00
1.373815298080444336e+00
1.420794248580932617e+00
1.469803571701049805e+00
1.520921468734741211e+00
1.574225902557373047e+00
1.629572033882141113e+00
1.687037944793701172e+00
1.746775746345520020e+00
1.808641076087951660e+00
1.872785568237304688e+00
1.939139127731323242e+00
2.007779598236083984e+00
2.078710794448852539e+00
2.151861667633056641e+00
2.227607965469360352e+00
2.305432796478271484e+00
2.385786294937133789e+00
2.468374490737915039e+00
2.553425550460815430e+00
2.640721082687377930e+00
2.730563879013061523e+00
2.822661638259887695e+00
2.917390584945678711e+00
3.014310598373413086e+00
3.113797426223754883e+00
3.215708255767822266e+00
3.320047855377197266e+00
3.426746845245361328e+00
3.536033868789672852e+00
3.647690534591674805e+00
3.761795997619628906e+00
3.878281831741333008e+00
3.997375726699829102e+00
4.118710994720458984e+00
4.242664813995361328e+00
4.368945121765136719e+00
4.497631072998046875e+00
4.628653049468994141e+00
4.762314796447753906e+00
4.898026943206787109e+00
5.036387920379638672e+00
5.176884174346923828e+00
5.319742679595947266e+00
5.464969635009765625e+00
5.612495422363281250e+00
5.762251377105712891e+00
5.914242744445800781e+00
6.068549633026123047e+00
6.224878787994384766e+00
6.383460044860839844e+00
6.544223308563232422e+00
6.707174777984619141e+00
6.872170448303222656e+00
7.039216518402099609e+00
7.208317756652832031e+00
7.379405021667480469e+00
7.552336215972900391e+00
7.727859020233154297e+00
7.904863834381103516e+00
8.082985877990722656e+00
8.263715744018554688e+00
8.445572853088378906e+00
8.630049705505371094e+00
8.814921379089355469e+00
9.002423286437988281e+00
9.191818237304687500e+00
9.381625175476074219e+00
9.573333740234375000e+00
9.766199111938476562e+00
9.960963249206542969e+00
1.015761947631835938e+01
1.035468101501464844e+01
1.055288696289062500e+01
1.075223350524902344e+01
1.095420455932617188e+01
1.115582466125488281e+01
1.135783195495605469e+01
1.156245517730712891e+01
1.176671695709228516e+01
1.197210216522216797e+01
1.217860603332519531e+01
1.238473987579345703e+01
1.259198856353759766e+01
1.279885959625244141e+01
1.300758266448974609e+01
1.321592426300048828e+01
1.342462348937988281e+01
1.363442325592041016e+01
1.384309005737304688e+01
1.405210781097412109e+01
1.426221466064453125e+01
1.446969604492187500e+01
1.467900657653808594e+01
1.488791370391845703e+01
1.509567356109619141e+01
1.530376625061035156e+01
1.551070690155029297e+01
1.571723556518554688e+01
1.592409229278564453e+01
1.612978935241699219e+01
1.633506584167480469e+01
1.653843498229980469e+01
1.674138069152832031e+01
1.694390106201171875e+01
1.714450645446777344e+01
1.734542655944824219e+01
1.754442787170410156e+01
1.774150848388671875e+01
1.793889808654785156e+01
1.813361930847167969e+01
1.832715797424316406e+01
1.851877021789550781e+01
1.870993995666503906e+01
1.889843559265136719e+01
1.908499908447265625e+01
1.927037048339843750e+01
1.945306205749511719e+01
1.963455772399902344e+01
1.981410408020019531e+01
1.999094581604003906e+01
2.016580772399902344e+01
2.033868026733398438e+01
2.050955009460449219e+01
2.067766189575195312e+01
2.084225654602050781e+01
2.100481224060058594e+01
2.116530990600585938e+01
2.132299995422363281e+01
2.147786331176757812e+01
2.163063430786132812e+01
2.177906799316406250e+01
2.192538452148437500e+01
2.206882286071777344e+01
2.220788764953613281e+01
2.234479331970214844e+01
2.247878265380859375e+01
2.260910415649414062e+01
2.273574066162109375e+01
2.285942268371582031e+01
2.297939491271972656e+01
2.309638786315917969e+01
2.320964622497558594e+01
2.331989669799804688e+01
2.342564392089843750e+01
2.352761650085449219e+01
2.362654495239257812e+01
2.372241401672363281e+01
2.381149864196777344e+01
2.389898300170898438e+01
2.398188591003417969e+01
2.406019401550292969e+01
2.413612174987792969e+01
2.420742797851562500e+01
2.427409744262695312e+01
2.433686256408691406e+01
2.439348220825195312e+01
2.444914245605468750e+01
2.449937248229980469e+01
2.454713249206542969e+01
2.458943557739257812e+01
2.462775421142578125e+01
2.466133689880371094e+01
2.469090843200683594e+01
2.471646118164062500e+01
2.473723411560058594e+01
2.475395774841308594e+01
2.476662445068359375e+01
2.477447128295898438e+01
2.477749061584472656e+01
2.477715301513671875e+01
2.477196502685546875e+01
2.476191139221191406e+01
2.474846839904785156e+01
2.473013496398925781e+01
2.470764541625976562e+01
2.468172645568847656e+01
2.465014076232910156e+01
2.461510467529296875e+01
2.457586097717285156e+01
2.453240013122558594e+01
2.448470687866210938e+01
2.443351554870605469e+01
2.437732505798339844e+01
2.431761169433593750e+01
2.425213050842285156e+01
2.418384361267089844e+01
2.411199569702148438e+01
2.403583335876464844e+01
2.395533943176269531e+01
2.387050437927246094e+01
2.378205680847167969e+01
2.368924140930175781e+01
2.359353446960449219e+01
2.349343299865722656e+01
2.338966941833496094e+01
2.328223037719726562e+01
2.317184448242187500e+01
2.305701446533203125e+01
2.293846893310546875e+01
2.281768226623535156e+01
2.269241142272949219e+01
2.256487083435058594e+01
2.243355941772460938e+01
2.229846954345703125e+01
2.216032409667968750e+01
2.201985740661621094e+01
2.187556648254394531e+01
2.172818183898925781e+01
2.157768630981445312e+01
2.142481422424316406e+01
2.126954650878906250e+01
2.110964393615722656e+01
2.094880294799804688e+01
2.078552818298339844e+01
2.061831474304199219e+01
2.044937705993652344e+01
2.027870559692382812e+01
2.010479736328125000e+01
1.992914390563964844e+01
1.975174903869628906e+01
1.957187652587890625e+01
1.939027595520019531e+01
1.920620727539062500e+01
1.902116203308105469e+01
1.883440589904785156e+01
1.864668464660644531e+01
1.845651817321777344e+01
1.826539611816406250e+01
1.807258415222167969e+01
1.787957000732421875e+01
1.768561744689941406e+01
1.749073219299316406e+01
1.729417228698730469e+01
1.709743499755859375e+01
1.690052032470703125e+01
1.670194816589355469e+01
1.650395393371582031e+01
1.630654335021972656e+01
1.610823059082031250e+01
1.590976715087890625e+01
1.571189880371093750e+01
1.551314640045166016e+01
1.531574153900146484e+01
1.511820507049560547e+01
1.492053890228271484e+01
1.472423458099365234e+01
1.452855396270751953e+01
1.433350181579589844e+01
1.413982582092285156e+01
1.394678401947021484e+01
1.375512886047363281e+01
1.356411743164062500e+01
1.337524318695068359e+01
1.318776512145996094e+01
1.300094604492187500e+01
1.281627368927001953e+01
1.263375377655029297e+01
1.245264720916748047e+01
1.227370071411132812e+01
1.209543132781982422e+01
1.192081642150878906e+01
1.174762916564941406e+01
1.157736015319824219e+01
1.140927124023437500e+01
1.124261951446533203e+01
1.107964229583740234e+01
1.091810894012451172e+01
1.076025867462158203e+01
1.060536861419677734e+01
1.045272064208984375e+01
1.030308055877685547e+01
1.015721607208251953e+01
1.001455879211425781e+01
9.874833106994628906e+00
9.739105224609375000e+00
9.606432914733886719e+00
9.477508544921875000e+00
9.352057456970214844e+00
9.230552673339843750e+00
9.112792015075683594e+00
8.999098777770996094e+00
8.889421463012695312e+00
8.783856391906738281e+00
8.682579040527343750e+00
8.585464477539062500e+00
8.492755889892578125e+00
8.404406547546386719e+00
8.320511817932128906e+00
8.241319656372070312e+00
8.166704177856445312e+00
8.096692085266113281e+00
8.031451225280761719e+00
7.971009254455566406e+00
7.915387630462646484e+00
7.864612102508544922e+00
7.819001674652099609e+00
7.778358936309814453e+00
7.742633342742919922e+00
7.712146282196044922e+00
7.686772346496582031e+00
7.666610717773437500e+00
7.651760578155517578e+00
7.642097473144531250e+00
7.637719154357910156e+00
7.638798713684082031e+00
7.645065307617187500e+00
7.656987190246582031e+00
7.674144744873046875e+00
7.696785449981689453e+00
7.725008487701416016e+00
7.758690834045410156e+00
7.797856330871582031e+00
7.842308044433593750e+00
7.892294406890869141e+00
7.947840690612792969e+00
8.008972167968750000e+00
8.075716018676757812e+00
8.148094177246093750e+00
8.226130485534667969e+00
8.308361053466796875e+00
8.397777557373046875e+00
8.492172241210937500e+00
8.592311859130859375e+00
8.697472572326660156e+00
8.809163093566894531e+00
8.925175666809082031e+00
9.046275138854980469e+00
9.173227310180664062e+00
9.306053161621093750e+00
9.443288803100585938e+00
9.587186813354492188e+00
9.734795570373535156e+00
9.888366699218750000e+00
1.004643726348876953e+01
1.021051597595214844e+01
1.037988090515136719e+01
1.055381202697753906e+01
1.073307514190673828e+01
1.091695022583007812e+01
1.110545921325683594e+01
1.129936790466308594e+01
1.149721336364746094e+01
1.170050525665283203e+01
1.190852260589599609e+01
1.212054538726806641e+01
1.233808231353759766e+01
1.255967235565185547e+01
1.278533554077148438e+01
1.301584148406982422e+01
1.325046825408935547e+01
1.348923969268798828e+01
1.373217964172363281e+01
1.397856998443603516e+01
1.422991657257080078e+01
1.448476219177246094e+01
1.474386882781982422e+01
1.500577831268310547e+01
1.527274227142333984e+01
1.554181098937988281e+01
1.581598472595214844e+01
1.609305572509765625e+01
1.637230682373046875e+01
1.665673446655273438e+01
1.694190597534179688e+01
1.723155784606933594e+01
1.752423477172851562e+01
1.781996154785156250e+01
1.811875343322753906e+01
1.841912269592285156e+01
1.872329139709472656e+01
1.902902030944824219e+01
1.933704376220703125e+01
1.964735221862792969e+01
1.995993995666503906e+01
2.027479743957519531e+01
2.059043121337890625e+01
2.090757751464843750e+01
2.122696876525878906e+01
2.154859924316406250e+01
2.186874771118164062e+01
2.219186592102050781e+01
2.251497077941894531e+01
2.284029006958007812e+01
2.316632843017578125e+01
2.349307632446289062e+01
2.382127571105957031e+01
2.414794731140136719e+01
2.447605514526367188e+01
2.480410957336425781e+01
2.513136100769042969e+01
2.545854568481445312e+01
2.578565979003906250e+01
2.611269760131835938e+01
2.643891143798828125e+01
2.676429557800292969e+01
2.708884429931640625e+01
2.741255378723144531e+01
2.773542022705078125e+01
2.805669021606445312e+01
2.837785148620605469e+01
2.869592475891113281e+01
2.901387405395507812e+01
2.933095932006835938e+01
2.964419746398925781e+01
2.995730209350585938e+01
3.026729202270507812e+01
3.057639694213867188e+01
3.088312339782714844e+01
3.118672370910644531e+01
3.148942184448242188e+01
3.178749847412109375e+01
3.208391952514648438e+01
3.237794494628906250e+01
3.266881179809570312e+01
3.295727157592773438e+01
3.324182510375976562e+01
3.352321624755859375e+01
3.380292129516601562e+01
3.407867431640625000e+01
3.434970474243164062e+01
3.461821746826171875e+01
3.488342666625976562e+01
3.514455795288085938e+01
3.540157699584960938e+01
3.565520095825195312e+01
3.590464782714843750e+01
3.614914321899414062e+01
3.638940048217773438e+01
3.662612533569335938e+01
3.685853958129882812e+01
3.708513259887695312e+01
3.730735015869140625e+01
3.752516174316406250e+01
3.773778915405273438e+01
3.794594573974609375e+01
3.814885330200195312e+01
3.834647750854492188e+01
3.854027175903320312e+01
3.872723007202148438e+01
3.891029739379882812e+01
3.908720779418945312e+01
3.925866699218750000e+01
3.942464447021484375e+01
3.958510971069335938e+01
3.973928451538085938e+01
3.988862228393554688e+01
4.003234863281250000e+01
4.016968536376953125e+01
4.030059814453125000e+01
4.042728805541992188e+01
4.054600143432617188e+01
4.065967941284179688e+01
4.076680755615234375e+01
4.086883163452148438e+01
4.096349716186523438e+01
4.105224990844726562e+01
4.113580703735351562e+01
4.121115875244140625e+01
4.128198623657226562e+01
4.134602737426757812e+01
4.140325546264648438e+01
4.145586395263671875e+01
4.150083923339843750e+01
4.153964233398437500e+01
4.157149505615234375e+01
4.159785461425781250e+01
4.161719131469726562e+01
4.163022613525390625e+01
4.163766098022460938e+01
4.163798904418945312e+01
4.163266754150390625e+01
4.162017440795898438e+01
4.160197830200195312e+01
4.157729721069335938e+01
4.154684829711914062e+01
4.150985717773437500e+01
4.146629714965820312e+01
4.141687774658203125e+01
4.136156845092773438e+01
4.129959487915039062e+01
4.123241424560546875e+01
4.115850830078125000e+01
4.107858657836914062e+01
4.099336242675781250e+01
4.090206146240234375e+01
4.080316162109375000e+01
4.069960784912109375e+01
4.059135818481445312e+01
4.047615814208984375e+01
4.035620498657226562e+01
4.022996902465820312e+01
4.009890747070312500e+01
3.996372985839843750e+01
3.982142639160156250e+01
3.967271041870117188e+01
3.951977539062500000e+01
3.936183166503906250e+01
3.919736862182617188e+01
3.903006362915039062e+01
3.885616683959960938e+01
3.867786407470703125e+01
3.849363708496093750e+01
3.830493927001953125e+01
3.811246871948242188e+01
3.791545104980468750e+01
3.771310424804687500e+01
3.750613403320312500e+01
3.729375839233398438e+01
3.707965850830078125e+01
3.686156845092773438e+01
3.663795852661132812e+01
3.641027832031250000e+01
3.617923736572265625e+01
3.594330978393554688e+01
3.570468521118164062e+01
3.546035385131835938e+01
3.521399307250976562e+01
3.496334457397460938e+01
3.471063613891601562e+01
3.445289993286132812e+01
3.419311904907226562e+01
3.392980575561523438e+01
3.366371536254882812e+01
3.339559173583984375e+01
3.312396621704101562e+01
3.284957504272460938e+01
3.257317733764648438e+01
3.229476928710937500e+01
3.201436614990234375e+01
3.173271560668945312e+01
3.144833183288574219e+01
3.116196632385253906e+01
3.087511444091796875e+01
3.058703613281250000e+01
3.029699325561523438e+01
3.000499153137207031e+01
2.971327018737792969e+01
2.942034149169921875e+01
2.912695693969726562e+01
2.883312225341796875e+01
2.853883934020996094e+01
2.824411392211914062e+01
2.794969558715820312e+01
2.765484428405761719e+01
2.736030769348144531e+01
2.706608581542968750e+01
2.677070236206054688e+01
2.647787094116210938e+01
2.618462371826171875e+01
2.589244842529296875e+01
2.560135269165039062e+01
2.531059074401855469e+01
2.502091026306152344e+01
2.473305320739746094e+01
2.444553756713867188e+01
2.415836334228515625e+01
2.387524795532226562e+01
2.359247589111328125e+01
2.331228065490722656e+01
2.303465461730957031e+01
2.275886154174804688e+01
2.248415756225585938e+01
2.221277046203613281e+01
2.194246864318847656e+01
2.167548179626464844e+01
2.141106796264648438e+01
2.114848327636718750e+01
2.088921737670898438e+01
2.063256072998046875e+01
2.037780952453613281e+01
2.012723159790039062e+01
1.987937927246093750e+01
1.963429069519042969e+01
1.939349365234375000e+01
1.915628433227539062e+01
1.892269897460937500e+01
1.869277572631835938e+01
1.846656036376953125e+01
1.824557113647460938e+01
1.802688026428222656e+01
1.781349945068359375e+01
1.760398101806640625e+01
1.739910697937011719e+01
1.719817733764648438e+01
1.700271797180175781e+01
1.681128501892089844e+01
1.662466239929199219e+01
1.644214630126953125e+01
1.626600837707519531e+01
1.609406471252441406e+01
1.592784023284912109e+01
1.576589488983154297e+01
1.561049842834472656e+01
1.545946598052978516e+01
1.531432819366455078e+01
1.517512798309326172e+01
1.504116916656494141e+01
1.491249179840087891e+01
1.478914356231689453e+01
1.467191410064697266e+01
1.456010246276855469e+01
1.445524501800537109e+01
1.435515308380126953e+01
1.426136398315429688e+01
1.417392158508300781e+01
1.409213066101074219e+01
1.401752281188964844e+01
1.394791507720947266e+01
1.388410091400146484e+01
1.382686805725097656e+01
1.377626323699951172e+01
1.373085021972656250e+01
1.369364547729492188e+01
1.366098499298095703e+01
1.363514137268066406e+01
1.361542224884033203e+01
1.360261631011962891e+01
1.359602737426757812e+01
1.359643554687500000e+01
1.360238647460937500e+01
1.361540222167968750e+01
1.363477611541748047e+01
1.365905475616455078e+01
1.369050025939941406e+01
1.372989273071289062e+01
1.377280902862548828e+01
1.382299423217773438e+01
1.387974548339843750e+01
1.394234848022460938e+01
1.401158237457275391e+01
1.408599662780761719e+01
1.416710948944091797e+01
1.425421333312988281e+01
1.434808635711669922e+01
1.444727516174316406e+01
1.455255794525146484e+01
1.466322708129882812e+01
1.478005981445312500e+01
1.490309143066406250e+01
1.503161144256591797e+01
1.516640186309814453e+01
1.530526828765869141e+01
1.545121669769287109e+01
1.560205554962158203e+01
1.575782203674316406e+01
1.592003822326660156e+01
1.608725738525390625e+01
1.625877189636230469e+01
1.643610382080078125e+01
1.661929702758789062e+01
1.680615997314453125e+01
1.699896049499511719e+01
1.719699287414550781e+01
1.739881896972656250e+01
1.760670089721679688e+01
1.781771469116210938e+01
1.803487205505371094e+01
1.825598526000976562e+01
1.848110198974609375e+01
1.871175003051757812e+01
1.894574356079101562e+01
1.918387413024902344e+01
1.942693138122558594e+01
1.967421340942382812e+01
1.992502784729003906e+01
2.018016433715820312e+01
2.043892860412597656e+01
2.070135879516601562e+01
2.096746444702148438e+01
2.123724555969238281e+01
2.150996017456054688e+01
2.178709411621093750e+01
2.206642150878906250e+01
2.234868431091308594e+01
2.263388633728027344e+01
2.292202949523925781e+01
2.321385765075683594e+01
2.350640296936035156e+01
2.380263710021972656e+01
2.410033607482910156e+01
2.440024566650390625e+01
2.470236587524414062e+01
2.500595855712890625e+01
2.531250953674316406e+01
2.561979484558105469e+01
2.592856025695800781e+01
2.623880386352539062e+01
2.655053138732910156e+01
2.686299896240234375e+01
2.717620849609375000e+01
2.749090576171875000e+01
2.780560111999511719e+01
2.812178611755371094e+01
2.843797111511230469e+01
2.875490379333496094e+01
2.907183647155761719e+01
2.938802337646484375e+01
2.970569992065429688e+01
3.002188873291015625e+01
3.033807754516601562e+01
3.065500068664550781e+01
3.097043418884277344e+01
3.128511428833007812e+01
3.159978294372558594e+01
3.191369628906250000e+01
3.222536468505859375e+01
3.253701782226562500e+01
3.284716033935546875e+01
3.315578842163085938e+01
3.346290969848632812e+01
3.376850891113281250e+01
3.407185363769531250e+01
3.437442016601562500e+01
3.467471313476562500e+01
3.497422790527343750e+01
3.526998519897460938e+01
3.556421279907226562e+01
3.585690307617187500e+01
3.614727783203125000e+01
3.643382263183593750e+01
3.671871566772460938e+01
3.700044250488281250e+01
3.727970886230468750e+01
3.755499267578125000e+01
3.782699584960937500e+01
3.809716796875000000e+01
3.836325836181640625e+01
3.862595748901367188e+01
3.888524246215820312e+01
3.914107894897460938e+01
3.939268112182617188e+01
3.964076995849609375e+01
3.988531112670898438e+01
4.012627029418945312e+01
4.036137771606445312e+01
4.059284973144531250e+01
4.082063674926757812e+01
4.104397583007812500e+01
4.126208496093750000e+01
4.147568130493164062e+01
4.168547821044921875e+01
4.189069366455078125e+01
4.208982086181640625e+01
4.228505325317382812e+01
4.247561645507812500e+01
4.266147613525390625e+01
4.284186553955078125e+01
4.301600265502929688e+01
4.318682861328125000e+01
4.335208511352539062e+01
4.351025009155273438e+01
4.366500473022460938e+01
4.381408691406250000e+01
4.395746612548828125e+01
4.409658432006835938e+01
4.422917938232421875e+01
4.435967636108398438e+01
4.448134613037109375e+01
4.459786987304687500e+01
4.470845794677734375e+01
4.481456756591796875e+01
4.491466140747070312e+01
4.500722122192382812e+01
4.509665679931640625e+01
4.517921447753906250e+01
4.525632476806640625e+01
4.532796096801757812e+01
4.539332199096679688e+01
4.545235824584960938e+01
4.550650787353515625e+01
4.555423736572265625e+01
4.559622955322265625e+01
4.563169097900390625e+01
4.566130828857421875e+01
4.568503570556640625e+01
4.570281219482421875e+01
4.571532821655273438e+01
4.572253036499023438e+01
4.572286987304687500e+01
4.571852493286132812e+01
4.570721817016601562e+01
4.569110870361328125e+01
4.566792678833007812e+01
4.563983535766601562e+01
4.560454940795898438e+01
4.556499481201171875e+01
4.551739501953125000e+01
4.546466827392578125e+01
4.540676116943359375e+01
4.534213256835937500e+01
4.527146530151367188e+01
4.519620513916015625e+01
4.511406326293945312e+01
4.502795791625976562e+01
4.493561172485351562e+01
4.483696746826171875e+01
4.473346328735351562e+01
4.462430953979492188e+01
4.450796890258789062e+01
4.438735961914062500e+01
4.426243591308593750e+01
4.413091659545898438e+01
4.399350357055664062e+01
4.385162734985351562e+01
4.370524597167968750e+01
4.355281448364257812e+01
4.339504241943359375e+01
4.323336410522460938e+01
4.306549835205078125e+01
4.289288711547851562e+01
4.271474075317382812e+01
4.253398513793945312e+01
4.234685134887695312e+01
4.215478515625000000e+01
4.195847702026367188e+01
4.175786972045898438e+01
4.155218124389648438e+01
4.134211349487304688e+01
4.112765884399414062e+01
4.090882873535156250e+01
4.068636703491210938e+01
4.046027374267578125e+01
4.022982406616210938e+01
3.999575042724609375e+01
3.975880432128906250e+01
3.951749420166015625e+01
3.927256774902343750e+01
3.902550888061523438e+01
3.877482604980468750e+01
3.852125549316406250e+01
3.826479339599609375e+01
3.800469207763671875e+01
3.774242782592773438e+01
3.747799301147460938e+01
3.721063232421875000e+01
3.694181823730468750e+01
3.666931152343750000e+01
3.639607238769531250e+01
3.611985778808593750e+01
3.584213256835937500e+01
3.556288146972656250e+01
3.528060531616210938e+01
3.499751663208007812e+01
3.471284866333007812e+01
3.442733383178710938e+01
3.413945770263671875e+01
3.384994506835937500e+01
3.356101226806640625e+01
3.327040481567382812e+01
3.297811126708984375e+01
3.268558883666992188e+01
3.239207839965820312e+01
3.209830856323242188e+01
3.180425262451171875e+01
3.150767517089843750e+01
3.121226310729980469e+01
3.091652107238769531e+01
3.061968803405761719e+01
3.032249450683593750e+01
3.002641296386718750e+01
2.972919845581054688e+01
2.943381309509277344e+01
2.913652801513671875e+01
2.884031105041503906e+01
2.854515457153320312e+01
2.825030517578125000e+01
2.795649909973144531e+01
2.766225433349609375e+01
2.736908912658691406e+01
2.707704544067382812e+01
2.678690910339355469e+01
2.649723625183105469e+01
2.620807266235351562e+01
2.592094993591308594e+01
2.563442420959472656e+01
2.534780311584472656e+01
2.506559181213378906e+01
2.478486633300781250e+01
2.450567245483398438e+01
2.422954750061035156e+01
2.395431137084960938e+01
2.368224334716796875e+01
2.341264533996582031e+01
2.314557075500488281e+01
2.288180923461914062e+01
2.261992645263671875e+01
2.236145210266113281e+01
2.210569381713867188e+01
2.185269546508789062e+01
2.160399436950683594e+01
2.135740661621093750e+01
2.111445808410644531e+01
2.087519454956054688e+01
2.063891983032226562e+01
2.040715408325195312e+01
2.017920112609863281e+01
1.995435333251953125e+01
1.973339080810546875e+01
1.951635551452636719e+01
1.930402183532714844e+01
1.909493637084960938e+01
1.888987922668457031e+01
1.868962478637695312e+01
1.849271583557128906e+01
1.830141258239746094e+01
1.811277008056640625e+01
1.792978858947753906e+01
1.774952125549316406e+01
1.757497024536132812e+01
1.740392875671386719e+01
1.723716545104980469e+01
1.707619094848632812e+01
1.691880035400390625e+01
1.676650428771972656e+01
1.661783790588378906e+01
1.647431182861328125e+01
1.633521080017089844e+01
1.620055580139160156e+01
1.607037353515625000e+01
1.594543170928955078e+01
1.582501506805419922e+01
1.570914936065673828e+01
1.559712123870849609e+01
1.548970127105712891e+01
1.538766860961914062e+01
1.528956317901611328e+01
1.519691181182861328e+01
1.510825920104980469e+01
1.502438831329345703e+01
1.494533729553222656e+01
1.487115097045898438e+01
1.480112743377685547e+01
1.473605251312255859e+01
1.467523479461669922e+01
1.461946392059326172e+01
1.456804847717285156e+01
1.452104377746582031e+01
1.447924423217773438e+01
1.444196891784667969e+01
1.440927314758300781e+01
1.438047599792480469e+01
1.435638332366943359e+01
1.433705615997314453e+01
1.432330513000488281e+01
1.431296825408935547e+01
1.430908489227294922e+01
1.430949401855468750e+01
1.431352043151855469e+01
1.432272529602050781e+01
1.433643245697021484e+01
1.435397052764892578e+01
1.437764167785644531e+01
1.440528774261474609e+01
1.443772125244140625e+01
1.447427177429199219e+01
1.451575183868408203e+01
1.456148815155029297e+01
1.461229324340820312e+01
1.466749000549316406e+01
1.472714996337890625e+01
1.479133129119873047e+01
1.486010646820068359e+01
1.493427562713623047e+01
1.501167106628417969e+01
1.509384250640869141e+01
1.518010044097900391e+01
1.527124595642089844e+01
1.536584091186523438e+01
1.546612358093261719e+01
1.556987476348876953e+01
1.567783737182617188e+01
1.578852653503417969e+01
1.590417003631591797e+01
1.602327919006347656e+01
1.614659500122070312e+01
1.627262306213378906e+01
1.640210151672363281e+01
1.653576660156250000e+01
1.667212295532226562e+01
1.681115913391113281e+01
1.695435523986816406e+01
1.709946823120117188e+01
1.724797439575195312e+01
1.739911842346191406e+01
1.755363464355468750e+01
1.770928192138671875e+01
1.786753845214843750e+01
1.802764892578125000e+01
1.819109344482421875e+01
1.835637855529785156e+01
1.852201271057128906e+01
1.869096183776855469e+01
1.886099624633789062e+01
1.903285789489746094e+01
1.920654678344726562e+01
1.938132667541503906e+01
1.955719947814941406e+01
1.973491668701171875e+01
1.991300773620605469e+01
2.009371185302734375e+01
2.027406883239746094e+01
2.045633506774902344e+01
2.063829612731933594e+01
2.082146453857421875e+01
2.100586509704589844e+01
2.119004249572753906e+01
2.137551498413085938e+01
2.156082916259765625e+01
2.174825477600097656e+01
2.193410873413085938e+01
2.212215042114257812e+01
2.231019210815429688e+01
2.249753761291503906e+01
2.268571853637695312e+01
2.287403488159179688e+01
2.306402397155761719e+01
2.325276184082031250e+01
2.344103050231933594e+01
2.363107299804687500e+01
2.381991958618164062e+01
2.400831031799316406e+01
2.419773292541503906e+01
2.438596343994140625e+01
2.457448387145996094e+01
2.476180648803710938e+01
2.494941520690917969e+01
2.513581657409667969e+01
2.532249069213867188e+01
2.550868606567382812e+01
2.569364547729492188e+01
2.587809753417968750e+01
2.606128692626953125e+01
2.624392890930175781e+01
2.642452049255371094e+01
2.660600662231445312e+01
2.678389739990234375e+01
2.696113204956054688e+01
2.713767814636230469e+01
2.731275177001953125e+01
2.748556900024414062e+01
2.765608024597167969e+01
2.782572937011718750e+01
2.799372100830078125e+01
2.815999794006347656e+01
2.832376098632812500e+01
2.848495483398437500e+01
2.864500236511230469e+01
2.880235481262207031e+01
2.895694923400878906e+01
2.910945510864257812e+01
2.925906944274902344e+01
2.940646743774414062e+01
2.955008888244628906e+01
2.969135284423828125e+01
2.982945060729980469e+01
2.996504974365234375e+01
3.009660148620605469e+01
3.022551918029785156e+01
3.034951400756835938e+01
3.047223663330078125e+01
3.059064483642578125e+01
3.070543289184570312e+01
3.081727409362792969e+01
3.092537689208984375e+01
3.102968978881835938e+01
3.113016128540039062e+01
3.122600173950195312e+01
3.131939697265625000e+01
3.140807723999023438e+01
3.149274444580078125e+01
3.157410812377929688e+01
3.165065193176269531e+01
3.172457504272460938e+01
3.179362106323242188e+01
3.185851669311523438e+01
3.191849899291992188e+01
3.197578620910644531e+01
3.202887725830078125e+01
3.207850646972656250e+01
3.212318420410156250e+01
3.216439437866210938e+01
3.220213699340820312e+01
3.223492050170898438e+01
3.226572799682617188e+01
3.229084014892578125e+01
3.231249618530273438e+01
3.233069610595703125e+01
3.234619140625000000e+01
3.235601425170898438e+01
3.236313629150390625e+01
3.236681747436523438e+01
3.236706161499023438e+01
3.236386489868164062e+01
3.235796737670898438e+01
3.234862136840820312e+01
3.233506774902343750e+01
3.231804275512695312e+01
3.229826736450195312e+01
3.227497863769531250e+01
3.224814987182617188e+01
3.221924209594726562e+01
3.218598556518554688e+01
3.215056610107421875e+01
3.211071777343750000e+01
3.206861114501953125e+01
3.202270889282226562e+01
3.197442817687988281e+01
3.192370986938476562e+01
3.186899375915527344e+01
3.181093978881835938e+01
3.174947357177734375e+01
3.168598747253417969e+01
3.161816596984863281e+01
3.154739570617675781e+01
3.147357559204101562e+01
3.139511489868164062e+01
3.131487846374511719e+01
3.123053741455078125e+01
3.114274978637695312e+01
3.105292320251464844e+01
3.095874404907226562e+01
3.086087989807128906e+01
3.076073646545410156e+01
3.065600204467773438e+01
3.054807662963867188e+01
3.043688583374023438e+01
3.032383918762207031e+01
3.020513916015625000e+01
3.008368873596191406e+01
2.995867538452148438e+01
2.983077430725097656e+01
2.969918060302734375e+01
2.956383705139160156e+01
2.942469215393066406e+01
2.928392410278320312e+01
2.913851737976074219e+01
2.899067115783691406e+01
2.883960914611816406e+01
2.868530845642089844e+01
2.852849388122558594e+01
2.836841201782226562e+01
2.820505714416503906e+01
2.803918075561523438e+01
2.787152481079101562e+01
2.769914054870605469e+01
2.752650642395019531e+01
2.734918594360351562e+01
2.717093086242675781e+01
2.699028968811035156e+01
2.680730819702148438e+01
2.662277412414550781e+01
2.643599319458007812e+01
2.624776458740234375e+01
2.605814361572265625e+01
2.586644363403320312e+01
2.567346954345703125e+01
2.548002433776855469e+01
2.528542327880859375e+01
2.508972740173339844e+01
2.489373588562011719e+01
2.469676399230957031e+01
2.449886512756347656e+01
2.430157089233398438e+01
2.410344314575195312e+01
2.390452003479003906e+01
2.370706558227539062e+01
2.350887870788574219e+01
0.000000000000000000e+00
0.000000000000000000e+00
0.000000000000000000e+00
0.000000000000000000e+00
0.000000000000000000e+00
0.000000000000000000e+00
0.000000000000000000e+00
0.000000000000000000e+00
0.000000000000000000e+00
0.000000000000000000e+00
0.000000000000000000e+00
0.000000000000000000e+00
0.000000000000000000e+00
0.000000000000000000e+00
0.000000000000000000e+00
0.000000000000000000e+00
0.000000000000000000e+00
0.000000000000000000e+00
0.000000000000000000e+00
0.000000000000000000e+00
0.000000000000000000e+00
0.000000000000000000e+00
0.000000000000000000e+00
0.000000000000000000e+00
0.000000000000000000e+00
0.000000000000000000e+00
0.000000000000000000e+00
0.000000000000000000e+00
0.000000000000000000e+00
0.000000000000000000e+00
0.000000000000000000e+00
0.000000000000000000e+00
0.000000000000000000e+00
0.000000000000000000e+00
0.000000000000000000e+00
0.000000000000000000e+00
0.000000000000000000e+00
0.000000000000000000e+00
0.000000000000000000e+00
0.000000000000000000e+00
0.000000000000000000e+00
0.000000000000000000e+00
0.000000000000000000e+00
0.000000000000000000e+00
0.000000000000000000e+00
0.000000000000000000e+00
0.000000000000000000e+00
0.000000000000000000e+00
0.000000000000000000e+00
0.000000000000000000e+00
0.000000000000000000e+00
0.000000000000000000e+00
0.000000000000000000e+00
0.000000000000000000e+00
0.000000000000000000e+00
0.000000000000000000e+00
0.000000000000000000e+00
0.000000000000000000e+00
0.000000000000000000e+00
0.000000000000000000e+00
0.000000000000000000e+00
0.000000000000000000e+00
0.000000000000000000e+00
0.000000000000000000e+00
0.000000000000000000e+00
0.000000000000000000e+00
0.000000000000000000e+00
0.000000000000000000e+00
0.000000000000000000e+00
0.000000000000000000e+00
0.000000000000000000e+00
0.000000000000000000e+00
0.000000000000000000e+00
0.000000000000000000e+00
0.000000000000000000e+00
0.000000000000000000e+00
0.000000000000000000e+00
0.000000000000000000e+00
0.000000000000000000e+00
0.000000000000000000e+00
0.000000000000000000e+00
0.000000000000000000e+00
0.000000000000000000e+00
0.000000000000000000e+00
0.000000000000000000e+00
0.000000000000000000e+00
0.000000000000000000e+00
0.000000000000000000e+00
0.000000000000000000e+00
0.000000000000000000e+00
0.000000000000000000e+00
0.000000000000000000e+00
0.000000000000000000e+00
0.000000000000000000e+00
0.000000000000000000e+00
0.000000000000000000e+00
0.000000000000000000e+00
0.000000000000000000e+00
0.000000000000000000e+00
0.000000000000000000e+00
