# pp
9.725461814745198548e-09
5.889059243000538793e-09
4.057096712440164202e-09
3.006371300454079796e-09
2.334458482355752144e-09
1.873719068841264524e-09
1.541525087840993251e-09
1.292902423887149771e-09
1.101108561091687259e-09
9.498605083038660122e-10
8.279993560888816943e-10
7.282066263688373689e-10
6.454238996142958472e-10
5.759137871950631731e-10
5.169304284026604137e-10
4.664353969491038283e-10
4.228694016113655905e-10
3.849831343923415981e-10
3.518040206902899599e-10
3.225933847356352509e-10
2.967573569916278052e-10
2.737880110879120456e-10
2.532689897354332540e-10
2.348663610192734103e-10
2.183040118009410285e-10
2.033471562669407873e-10
1.897955042171719747e-10
1.774715243156135381e-10
1.662265305078210456e-10
1.559453923566976680e-10
1.465292047807863942e-10
1.378842581328313338e-10
1.299281285515022420e-10
1.225907177059839514e-10
1.158111039859960546e-10
1.095354508182588244e-10
1.037161545839901017e-10
9.831047351562956438e-11
9.328050631505075624e-11
8.859275322048556807e-11
8.421760873998884502e-11
8.012873172292818014e-11
7.630258622669762680e-11
7.271808437451061157e-11
6.935620006919338406e-11
6.619949101370595467e-11
6.323216220586182702e-11
6.043994999776889715e-11
5.780994483074431205e-11
5.533038952210422384e-11
5.299041620734248539e-11
5.078009750202955817e-11
4.869039120433136485e-11
4.671304623337366829e-11
4.484049011308549218e-11
4.306567483665578239e-11
4.138211607175673259e-11
3.978386581898567499e-11
3.826545967170688192e-11
3.682189057314451621e-11
3.544862353262581409e-11
3.414148866078327125e-11
3.289662799848268197e-11
3.171046758144023003e-11
3.057966735001911197e-11
2.950102949345223020e-11
2.847156296338215258e-11
2.748849004854843955e-11
2.654922828691105445e-11
2.565135867237585019e-11
2.479256792447294465e-11
2.397068710870200614e-11
2.318369493392458790e-11
2.242970588460491370e-11
2.170697096201044569e-11
2.101390004076235184e-11
2.034901454924352813e-11
1.971092786198708449e-11
1.909833848646267666e-11
1.851001965368829750e-11
1.794480189178694745e-11
1.740158166693994122e-11
1.687932077386245264e-11
1.637704174184231820e-11
1.589381995511410492e-11
1.542876946757639974e-11
1.498105150378128726e-11
1.454987483632697070e-11
1.413449259744550246e-11
1.373419753707730341e-11
1.334831421915728700e-11
1.297620242253658441e-11
1.261725662635918494e-11
1.227090379150523954e-11
1.193660130519118417e-11
1.161383507518582211e-11
1.130211776135138038e-11
1.100098713334096569e-11
1.071000454429408593e-11
1.042875351128162473e-11
1.015683839407161357e-11
9.893883164527572811e-12
9.639530259619813625e-12
9.393439511634965100e-12
9.155287149716503867e-12
8.924764867365187587e-12
8.701578950978338141e-12
8.485449464915429639e-12
8.276109488948738654e-12
8.073303367923431763e-12
7.876783081800308002e-12
7.686310973567113505e-12
7.501660207617924981e-12
7.322614191362578870e-12
7.148966032330998956e-12
6.980518028315284862e-12
6.817081188281558196e-12
6.658474781956701569e-12
6.504525916153837727e-12
6.355069136045764994e-12
6.209946049728971477e-12
6.069004974543403303e-12
5.932100603725572284e-12
5.799093692076158018e-12
5.669850759418377962e-12
5.544243810710982406e-12
5.422150071760579288e-12
5.303451739552228413e-12
5.188035746286058959e-12
5.075793258401360039e-12
4.966618665607411539e-12
4.860410271157368051e-12
4.757070383840855757e-12
4.656505133721730512e-12
4.558624297588753040e-12
4.463341133542043453e-12
4.370572224176229990e-12
4.280237327856709460e-12
4.192259237618134675e-12
4.106563647244794978e-12
4.023079024120823030e-12
3.941736488464433743e-12
3.862469698584919375e-12
3.785214741823797151e-12
3.709910030862721660e-12
3.636496205100487677e-12
3.564916036819788395e-12
3.495114341881545127e-12
3.427037894700564317e-12
3.360635361807768427e-12
3.295857266788003007e-12
3.232655870580292927e-12
3.170985086688451398e-12
3.110800414565940800e-12
3.052058876074522943e-12
2.994718954856857394e-12
2.938740538472406512e-12
2.884084863154737229e-12
2.830714461056356889e-12
2.778593109854868209e-12
2.727685784601319677e-12
2.677958611698346106e-12
2.629378824901926165e-12
2.581914723246500444e-12
2.535535630798716855e-12
2.490211858150235219e-12
2.445914665564937512e-12
2.402616227700451831e-12
2.360289599828214220e-12
2.318908685480364935e-12
2.278448205455564738e-12
2.238883668119449413e-12
2.200191340938776511e-12
2.162348223191566041e-12
2.125331989659660869e-12
2.089120877837339349e-12
2.053693758881276325e-12
2.019030145005845168e-12
1.985110166984844744e-12
1.951914552554509943e-12
1.919424605677148292e-12
1.887622186626821238e-12
1.856489692860357885e-12
1.826010040638874394e-12
1.796166647366636284e-12
1.766943414615758868e-12
1.738324711806780341e-12
1.710295360516577847e-12
1.682840619386499003e-12
1.655946169604873227e-12
1.629598100939299287e-12
1.603782898295295581e-12
1.578487428778989169e-12
1.553698929242582421e-12
1.529404994292326530e-12
1.505593564739689742e-12
1.482252916477286874e-12
1.459371649762002017e-12
1.436938678888545340e-12
1.414943269810568629e-12
1.393375169499139579e-12
1.372224447568878948e-12
1.351481439233225540e-12
1.331136737097699675e-12
1.311181183242541122e-12
1.291605861583231871e-12
1.272402090497929635e-12
1.253561415711308574e-12
1.235075603424770386e-12
1.216936633683426560e-12
1.199136693970659907e-12
1.181668173021488088e-12
1.164523654846304046e-12
1.147695912956950151e-12
1.131177904787417485e-12
1.114962766301780364e-12
1.099043806782305977e-12
1.083414503790955315e-12
1.068068498297788370e-12
1.052999589970057659e-12
1.038201732616018452e-12
1.023669029777743986e-12
1.009395730467468642e-12
9.953762250421896317e-13
9.816050412114928238e-13
9.680768401737662556e-13
9.547864128761445941e-13
9.417286763937445127e-13
9.288986704238989737e-13
9.162915538912926820e-13
9.039026016600472861e-13
8.917272013489711081e-13
8.797608502463347958e-13
8.679991523206728297e-13
8.564378153242557137e-13
8.450726479859961217e-13
8.338995572906954544e-13
8.229145458416351018e-13
8.121137093036488873e-13
8.014932339239168639e-13
7.910493941278236308e-13
7.807785501873259168e-13
7.706771459593757588e-13
7.607417066920332461e-13
7.509688368959878249e-13
7.413552182793067161e-13
7.318976077432902907e-13
7.225928354374115877e-13
7.134378028713783477e-13
7.044295061465643320e-13
6.955651077777804134e-13
6.868418570521101241e-13
6.782570630214048985e-13
6.698080930079684637e-13
6.614923711528221483e-13
6.533074154925535535e-13
6.452506441518494005e-13
6.373197222027588022e-13
6.295123589085518826e-13
6.218261670520899135e-13
6.142588151785660925e-13
6.068081593790174240e-13
5.994720958585306033e-13
5.922484329396227562e-13
5.851350294380779613e-13
5.781299146905531190e-13
5.712311544946727998e-13
5.644367344913476173e-13
5.577446861066976469e-13
5.511531960138239574e-13
5.446604840686047083e-13
5.382646969227623656e-13
5.319640227997547916e-13
5.257567914463242491e-13
5.196413628457851988e-13
5.136160300430380870e-13
5.076791238780502777e-13
5.018291043649867336e-13
4.960644591028813660e-13
4.903836144071805600e-13
4.847850309981800052e-13
4.792672876421485303e-13
4.738289883002030667e-13
4.684686807605168501e-13
4.631849441683683827e-13
4.579764656727866569e-13
4.528419554605274289e-13
4.477800721706158196e-13
4.427895030554420979e-13
4.378690342964249395e-13
4.330174731631969450e-13
4.282335795692528355e-13
4.235161395679966553e-13
4.188640299303437470e-13
4.142761467512577133e-13
4.097513425732913157e-13
4.052884938461271533e-13
4.008865602967063482e-13
3.965445193775699027e-13
3.922613181425171653e-13
3.880359638099358421e-13
3.838675484269657737e-13
3.797551788279072600e-13
3.756979234439789259e-13
3.716948693527587353e-13
3.677451726459050809e-13
3.638480030264517778e-13
3.600024947962733186e-13
3.562077993820125728e-13
3.524631317782490651e-13
3.487677195207029509e-13
3.451207574798367059e-13
3.415214562693815176e-13
3.379690851111924611e-13
3.344629247929918850e-13
3.310022259334109447e-13
3.275862536385752363e-13
3.242143271008020839e-13
3.208857761885545807e-13
3.175999028810767101e-13
3.143560225023163395e-13
3.111535003352138254e-13
3.079917115263036203e-13
3.048700054174161028e-13
3.017877436539564545e-13
2.987443340693802152e-13
2.957391936178804135e-13
2.927717153568229405e-13
2.898413036976100234e-13
2.869474057906510874e-13
2.840894772272590796e-13
2.812669514499145080e-13
2.784792723882126844e-13
2.757259235528973974e-13
2.730063962728348344e-13
2.703201613311885904e-13
2.676666992059284959e-13
2.650455270620013827e-13
2.624561693114055573e-13
2.598981312921744628e-13
2.573709273123010799e-13
2.548741057116288632e-13
2.524072215529019013e-13
2.499698121773443655e-13
2.475614232323602391e-13
2.451816319590109695e-13
2.428300218397266324e-13
2.405061598794512866e-13
2.382096207808655609e-13
2.359400128003255914e-13
2.336969666063771651e-13
2.314801012169740235e-13
2.292890422335710196e-13
2.271234420040272239e-13
2.249829577346032875e-13
2.228672318335855961e-13
2.207759128255345042e-13
2.187086741272008882e-13
2.166651936819496291e-13
2.146451356512522340e-13
2.126481698830854081e-13
2.106739894084130891e-13
2.087222914786456996e-13
2.067927605008081596e-13
2.048850861727729450e-13
2.029989797985717266e-13
2.011341566199227262e-13
1.992903198998482086e-13
1.974671778276506856e-13
1.956644587429173573e-13
1.938818946615656422e-13
1.921192064208090246e-13
1.903761194479398000e-13
1.886523779752719722e-13
1.869477296696848481e-13
1.852619117591981961e-13
1.835946657516143923e-13
1.819457507157344510e-13
1.803149289311098561e-13
1.787019529231660145e-13
1.771065792104941972e-13
1.755285807214031888e-13
1.739677333875964563e-13
1.724238040208510282e-13
1.708965631611567885e-13
1.693857966919678569e-13
1.678912933078820036e-13
1.664128331713976223e-13
1.649501999281116315e-13
1.635031915788479290e-13
1.620716087571991065e-13
1.606552441098986912e-13
1.592538935398464239e-13
1.578673663885734140e-13
1.564954744647603524e-13
1.551380220963306940e-13
1.537948166571209678e-13
1.524656781088410336e-13
1.511504287264681578e-13
1.498488855212627569e-13
1.485608752736635729e-13
1.472862381192505049e-13
1.460248161606045669e-13
1.447764447272065399e-13
1.435409616228933400e-13
1.423182155225896212e-13
1.411080569497555246e-13
1.399103300755314099e-13
1.387248813915131941e-13
1.375515755160983809e-13
1.363902471057808449e-13
1.352407647271057192e-13
1.341029981408430564e-13
1.329767885362514648e-13
1.318620094547385695e-13
1.307585211621581191e-13
1.296661859686424982e-13
1.285848821750846971e-13
1.275144616531987937e-13
1.264548061917709117e-13
1.254057986465150363e-13
1.243672966508053105e-13
1.233391864025861537e-13
1.223213423807044254e-13
1.213136408689685725e-13
1.203159722866499189e-13
1.193282036925758087e-13
1.183502285938810506e-13
1.173819414525156299e-13
1.164232144199221327e-13
1.154739449189346360e-13
1.145340200065644849e-13
1.136033283368801690e-13
1.126817710842121219e-13
1.117692287342312904e-13
1.108656052005846353e-13
1.099708052527904999e-13
1.090847138871915755e-13
1.082072385016658366e-13
1.073382773075324014e-13
1.064777299321097181e-13
1.056255071136277218e-13
1.047815012330149307e-13
1.039456254634036036e-13
1.031177937463014995e-13
1.022979024659100252e-13
1.014858679014601572e-13
1.006815981755052655e-13
9.988500266854757109e-14
9.909600094499793793e-14
9.831449746160187443e-14
9.754041543805015780e-14
9.677367875320134524e-14
9.601419563673139712e-14
9.526189198880413531e-14
9.451668642410257939e-14
9.377849864732419910e-14
9.304725713246081546e-14
9.232287579279379769e-14
9.160528498004634766e-14
9.089441564025707866e-14
9.019018477487441106e-14
8.949252513538809397e-14
8.880136298200230732e-14
8.811662554734496973e-14
8.743824788857694779e-14
8.676615207439367681e-14
8.610027484116437274e-14
8.544055346185038813e-14
8.478691276262297327e-14
8.413929163191173012e-14
8.349762316468157033e-14
8.286184132495676297e-14
8.223188707003863180e-14
8.160768975192213202e-14
8.098919183214376361e-14
8.037633625736651163e-14
7.976905484607817671e-14
7.916729199285583609e-14
7.857098691312217316e-14
7.798007960031383814e-14
7.739451630836084948e-14
7.681423290499759918e-14
7.623917699386531451e-14
7.566929661776897334e-14
7.510452985437779945e-14
7.454482604634679538e-14
7.399012989897829334e-14
7.344038681523559920e-14
7.289554781139411503e-14
7.235555459403836284e-14
7.182035939242783963e-14
7.128991483387201600e-14
7.076416460824442403e-14
7.024306251161431698e-14
6.972655818142318819e-14
6.921460188172139613e-14
6.870714891725116095e-14
6.820414623536467898e-14
6.770555058345945067e-14
6.721132046247204124e-14
6.672140666599149426e-14
6.623576903493230238e-14
6.575436364296595366e-14
6.527714709554299883e-14
6.480408049984586880e-14
6.433511741863272629e-14
6.387021988179207894e-14
6.340935021735749106e-14
6.295246350278311463e-14
6.249952295652115755e-14
6.205048840915012872e-14
6.160532380000841069e-14
6.116397902369255824e-14
6.072643328779245202e-14
6.029263741464066474e-14
5.986255701142181958e-14
5.943616475558150778e-14
5.901340638220131445e-14
5.859425545039059513e-14
5.817868543234490122e-14
5.776664388205109629e-14
5.735810512235106582e-14
5.695303709875339658e-14
5.655139557371360597e-14
5.615316174595624812e-14
5.575829218677485921e-14
5.536675629948828356e-14
5.497852372456843584e-14
5.459355267112066539e-14
5.421182521512483927e-14
5.383330032393402574e-14
5.345794900573017541e-14
5.308574803887408683e-14
5.271665223806865868e-14
5.235063910326449652e-14
5.198768607583406462e-14
5.162774944723705857e-14
5.127080735568147747e-14
5.091683274076918809e-14
5.056578858954915837e-14
5.021765867552217134e-14
4.987240664922041648e-14
4.953000664992091372e-14
4.919043301532638798e-14
4.885365072949418754e-14
4.851964431218599716e-14
4.818837937054674452e-14
4.785983136976964735e-14
4.753398058667088554e-14
4.721078960895721088e-14
4.689023968856025522e-14
4.657231203242154983e-14
4.625697049256435749e-14
4.594419683675345198e-14
4.563396856650147814e-14
4.532625500492403187e-14
4.502104254260067751e-14
4.471830103738805702e-14
4.441800895834074184e-14
4.412014493522232524e-14
4.382467989971374725e-14
4.353160084887089297e-14
4.324087921746922379e-14
4.295249454625025056e-14
4.266643027292625441e-14
4.238265500673511141e-14
4.210115266544547143e-14
4.182190713754972164e-14
4.154488800590309907e-14
4.127007962342959363e-14
4.099746282991777513e-14
4.072701171713870249e-14
4.045871446436737995e-14
4.019254560673916880e-14
3.992848678869416017e-14
3.966651979039013899e-14
3.940662003089961437e-14
3.914877620928789229e-14
3.889296416241077318e-14
3.863916642920760513e-14
3.838736877666410744e-14
3.813754470168356722e-14
3.788968037036536481e-14
3.764376193077812667e-14
3.739976368327078954e-14
3.715767216232924650e-14
3.691747099573654419e-14
3.667913821748099850e-14
3.644266354359124566e-14
3.620802537736288536e-14
3.597520801876508859e-14
3.574419588277656601e-14
3.551496810390095827e-14
3.528751484459188960e-14
3.506181558787007620e-14
3.483785538350406107e-14
3.461562196724459036e-14
3.439509287566736492e-14
3.417625624648047143e-14
3.395910048012039187e-14
3.374360418445088687e-14
3.352975614112929527e-14
3.331754271064682111e-14
3.310694559061716030e-14
3.289795620381279758e-14
3.269055654651697703e-14
3.248473352252366442e-14
3.228047412841372434e-14
3.207776095318934083e-14
3.187658577885038820e-14
3.167693147670447431e-14
3.147878555723400092e-14
3.128213777075159387e-14
3.108696934849410996e-14
3.089327031109254191e-14
3.070103067022893702e-14
3.051023219847695253e-14
3.032086516965900784e-14
3.013291783667344787e-14
2.994637455350960340e-14
2.976122780894355968e-14
2.957746220807073613e-14
2.939506646183967536e-14
2.921402936049165248e-14
2.903433600409375176e-14
2.885597919225246542e-14
2.867894426270003242e-14
2.850322043950593252e-14
2.832879882619340944e-14
2.815566338507727113e-14
2.798380544747830738e-14
2.781321634047949986e-14
2.764388047942293381e-14
2.747578941244057710e-14
2.730893299384437839e-14
2.714329780458574420e-14
2.697887725769914438e-14
2.681565814608462173e-14
2.665363071169500004e-14
2.649278526444128964e-14
2.633310901231136268e-14
2.617459563777816987e-14
2.601723254968738435e-14
2.586101042554517236e-14
2.570592000750786160e-14
2.555195210221430200e-14
2.539909460734044842e-14
2.524734149398776158e-14
2.509667798312572266e-14
2.494710130381590164e-14
2.479859714408718539e-14
2.465115995152563058e-14
2.450478132065213587e-14
2.435944738114283376e-14
2.421515274828206619e-14
2.407189197648036967e-14
2.392965153558662139e-14
2.378842347097095868e-14
2.364820250117870405e-14
2.350897550958413035e-14
2.337073991391612012e-14
2.323348281165369395e-14
2.309719910462834481e-14
2.296187866658768921e-14
2.282751398774787480e-14
2.269409760853113917e-14
2.256162211944506040e-14
2.243007777448279579e-14
2.229945969938323357e-14
2.216975829549012428e-14
2.204096642325254879e-14
2.191307699085979335e-14
2.178608068729406655e-14
2.165997282888913188e-14
2.153474424462021176e-14
2.141038809930076942e-14
2.128689760326797313e-14
2.116426601226344249e-14
2.104248449521752631e-14
2.092154857352016990e-14
2.080144745920240648e-14
2.068217885031156590e-14
2.056373213088832816e-14
2.044610297446620556e-14
2.032928500843748542e-14
2.021326793074504754e-14
2.009804754024660947e-14
1.998361959702703762e-14
1.986997404311287015e-14
1.975710483265949449e-14
1.964500784834153482e-14
1.953367332695067350e-14
1.942309910062410077e-14
1.931327556015626284e-14
1.920419872691612122e-14
1.909586099440240637e-14
1.898825664531899370e-14
1.888138000001176187e-14
1.877522545296456100e-14
1.866978585472288496e-14
1.856505761535482097e-14
1.846103372500673713e-14
1.835770895146718116e-14
1.825507809594933687e-14
1.815313434922935785e-14
1.805187425506745435e-14
1.795129110212210177e-14
1.785137987111585973e-14
1.775213557471512475e-14
1.765355325744993148e-14
1.755562644575137493e-14
1.745835182760986885e-14
1.736172150226778632e-14
1.726573373912836859e-14
1.717038075799319329e-14
1.707565935395571973e-14
1.698156483247234500e-14
1.688808963344519177e-14
1.679523064025978023e-14
1.670298470934064307e-14
1.661134445208274804e-14
1.652030540371016161e-14
1.642986450709992316e-14
1.634001458089246378e-14
1.625075399048237120e-14
1.616207566297239882e-14
1.607397663929964450e-14
1.598645130655232111e-14
1.589949543191738139e-14
1.581310480922836983e-14
1.572727525889209012e-14
1.564200136204450295e-14
1.555728028175050699e-14
1.547310667536610650e-14
1.538947650362912382e-14
1.530638575270402802e-14
1.522382922701586270e-14
1.514180419318096571e-14
1.506030552834897840e-14
1.497932935265432654e-14
1.489887181056899070e-14
1.481892907083154987e-14
1.473949618569401190e-14
1.466057053421521258e-14
1.458214611822427214e-14
1.450422148313564180e-14
1.442679071952334357e-14
1.434985128896013304e-14
1.427339958522602881e-14
1.419743000216237112e-14
1.412194023800333312e-14
1.404692797158676376e-14
1.397238774659153422e-14
1.389831626309276515e-14
1.382471126066353175e-14
1.375156742969309366e-14
1.367888355959544262e-14
1.360665441752598816e-14
1.353487781194257545e-14
1.346354958660285424e-14
1.339266660519012393e-14
1.332222575017291704e-14
1.325222392275771484e-14
1.318265710426992427e-14
1.311352318895128709e-14
1.304481821213867050e-14
1.297653917440826694e-14
1.290868309430198430e-14
1.284124611168964231e-14
1.277422619377244014e-14
1.270761953205828294e-14
1.264142324014504907e-14
1.257563444886124179e-14
1.251025030621997344e-14
1.244526712840375111e-14
1.238068296193475879e-14
1.231649333839960798e-14
1.225269717130627024e-14
1.218929005557983850e-14
1.212627009619021253e-14
1.206363458077127396e-14
1.200137921939374967e-14
1.193950216495773565e-14
1.187800155749414769e-14
1.181687319754931533e-14
1.175611449487793957e-14
1.169572363648140583e-14
1.163569653184387870e-14
1.157603215370189476e-14
1.151672646899839941e-14
1.145777771857831507e-14
1.139918267441254503e-14
1.134093887156217992e-14
1.128304385965787864e-14
1.122549520285815030e-14
1.116828977652697195e-14
1.111142588943777877e-14
1.105490045795674824e-14
1.099871114376281188e-14
1.094285570916418183e-14
1.088733127810459199e-14
1.083213634463705851e-14
1.077726806940879179e-14
1.072272430406173046e-14
1.066850291238070488e-14
1.061460177026508077e-14
1.056101812742087224e-14
1.050775053330278105e-14
1.045479564541970023e-14
1.040215266389930232e-14
1.034981829162313114e-14
1.029779111916073506e-14
1.024606912147235033e-14
1.019464908424326651e-14
1.014353022715113783e-14
1.009270937930290490e-14
1.004218459200435058e-14
9.991955087216739432e-15
9.942017758069948642e-15
9.892370688604861748e-15
9.843010843544843923e-15
9.793938598304128326e-15
9.745149818504482457e-15
9.696643760866157282e-15
9.648418562683322365e-15
9.600471289487568722e-15
9.552800127587669776e-15
9.505404337260061453e-15
9.458281042728614792e-15
9.411428460580768325e-15
9.364844817358714674e-15
9.318528349533999236e-15
9.272477303481468833e-15
9.226688924787827426e-15
9.181162507392018570e-15
9.135896326971815301e-15
9.090887683854694775e-15
9.046134898318943758e-15
9.001637268438247664e-15
8.957391187745097877e-15
8.913396933268041488e-15
8.869651893902538015e-15
8.826154436241915600e-15
8.782902007681557940e-15
8.739893937040322655e-15
8.697128618040046319e-15
8.654603548352515285e-15
8.612318060113827741e-15
8.570269698908773818e-15
8.528456991198989189e-15
8.486878486169738572e-15
8.445533608518781847e-15
8.404419179878981196e-15
8.363534647588495989e-15
8.322878591474397125e-15
8.282448759759790022e-15
8.242244600685718484e-15
8.202264716685061351e-15
8.162506899301578791e-15
8.122969786464414932e-15
8.083652828176895710e-15
8.044553060131970489e-15
8.005669953320691631e-15
7.967002959273787022e-15
7.928549174840761301e-15
7.890308072261327933e-15
7.852278339186705875e-15
7.814457910816605891e-15
7.776845507625255101e-15
7.739440603778506556e-15
7.702241173735062411e-15
7.665245958070600450e-15
7.628454432748331765e-15
7.591863888035087467e-15
7.555473819108854390e-15
7.519282992911725473e-15
7.483290182938226953e-15
7.447493469792139114e-15
7.411892350871200822e-15
7.376484931015301266e-15
7.341270026431401788e-15
7.306247136379779719e-15
7.271414401476892326e-15
7.236770656529565926e-15
7.202314081952012777e-15
7.168044851163004549e-15
7.133960501524393602e-15
7.100060552602713579e-15
7.066343869511950350e-15
7.032808689227385119e-15
6.999453904310949582e-15
6.966279037036822532e-15
6.933282357379103609e-15
6.900462775201906985e-15
6.867819206063277005e-15
6.835350571201099917e-15
6.803055797518686653e-15
6.770933223139608787e-15
6.738982399871966361e-15
6.707202319441759605e-15
6.675591408116953337e-15
6.644148691428687779e-15
6.612873770717521671e-15
6.581764534620390524e-15
6.550821160600727840e-15
6.520042122570911644e-15
6.489426470215072734e-15
6.458972709440679099e-15
6.428680456767221273e-15
6.398548776064590702e-15
6.368576200387492157e-15
6.338762347160995359e-15
6.309105767261304153e-15
6.279605555911140169e-15
6.250260812816518775e-15
6.221071156813991689e-15
6.192034663164827623e-15
6.163150963734914608e-15
6.134419176072055015e-15
6.105837923583059295e-15
6.077406839120886366e-15
6.049125053408823227e-15
6.020991214695230514e-15
5.993004473998630361e-15
5.965164465773508950e-15
5.937469387131703259e-15
5.909918884669809449e-15
5.882512594145487464e-15
5.855248747641448742e-15
5.828126992905437874e-15
5.801146510062868115e-15
5.774306029794889531e-15
5.747604751090431076e-15
5.721042323361979977e-15
5.694617499951270371e-15
5.668329491664930031e-15
5.642177949345657316e-15
5.616161215892331757e-15
5.590278953330084000e-15
5.564530387981299074e-15
5.538914750024924693e-15
5.513430854031480738e-15
5.488078363825783824e-15
5.462856108038567268e-15
5.437763341690085996e-15
5.412799730055026959e-15
5.387964122540249792e-15
5.363255785158525813e-15
5.338673595979709804e-15
5.314217654202479994e-15
5.289886478979744399e-15
5.265679781456309850e-15
5.241596878823919210e-15
5.217636709380671533e-15
5.193798605717660255e-15
5.170082279900386759e-15
5.146486688665541138e-15
5.123011174062646463e-15
5.099655081257585310e-15
5.076417758526635189e-15
5.053298557250290967e-15
5.030296472536386167e-15
5.007411226817012143e-15
4.984642180677579531e-15
4.961988346580616433e-15
4.939449099294551265e-15
4.917024162386481352e-15
4.894712222109748348e-15
4.872513351154761568e-15
4.850426590174612028e-15
4.828451328597750392e-15
4.806586625833456483e-15
4.784832215076564952e-15
4.763187494376329384e-15
4.741651539258187317e-15
4.720224083862192849e-15
4.698904214303190409e-15
4.677691347326697359e-15
4.656584902413593631e-15
4.635584615067151231e-15
4.614689281274324508e-15
4.593898644363668713e-15
4.573212134701060790e-15
4.552628881402324296e-15
4.532148628768924521e-15
4.511770815211009443e-15
4.491494584672565831e-15
4.471319387624171402e-15
4.451244969813381562e-15
4.431270199217676270e-15
4.411394828910599655e-15
4.391618605774604228e-15
4.371940418542744077e-15
4.352360021336104347e-15
4.332876882465138345e-15
4.313490195039387600e-15
4.294199438628616933e-15
4.275004368814760401e-15
4.255904195410882567e-15
4.236898420710363099e-15
4.217986819903794778e-15
4.199168365828872969e-15
4.180442840164775714e-15
4.161809757285000812e-15
4.143268633793876861e-15
4.124818730769194674e-15
4.106459830834420881e-15
4.088191203262408876e-15
4.070012379123496262e-15
4.051923141811158379e-15
4.033922772719848214e-15
4.016010809300985032e-15
3.998186546403381403e-15
3.980450016897893059e-15
3.962800276896737527e-15
3.945237116902883881e-15
3.927760084799707164e-15
3.910368494723549958e-15
3.893061903915669516e-15
3.875840103983365237e-15
3.858702420354714190e-15
3.841648416267770379e-15
3.824677656937679915e-15
3.807789709552648367e-15
3.790984143269815798e-15
3.774260529211031635e-15
3.757617999013618653e-15
3.741056575609626104e-15
3.724575835911691507e-15
3.708175358780237518e-15
3.691854296318689317e-15
3.675612666215197722e-15
3.659450053070683597e-15
3.643365204605759615e-15
3.627358976637826726e-15
3.611430123659870838e-15
3.595578246892506759e-15
3.579802949323705377e-15
3.564104240102725958e-15
3.548480914017130844e-15
3.532933385246903388e-15
3.517461255161607168e-15
3.502063341392702910e-15
3.486739656086438957e-15
3.471489814572028726e-15
3.456313433916713055e-15
3.441210132921827332e-15
3.426179532118805526e-15
3.411220879276684443e-15
3.396334187967909833e-15
3.381519093446634996e-15
3.366775232607990643e-15
3.352101878583168970e-15
3.337499042187447465e-15
3.322966004981201806e-15
3.308502775663388154e-15
3.294108644128527652e-15
3.279783617028000419e-15
3.265526642537286938e-15
3.251338080293728852e-15
3.237217581490344633e-15
3.223164113912269030e-15
3.209178026748894151e-15
3.195258300609787200e-15
3.181405277858068917e-15
3.167617951763282367e-15
3.153896658001454465e-15
3.140240730451211665e-15
3.126649513902930865e-15
3.113123010795387782e-15
3.099660894561784808e-15
3.086262521208487301e-15
3.072928207102544214e-15
3.059656994496265623e-15
3.046448569307269579e-15
3.033302928725330220e-15
3.020219447019479282e-15
3.007198119728017699e-15
2.994238328272900891e-15
2.981340066596462023e-15
2.968502424062340576e-15
2.955725696424267455e-15
2.943009574048279697e-15
2.930353163020270532e-15
2.917756750474045548e-15
2.905219453435161868e-15
2.892741266699000018e-15
2.880322178208954654e-15
2.867961321141648893e-15
2.855658968761808784e-15
2.843414264843376609e-15
2.831226923741518975e-15
2.819097210688726161e-15
2.807024285059932940e-15
2.795008135895313319e-15
2.783048207630977395e-15
2.771144487956578770e-15
2.759296427566410987e-15
2.747504013728347782e-15
2.735766969387397475e-15
2.724084499922558965e-15
2.712456858537464183e-15
2.700883516420148006e-15
2.689364207558256996e-15
2.677898919747016041e-15
2.666487133048938515e-15
2.655128335711063560e-15
2.643822766355884589e-15
2.632569668011307059e-15
2.621369274620176853e-15
2.610220838321680959e-15
2.599124588472907164e-15
2.588079786210904329e-15
2.577086181745754834e-15
2.566143997690203824e-15
2.555252508431551840e-15
2.544411699785587559e-15
2.533621090508975955e-15
2.522880665307721982e-15
2.512189948269031223e-15
2.501548923027912018e-15
2.490957118944543431e-15
2.480414295635139154e-15
2.469920213730195519e-15
2.459474854800425706e-15
2.449077758547234900e-15
2.438728688665042174e-15
2.428427409853585022e-15
2.418173687815682150e-15
2.407967289254956426e-15
2.397808192898886863e-15
2.387695743949620763e-15
2.377629716435388815e-15
2.367610298754147411e-15
2.357636847690445974e-15
2.347709344016868845e-15
2.337827561344990500e-15
2.327991274268160284e-15
2.318199858843133616e-15
2.308453694978486576e-15
2.298752161993220111e-15
2.289095042377703847e-15
2.279482313902150258e-15
2.269913563859695634e-15
2.260388577493040170e-15
2.250907140948386969e-15
2.241469230413115269e-15
2.232074442127388246e-15
2.222722565554131288e-15
2.213413393403228765e-15
2.204146719845051478e-15
2.194922339916386809e-15
2.185740049518434225e-15
2.176599645414762921e-15
2.167500746098904226e-15
2.158443331603833714e-15
2.149427201241196522e-15
2.140452155176883035e-15
2.131517820086763627e-15
2.122624174531356870e-15
2.113771021200479694e-15
2.104957821945808440e-15
2.096184897121357001e-15
2.087451711371336585e-15
2.078758074129214934e-15
2.070103795615835270e-15
2.061488852013899282e-15
2.052912723652961595e-15
2.044375552365604048e-15
2.035877148227318298e-15
2.027417000559786215e-15
2.018995087262113835e-15
2.010611224041025503e-15
2.002265227376125729e-15
1.993956914518005124e-15
1.985686103486342017e-15
1.977452458622699511e-15
1.969255955986131661e-15
1.961096415869603295e-15
1.952973659327572590e-15
1.944887357807788694e-15
1.936837486250752565e-15
1.928823719591166302e-15
1.920846032232442804e-15
1.912904102560170793e-15
1.904997904462189320e-15
1.897126975274795236e-15
1.889291434773667244e-15
1.881491110671648331e-15
1.873725548207674685e-15
1.865994863545762617e-15
1.858298607102295081e-15
1.850636892679408860e-15
1.843009275810253311e-15
1.835415867981789016e-15
1.827856365859936039e-15
1.820330470434197378e-15
1.812838155519934699e-15
1.805379259179011845e-15
1.797953489803224683e-15
1.790560955416814258e-15
1.783201234617484541e-15
1.775874173418143414e-15
1.768579747509923951e-15
1.761317673381701173e-15
1.754087926282397581e-15
1.746890225664388349e-15
1.739724546352393521e-15
1.732590485857595863e-15
1.725488145111367733e-15
1.718417372626399878e-15
1.711377772689969559e-15
1.704369443171105888e-15
1.697391992797615125e-15
1.690445397391820079e-15
1.683529630201875454e-15
1.676644306520406509e-15
1.669789519282361352e-15
1.662964888093693971e-15
1.656170271639131871e-15
1.649405759992097279e-15
1.642670979119224718e-15
1.635965903329945555e-15
1.629290278178990571e-15
1.622644077625235545e-15
1.616027049849469652e-15
1.609439168475302983e-15
1.602880294537502558e-15
1.596350070576255972e-15
1.589848580708430470e-15
1.583375579557306161e-15
1.576930932547054959e-15
1.570514612368376302e-15
1.564126377429570004e-15
1.557765989458656234e-15
1.551433527434135048e-15
1.545128649495249884e-15
1.538851432969643101e-15
1.532601539782159625e-15
1.526379045641949110e-15
1.520183616216282234e-15
1.514015124297254689e-15
1.507873643211855381e-15
1.501758844147603431e-15
1.495670700161873643e-15
1.489608986081088261e-15
1.483573674707520446e-15
1.477564543164073822e-15
1.471581564389123920e-15
1.465624519668137768e-15
1.459693288607610271e-15
1.453787751292787336e-15
1.447907882047002029e-15
1.442053466945227652e-15
1.436224387514656142e-15
1.430420525756573601e-15
1.424641764145194751e-15
1.418887985626496603e-15
1.413159163827261258e-15
1.407455001635439124e-15
1.401775385137787094e-15
1.396120377843246816e-15
1.390489687482259994e-15
1.384883288853672428e-15
1.379301068160626590e-15
1.373742912068434297e-15
1.368208536304651561e-15
1.362698087192986562e-15
1.357211281906959009e-15
1.351748010554353550e-15
1.346308247211940044e-15
1.340891798255317015e-15
1.335498555101575477e-15
1.330128409598441668e-15
1.324781335452667082e-15
1.319457142905660153e-15
1.314155725101276744e-15
1.308876975609653434e-15
1.303620788426122630e-15
1.298387057970120985e-15
1.293175679084089921e-15
1.287986547032369054e-15
1.282819480113409703e-15
1.277674452798740737e-15
1.272551361601712542e-15
1.267450103453168500e-15
1.262370500253976676e-15
1.257312526166662616e-15
1.252276079357979265e-15
1.247260910357190017e-15
1.242267068075535270e-15
1.237294451896236256e-15
1.232342961612148177e-15
1.227412353074997096e-15
1.222502673062256821e-15
1.217613680033847267e-15
1.212745419722266797e-15
1.207897793914440588e-15
1.203070565872438095e-15
1.198263645485651177e-15
1.193477082019732164e-15
1.188710784358304054e-15
1.183964525370354406e-15
1.179238217235517947e-15
1.174531907133400786e-15
1.169845371536746317e-15
1.165178656611803144e-15
1.160531541206790208e-15
1.155903939166965634e-15
1.151295764661751595e-15
1.146707061871590037e-15
1.142137485425609506e-15
1.137587337106034283e-15
1.133056145759919984e-15
1.128543956059135568e-15
1.124050809803202520e-15
1.119576371274224542e-15
1.115120807818736405e-15
1.110683910839109590e-15
1.106265597738360369e-15
1.101865664423776638e-15
1.097484273312147741e-15
1.093121220176393517e-15
1.088776423679024377e-15
1.084449683989980518e-15
1.080141158747074927e-15
1.075850530667655407e-15
1.071577955055044272e-15
1.067323118184192658e-15
1.063086057901367305e-15
1.058866580585640486e-15
1.054664836964133867e-15
1.050480520287702668e-15
1.046313666728444895e-15
1.042164198320278465e-15
1.038031926462995872e-15
1.033916886111338975e-15
1.029818890627647556e-15
1.025737974169963069e-15
1.021674060259111770e-15
1.017626965168822629e-15
1.013596721897267415e-15
1.009583148628787926e-15
1.005586277602425815e-15
1.001605928892787436e-15
9.976421339943524129e-16
9.936947148518498709e-16
9.897635992453889472e-16
9.858488165708317533e-16
9.819501865354793715e-16
9.780676317676936845e-16
9.742011756671683812e-16
9.703506397597647997e-16
9.665159475902012303e-16
9.626971216285918707e-16
9.588938881603775297e-16
9.551063682797672286e-16
9.513343881115007337e-16
9.475778727023506077e-16
9.438367473946101189e-16
9.401109378252675014e-16
9.364004643874610500e-16
9.327050638010856710e-16
9.290247576276972421e-16
9.253595654099834294e-16
9.217092282071245456e-16
9.180737667139218596e-16
9.144531086068021538e-16
9.108471818501731809e-16
9.072559146955711026e-16
9.036792356808061534e-16
9.001170736291061346e-16
8.965692693573919598e-16
8.930358416271060530e-16
8.895167201021378693e-16
8.860117480458644867e-16
8.825210295797949992e-16
8.790443223686691470e-16
8.755815587667624422e-16
8.721328405588204027e-16
8.686979293803602834e-16
8.652767583789832571e-16
8.618693440072181171e-16
8.584756184069294200e-16
8.550954319545244418e-16
8.517287188383864128e-16
8.483754945445522557e-16
8.450356922884124259e-16
8.417091654955105302e-16
8.383958493831817041e-16
8.350957585097196498e-16
8.318087485415357451e-16
8.285347554552508464e-16
8.252737931332902427e-16
8.220257194483234868e-16
8.187904711296819020e-16
8.155679851531572713e-16
8.123582745288336606e-16
8.091612055685785952e-16
8.059767436955754292e-16
8.028048599561462972e-16
7.996455254508013725e-16
7.964987848529495699e-16
7.933644618901233737e-16
7.902426744242172389e-16
7.871332480749329112e-16
7.840362272910935640e-16
7.809516548237109825e-16
7.778793590907373723e-16
7.748194538490407331e-16
7.717717693556907487e-16
7.687363481564500213e-16
7.657131619665240314e-16
7.627021825585486153e-16
7.597033817628225805e-16
7.567166635245529279e-16
7.537420685531245943e-16
7.507795688453279463e-16
7.478291364565540803e-16
7.448906771826442527e-16
7.419642303145631752e-16
7.390497680770575613e-16
7.361471976274731702e-16
7.332565572207025499e-16
7.303778192528674167e-16
7.275108922221342967e-16
7.246557497988328779e-16
7.218124288900659467e-16
7.189809021184645982e-16
7.161610797333992193e-16
7.133529356039899807e-16
7.105565053326986269e-16
7.077717617719507445e-16
7.049985559381309223e-16
7.022369841658847070e-16
6.994870194784230143e-16
6.967485152417761080e-16
6.940215657560322603e-16
6.913060850718179962e-16
6.886020475087120945e-16
6.859094858748481550e-16
6.832283154495575007e-16
6.805585107065153942e-16
6.779000461689210956e-16
6.752528964097180529e-16
6.726170360518106420e-16
6.699924397682728202e-16
6.673791383239030603e-16
6.647769765152696441e-16
6.621858979334331825e-16
6.596058278591798534e-16
6.570365267346294568e-16
6.544779214223227368e-16
6.519298840309044407e-16
6.493922872881490073e-16
6.468650045381867347e-16
6.443478566265114767e-16
6.418408246614106858e-16
6.393436779064382765e-16
6.368563452499749596e-16
6.343787030708645216e-16
6.319105767927242154e-16
6.294518961581629397e-16
6.270025393321795144e-16
6.245623344279861203e-16
6.221312120357209359e-16
6.197090520826315816e-16
6.172956853312618045e-16
6.148910432122782178e-16
6.124949582306688194e-16
6.101073623716845256e-16
6.077280898654697965e-16
6.053570732486181267e-16
6.029941484593455850e-16
6.006392008609761828e-16
5.982921638083843944e-16
5.959528757678584950e-16
5.936212706372304385e-16
5.912971885490873602e-16
5.889805176177509631e-16
5.866711925465358987e-16
5.843690101597841200e-16
5.820739520132683725e-16
5.797858623272185132e-16
5.775046768650023344e-16
5.752301967603715539e-16
5.729624035316376875e-16
5.707011004326604109e-16
5.684462689644065551e-16
5.661977581214549771e-16
5.639554618461350134e-16
5.617192314727672444e-16
5.594890484741005521e-16
5.572647649484892929e-16
5.550462768837759754e-16
5.528334386717946216e-16
5.506262317645357322e-16
5.484244697059203747e-16
