# te
-1.400902390480041504e+00
-9.979701042175292969e-01
-6.390994191169738770e-01
-3.732294738292694092e-01
-1.862478405237197876e-01
-6.056125089526176453e-02
1.748018339276313782e-02
5.725188180804252625e-02
6.779494881629943848e-02
6.033552810549736023e-02
4.574890434741973877e-02
2.942675352096557617e-02
1.354264747351408005e-02
1.484792737755924463e-04
-8.428976871073246002e-03
-1.183711271733045578e-02
-9.304313920438289642e-03
-3.171081887558102608e-03
1.238452037796378136e-03
4.119778051972389221e-03
5.884664133191108704e-03
7.194887846708297729e-03
8.364692330360412598e-03
7.993848994374275208e-03
6.104591302573680878e-03
2.915308810770511627e-03
-5.534914089366793633e-05
-1.411297824233770370e-03
-1.419788110069930553e-03
-5.624155746772885323e-04
5.446816212497651577e-04
1.110160024836659431e-03
1.260044518858194351e-03
1.918285386636853218e-03
2.940950216725468636e-03
2.978816628456115723e-03
2.588365459814667702e-03
2.311169635504484177e-03
2.480719704180955887e-03
3.079130314290523529e-03
3.500437363982200623e-03
3.010234795510768890e-03
1.765846041962504387e-03
-1.096127334676566534e-06
-3.876984352245926857e-03
-8.836943656206130981e-03
-1.054666750133037567e-02
-5.266338586807250977e-03
3.959263209253549576e-03
1.265736110508441925e-02
1.627596840262413025e-02
1.209438499063253403e-02
5.362499505281448364e-03
1.446129055693745613e-03
-6.214847671799361706e-04
-8.223616750910878181e-04
-1.251591747859492898e-04
4.791690735146403313e-04
1.433869125321507454e-03
3.379847854375839233e-03
5.370710045099258423e-03
6.434788461774587631e-03
5.377482622861862183e-03
1.598677365109324455e-03
-3.099105786532163620e-03
-6.368741858750581741e-03
-7.027397397905588150e-03
-3.817926859483122826e-03
1.098509645089507103e-03
4.963491577655076981e-03
6.568030454218387604e-03
5.592098925262689590e-03
3.201890503987669945e-03
1.158091705292463303e-03
2.396488707745447755e-04
1.966701966011896729e-04
-9.455847321078181267e-04
3.991842822870239615e-05
1.178449601866304874e-03
1.432769116945564747e-03
1.286254031583666801e-03
6.735522183589637280e-04
1.015537884086370468e-03
7.606512517668306828e-04
5.479453830048441887e-04
8.615855476818978786e-04
1.403909293003380299e-03
3.910404338967055082e-04
4.977682256139814854e-04
6.443026941269636154e-04
1.080940128304064274e-03
1.275836955755949020e-03
2.183373551815748215e-03
2.528603654354810715e-03
2.522804541513323784e-03
2.377255354076623917e-03
3.789457026869058609e-03
3.255141666159033775e-03
4.701141268014907837e-03
4.623187240213155746e-03
4.718780051916837692e-03
3.712977049872279167e-03
4.046383779495954514e-03
3.700940171256661415e-03
2.887913025915622711e-03
2.561672823503613472e-03
1.447253744117915630e-03
4.990131710655987263e-04
6.713004549965262413e-04
-5.225938366493210196e-05
-1.451823860406875610e-03
-2.562725683674216270e-03
-3.163418266922235489e-03
-3.775475546717643738e-03
-4.177371505647897720e-03
-4.147592466324567795e-03
-4.950854461640119553e-03
-4.879447165876626968e-03
-4.454999230802059174e-03
-4.199152812361717224e-03
-3.890448017045855522e-03
-4.050548654049634933e-03
-2.228686353191733360e-03
-1.175873680040240288e-03
-6.706911372020840645e-04
-4.917280166409909725e-04
-4.175805952399969101e-04
-2.268515236210078001e-04
3.018512506969273090e-04
-8.296117302961647511e-04
-1.121512963436543941e-03
-3.266094019636511803e-03
-3.267607418820261955e-03
-4.561403300613164902e-03
-3.894841531291604042e-03
-3.960155881941318512e-03
-3.734027501195669174e-03
-2.936238422989845276e-03
-2.772783860564231873e-03
-1.477209501899778843e-03
-2.554900420363992453e-04
4.295219550840556622e-04
8.580974536016583443e-04
1.310522085987031460e-03
1.323987147770822048e-03
1.921921037137508392e-03
1.155329518951475620e-03
4.767697828356176615e-05
3.655571781564503908e-04
-1.269896049052476883e-03
-3.553708316758275032e-03
-4.381483420729637146e-03
-6.107465829700231552e-03
-8.113439194858074188e-03
-1.052427571266889572e-02
-1.197860948741436005e-02
-1.334438379853963852e-02
-1.474641263484954834e-02
-1.482327468693256378e-02
-1.518596895039081573e-02
-1.595926098525524139e-02
-1.578167825937271118e-02
-1.626418158411979675e-02
-1.530216448009014130e-02
-1.450656354427337646e-02
-1.474519819021224976e-02
-1.391344238072633743e-02
-1.213599368929862976e-02
-1.102377194911241531e-02
-8.472144603729248047e-03
-6.092033814638853073e-03
-4.008146468549966812e-03
-2.345196669921278954e-03
-4.847986565437167883e-04
1.495583215728402138e-03
2.221340080723166466e-03
3.337558126077055931e-03
5.003086291253566742e-03
5.890530534088611603e-03
6.158696487545967102e-03
7.452582474797964096e-03
8.444721810519695282e-03
1.003695093095302582e-02
1.015863567590713501e-02
1.194088067859411240e-02
1.405610144138336182e-02
1.517667807638645172e-02
1.694739982485771179e-02
1.729747280478477478e-02
1.935783587396144867e-02
2.105762995779514313e-02
2.106907032430171967e-02
2.177988365292549133e-02
2.111911773681640625e-02
1.998821459710597992e-02
1.705926470458507538e-02
1.323365792632102966e-02
7.926540449261665344e-03
5.530281341634690762e-04
-7.900756783783435822e-03
-1.833881996572017670e-02
-2.935104817152023315e-02
-4.324289411306381226e-02
-5.711805820465087891e-02
-7.157284766435623169e-02
-8.638619631528854370e-02
-1.014113202691078186e-01
-1.163528114557266235e-01
-1.314354687929153442e-01
-1.460517644882202148e-01
-1.604710817337036133e-01
-1.739818304777145386e-01
-1.871208697557449341e-01
-1.999642848968505859e-01
-2.113248854875564575e-01
-2.225420325994491577e-01
-2.327256649732589722e-01
-2.402427047491073608e-01
-2.488845884799957275e-01
-2.557549178600311279e-01
-2.616726160049438477e-01
-2.652273774147033691e-01
-2.694674730300903320e-01
-2.707531154155731201e-01
-2.721325159072875977e-01
-2.714520394802093506e-01
-2.695304453372955322e-01
-2.671865224838256836e-01
-2.630095779895782471e-01
-2.570751607418060303e-01
-2.502018511295318604e-01
-2.432082593441009521e-01
-2.346835732460021973e-01
-2.254462391138076782e-01
-2.148285210132598877e-01
-2.036488205194473267e-01
-1.912392973899841309e-01
-1.776751875877380371e-01
-1.645179390907287598e-01
-1.503565162420272827e-01
-1.352660655975341797e-01
-1.200648546218872070e-01
-1.033417806029319763e-01
-8.740131556987762451e-02
-7.008922100067138672e-02
-5.296682193875312805e-02
-3.536609560251235962e-02
-1.736215315759181976e-02
2.267929812660440803e-04
1.880011335015296936e-02
3.748088330030441284e-02
5.538042262196540833e-02
7.309624552726745605e-02
9.122586995363235474e-02
1.103667542338371277e-01
1.229421570897102356e-01
1.421823501586914062e-01
1.538225412368774414e-01
1.733222901821136475e-01
1.789855957031250000e-01
1.937030702829360962e-01
2.106408327817916870e-01
2.229650169610977173e-01
2.238416671752929688e-01
2.361612170934677124e-01
2.382274717092514038e-01
2.454996258020401001e-01
2.511436045169830322e-01
2.557564079761505127e-01
2.599349021911621094e-01
2.568448781967163086e-01
2.619454264640808105e-01
2.535400092601776123e-01
2.545187771320343018e-01
2.431851327419281006e-01
2.424290776252746582e-01
2.305540293455123901e-01
2.155877947807312012e-01
2.129891663789749146e-01
2.010615020990371704e-01
1.878325492143630981e-01
1.738988906145095825e-01
1.598571240901947021e-01
1.463038623332977295e-01
1.264045834541320801e-01
1.156181097030639648e-01
9.967883676290512085e-02
8.661446720361709595e-02
7.702164351940155029e-02
5.663478747010231018e-02
4.834386333823204041e-02
3.045225143432617188e-02
2.584994584321975708e-02
1.284037623554468155e-02
6.882491521537303925e-03
8.573075756430625916e-03
3.646740457043051720e-03
1.314319961238652468e-04
-1.375971594825387001e-03
7.018927484750747681e-03
2.524500153958797455e-02
3.823533654212951660e-02
4.578527063131332397e-02
6.255235522985458374e-02
8.090090006589889526e-02
9.319522231817245483e-02
1.215241029858589172e-01
1.359586268663406372e-01
1.585876494646072388e-01
1.743444949388504028e-01
1.978869736194610596e-01
2.141484916210174561e-01
2.377868592739105225e-01
2.537355720996856689e-01
2.692213952541351318e-01
2.840400040149688721e-01
2.979871034622192383e-01
3.108584284782409668e-01
3.298807442188262939e-01
3.399876356124877930e-01
3.484058678150177002e-01
3.549312055110931396e-01
3.519282639026641846e-01
3.614860475063323975e-01
3.536758422851562500e-01
3.505866527557373047e-01
3.520141243934631348e-01
3.428917229175567627e-01
3.304462134838104248e-01
3.219042718410491943e-01
3.170614838600158691e-01
3.082822859287261963e-01
2.953622937202453613e-01
2.780969440937042236e-01
2.637127935886383057e-01
2.371431142091751099e-01
2.204766422510147095e-01
1.986465454101562500e-01
1.863103359937667847e-01
1.609700620174407959e-01
1.372832208871841431e-01
1.150450408458709717e-01
9.405077993869781494e-02
7.409561425447463989e-02
6.240582466125488281e-02
4.391436278820037842e-02
2.584744803607463837e-02
8.000181987881660461e-03
-2.401247853413224220e-03
-1.309336535632610321e-02
-2.478355541825294495e-02
-2.341749705374240875e-02
-3.209638968110084534e-02
-3.676592558622360229e-02
-3.080292046070098877e-02
-2.987747825682163239e-02
-1.993530802428722382e-02
-1.664651371538639069e-02
-9.672344662249088287e-03
-4.279355984181165695e-03
1.697012572549283504e-03
9.678221307694911957e-03
1.514086592942476273e-02
2.322198823094367981e-02
3.014132939279079437e-02
3.732042014598846436e-02
4.543770104646682739e-02
5.145609378814697266e-02
5.976963043212890625e-02
6.585507094860076904e-02
7.336337864398956299e-02
7.851447165012359619e-02
8.421627432107925415e-02
8.966118842363357544e-02
9.404164552688598633e-02
9.952252358198165894e-02
1.023238822817802429e-01
1.060968786478042603e-01
1.078047081828117371e-01
1.096123605966567993e-01
1.114555150270462036e-01
1.110405549407005310e-01
1.112756207585334778e-01
1.098671406507492065e-01
1.082370579242706299e-01
1.055780276656150818e-01
1.025689393281936646e-01
9.840244799852371216e-02
9.450054913759231567e-02
8.856970816850662231e-02
8.277503401041030884e-02
7.556607574224472046e-02
6.836484372615814209e-02
5.887775868177413940e-02
4.986441135406494141e-02
3.917983174324035645e-02
2.735424228012561798e-02
1.444968301802873611e-02
5.430474411696195602e-04
-1.452832669019699097e-02
-3.044360876083374023e-02
-4.715867713093757629e-02
-6.366338580846786499e-02
-8.132558315992355347e-02
-9.846636652946472168e-02
-1.171224191784858704e-01
-1.333855837583541870e-01
-1.500357240438461304e-01
-1.668802499771118164e-01
-1.822403967380523682e-01
-1.974099129438400269e-01
-2.114531844854354858e-01
-2.249208390712738037e-01
-2.361342608928680420e-01
-2.471303194761276245e-01
-2.577166557312011719e-01
-2.654715478420257568e-01
-2.716888785362243652e-01
-2.769194245338439941e-01
-2.802276909351348877e-01
-2.829076349735260010e-01
-2.832807600498199463e-01
-2.826408743858337402e-01
-2.793096005916595459e-01
-2.745807766914367676e-01
-2.697483599185943604e-01
-2.616476714611053467e-01
-2.523156702518463135e-01
-2.423031777143478394e-01
-2.306747883558273315e-01
-2.187244147062301636e-01
-2.040303647518157959e-01
-1.901158541440963745e-01
-1.753022819757461548e-01
-1.601403951644897461e-01
-1.436946541070938110e-01
-1.265157610177993774e-01
-1.106405556201934814e-01
-9.364727884531021118e-02
-7.831584662199020386e-02
-6.296750158071517944e-02
-4.889594018459320068e-02
-3.516544774174690247e-02
-2.306964434683322906e-02
-1.167279016226530075e-02
-3.754661651328206062e-03
1.620535040274262428e-03
5.388621240854263306e-03
4.769892431795597076e-03
1.582273514941334724e-03
-6.259160116314888000e-03
-1.624170504510402679e-02
-2.956819534301757812e-02
-4.595521464943885803e-02
-5.843134969472885132e-02
-8.083225786685943604e-02
-9.429673105478286743e-02
-1.141466200351715088e-01
-1.341535896062850952e-01
-1.547772735357284546e-01
-1.697893142700195312e-01
-1.974839717149734497e-01
-2.078533917665481567e-01
-2.303384840488433838e-01
-2.423625290393829346e-01
-2.585042119026184082e-01
-2.710490226745605469e-01
-2.871446013450622559e-01
-2.990764677524566650e-01
-3.065611720085144043e-01
-3.167464733123779297e-01
-3.219178617000579834e-01
-3.292230963706970215e-01
-3.309477567672729492e-01
-3.290378749370574951e-01
-3.328706026077270508e-01
-3.235849440097808838e-01
-3.254202604293823242e-01
-3.187724947929382324e-01
-3.070740401744842529e-01
-2.959865629673004150e-01
-2.874563038349151611e-01
-2.752552628517150879e-01
-2.605865299701690674e-01
-2.453964203596115112e-01
-2.294018566608428955e-01
-2.115767151117324829e-01
-1.931242048740386963e-01
-1.730182021856307983e-01
-1.539481878280639648e-01
-1.348880827426910400e-01
-1.140687167644500732e-01
-9.492269903421401978e-02
-7.568085938692092896e-02
-5.754649639129638672e-02
-3.949356824159622192e-02
-2.421159110963344574e-02
-8.445192128419876099e-03
3.629900515079498291e-03
1.386705040931701660e-02
2.297023497521877289e-02
2.949831448495388031e-02
3.572570905089378357e-02
3.872509300708770752e-02
4.151402041316032410e-02
4.265142232179641724e-02
4.366867244243621826e-02
4.238162189722061157e-02
4.032169282436370850e-02
3.827722370624542236e-02
3.555035218596458435e-02
3.144323825836181641e-02
2.674430049955844879e-02
2.224197052419185638e-02
1.723849028348922729e-02
1.177924219518899918e-02
5.909630097448825836e-03
1.161306747235357761e-03
-4.649600479751825333e-03
-1.073449663817882538e-02
-1.630476675927639008e-02
-2.205798774957656860e-02
-2.794860862195491791e-02
-3.244483098387718201e-02
-3.698728233575820923e-02
-4.153035208582878113e-02
-4.677151888608932495e-02
-5.043581128120422363e-02
-5.545001104474067688e-02
-5.805291235446929932e-02
-6.117126345634460449e-02
-6.401628255844116211e-02
-6.654227524995803833e-02
-6.870356202125549316e-02
-6.971134245395660400e-02
-7.026303559541702271e-02
-7.031296193599700928e-02
-6.981544196605682373e-02
-6.872481107711791992e-02
-6.625229865312576294e-02
-6.383848190307617188e-02
-6.024875864386558533e-02
-5.566044524312019348e-02
-4.987931624054908752e-02
-4.315704479813575745e-02
-3.500220179557800293e-02
-2.566649764776229858e-02
-1.505983248353004456e-02
-2.973233116790652275e-03
1.071375515311956406e-02
2.541087754070758820e-02
4.133109748363494873e-02
5.809284746646881104e-02
7.531455159187316895e-02
9.328340739011764526e-02
1.106517389416694641e-01
1.284497827291488647e-01
1.463701874017715454e-01
1.633624583482742310e-01
1.798622608184814453e-01
1.955621838569641113e-01
2.123841196298599243e-01
2.255619019269943237e-01
2.392467260360717773e-01
2.509017586708068848e-01
2.617057263851165771e-01
2.706079483032226562e-01
2.802733778953552246e-01
2.859357595443725586e-01
2.902600467205047607e-01
2.936817407608032227e-01
2.944071590900421143e-01
2.943579852581024170e-01
2.917405664920806885e-01
2.884765863418579102e-01
2.835154831409454346e-01
2.765496969223022461e-01
2.687579691410064697e-01
2.583465576171875000e-01
2.479804903268814087e-01
2.358660101890563965e-01
2.216957211494445801e-01
2.073915153741836548e-01
1.919029057025909424e-01
1.756656020879745483e-01
1.591153740882873535e-01
1.412017941474914551e-01
1.238468736410140991e-01
1.067433506250381470e-01
8.958396315574645996e-02
7.206149399280548096e-02
5.684118345379829407e-02
4.138653352856636047e-02
2.836283482611179352e-02
1.597674190998077393e-02
6.150491535663604736e-03
-1.422993373125791550e-03
-5.564545746892690659e-03
-7.324307691305875778e-03
-5.657604429870843887e-03
-1.544092083349823952e-03
6.874498911201953888e-03
1.699778996407985687e-02
2.919785864651203156e-02
4.310367628931999207e-02
5.834422633051872253e-02
7.454850524663925171e-02
9.134548902511596680e-02
1.083641797304153442e-01
1.259766817092895508e-01
1.445550769567489624e-01
1.614990234375000000e-01
1.779237389564514160e-01
1.942012608051300049e-01
2.099605500698089600e-01
2.248305380344390869e-01
2.376970499753952026e-01
2.511613965034484863e-01
2.626231610774993896e-01
2.724542617797851562e-01
2.802835404872894287e-01
2.879691421985626221e-01
2.936536073684692383e-01
2.969656884670257568e-01
2.990203499794006348e-01
2.994461953639984131e-01
2.978719472885131836e-01
2.946693003177642822e-01
2.887237668037414551e-01
2.826363146305084229e-01
2.738060951232910156e-01
2.640910148620605469e-01
2.531194686889648438e-01
2.408914715051651001e-01
2.277042120695114136e-01
2.125915586948394775e-01
1.973368525505065918e-01
1.806023865938186646e-01
1.636120378971099854e-01
1.459631621837615967e-01
1.280580461025238037e-01
1.100099757313728333e-01
9.211596846580505371e-02
7.430145889520645142e-02
5.686342343688011169e-02
3.957864642143249512e-02
2.400737628340721130e-02
9.034648537635803223e-03
-4.225168377161026001e-03
-1.621239446103572845e-02
-2.689812146127223969e-02
-3.557879477739334106e-02
-4.229396954178810120e-02
-4.856939613819122314e-02
-5.370149388909339905e-02
-5.698667466640472412e-02
-5.995064973831176758e-02
-6.188978627324104309e-02
-6.284354627132415771e-02
-6.210824102163314819e-02
-6.195262819528579712e-02
-6.167297810316085815e-02
-5.982242524623870850e-02
-5.792652443051338196e-02
-5.528146028518676758e-02
-5.266962945461273193e-02
-5.013025924563407898e-02
-4.695945605635643005e-02
-4.245328530669212341e-02
-3.888023272156715393e-02
-3.553630039095878601e-02
-3.097436949610710144e-02
-2.671970799565315247e-02
-2.281135693192481995e-02
-1.780209504067897797e-02
-1.321712508797645569e-02
-9.095402434468269348e-03
-4.732750821858644485e-03
-9.111916879191994667e-04
3.816600423306226730e-03
7.182417903095483780e-03
9.147399105131626129e-03
1.115891057997941971e-02
1.243500225245952606e-02
2.111104875802993774e-02
2.525845915079116821e-02
2.632462792098522186e-02
3.095871582627296448e-02
3.094767779111862183e-02
3.294066712260246277e-02
3.615573048591613770e-02
3.237979859113693237e-02
3.569309413433074951e-02
3.788252547383308411e-02
2.330387383699417114e-02
2.089951187372207642e-02
1.502518914639949799e-02
1.232992857694625854e-02
4.600531887263059616e-03
-8.881261572241783142e-03
-1.371609140187501907e-02
-4.002735763788223267e-02
-5.105859413743019104e-02
-6.207105889916419983e-02
-8.089493960142135620e-02
-1.004982590675354004e-01
-1.064179465174674988e-01
-1.287775784730911255e-01
-1.456830650568008423e-01
-1.575336307287216187e-01
-1.795907318592071533e-01
-1.899603158235549927e-01
-2.039038985967636108e-01
-2.218208014965057373e-01
-2.366792559623718262e-01
-2.414474785327911377e-01
-2.588181793689727783e-01
-2.594663202762603760e-01
-2.735156714916229248e-01
-2.716412544250488281e-01
-2.691045999526977539e-01
-2.737362682819366455e-01
-2.785045206546783447e-01
-2.763776779174804688e-01
-2.677550613880157471e-01
-2.678982913494110107e-01
-2.623445391654968262e-01
-2.589241862297058105e-01
-2.506054937839508057e-01
-2.377877980470657349e-01
-2.208703160285949707e-01
-2.151145488023757935e-01
-1.911953389644622803e-01
-1.866673678159713745e-01
-1.647743135690689087e-01
-1.556397378444671631e-01
-1.299383491277694702e-01
-1.103625372052192688e-01
-9.731134027242660522e-02
-8.375269174575805664e-02
-6.265448033809661865e-02
-4.927785322070121765e-02
-2.915954403579235077e-02
-2.499174512922763824e-02
-1.782489744073245674e-05
8.207877166569232941e-03
1.414874847978353500e-02
9.974896907806396484e-03
1.014975458383560181e-02
6.972383242100477219e-03
8.119707927107810974e-03
-8.957172394730150700e-04
-4.836930427700281143e-03
-1.819135993719100952e-02
-3.315313160419464111e-02
-4.191636294126510620e-02
-5.153738707304000854e-02
-6.907252222299575806e-02
-8.671591430902481079e-02
-1.040928140282630920e-01
-1.208284720778465271e-01
-1.365481764078140259e-01
-1.583083420991897583e-01
-1.708720624446868896e-01
-1.887269020080566406e-01
-2.040671408176422119e-01
-2.090870887041091919e-01
-2.257054895162582397e-01
-2.386856228113174438e-01
-2.476529628038406372e-01
-2.448019981384277344e-01
-2.520516216754913330e-01
-2.615963220596313477e-01
-2.656306922435760498e-01
-2.712115049362182617e-01
-2.705334424972534180e-01
-2.632221877574920654e-01
-2.637658715248107910e-01
-2.569280564785003662e-01
-2.571968734264373779e-01
-2.641981840133666992e-01
-2.552646398544311523e-01
-2.448843866586685181e-01
-2.401145547628402710e-01
-2.108566910028457642e-01
-1.938923448324203491e-01
-1.814164221286773682e-01
-1.730549931526184082e-01
-1.535718441009521484e-01
-1.300241649150848389e-01
-1.169001385569572449e-01
-9.153252840042114258e-02
-7.584062963724136353e-02
-5.458822846412658691e-02
-4.226350039243698120e-02
-2.363018691539764404e-02
-1.317640487104654312e-02
-3.096931613981723785e-03
6.982390303164720535e-03
1.006821636110544205e-02
2.914586663246154785e-02
2.781546674668788910e-02
3.655708953738212585e-02
4.126425832509994507e-02
4.269275814294815063e-02
4.159841686487197876e-02
4.616822302341461182e-02
4.229592159390449524e-02
4.559972137212753296e-02
4.866145923733711243e-02
4.777860268950462341e-02
4.445041716098785400e-02
4.166246205568313599e-02
3.794167190790176392e-02
3.404436632990837097e-02
2.998379990458488464e-02
2.577326819300651550e-02
2.142610214650630951e-02
1.769877970218658447e-02
1.237536408007144928e-02
7.698608096688985825e-03
3.681951668113470078e-03
3.388487966731190681e-04
-3.803456202149391174e-03
-7.245275191962718964e-03
-1.145936362445354462e-02
-1.494604442268610001e-02
-1.843497902154922485e-02
-2.339896373450756073e-02
-2.759526669979095459e-02
-3.175362572073936462e-02
-3.586070612072944641e-02
-3.916009515523910522e-02
-4.238165915012359619e-02
-4.476907849311828613e-02
-4.705231636762619019e-02
-4.847516864538192749e-02
-4.828149452805519104e-02
-4.794454202055931091e-02
-4.819452017545700073e-02
-4.530304670333862305e-02
-4.445911571383476257e-02
-4.119137674570083618e-02
-3.771652653813362122e-02
-3.379907459020614624e-02
-2.838617749512195587e-02
-2.265438623726367950e-02
-1.523144915699958801e-02
-6.469197105616331100e-03
3.729321528226137161e-03
1.544315740466117859e-02
2.834556996822357178e-02
4.144096747040748596e-02
5.611167848110198975e-02
7.091617584228515625e-02
8.552755415439605713e-02
1.003620103001594543e-01
1.165788322687149048e-01
1.316217333078384399e-01
1.459068804979324341e-01
1.605935394763946533e-01
1.738685518503189087e-01
1.868912130594253540e-01
1.978484094142913818e-01
2.078994959592819214e-01
2.167176306247711182e-01
2.247191667556762695e-01
2.315773516893386841e-01
2.369654625654220581e-01
2.405569404363632202e-01
2.435114234685897827e-01
2.447593063116073608e-01
2.439741939306259155e-01
2.430590838193893433e-01
2.409446090459823608e-01
2.365614920854568481e-01
2.310698479413986206e-01
2.248867899179458618e-01
2.176863849163055420e-01
2.083997279405593872e-01
1.981872320175170898e-01
1.859801411628723145e-01
1.744252890348434448e-01
1.609677970409393311e-01
1.467684656381607056e-01
1.322449594736099243e-01
1.170719638466835022e-01
1.016672998666763306e-01
8.496262878179550171e-02
6.960517168045043945e-02
5.526975914835929871e-02
4.088813439011573792e-02
2.687827683985233307e-02
1.588748395442962646e-02
5.361304152756929398e-03
-2.796081360429525375e-03
-8.909835480153560638e-03
-1.330515090376138687e-02
-1.407792977988719940e-02
-1.241026446223258972e-02
-7.709792349487543106e-03
-9.841395076364278793e-04
7.502108346670866013e-03
1.748429052531719208e-02
2.869765833020210266e-02
4.087737947702407837e-02
5.450163036584854126e-02
6.781917065382003784e-02
8.279418945312500000e-02
9.693212807178497314e-02
1.114538535475730896e-01
1.253508180379867554e-01
1.398436576128005981e-01
1.539235711097717285e-01
1.665817350149154663e-01
1.797815263271331787e-01
1.910276412963867188e-01
2.015402168035507202e-01
2.103099673986434937e-01
2.178137153387069702e-01
2.245282083749771118e-01
2.301870733499526978e-01
2.337806373834609985e-01
2.357854992151260376e-01
2.374212592840194702e-01
2.369350492954254150e-01
2.348033189773559570e-01
2.322456091642379761e-01
2.275089770555496216e-01
2.218129932880401611e-01
2.148908972740173340e-01
2.072191983461380005e-01
1.992743462324142456e-01
1.885604709386825562e-01
1.777834445238113403e-01
1.659337282180786133e-01
1.534880548715591431e-01
1.401801109313964844e-01
1.264868080615997314e-01
1.121420562267303467e-01
9.762294590473175049e-02
8.340673148632049561e-02
6.848452985286712646e-02
5.407692492008209229e-02
3.991840034723281860e-02
2.722980454564094543e-02
1.500277221202850342e-02
4.458401352167129517e-03
-5.411405581980943680e-03
-1.344610750675201416e-02
-1.947140134871006012e-02
-2.485989779233932495e-02
-2.875476516783237457e-02
-3.178528323769569397e-02
-3.458062931895256042e-02
-3.554055094718933105e-02
-3.678027912974357605e-02
-3.744251653552055359e-02
-3.592679649591445923e-02
-3.509126231074333191e-02
-3.333535790443420410e-02
-3.128783777356147766e-02
-2.809120155870914459e-02
-2.511729486286640167e-02
-2.150864340364933014e-02
-1.789401471614837646e-02
-1.415910571813583374e-02
-9.446556679904460907e-03
-5.871511064469814301e-03
-1.833639573305845261e-03
2.781077520921826363e-03
6.600338965654373169e-03
9.737954474985599518e-03
1.379383169114589691e-02
1.739530824124813080e-02
2.139891311526298523e-02
2.502619288861751556e-02
2.898476086556911469e-02
3.249585628509521484e-02
3.567228838801383972e-02
3.892396017909049988e-02
4.172056913375854492e-02
4.417072981595993042e-02
4.609309509396553040e-02
4.787091538310050964e-02
4.879864305257797241e-02
4.943386465311050415e-02
5.048266053199768066e-02
4.990147054195404053e-02
4.906492680311203003e-02
4.734115675091743469e-02
4.484129697084426880e-02
4.241951555013656616e-02
3.870058059692382812e-02
3.453853726387023926e-02
2.855805866420269012e-02
2.309934608638286591e-02
1.604392752051353455e-02
7.502676453441381454e-03
-8.869050070643424988e-04
-1.029814966022968292e-02
-2.112083137035369873e-02
-3.225843235850334167e-02
-4.261435195803642273e-02
-5.406432226300239563e-02
-6.551150977611541748e-02
-7.660207897424697876e-02
-8.772514760494232178e-02
-9.852657467126846313e-02
-1.086520627140998840e-01
-1.199764385819435120e-01
-1.291726380586624146e-01
-1.388582289218902588e-01
-1.471919715404510498e-01
-1.553048342466354370e-01
-1.628413945436477661e-01
-1.694460660219192505e-01
-1.755060851573944092e-01
-1.806654781103134155e-01
-1.853111833333969116e-01
-1.890867799520492554e-01
-1.894064247608184814e-01
-1.903720796108245850e-01
-1.871682405471801758e-01
-1.846396774053573608e-01
-1.809430569410324097e-01
-1.749780923128128052e-01
-1.693598777055740356e-01
-1.622448414564132690e-01
-1.525324285030364990e-01
-1.458100378513336182e-01
-1.372615396976470947e-01
-1.272725462913513184e-01
-1.177149191498756409e-01
-1.082312464714050293e-01
-9.846415370702743530e-02
-8.879946917295455933e-02
-7.590756565332412720e-02
-6.537626683712005615e-02
-5.238997191190719604e-02
-4.179367050528526306e-02
-2.951519936323165894e-02
-1.965677924454212189e-02
-1.260528340935707092e-02
-1.316684181801974773e-03
-1.040466944687068462e-03
2.698058728128671646e-03
9.511156007647514343e-03
1.157975848764181137e-02
8.607039228081703186e-03
8.092554286122322083e-03
2.764801494777202606e-03
-7.216846570372581482e-03
-1.426214352250099182e-02
-2.564325556159019470e-02
-3.377035632729530334e-02
-4.591600969433784485e-02
-5.449076741933822632e-02
-6.676753610372543335e-02
-7.515717297792434692e-02
-8.693287521600723267e-02
-9.450574219226837158e-02
-1.125802621245384216e-01
-1.261366009712219238e-01
-1.350171416997909546e-01
-1.390643268823623657e-01
-1.455516964197158813e-01
-1.617527157068252563e-01
-1.726475358009338379e-01
-1.780784577131271362e-01
-1.778876334428787231e-01
-1.793482154607772827e-01
-1.823021173477172852e-01
-1.865910738706588745e-01
-1.846255511045455933e-01
-1.911091059446334839e-01
-1.761584579944610596e-01
-1.767699867486953735e-01
-1.779221296310424805e-01
-1.720241755247116089e-01
-1.663472950458526611e-01
-1.607313156127929688e-01
-1.550157368183135986e-01
-1.416086703538894653e-01
-1.426423937082290649e-01
-1.207999959588050842e-01
-1.130753681063652039e-01
-9.701324254274368286e-02
-9.474472701549530029e-02
-7.638294994831085205e-02
-6.405849009752273560e-02
-5.017730221152305603e-02
-4.200731590390205383e-02
-3.938516974449157715e-02
-2.728512324392795563e-02
-1.297460403293371201e-02
-3.720896551385521889e-03
6.399037665687501431e-04
7.702874019742012024e-03
1.248333323746919632e-02
1.763999834656715393e-02
2.068287134170532227e-02
2.358056977391242981e-02
2.458607777953147888e-02
2.566782943904399872e-02
2.582168392837047577e-02
2.478644438087940216e-02
2.378694713115692139e-02
2.181848138570785522e-02
2.010542713105678558e-02
1.689945906400680542e-02
1.491063460707664490e-02
1.164693478494882584e-02
7.588466629385948181e-03
3.958114888519048691e-03
-2.509069163352251053e-04
-3.073296276852488518e-03
-7.002764381468296051e-03
-1.081783231347799301e-02
-1.329737436026334763e-02
-1.693617179989814758e-02
-2.051380090415477753e-02
-2.355328388512134552e-02
-2.557796984910964966e-02
-2.834084257483482361e-02
-3.062274307012557983e-02
-3.343410417437553406e-02
-3.481317311525344849e-02
-3.651396185159683228e-02
-3.880444914102554321e-02
-3.972345590591430664e-02
-4.102548211812973022e-02
-4.149267822504043579e-02
-4.139348864555358887e-02
-4.248259589076042175e-02
-4.131290689110755920e-02
-4.112527146935462952e-02
-3.921559453010559082e-02
-3.808141127228736877e-02
-3.576145693659782410e-02
-3.326672688126564026e-02
-3.086486272513866425e-02
-2.808017283678054810e-02
-2.443666011095046997e-02
-2.020113915205001831e-02
-1.564008370041847229e-02
-1.027649641036987305e-02
-5.119223613291978836e-03
1.052621286362409592e-03
7.947156205773353577e-03
1.516508869826793671e-02
2.228060178458690643e-02
3.109763935208320618e-02
3.970503807067871094e-02
4.767827689647674561e-02
5.682260543107986450e-02
6.522812694311141968e-02
7.395779341459274292e-02
8.110249042510986328e-02
8.921213448047637939e-02
9.637831896543502808e-02
1.029222831130027771e-01
1.091655194759368896e-01
1.154298037290573120e-01
1.205508783459663391e-01
1.248508915305137634e-01
1.293952167034149170e-01
1.315337717533111572e-01
1.345614045858383179e-01
1.358281224966049194e-01
1.363993883132934570e-01
1.365974992513656616e-01
1.356299519538879395e-01
1.338930577039718628e-01
1.309654712677001953e-01
1.276145875453948975e-01
1.234928295016288757e-01
1.186981424689292908e-01
1.132538095116615295e-01
1.071827113628387451e-01
1.005072668194770813e-01
9.339810162782669067e-02
8.578009903430938721e-02
7.788975536823272705e-02
6.960635632276535034e-02
6.112078949809074402e-02
5.237814784049987793e-02
4.376887157559394836e-02
3.516268730163574219e-02
2.694896794855594635e-02
1.899639330804347992e-02
1.161901094019412994e-02
5.056069698184728622e-03
-6.765683647245168686e-04
-5.712092854082584381e-03
-9.440980851650238037e-03
-1.296322233974933624e-02
-1.373789180070161819e-02
-1.301420293748378754e-02
-1.129437051713466644e-02
-7.132213097065687180e-03
-2.124313497915863991e-03
4.361989907920360565e-03
1.147310808300971985e-02
1.984169334173202515e-02
2.787114307284355164e-02
3.768053650856018066e-02
4.767358303070068359e-02
5.699733644723892212e-02
6.628537178039550781e-02
7.617158442735671997e-02
8.654715120792388916e-02
9.581746160984039307e-02
1.046176850795745850e-01
1.128404065966606140e-01
1.211218684911727905e-01
1.278695315122604370e-01
1.352069973945617676e-01
1.407998651266098022e-01
1.460298746824264526e-01
1.493069976568222046e-01
1.535004675388336182e-01
1.547922343015670776e-01
1.553096920251846313e-01
1.556947231292724609e-01
1.543604433536529541e-01
1.526930183172225952e-01
1.491066962480545044e-01
1.457318663597106934e-01
1.409837901592254639e-01
1.362506747245788574e-01
1.292055547237396240e-01
1.227236017584800720e-01
1.152215749025344849e-01
1.073458716273307800e-01
9.825681895017623901e-02
8.860106766223907471e-02
7.828223705291748047e-02
6.869014352560043335e-02
5.824210867285728455e-02
4.907082393765449524e-02
3.788410872220993042e-02
2.837471663951873779e-02
1.881038583815097809e-02
1.080243941396474838e-02
2.692072885110974312e-03
-4.950700327754020691e-03
-1.133349165320396423e-02
-1.670487225055694580e-02
-2.106105349957942963e-02
-2.450158074498176575e-02
-2.672508358955383301e-02
-2.802542783319950104e-02
-2.862292528152465820e-02
-2.827051281929016113e-02
-2.729409560561180115e-02
-2.564881183207035065e-02
-2.343920245766639709e-02
-2.065910212695598602e-02
-1.747400872409343719e-02
-1.373802870512008667e-02
-9.826129302382469177e-03
-5.816684104502201080e-03
-1.565730432048439980e-03
2.995833288878202438e-03
7.490750867873430252e-03
1.191289164125919342e-02
1.670162379741668701e-02
2.058687247335910797e-02
2.482490800321102142e-02
2.903702668845653534e-02
3.284444659948348999e-02
3.661152347922325134e-02
4.070269688963890076e-02
4.399637132883071899e-02
4.760054126381874084e-02
5.039420723915100098e-02
5.348611250519752502e-02
5.501306429505348206e-02
5.757107585668563843e-02
5.929815024137496948e-02
6.056231260299682617e-02
6.098923459649085999e-02
6.169160827994346619e-02
6.155365332961082458e-02
6.168980896472930908e-02
6.024301797151565552e-02
5.981580540537834167e-02
5.780992284417152405e-02
5.534361675381660461e-02
5.204991996288299561e-02
4.756280407309532166e-02
4.523275420069694519e-02
4.023696109652519226e-02
3.667082637548446655e-02
3.119949810206890106e-02
2.569067850708961487e-02
1.904036849737167358e-02
1.237456128001213074e-02
5.352327134460210800e-03
-1.548841828480362892e-03
-1.006165798753499985e-02
-1.820294931530952454e-02
-2.770486101508140564e-02
-3.584074601531028748e-02
-4.359946772456169128e-02
-5.345619469881057739e-02
-6.119827926158905029e-02
-7.004447281360626221e-02
-7.801214605569839478e-02
-8.534851670265197754e-02
-9.304450452327728271e-02
-9.911932796239852905e-02
-1.053085103631019592e-01
-1.103761047124862671e-01
-1.153164058923721313e-01
-1.188954785466194153e-01
-1.228529885411262512e-01
-1.252141743898391724e-01
-1.277211755514144897e-01
-1.284017711877822876e-01
-1.282575726509094238e-01
-1.282915472984313965e-01
-1.265355944633483887e-01
-1.247384697198867798e-01
-1.224210336804389954e-01
-1.176191940903663635e-01
-1.135719567537307739e-01
-1.083177998661994934e-01
-1.021257266402244568e-01
-9.600896388292312622e-02
-8.800934255123138428e-02
-8.062829077243804932e-02
-7.265251129865646362e-02
-6.286946684122085571e-02
-5.378276109695434570e-02
-4.418090358376502991e-02
-3.508210182189941406e-02
-2.676161564886569977e-02
-1.726543344557285309e-02
-8.354977704584598541e-03
4.379331658128648996e-04
8.838796056807041168e-03
1.731680892407894135e-02
2.336947806179523468e-02
2.969698980450630188e-02
3.528504073619842529e-02
3.986364603042602539e-02
4.316418245434761047e-02
4.496860876679420471e-02
4.599999636411666870e-02
4.554601758718490601e-02
4.363932833075523376e-02
4.105761647224426270e-02
3.635130077600479126e-02
3.253155574202537537e-02
2.963927015662193298e-02
2.400200441479682922e-02
1.938063465058803558e-02
1.359339430928230286e-02
8.919408544898033142e-03
1.695123268291354179e-03
-3.566647181287407875e-03
-8.295872248709201813e-03
-1.466361340135335922e-02
-2.038034982979297638e-02
-2.538408711552619934e-02
-2.961114794015884399e-02
-3.448254987597465515e-02
-3.844549879431724548e-02
-4.217534139752388000e-02
-4.560330882668495178e-02
-4.791672155261039734e-02
-5.053165182471275330e-02
-5.189135670661926270e-02
-5.341141298413276672e-02
-5.427817255258560181e-02
-5.442145466804504395e-02
-5.451478064060211182e-02
-5.300319567322731018e-02
-5.056219175457954407e-02
-4.861170798540115356e-02
-4.560084640979766846e-02
-4.220987856388092041e-02
-3.837803378701210022e-02
-3.404685109853744507e-02
-2.990348078310489655e-02
-2.440846152603626251e-02
-2.048389799892902374e-02
-1.585320383310317993e-02
-1.121545676141977310e-02
-6.530004087835550308e-03
-3.245894797146320343e-03
8.997849654406309128e-04
2.964520826935768127e-03
5.203857552260160446e-03
6.897162180393934250e-03
7.320058066397905350e-03
6.487563252449035645e-03
0.000000000000000000e+00
0.000000000000000000e+00
0.000000000000000000e+00
0.000000000000000000e+00
0.000000000000000000e+00
0.000000000000000000e+00
0.000000000000000000e+00
0.000000000000000000e+00
0.000000000000000000e+00
0.000000000000000000e+00
0.000000000000000000e+00
0.000000000000000000e+00
0.000000000000000000e+00
0.000000000000000000e+00
0.000000000000000000e+00
0.000000000000000000e+00
0.000000000000000000e+00
0.000000000000000000e+00
0.000000000000000000e+00
0.000000000000000000e+00
0.000000000000000000e+00
0.000000000000000000e+00
0.000000000000000000e+00
0.000000000000000000e+00
0.000000000000000000e+00
0.000000000000000000e+00
0.000000000000000000e+00
0.000000000000000000e+00
0.000000000000000000e+00
0.000000000000000000e+00
0.000000000000000000e+00
0.000000000000000000e+00
0.000000000000000000e+00
0.000000000000000000e+00
0.000000000000000000e+00
0.000000000000000000e+00
0.000000000000000000e+00
0.000000000000000000e+00
0.000000000000000000e+00
0.000000000000000000e+00
0.000000000000000000e+00
0.000000000000000000e+00
0.000000000000000000e+00
0.000000000000000000e+00
0.000000000000000000e+00
0.000000000000000000e+00
0.000000000000000000e+00
0.000000000000000000e+00
0.000000000000000000e+00
0.000000000000000000e+00
0.000000000000000000e+00
0.000000000000000000e+00
0.000000000000000000e+00
0.000000000000000000e+00
0.000000000000000000e+00
0.000000000000000000e+00
0.000000000000000000e+00
0.000000000000000000e+00
0.000000000000000000e+00
0.000000000000000000e+00
0.000000000000000000e+00
0.000000000000000000e+00
0.000000000000000000e+00
0.000000000000000000e+00
0.000000000000000000e+00
0.000000000000000000e+00
0.000000000000000000e+00
0.000000000000000000e+00
0.000000000000000000e+00
0.000000000000000000e+00
0.000000000000000000e+00
0.000000000000000000e+00
0.000000000000000000e+00
0.000000000000000000e+00
0.000000000000000000e+00
0.000000000000000000e+00
0.000000000000000000e+00
0.000000000000000000e+00
0.000000000000000000e+00
0.000000000000000000e+00
0.000000000000000000e+00
0.000000000000000000e+00
0.000000000000000000e+00
0.000000000000000000e+00
0.000000000000000000e+00
0.000000000000000000e+00
0.000000000000000000e+00
0.000000000000000000e+00
0.000000000000000000e+00
0.000000000000000000e+00
0.000000000000000000e+00
0.000000000000000000e+00
0.000000000000000000e+00
0.000000000000000000e+00
0.000000000000000000e+00
0.000000000000000000e+00
0.000000000000000000e+00
0.000000000000000000e+00
0.000000000000000000e+00
0.000000000000000000e+00
