# tt
4.131205444335937500e+02
2.855180053710937500e+02
2.124757080078125000e+02
1.657624206542968750e+02
1.336053924560546875e+02
1.102997360229492188e+02
9.275656890869140625e+01
7.916311645507812500e+01
6.836964416503906250e+01
5.965005874633789062e+01
5.262618637084960938e+01
4.650098037719726562e+01
4.142593383789062500e+01
3.718563079833984375e+01
3.347982025146484375e+01
3.033304023742675781e+01
2.713181686401367188e+01
2.514176750183105469e+01
2.304189872741699219e+01
2.110751152038574219e+01
1.946608161926269531e+01
1.791523361206054688e+01
1.654017066955566406e+01
1.534578037261962891e+01
1.419113254547119141e+01
1.324980831146240234e+01
1.231767463684082031e+01
1.152025508880615234e+01
1.083699607849121094e+01
1.007648181915283203e+01
9.411933898925781250e+00
8.862495422363281250e+00
8.309765815734863281e+00
7.833737373352050781e+00
7.433277606964111328e+00
6.955943584442138672e+00
6.540079593658447266e+00
6.226573467254638672e+00
5.864749908447265625e+00
5.657998085021972656e+00
5.368192672729492188e+00
5.111274242401123047e+00
4.705938339233398438e+00
4.491057872772216797e+00
4.367447376251220703e+00
4.192840099334716797e+00
3.907088518142700195e+00
3.598667144775390625e+00
3.504671573638916016e+00
3.411343097686767578e+00
3.530830860137939453e+00
3.475806951522827148e+00
3.156186342239379883e+00
2.779129981994628906e+00
2.556590795516967773e+00
2.422447919845581055e+00
2.389684677124023438e+00
2.322662830352783203e+00
2.234365940093994141e+00
2.431165218353271484e+00
2.312270641326904297e+00
2.090457439422607422e+00
2.052811384201049805e+00
1.817619323730468750e+00
1.671452283859252930e+00
1.452952623367309570e+00
1.446113467216491699e+00
1.414751410484313965e+00
1.494237422943115234e+00
1.528701782226562500e+00
1.534904718399047852e+00
1.461297869682312012e+00
1.330643892288208008e+00
1.240016698837280273e+00
1.130481243133544922e+00
1.062177538871765137e+00
1.087858438491821289e+00
1.037343859672546387e+00
1.037698030471801758e+00
9.976156353950500488e-01
9.926684498786926270e-01
9.543702602386474609e-01
9.628565311431884766e-01
8.753296732902526855e-01
7.711891531944274902e-01
8.755136728286743164e-01
7.438471913337707520e-01
7.491540312767028809e-01
7.442216873168945312e-01
6.565172076225280762e-01
6.379161477088928223e-01
6.920412182807922363e-01
5.995813608169555664e-01
5.870915055274963379e-01
3.609491586685180664e-01
3.706415891647338867e-01
3.968566954135894775e-01
2.945931553840637207e-01
2.904042899608612061e-01
2.392883449792861938e-01
5.164201259613037109e-01
5.309314131736755371e-01
5.836855769157409668e-01
6.039912104606628418e-01
6.697782874107360840e-01
4.874221682548522949e-01
5.064077377319335938e-01
5.074211955070495605e-01
4.197704792022705078e-01
3.220819234848022461e-01
2.214554697275161743e-01
1.999984830617904663e-01
1.168854236602783203e-01
1.285348683595657349e-01
1.981068588793277740e-02
9.575391560792922974e-02
2.155399024486541748e-01
2.383442670106887817e-01
3.205869197845458984e-01
3.214441537857055664e-01
3.230255544185638428e-01
3.331301212310791016e-01
3.595572412014007568e-01
3.357956111431121826e-01
3.439564108848571777e-01
3.175291419029235840e-01
2.643147408962249756e-01
2.664254903793334961e-01
2.573520541191101074e-01
2.452315092086791992e-01
3.138527870178222656e-01
3.244070708751678467e-01
3.610190153121948242e-01
4.335023462772369385e-01
4.030492007732391357e-01
4.280956685543060303e-01
4.441452324390411377e-01
3.123902678489685059e-01
3.398893475532531738e-01
2.392130643129348755e-01
2.431088835000991821e-01
2.870802581310272217e-01
2.323195487260818481e-01
1.629519462585449219e-01
3.117243349552154541e-01
2.425844967365264893e-01
1.882787793874740601e-01
2.329312413930892944e-01
1.634215712547302246e-01
1.378650069236755371e-01
1.585649698972702026e-02
-4.608457908034324646e-02
-1.143722981214523315e-01
-1.811102926731109619e-01
-3.870247304439544678e-01
-4.269763827323913574e-01
-5.160036087036132812e-01
-6.462123394012451172e-01
-7.353980541229248047e-01
-7.756679058074951172e-01
-8.334404826164245605e-01
-7.522021532058715820e-01
-8.213056325912475586e-01
-7.356161475181579590e-01
-6.358656287193298340e-01
-4.398530721664428711e-01
-3.626222610473632812e-01
-2.476621270179748535e-01
-8.708392828702926636e-02
-2.162127383053302765e-02
3.092510439455509186e-02
4.132295493036508560e-03
5.451031029224395752e-02
1.156361326575279236e-01
4.690027609467506409e-02
5.435203667730093002e-03
-7.443496584892272949e-02
-1.840748637914657593e-01
-1.662268191576004028e-01
-2.351878136396408081e-01
-3.080103099346160889e-01
-4.503683745861053467e-01
-5.050024390220642090e-01
-5.375853776931762695e-01
-9.110332727432250977e-01
-9.479076862335205078e-01
-1.011123299598693848e+00
-1.166350007057189941e+00
-9.590798616409301758e-01
-1.123780250549316406e+00
-1.131630301475524902e+00
-1.196918606758117676e+00
-1.088066816329956055e+00
-1.019361376762390137e+00
-9.821552038192749023e-01
-8.191781044006347656e-01
-5.960921645164489746e-01
-3.042476475238800049e-01
6.500615924596786499e-02
4.444257318973541260e-01
9.090545177459716797e-01
1.383730888366699219e+00
1.793293595314025879e+00
2.285515546798706055e+00
2.710925102233886719e+00
3.217295885086059570e+00
3.580846309661865234e+00
3.949351072311401367e+00
4.321961402893066406e+00
4.697829723358154297e+00
4.927486896514892578e+00
5.233016967773437500e+00
5.464951038360595703e+00
5.696750640869140625e+00
5.853257179260253906e+00
6.082242965698242188e+00
6.234236717224121094e+00
6.382698535919189453e+00
6.526778697967529297e+00
6.665625095367431641e+00
6.798385143280029297e+00
6.775584220886230469e+00
6.893611907958984375e+00
6.928678989410400391e+00
6.954242706298828125e+00
6.895132064819335938e+00
6.899113178253173828e+00
6.891014575958251953e+00
6.795664310455322266e+00
6.612201690673828125e+00
6.488385200500488281e+00
6.349040031433105469e+00
6.044680118560791016e+00
5.797371864318847656e+00
5.457625865936279297e+00
5.098885536193847656e+00
4.720281600952148438e+00
4.395255565643310547e+00
3.900002956390380859e+00
3.530896902084350586e+00
3.138442993164062500e+00
2.721768617630004883e+00
2.280000209808349609e+00
1.812263965606689453e+00
1.391996741294860840e+00
1.018324375152587891e+00
6.160610318183898926e-01
3.329542577266693115e-01
1.950730197131633759e-02
-1.780352741479873657e-01
-4.909956753253936768e-01
-5.577108263969421387e-01
-6.853161454200744629e-01
-8.093917369842529297e-01
-8.655170202255249023e-01
-8.635816574096679688e-01
-8.877859115600585938e-01
-8.737068772315979004e-01
-7.569209337234497070e-01
-6.959367394447326660e-01
-7.006396651268005371e-01
-4.093592762947082520e-01
-2.778449952602386475e-01
-2.416682094335556030e-01
-8.777718245983123779e-02
-4.898508638143539429e-02
1.345101743936538696e-02
-5.896880105137825012e-02
2.112259902060031891e-02
2.091646753251552582e-02
1.534710675477981567e-01
1.859797388315200806e-01
2.571917176246643066e-01
2.829242050647735596e-01
4.019282758235931396e-01
3.814007639884948730e-01
4.344052970409393311e-01
4.767620861530303955e-01
4.986030757427215576e-01
6.386825442314147949e-01
5.898892283439636230e-01
6.396002769470214844e-01
7.036380171775817871e-01
7.721359729766845703e-01
7.609167098999023438e-01
7.344246506690979004e-01
7.571043372154235840e-01
7.447779178619384766e-01
7.618893384933471680e-01
7.985710501670837402e-01
5.477112531661987305e-01
5.939294099807739258e-01
4.814905822277069092e-01
5.720800757408142090e-01
4.842723011970520020e-01
4.311292469501495361e-01
2.541567981243133545e-01
1.664150953292846680e-01
9.408376179635524750e-03
-1.523115038871765137e-01
-2.537313997745513916e-01
-3.783455193042755127e-01
-5.353380441665649414e-01
-6.595831513404846191e-01
-8.345778584480285645e-01
-9.951981902122497559e-01
-1.150631904602050781e+00
-1.235756874084472656e+00
-1.408384561538696289e+00
-1.529083132743835449e+00
-1.607043981552124023e+00
-1.725769281387329102e+00
-1.820140719413757324e+00
-1.899350881576538086e+00
-1.972593426704406738e+00
-2.049061536788940430e+00
-2.137949228286743164e+00
-2.174139976501464844e+00
-2.166827917098999023e+00
-2.199518918991088867e+00
-2.207095861434936523e+00
-2.198753595352172852e+00
-2.183686256408691406e+00
-2.096776723861694336e+00
-2.095840930938720703e+00
-2.041450262069702148e+00
-1.942797303199768066e+00
-1.883385896682739258e+00
-1.798096895217895508e+00
-1.621810436248779297e+00
-1.512339115142822266e+00
-1.404562354087829590e+00
-1.233358144760131836e+00
-1.156537055969238281e+00
-1.034664988517761230e+00
-8.769289851188659668e-01
-7.668263316154479980e-01
-5.649203658103942871e-01
-4.290179610252380371e-01
-3.683030903339385986e-01
-2.433369159698486328e-01
-1.376130282878875732e-01
1.399773173034191132e-02
5.369216203689575195e-02
1.209116131067276001e-01
1.321650147438049316e-01
1.525838077068328857e-01
9.867781400680541992e-02
3.557929024100303650e-02
1.040995642542839050e-01
-6.965561956167221069e-02
-1.894135475158691406e-01
-4.047674238681793213e-01
-5.680662989616394043e-01
-7.545923590660095215e-01
-9.653168320655822754e-01
-1.126900196075439453e+00
-1.388935804367065430e+00
-1.603773832321166992e+00
-1.846696972846984863e+00
-2.044367551803588867e+00
-2.272068738937377930e+00
-2.456464052200317383e+00
-2.672837734222412109e+00
-2.847853660583496094e+00
-2.982487201690673828e+00
-3.226336479187011719e+00
-3.283133506774902344e+00
-3.376788854598999023e+00
-3.508280277252197266e+00
-3.604275703430175781e+00
-3.665753602981567383e+00
-3.693695068359375000e+00
-3.763390541076660156e+00
-3.727200031280517578e+00
-3.660416364669799805e+00
-3.638332605361938477e+00
-3.587620973587036133e+00
-3.434953927993774414e+00
-3.329937696456909180e+00
-3.273556232452392578e+00
-3.118172645568847656e+00
-2.864772319793701172e+00
-2.737272500991821289e+00
-2.513726711273193359e+00
-2.343741893768310547e+00
-2.153993129730224609e+00
-1.945465922355651855e+00
-1.719146013259887695e+00
-1.476018548011779785e+00
-1.291380047798156738e+00
-1.017593741416931152e+00
-8.042660951614379883e-01
-6.523815989494323730e-01
-4.143022596836090088e-01
-3.139444887638092041e-01
-1.293583512306213379e-01
-1.014832407236099243e-02
4.270370677113533020e-02
1.037500351667404175e-01
1.781229227781295776e-01
1.978669017553329468e-01
1.693381071090698242e-01
1.732043772935867310e-01
6.720124185085296631e-02
6.308837328106164932e-03
-7.742498815059661865e-02
-1.033297702670097351e-01
-2.136674225330352783e-01
-2.534552514553070068e-01
-3.649540245532989502e-01
-4.674909114837646484e-01
-6.290147304534912109e-01
-6.945407390594482422e-01
-8.063277602195739746e-01
-9.580124616622924805e-01
-1.068919897079467773e+00
-1.132686257362365723e+00
-1.217258453369140625e+00
-1.241961002349853516e+00
-1.274740695953369141e+00
-1.383544087409973145e+00
-1.487696051597595215e+00
-1.506521344184875488e+00
-1.507966995239257812e+00
-1.559980154037475586e+00
-1.581886649131774902e+00
-1.641634106636047363e+00
-1.584237813949584961e+00
-1.551957726478576660e+00
-1.612742781639099121e+00
-1.537298679351806641e+00
-1.542197823524475098e+00
-1.546768784523010254e+00
-1.470341205596923828e+00
-1.380867004394531250e+00
-1.346298694610595703e+00
-1.211656689643859863e+00
-1.119205713272094727e+00
-9.882783889770507812e-01
-9.611406922340393066e-01
-8.085045814514160156e-01
-6.726370453834533691e-01
-5.471841096878051758e-01
-5.001029968261718750e-01
-3.764186501502990723e-01
-3.184002935886383057e-01
-1.710736453533172607e-01
-2.397727221250534058e-03
1.196788549423217773e-01
2.015612721443176270e-01
3.982872366905212402e-01
4.933393001556396484e-01
5.674440264701843262e-01
7.756386995315551758e-01
8.270949125289916992e-01
9.511611461639404297e-01
1.079942107200622559e+00
1.219853758811950684e+00
1.303001165390014648e+00
1.410111784934997559e+00
1.473291158676147461e+00
1.498956799507141113e+00
1.493525981903076172e+00
1.537727832794189453e+00
1.637981057167053223e+00
1.652082562446594238e+00
1.660763025283813477e+00
1.744753718376159668e+00
1.613231539726257324e+00
1.644172787666320801e+00
1.621066331863403320e+00
1.624645948410034180e+00
1.661334872245788574e+00
1.588934898376464844e+00
1.488181233406066895e+00
1.439809918403625488e+00
1.375935316085815430e+00
1.302983403205871582e+00
1.227380514144897461e+00
1.229864478111267090e+00
1.093929290771484375e+00
9.003135561943054199e-01
8.783780932426452637e-01
8.116177320480346680e-01
7.064607143402099609e-01
5.693352818489074707e-01
4.809808433055877686e-01
4.478257000446319580e-01
2.533650994300842285e-01
2.012712806463241577e-01
1.493502706289291382e-01
1.040298640727996826e-01
-2.573378151282668114e-03
-8.972122520208358765e-02
-1.509867906570434570e-01
-1.799436360597610474e-01
-9.585472196340560913e-02
-4.091650992631912231e-02
-8.397738635540008545e-02
7.381907850503921509e-02
1.358783245086669922e-01
1.771602332592010498e-01
4.212460517883300781e-01
4.972285330295562744e-01
7.029985785484313965e-01
8.162696957588195801e-01
9.863097667694091797e-01
1.065142154693603516e+00
1.276344299316406250e+00
1.397627472877502441e+00
1.578257322311401367e+00
1.744565844535827637e+00
1.897195935249328613e+00
2.036789655685424805e+00
2.089677810668945312e+00
2.205124139785766602e+00
2.383769989013671875e+00
2.477634191513061523e+00
2.487357616424560547e+00
2.487892150878906250e+00
2.554189205169677734e+00
2.612578868865966797e+00
2.515079498291015625e+00
2.485265016555786133e+00
2.598087310791015625e+00
2.556944131851196289e+00
2.511097908020019531e+00
2.386880159378051758e+00
2.482177019119262695e+00
2.351764678955078125e+00
2.219218969345092773e+00
2.085183858871459961e+00
1.950302600860595703e+00
1.815220475196838379e+00
1.754893064498901367e+00
1.547032952308654785e+00
1.415219664573669434e+00
1.285788893699645996e+00
1.085076928138732910e+00
9.623542428016662598e-01
7.696472406387329102e-01
6.562272310256958008e-01
4.741220772266387939e-01
3.726041316986083984e-01
2.037023752927780151e-01
1.166902333498001099e-01
3.790858760476112366e-02
-3.199023753404617310e-02
-1.888820156455039978e-02
-7.498262077569961548e-02
-5.607221275568008423e-02
-4.088842123746871948e-02
-3.385153040289878845e-02
-3.938166424632072449e-02
1.241211779415607452e-02
4.279879108071327209e-02
4.735829308629035950e-02
1.702924668788909912e-01
1.099370568990707397e-01
2.334265410900115967e-01
3.134071826934814453e-01
4.197689890861511230e-01
4.737795293331146240e-01
5.453280210494995117e-01
6.299922466278076172e-01
7.233495116233825684e-01
7.466656565666198730e-01
8.441388607025146484e-01
8.627228736877441406e-01
8.723037838935852051e-01
9.427669644355773926e-01
9.953753948211669922e-01
1.025702357292175293e+00
1.103631258010864258e+00
1.076112270355224609e+00
1.087338566780090332e+00
1.132881045341491699e+00
1.208309769630432129e+00
1.086261391639709473e+00
1.059548854827880859e+00
1.049429655075073242e+00
1.051471829414367676e+00
1.061243057250976562e+00
9.999994039535522461e-01
1.011929869651794434e+00
9.439787864685058594e-01
8.660235404968261719e-01
7.736300826072692871e-01
7.366753220558166504e-01
6.764141321182250977e-01
5.884121060371398926e-01
3.939240872859954834e-01
2.371377795934677124e-01
1.879301518201828003e-01
9.324519336223602295e-02
1.715822219848632812e-01
1.212637722492218018e-01
1.216766238212585449e-02
-8.577737212181091309e-02
-1.767511218786239624e-01
-3.391933739185333252e-01
-3.542995452880859375e-01
-4.491304457187652588e-01
-4.791914820671081543e-01
-7.458534836769104004e-01
-8.073766827583312988e-01
-8.165087699890136719e-01
-9.259968996047973633e-01
-9.913436174392700195e-01
-1.016672849655151367e+00
-1.154730200767517090e+00
-1.186705470085144043e+00
-1.265342831611633301e+00
-1.320453286170959473e+00
-1.281847000122070312e+00
-1.302266836166381836e+00
-1.385833263397216797e+00
-1.313733220100402832e+00
-1.387330412864685059e+00
-1.387810945510864258e+00
-1.319293975830078125e+00
-1.334520339965820312e+00
-1.363297581672668457e+00
-1.335433125495910645e+00
-1.255045294761657715e+00
-1.200563311576843262e+00
-1.101794481277465820e+00
-1.111479163169860840e+00
-1.085113763809204102e+00
-9.525055885314941406e-01
-9.407067298889160156e-01
-8.309029340744018555e-01
-7.015243172645568848e-01
-7.053124904632568359e-01
-6.234542131423950195e-01
-5.343806743621826172e-01
-4.422123730182647705e-01
-3.510704040527343750e-01
-2.650760710239410400e-01
-2.626622617244720459e-01
-1.993293166160583496e-01
-7.919996231794357300e-02
-5.501946434378623962e-02
-5.660054460167884827e-02
6.055461615324020386e-02
-4.922628868371248245e-03
4.008663818240165710e-02
4.283490031957626343e-02
-5.200783562031574547e-05
-8.894161134958267212e-02
-7.482805103063583374e-02
-1.802607774734497070e-01
-3.305455446243286133e-01
-3.766773641109466553e-01
-4.668954610824584961e-01
-6.751284003257751465e-01
-7.037495374679565430e-01
-7.753098011016845703e-01
-8.894268274307250977e-01
-9.714072942733764648e-01
-1.095180273056030273e+00
-1.186052083969116211e+00
-1.317951679229736328e+00
-1.416185259819030762e+00
-1.480370283126831055e+00
-1.658745765686035156e+00
-1.653684616088867188e+00
-1.762047290802001953e+00
-1.760517358779907227e+00
-1.871643185615539551e+00
-1.872107863426208496e+00
-1.910148262977600098e+00
-1.911068558692932129e+00
-1.948793768882751465e+00
-1.948626995086669922e+00
-1.910181879997253418e+00
-1.907382726669311523e+00
-1.791220188140869141e+00
-1.709928750991821289e+00
-1.663120031356811523e+00
-1.501783728599548340e+00
-1.448464393615722656e+00
-1.428461432456970215e+00
-1.367074608802795410e+00
-1.189603209495544434e+00
-1.118590235710144043e+00
-1.005023121833801270e+00
-9.228227734565734863e-01
-7.972875237464904785e-01
-7.023373842239379883e-01
-5.632707476615905762e-01
-5.283185839653015137e-01
-3.741570413112640381e-01
-2.490171790122985840e-01
-1.525081992149353027e-01
-8.423934876918792725e-02
-4.382004588842391968e-02
4.345114156603813171e-02
1.042638570070266724e-01
1.420602649450302124e-01
1.608927100896835327e-01
1.648131757974624634e-01
8.356242626905441284e-02
6.981378793716430664e-02
-2.100371755659580231e-02
3.809353336691856384e-02
-4.608820751309394836e-02
-4.656610265374183655e-02
-1.079126968979835510e-01
-1.517679691314697266e-01
-9.977224469184875488e-02
-2.451212853193283081e-01
-2.865232229232788086e-01
-2.942415475845336914e-01
-3.385401070117950439e-01
-4.153721034526824951e-01
-4.463799893856048584e-01
-5.761395096778869629e-01
-5.033607482910156250e-01
-5.955529212951660156e-01
-6.257374882698059082e-01
-6.641798615455627441e-01
-7.068348526954650879e-01
-6.753461956977844238e-01
-7.142906785011291504e-01
-7.453120350837707520e-01
-7.643650174140930176e-01
-8.417152166366577148e-01
-7.503841519355773926e-01
-7.835701704025268555e-01
-7.142944335937500000e-01
-6.871327161788940430e-01
-6.237277388572692871e-01
-6.686546206474304199e-01
-5.949333906173706055e-01
-6.214496493339538574e-01
-5.955334305763244629e-01
-5.874476432800292969e-01
-5.188324451446533203e-01
-4.599497318267822266e-01
-4.067498743534088135e-01
-2.808717787265777588e-01
-2.268868684768676758e-01
-2.407440841197967529e-01
-2.440809011459350586e-01
-1.585343033075332642e-01
-5.436286330223083496e-02
-1.824666513130068779e-03
7.735551893711090088e-02
1.867859959602355957e-01
2.556753158569335938e-01
2.875434756278991699e-01
4.345327019691467285e-01
4.029194712638854980e-01
5.677796006202697754e-01
5.610790252685546875e-01
6.835829019546508789e-01
7.158793807029724121e-01
7.358008623123168945e-01
8.954906463623046875e-01
9.012262225151062012e-01
9.794614911079406738e-01
9.850959181785583496e-01
1.070272445678710938e+00
1.089889764785766602e+00
1.121779680252075195e+00
1.169462323188781738e+00
1.162146687507629395e+00
1.177663326263427734e+00
1.145220756530761719e+00
1.142648696899414062e+00
1.099154353141784668e+00
1.166877865791320801e+00
1.052092671394348145e+00
9.812486767768859863e-01
1.106484293937683105e+00
9.854495525360107422e-01
9.189037680625915527e-01
9.103617072105407715e-01
8.147159218788146973e-01
7.841020226478576660e-01
7.477224469184875488e-01
6.347789168357849121e-01
5.974059700965881348e-01
4.904933273792266846e-01
3.918636143207550049e-01
3.050279021263122559e-01
3.078078925609588623e-01
2.550920844078063965e-01
2.247015535831451416e-01
1.458352655172348022e-01
2.200288698077201843e-02
-6.897504627704620361e-02
2.503291517496109009e-02
-6.401886790990829468e-02
-1.096880510449409485e-01
-1.084652692079544067e-01
-5.684108287096023560e-02
-2.624495886266231537e-02
-9.061835706233978271e-02
4.702440649271011353e-02
8.918130397796630859e-02
2.585275769233703613e-01
3.318727314472198486e-01
3.832707107067108154e-01
4.124647676944732666e-01
5.678206086158752441e-01
6.261494159698486328e-01
6.615067124366760254e-01
7.479485869407653809e-01
8.109095096588134766e-01
9.987576007843017578e-01
1.088306307792663574e+00
1.079302787780761719e+00
1.120116353034973145e+00
1.284806251525878906e+00
1.350187659263610840e+00
1.464631795883178711e+00
1.479265928268432617e+00
1.542461872100830078e+00
1.579658627510070801e+00
1.516296029090881348e+00
1.575057744979858398e+00
1.532761812210083008e+00
1.463470935821533203e+00
1.515558362007141113e+00
1.465843200683593750e+00
1.462699294090270996e+00
1.431567430496215820e+00
1.372199654579162598e+00
1.358659148216247559e+00
1.242075800895690918e+00
1.245134234428405762e+00
1.070342421531677246e+00
1.014695644378662109e+00
9.293233156204223633e-01
7.396654486656188965e-01
6.684056520462036133e-01
5.666722059249877930e-01
4.342152178287506104e-01
3.450950980186462402e-01
1.504390388727188110e-01
7.292868942022323608e-02
3.800120204687118530e-02
4.540428519248962402e-02
2.057412266731262207e-02
-1.110536083579063416e-01
-5.248874798417091370e-02
-1.017500758171081543e-01
-1.130725964903831482e-01
-8.983424305915832520e-02
-1.097244322299957275e-01
-1.761220395565032959e-01
-6.947340071201324463e-02
-9.040224552154541016e-02
-9.366670250892639160e-02
-8.264724165201187134e-02
1.358630973845720291e-02
4.303088784217834473e-02
7.661615312099456787e-02
1.109605804085731506e-01
1.426824778318405151e-01
1.977808773517608643e-02
2.590425014495849609e-01
2.626058757305145264e-01
3.243303298950195312e-01
3.665231466293334961e-01
3.858026266098022461e-01
4.530983269214630127e-01
4.907180070877075195e-01
4.952806234359741211e-01
5.377165079116821289e-01
5.403342247009277344e-01
4.997538924217224121e-01
6.355288028717041016e-01
5.727248787879943848e-01
6.052073836326599121e-01
6.552871465682983398e-01
6.452754735946655273e-01
6.461060643196105957e-01
7.287133932113647461e-01
6.667882204055786133e-01
6.055769920349121094e-01
6.160156130790710449e-01
5.461075901985168457e-01
6.154118776321411133e-01
4.489999413490295410e-01
4.150537550449371338e-01
4.358896911144256592e-01
4.338245689868927002e-01
3.311756253242492676e-01
3.475044965744018555e-01
2.565070092678070068e-01
2.034344673156738281e-01
1.106052324175834656e-01
1.232709735631942749e-01
8.943945914506912231e-02
5.740591324865818024e-03
1.746087335050106049e-02
-2.721892856061458588e-02
-2.057725340127944946e-01
-1.498077660799026489e-01
-2.340425550937652588e-01
-3.130180835723876953e-01
-3.155867457389831543e-01
-2.449121624231338501e-01
-2.527803778648376465e-01
-3.423556685447692871e-01
-3.681809008121490479e-01
-4.077321887016296387e-01
-6.871082782745361328e-01
-6.149872541427612305e-01
-7.147127389907836914e-01
-6.922080516815185547e-01
-7.735739946365356445e-01
-7.390457391738891602e-01
-7.404142618179321289e-01
-7.808490395545959473e-01
-7.148980498313903809e-01
-7.686648964881896973e-01
-7.966987490653991699e-01
-8.021712303161621094e-01
-7.139436006546020508e-01
-7.581213116645812988e-01
-7.149447202682495117e-01
-6.618981957435607910e-01
-6.764666438102722168e-01
-6.132025122642517090e-01
-6.239022612571716309e-01
-5.631187558174133301e-01
-5.083380341529846191e-01
-4.627353250980377197e-01
-4.294859766960144043e-01
-3.374544382095336914e-01
-3.384380936622619629e-01
-2.869903445243835449e-01
-1.862864494323730469e-01
-1.881236284971237183e-01
-1.470548361539840698e-01
-1.405657827854156494e-01
-2.320895716547966003e-02
5.321953445672988892e-02
8.554593473672866821e-02
1.449078917503356934e-01
1.538215130567550659e-01
3.480336070060729980e-02
8.192551136016845703e-02
6.908356398344039917e-02
6.788666546344757080e-02
7.750938087701797485e-02
2.328488230705261230e-02
-2.083112299442291260e-02
-1.295043230056762695e-01
-2.287778109312057495e-01
-2.446941435337066650e-01
-4.005392789840698242e-01
-3.994216322898864746e-01
-4.646261632442474365e-01
-5.965042114257812500e-01
-6.467846632003784180e-01
-6.901290416717529297e-01
-7.268874645233154297e-01
-8.317206501960754395e-01
-8.563559055328369141e-01
-9.497644901275634766e-01
-1.037984132766723633e+00
-1.047052621841430664e+00
-1.051629662513732910e+00
-1.126374483108520508e+00
-1.197324633598327637e+00
-1.264828681945800781e+00
-1.254924178123474121e+00
-1.242270708084106445e+00
-1.227217078208923340e+00
-1.210112452507019043e+00
-1.265617251396179199e+00
-1.171148061752319336e+00
-1.149987697601318359e+00
-1.128175854682922363e+00
-1.106063008308410645e+00
-1.009689569473266602e+00
-9.880293011665344238e-01
-8.928123712539672852e-01
-8.730136752128601074e-01
-8.546753525733947754e-01
-7.638403773307800293e-01
-6.751740574836730957e-01
-5.890312790870666504e-01
-5.057677030563354492e-01
-4.257391393184661865e-01
-4.236132502555847168e-01
-3.511250913143157959e-01
-2.086321115493774414e-01
-1.451143473386764526e-01
-8.661916851997375488e-02
-3.350536897778511047e-02
1.386791002005338669e-02
5.514122173190116882e-02
9.037894755601882935e-02
4.703060910105705261e-02
7.590264827013015747e-02
1.048683971166610718e-01
2.104230970144271851e-01
2.461289912462234497e-01
2.141702920198440552e-01
-3.189057856798171997e-02
-4.400320723652839661e-02
-4.291591793298721313e-02
-1.007548123598098755e-01
-1.410237401723861694e-01
-1.615371853113174438e-01
-1.601093262434005737e-01
-2.831758558750152588e-01
-3.056171238422393799e-01
-2.995569705963134766e-01
-3.371186852455139160e-01
-4.161141216754913330e-01
-3.857325613498687744e-01
-3.924067020416259766e-01
-4.339466691017150879e-01
-4.338511526584625244e-01
-4.642400443553924561e-01
-5.229219198226928711e-01
-3.104605078697204590e-01
-3.448402881622314453e-01
-4.009350240230560303e-01
-4.022400081157684326e-01
-4.208721518516540527e-01
-6.032587885856628418e-01
-5.756499171257019043e-01
-6.330941915512084961e-01
-5.504628419876098633e-01
-5.484929084777832031e-01
-5.506771802902221680e-01
-5.548191666603088379e-01
-4.844113886356353760e-01
-4.115681052207946777e-01
-4.827146828174591064e-01
-3.984104394912719727e-01
-3.793917894363403320e-01
-3.491512835025787354e-01
-2.311816513538360596e-01
-2.462197989225387573e-01
-1.691369414329528809e-01
-7.204861193895339966e-02
-1.013816818594932556e-01
-3.200847283005714417e-02
-1.035668887197971344e-02
4.010201990604400635e-02
1.216787844896316528e-01
8.808575570583343506e-02
9.027856588363647461e-02
5.627927184104919434e-02
6.273137032985687256e-02
1.119667962193489075e-01
2.806278765201568604e-01
3.481124341487884521e-01
3.910617232322692871e-01
4.118053615093231201e-01
4.869835674762725830e-01
3.959920108318328857e-01
4.384028911590576172e-01
4.679219722747802734e-01
4.125655889511108398e-01
4.975938498973846436e-01
5.024003386497497559e-01
5.036225318908691406e-01
5.778976082801818848e-01
5.046187043190002441e-01
5.090446472167968750e-01
5.935013294219970703e-01
5.373815894126892090e-01
5.659443140029907227e-01
5.328935384750366211e-01
5.891774296760559082e-01
5.141893625259399414e-01
4.588779211044311523e-01
4.998810291290283203e-01
4.165930151939392090e-01
3.599635064601898193e-01
3.323206007480621338e-01
3.359929323196411133e-01
2.989985346794128418e-01
2.979779839515686035e-01
2.609504461288452148e-01
1.902466714382171631e-01
1.625088751316070557e-01
1.057579666376113892e-01
9.663738310337066650e-02
1.374801546335220337e-01
8.199790120124816895e-02
-6.747523695230484009e-02
-1.136058662086725235e-02
-4.456693306565284729e-02
-9.044760465621948242e-02
-7.235548645257949829e-02
-6.226505711674690247e-02
-5.783943086862564087e-02
-5.705465748906135559e-02
8.948247134685516357e-02
8.498615026473999023e-02
1.528477072715759277e-01
1.449035704135894775e-01
2.102342098951339722e-01
2.749870717525482178e-01
3.396205008029937744e-01
3.302816748619079590e-01
3.960506916046142578e-01
3.887632191181182861e-01
5.318097472190856934e-01
5.284032225608825684e-01
5.276222825050354004e-01
6.042342185974121094e-01
6.843835115432739258e-01
6.942142248153686523e-01
7.084918618202209473e-01
8.019812703132629395e-01
8.265135884284973145e-01
8.568524122238159180e-01
8.934493660926818848e-01
8.624448180198669434e-01
9.129108786582946777e-01
8.966756463050842285e-01
8.884987831115722656e-01
8.888288140296936035e-01
8.981133699417114258e-01
9.167996048927307129e-01
7.967119216918945312e-01
8.355402350425720215e-01
8.107970952987670898e-01
7.229272723197937012e-01
7.209975123405456543e-01
6.568298935890197754e-01
6.051793694496154785e-01
5.664896965026855469e-01
5.412043333053588867e-01
5.297667980194091797e-01
4.583095908164978027e-01
4.015870988368988037e-01
3.600430786609649658e-01
3.341212868690490723e-01
1.756438463926315308e-01
1.822992265224456787e-01
1.315992921590805054e-01
9.830035269260406494e-02
8.537271060049533844e-03
1.137850526720285416e-02
-4.135085642337799072e-02
-8.907403680495917797e-04
-9.127414226531982422e-02
-1.666600815951824188e-02
-1.407474977895617485e-03
2.740513160824775696e-02
-5.945678334683179855e-03
-2.855455316603183746e-02
3.248470649123191833e-02
1.014571338891983032e-01
2.833761461079120636e-02
1.089677959680557251e-01
1.190131753683090210e-01
1.313839256763458252e-01
2.189909666776657104e-01
2.318128794431686401e-01
1.684508323669433594e-01
2.504395544528961182e-01
2.534482777118682861e-01
3.247016072273254395e-01
3.884915411472320557e-01
3.691102564334869385e-01
4.137832224369049072e-01
4.468028843402862549e-01
4.667728543281555176e-01
4.722965657711029053e-01
3.876663446426391602e-01
4.344182014465332031e-01
3.882219493389129639e-01
4.706128835678100586e-01
4.572598636150360107e-01
4.953861832618713379e-01
4.349704980850219727e-01
4.232347905635833740e-01
3.844671845436096191e-01
3.915770947933197021e-01
3.688509762287139893e-01
3.891963958740234375e-01
3.768979907035827637e-01
3.305503726005554199e-01
3.230581879615783691e-01
2.787030339241027832e-01
2.703875303268432617e-01
2.223912179470062256e-01
2.076146751642227173e-01
2.246464937925338745e-01
1.234523057937622070e-01
1.255518198013305664e-01
8.090889453887939453e-02
6.241953372955322266e-02
-5.642959382385015488e-03
2.389353327453136444e-02
-7.348823547363281250e-02
-7.647349685430526733e-02
-1.353029459714889526e-01
-1.772846281528472900e-01
-2.040378600358963013e-01
-1.428711414337158203e-01
-1.440260261297225952e-01
-2.091220915317535400e-01
-1.911567449569702148e-01
-2.403711825609207153e-01
-2.097623199224472046e-01
-2.495705783367156982e-01
-2.127919495105743408e-01
-1.753548234701156616e-01
-1.388758420944213867e-01
-2.535929083824157715e-01
-2.238771766424179077e-01
-2.742757499217987061e-01
-2.577798664569854736e-01
-2.503127753734588623e-01
-2.534855008125305176e-01
-2.689082324504852295e-01
-2.981897592544555664e-01
-2.686269283294677734e-01
-2.561374008655548096e-01
-1.880156099796295166e-01
-2.144879847764968872e-01
-1.885357499122619629e-01
-3.346941173076629639e-01
-3.573202490806579590e-01
-4.066362977027893066e-01
-3.356195092201232910e-01
-3.688012659549713135e-01
-1.362242102622985840e-01
-8.535125851631164551e-02
-6.915668398141860962e-02
-1.492530573159456253e-02
1.436513266526162624e-03
-2.166630141437053680e-02
6.279337406158447266e-02
3.028778173029422760e-02
2.784411422908306122e-02
5.386745184659957886e-02
1.067626252770423889e-01
1.106231361627578735e-01
6.385298073291778564e-02
3.916663676500320435e-02
3.496690839529037476e-02
4.965583980083465576e-02
7.537527009844779968e-03
5.670369789004325867e-02
-2.609603293240070343e-02
-9.255809336900711060e-02
-1.430020481348037720e-01
-1.034376174211502075e-01
-1.228086873888969421e-01
-2.014383971691131592e-01
-2.653401196002960205e-01
-3.148393929004669189e-01
-3.502630591392517090e-01
-3.719391524791717529e-01
-3.801968395709991455e-01
-4.496774673461914062e-01
-4.320903420448303223e-01
-4.763899147510528564e-01
-5.085985660552978516e-01
-5.216192603111267090e-01
-5.157870054244995117e-01
-5.285928249359130859e-01
-5.232174396514892578e-01
-5.297217369079589844e-01
-5.484425425529479980e-01
-5.499926209449768066e-01
-5.495712161064147949e-01
-5.549465417861938477e-01
-5.515931844711303711e-01
-5.472788214683532715e-01
-5.349082946777343750e-01
-5.148171186447143555e-01
-4.947711527347564697e-01
-4.676732122898101807e-01
-4.412873983383178711e-01
-4.085144400596618652e-01
-3.845474123954772949e-01
-3.548537194728851318e-01
-3.197614848613739014e-01
-2.795977294445037842e-01
-2.421189099550247192e-01
-2.076490819454193115e-01
-1.690796315670013428e-01
-1.341626495122909546e-01
-1.032176315784454346e-01
-6.170037016272544861e-02
-3.222069516777992249e-02
-7.662611082196235657e-03
1.909123547375202179e-02
4.029729589819908142e-02
4.821323230862617493e-02
6.482221931219100952e-02
7.518164068460464478e-02
7.269568741321563721e-02
6.586019694805145264e-02
5.574052408337593079e-02
4.340247437357902527e-02
1.504995673894882202e-02
1.473597716540098190e-03
-1.855369843542575836e-02
-5.139704048633575439e-02
-7.369752973318099976e-02
-1.066834032535552979e-01
-1.121348738670349121e-01
-1.410062313079833984e-01
-1.625107079744338989e-01
-1.904494464397430420e-01
-2.089005112648010254e-01
-2.242368012666702271e-01
-2.502640783786773682e-01
-2.710652947425842285e-01
-2.930188477039337158e-01
-3.150738179683685303e-01
-3.287503719329833984e-01
-3.404329717159271240e-01
-3.490771353244781494e-01
-3.610717952251434326e-01
-3.605146408081054688e-01
-3.760923147201538086e-01
-3.696135282516479492e-01
-3.697692155838012695e-01
-3.680967092514038086e-01
-3.561353981494903564e-01
-3.551507592201232910e-01
-3.418234884738922119e-01
-3.299912810325622559e-01
-3.186310231685638428e-01
-2.992896735668182373e-01
-2.783773839473724365e-01
-2.623050808906555176e-01
-2.351909577846527100e-01
-2.108778506517410278e-01
-1.883464753627777100e-01
-1.665773540735244751e-01
-1.371193528175354004e-01
-1.063828989863395691e-01
-8.820841461420059204e-02
-5.927956849336624146e-02
-2.600285597145557404e-02
-2.214049920439720154e-03
3.540865331888198853e-02
5.817170068621635437e-02
8.942731469869613647e-02
1.080461367964744568e-01
1.375138908624649048e-01
1.567329019308090210e-01
1.891954690217971802e-01
2.212418913841247559e-01
2.466471642255783081e-01
2.591900229454040527e-01
2.749463319778442383e-01
2.728402614593505859e-01
2.912486195564270020e-01
2.868100702762603760e-01
2.904779314994812012e-01
2.663294970989227295e-01
3.270675837993621826e-01
3.104478716850280762e-01
2.920244932174682617e-01
3.473547399044036865e-01
3.290658593177795410e-01
3.127206861972808838e-01
2.995734512805938721e-01
2.908804118633270264e-01
2.878995835781097412e-01
2.918903827667236328e-01
3.041132092475891113e-01
3.258290290832519531e-01
3.582991063594818115e-01
4.027843773365020752e-01
3.862342834472656250e-01
3.842189908027648926e-01
3.979963064193725586e-01
2.802000343799591064e-01
3.293274641036987305e-01
2.493851482868194580e-01
1.902423799037933350e-01
1.531426757574081421e-01
6.501451879739761353e-02
1.500259041786193848e-01
1.121629923582077026e-01
2.696176432073116302e-02
4.426370933651924133e-02
1.666056364774703979e-02
1.967102475464344025e-02
-1.981443352997303009e-02
-2.628975547850131989e-02
1.433566911146044731e-03
-9.773612022399902344e-03
-5.873614922165870667e-02
-6.997461616992950439e-02
-4.232729226350784302e-02
0.000000000000000000e+00
0.000000000000000000e+00
0.000000000000000000e+00
0.000000000000000000e+00
0.000000000000000000e+00
0.000000000000000000e+00
0.000000000000000000e+00
0.000000000000000000e+00
0.000000000000000000e+00
0.000000000000000000e+00
0.000000000000000000e+00
0.000000000000000000e+00
0.000000000000000000e+00
0.000000000000000000e+00
0.000000000000000000e+00
0.000000000000000000e+00
0.000000000000000000e+00
0.000000000000000000e+00
0.000000000000000000e+00
0.000000000000000000e+00
0.000000000000000000e+00
0.000000000000000000e+00
0.000000000000000000e+00
0.000000000000000000e+00
0.000000000000000000e+00
0.000000000000000000e+00
0.000000000000000000e+00
0.000000000000000000e+00
0.000000000000000000e+00
0.000000000000000000e+00
0.000000000000000000e+00
0.000000000000000000e+00
0.000000000000000000e+00
0.000000000000000000e+00
0.000000000000000000e+00
0.000000000000000000e+00
0.000000000000000000e+00
0.000000000000000000e+00
0.000000000000000000e+00
0.000000000000000000e+00
0.000000000000000000e+00
0.000000000000000000e+00
0.000000000000000000e+00
0.000000000000000000e+00
0.000000000000000000e+00
0.000000000000000000e+00
0.000000000000000000e+00
0.000000000000000000e+00
0.000000000000000000e+00
0.000000000000000000e+00
0.000000000000000000e+00
0.000000000000000000e+00
0.000000000000000000e+00
0.000000000000000000e+00
0.000000000000000000e+00
0.000000000000000000e+00
0.000000000000000000e+00
0.000000000000000000e+00
0.000000000000000000e+00
0.000000000000000000e+00
0.000000000000000000e+00
0.000000000000000000e+00
0.000000000000000000e+00
0.000000000000000000e+00
0.000000000000000000e+00
0.000000000000000000e+00
0.000000000000000000e+00
0.000000000000000000e+00
0.000000000000000000e+00
0.000000000000000000e+00
0.000000000000000000e+00
0.000000000000000000e+00
0.000000000000000000e+00
0.000000000000000000e+00
0.000000000000000000e+00
0.000000000000000000e+00
0.000000000000000000e+00
0.000000000000000000e+00
0.000000000000000000e+00
0.000000000000000000e+00
0.000000000000000000e+00
0.000000000000000000e+00
0.000000000000000000e+00
0.000000000000000000e+00
0.000000000000000000e+00
0.000000000000000000e+00
0.000000000000000000e+00
0.000000000000000000e+00
0.000000000000000000e+00
0.000000000000000000e+00
0.000000000000000000e+00
0.000000000000000000e+00
0.000000000000000000e+00
0.000000000000000000e+00
0.000000000000000000e+00
0.000000000000000000e+00
0.000000000000000000e+00
0.000000000000000000e+00
0.000000000000000000e+00
0.000000000000000000e+00
