# ee
4.149187356233596802e-02
6.871969252824783325e-02
7.830026745796203613e-02
7.037516683340072632e-02
5.265211313962936401e-02
3.389946371316909790e-02
1.976598054170608521e-02
1.176155265420675278e-02
8.496890775859355927e-03
7.605774328112602234e-03
7.269560825079679489e-03
6.613238714635372162e-03
5.800937768071889877e-03
5.167236551642417908e-03
4.973009694367647171e-03
5.234270356595516205e-03
5.711788777261972427e-03
6.238933652639389038e-03
6.757413037121295929e-03
7.302408106625080109e-03
8.012562990188598633e-03
8.987477049231529236e-03
1.025961339473724365e-02
1.180322840809822083e-02
1.355047151446342468e-02
1.548750139772891998e-02
1.763467676937580109e-02
1.998073421418666840e-02
2.251886390149593353e-02
2.525233291089534760e-02
2.817470952868461609e-02
3.127903863787651062e-02
3.457012772560119629e-02
3.805216401815414429e-02
4.174556583166122437e-02
4.570372030138969421e-02
4.997699707746505737e-02
5.454247444868087769e-02
5.936450883746147156e-02
6.442160159349441528e-02
6.972891092300415039e-02
7.531054317951202393e-02
8.117576688528060913e-02
8.734423667192459106e-02
9.383127093315124512e-02
1.006215512752532959e-01
1.076990887522697449e-01
1.150256544351577759e-01
1.225555688142776489e-01
1.302463859319686890e-01
1.381950676441192627e-01
1.465686857700347900e-01
1.553782820701599121e-01
1.646200120449066162e-01
1.741635501384735107e-01
1.838926225900650024e-01
1.938022375106811523e-01
2.039171755313873291e-01
2.142770290374755859e-01
2.249643951654434204e-01
2.359665036201477051e-01
2.472466230392456055e-01
2.588201165199279785e-01
2.706651985645294189e-01
2.827169895172119141e-01
2.949766218662261963e-01
3.074838817119598389e-01
3.201968669891357422e-01
3.331553637981414795e-01
3.463470041751861572e-01
3.597435653209686279e-01
3.733092844486236572e-01
3.870306015014648438e-01
4.009163081645965576e-01
4.149653613567352295e-01
4.291673600673675537e-01
4.435465633869171143e-01
4.580456018447875977e-01
4.726665616035461426e-01
4.873573184013366699e-01
5.021387934684753418e-01
5.169853568077087402e-01
5.318935513496398926e-01
5.468375682830810547e-01
5.618291497230529785e-01
5.768366456031799316e-01
5.918732285499572754e-01
6.069223284721374512e-01
6.219450831413269043e-01
6.369327306747436523e-01
6.518698930740356445e-01
6.667491197586059570e-01
6.815330982208251953e-01
6.962217092514038086e-01
7.107999920845031738e-01
7.252528667449951172e-01
7.395729422569274902e-01
7.537227869033813477e-01
7.677024602890014648e-01
7.815712094306945801e-01
7.951803803443908691e-01
8.086041212081909180e-01
8.218423128128051758e-01
8.348206281661987305e-01
8.476132154464721680e-01
8.600714802742004395e-01
8.722695112228393555e-01
8.841331005096435547e-01
8.956618905067443848e-01
9.069305062294006348e-01
9.178653359413146973e-01
9.284673333168029785e-01
9.386631846427917480e-01
9.486023783683776855e-01
9.580628871917724609e-01
9.671201705932617188e-01
9.759236574172973633e-01
9.843257069587707520e-01
9.921785593032836914e-01
9.997807145118713379e-01
1.006835579872131348e+00
1.013418555259704590e+00
1.019605040550231934e+00
1.025321483612060547e+00
1.030643224716186523e+00
1.035422682762145996e+00
1.039809584617614746e+00
1.043655991554260254e+00
1.046962976455688477e+00
1.049880623817443848e+00
1.052262544631958008e+00
1.054186105728149414e+00
1.055653929710388184e+00
1.056594491004943848e+00
1.057010769844055176e+00
1.056979775428771973e+00
1.056429862976074219e+00
1.055512547492980957e+00
1.054007768630981445e+00
1.051992654800415039e+00
1.049544215202331543e+00
1.046665191650390625e+00
1.043284296989440918e+00
1.039552807807922363e+00
1.035250544548034668e+00
1.030603289604187012e+00
1.025465250015258789e+00
1.019913434982299805e+00
1.014025092124938965e+00
1.007728576660156250e+00
1.000953197479248047e+00
9.938504695892333984e-01
9.864240288734436035e-01
9.786770939826965332e-01
9.706130027770996094e-01
9.622351527214050293e-01
9.536212086677551270e-01
9.446256756782531738e-01
9.354007244110107422e-01
9.260237812995910645e-01
9.163497686386108398e-01
9.064561128616333008e-01
8.964204192161560059e-01
8.861718773841857910e-01
8.758621215820312500e-01
8.652716875076293945e-01
8.547753691673278809e-01
8.440791964530944824e-01
8.334093093872070312e-01
8.227690458297729492e-01
8.120872974395751953e-01
8.013673424720764160e-01
7.909097075462341309e-01
7.804202437400817871e-01
7.701252698898315430e-01
7.599540352821350098e-01
7.501332163810729980e-01
7.403692007064819336e-01
7.308884859085083008e-01
7.216948270797729492e-01
7.128660678863525391e-01
7.043316364288330078e-01
6.961693763732910156e-01
6.885314583778381348e-01
6.812804341316223145e-01
6.745609045028686523e-01
6.683617830276489258e-01
6.627236008644104004e-01
6.577020287513732910e-01
6.533229351043701172e-01
6.496120095252990723e-01
6.466174721717834473e-01
6.443725228309631348e-01
6.429178118705749512e-01
6.422939896583557129e-01
6.425490975379943848e-01
6.437088847160339355e-01
6.458140015602111816e-01
6.488975882530212402e-01
6.530213952064514160e-01
6.581901907920837402e-01
6.644597649574279785e-01
6.718485355377197266e-01
6.803975105285644531e-01
6.901398897171020508e-01
7.010942101478576660e-01
7.133086919784545898e-01
7.268018722534179688e-01
7.416217923164367676e-01
7.577945590019226074e-01
7.753458619117736816e-01
7.943164706230163574e-01
8.146950602531433105e-01
8.366710543632507324e-01
8.600546717643737793e-01
8.849982023239135742e-01
9.114975333213806152e-01
9.395488500595092773e-01
9.692969322204589844e-01
1.000663399696350098e+00
1.033793091773986816e+00
1.068607449531555176e+00
1.105102777481079102e+00
1.143423676490783691e+00
1.183565974235534668e+00
1.225525975227355957e+00
1.269299507141113281e+00
1.314956903457641602e+00
1.362494230270385742e+00
1.411981701850891113e+00
1.463340997695922852e+00
1.516791105270385742e+00
1.572179317474365234e+00
1.629575848579406738e+00
1.688976764678955078e+00
1.750452280044555664e+00
1.814072966575622559e+00
1.879685640335083008e+00
1.947360873222351074e+00
2.017243146896362305e+00
2.089179992675781250e+00
2.163315534591674805e+00
2.239571809768676758e+00
2.318019151687622070e+00
2.398653030395507812e+00
2.481395483016967773e+00
2.566614151000976562e+00
2.653784275054931641e+00
2.743348121643066406e+00
2.835003137588500977e+00
2.928961277008056641e+00
3.024987936019897461e+00
3.123368501663208008e+00
3.223794221878051758e+00
3.326624155044555664e+00
3.431401014328002930e+00
3.538484573364257812e+00
3.647713422775268555e+00
3.759077310562133789e+00
3.872488975524902344e+00
3.988160133361816406e+00
4.105855464935302734e+00
4.225637912750244141e+00
4.347421169281005859e+00
4.471416950225830078e+00
4.597240924835205078e+00
4.725254058837890625e+00
4.855146408081054688e+00
4.986980915069580078e+00
5.120671749114990234e+00
5.256504058837890625e+00
5.393872261047363281e+00
5.533358573913574219e+00
5.674431800842285156e+00
5.817302703857421875e+00
5.961960315704345703e+00
6.108317852020263672e+00
6.256289482116699219e+00
6.405864715576171875e+00
6.557105541229248047e+00
6.709703445434570312e+00
6.863869190216064453e+00
7.019518852233886719e+00
7.176639080047607422e+00
7.335069656372070312e+00
7.494801044464111328e+00
7.655820369720458984e+00
7.818042755126953125e+00
7.981307506561279297e+00
8.146347045898437500e+00
8.312035560607910156e+00
8.477990150451660156e+00
8.645685195922851562e+00
8.813624382019042969e+00
8.983281135559082031e+00
9.152416229248046875e+00
9.323247909545898438e+00
9.495021820068359375e+00
9.666240692138671875e+00
9.838380813598632812e+00
1.001069545745849609e+01
1.018392467498779297e+01
1.035806655883789062e+01
1.053163146972656250e+01
1.070536231994628906e+01
1.087925434112548828e+01
1.105479240417480469e+01
1.122900104522705078e+01
1.140262126922607422e+01
1.157787990570068359e+01
1.175180339813232422e+01
1.192587471008300781e+01
1.210009098052978516e+01
1.227296638488769531e+01
1.244598293304443359e+01
1.261765193939208984e+01
1.279020118713378906e+01
1.296140003204345703e+01
1.313198852539062500e+01
1.330270862579345703e+01
1.347132873535156250e+01
1.363933277130126953e+01
1.380746269226074219e+01
1.397200202941894531e+01
1.413740348815917969e+01
1.430144023895263672e+01
1.446336650848388672e+01
1.462466526031494141e+01
1.478385066986083984e+01
1.494166088104248047e+01
1.509884071350097656e+01
1.525390052795410156e+01
1.540758323669433594e+01
1.555839824676513672e+01
1.570783329010009766e+01
1.585588550567626953e+01
1.600106811523437500e+01
1.614560508728027344e+01
1.628727149963378906e+01
1.642606163024902344e+01
1.656420326232910156e+01
1.669872665405273438e+01
1.683111190795898438e+01
1.696061706542968750e+01
1.708872795104980469e+01
1.721321105957031250e+01
1.733481025695800781e+01
1.745426559448242188e+01
1.757009124755859375e+01
1.768377494812011719e+01
1.779459190368652344e+01
1.790181732177734375e+01
1.800622177124023438e+01
1.810781860351562500e+01
1.820663452148437500e+01
1.830194664001464844e+01
1.839303207397460938e+01
1.848139953613281250e+01
1.856707000732421875e+01
1.864932060241699219e+01
1.872817420959472656e+01
1.880439186096191406e+01
1.887576866149902344e+01
1.894455528259277344e+01
1.901002883911132812e+01
1.907072448730468750e+01
1.912889289855957031e+01
1.918381118774414062e+01
1.923476028442382812e+01
1.928175926208496094e+01
1.932557296752929688e+01
1.936547851562500000e+01
1.940224266052246094e+01
1.943513870239257812e+01
1.946493721008300781e+01
1.949016952514648438e+01
1.951160049438476562e+01
1.952999305725097656e+01
1.954537200927734375e+01
1.955403900146484375e+01
1.956121826171875000e+01
1.956395912170410156e+01
1.956228065490722656e+01
1.955843544006347656e+01
1.955021476745605469e+01
1.953763771057128906e+01
1.952147102355957031e+01
1.949950599670410156e+01
1.947696113586425781e+01
1.944940376281738281e+01
1.941982269287109375e+01
1.938527107238769531e+01
1.934725189208984375e+01
1.930504608154296875e+01
1.925941467285156250e+01
1.921037673950195312e+01
1.915721511840820312e+01
1.910068893432617188e+01
1.904081916809082031e+01
1.897688484191894531e+01
1.890891075134277344e+01
1.883840370178222656e+01
1.876390266418457031e+01
1.868542861938476562e+01
1.860449409484863281e+01
1.851963615417480469e+01
1.843161964416503906e+01
1.834121322631835938e+01
1.824620628356933594e+01
1.814885520935058594e+01
1.804844093322753906e+01
1.794498252868652344e+01
1.783850669860839844e+01
1.772977638244628906e+01
1.761733055114746094e+01
1.750267791748046875e+01
1.738360977172851562e+01
1.726312446594238281e+01
1.714049911499023438e+01
1.701501464843750000e+01
1.688669204711914062e+01
1.675555419921875000e+01
1.662236785888671875e+01
1.648641204833984375e+01
1.634919166564941406e+01
1.620924949645996094e+01
1.606734657287597656e+01
1.592350292205810547e+01
1.577848625183105469e+01
1.563083267211914062e+01
1.548130607604980469e+01
1.533141517639160156e+01
1.517895126342773438e+01
1.502616691589355469e+01
1.487159538269042969e+01
1.471526050567626953e+01
1.455792617797851562e+01
1.440035533905029297e+01
1.424108505249023438e+01
1.408087825775146484e+01
1.391975879669189453e+01
1.375848674774169922e+01
1.359708499908447266e+01
1.343334579467773438e+01
1.327100563049316406e+01
1.310859870910644531e+01
1.294466114044189453e+01
1.278143978118896484e+01
1.261895751953125000e+01
1.245574378967285156e+01
1.229328060150146484e+01
1.213156223297119141e+01
1.196983623504638672e+01
1.180883789062500000e+01
1.164781665802001953e+01
1.148824977874755859e+01
1.132938575744628906e+01
1.117196178436279297e+01
1.101448154449462891e+01
1.085842227935791016e+01
1.070303535461425781e+01
1.054979515075683594e+01
1.039795207977294922e+01
1.024749755859375000e+01
1.009768104553222656e+01
9.949977874755859375e+00
9.804379463195800781e+00
9.659392356872558594e+00
9.517236709594726562e+00
9.377903938293457031e+00
9.239898681640625000e+00
9.103955268859863281e+00
8.970808029174804688e+00
8.838961601257324219e+00
8.710636138916015625e+00
8.584337234497070312e+00
8.460055351257324219e+00
8.339267730712890625e+00
8.221222877502441406e+00
8.105910301208496094e+00
7.994064807891845703e+00
7.884934425354003906e+00
7.779252529144287109e+00
7.676267147064208984e+00
7.577455043792724609e+00
7.482064723968505859e+00
7.389342784881591797e+00
7.300766944885253906e+00
7.216327667236328125e+00
7.135272026062011719e+00
7.058335781097412109e+00
6.984021663665771484e+00
6.915293693542480469e+00
6.849912643432617188e+00
6.789355754852294922e+00
6.732871532440185547e+00
6.679707050323486328e+00
6.632082939147949219e+00
6.587759494781494141e+00
6.548952579498291016e+00
6.514881134033203125e+00
6.484759330749511719e+00
6.459287166595458984e+00
6.439165115356445312e+00
6.423756122589111328e+00
6.412719726562500000e+00
6.407053470611572266e+00
6.405749320983886719e+00
6.409432888031005859e+00
6.417764186859130859e+00
6.431146621704101562e+00
6.449315071105957031e+00
6.472523689270019531e+00
6.500656604766845703e+00
6.533744812011718750e+00
6.571895599365234375e+00
6.614917278289794922e+00
6.662991046905517578e+00
6.716000556945800781e+00
6.773977756500244141e+00
6.837103843688964844e+00
6.905188560485839844e+00
6.978189945220947266e+00
7.056213855743408203e+00
7.139219760894775391e+00
7.227166652679443359e+00
7.320010662078857422e+00
7.418009757995605469e+00
7.520899295806884766e+00
7.628563404083251953e+00
7.741258144378662109e+00
7.858793258666992188e+00
7.981203079223632812e+00
8.108520507812500000e+00
8.240556716918945312e+00
8.377344131469726562e+00
8.518992424011230469e+00
8.665162086486816406e+00
8.816259384155273438e+00
8.971797943115234375e+00
9.131961822509765625e+00
9.296783447265625000e+00
9.466074943542480469e+00
9.639795303344726562e+00
9.817684173583984375e+00
9.999922752380371094e+00
1.018647193908691406e+01
1.037729358673095703e+01
1.057234668731689453e+01
1.077159404754638672e+01
1.097500133514404297e+01
1.118104934692382812e+01
1.139267826080322266e+01
1.160762596130371094e+01
1.182660198211669922e+01
1.204883289337158203e+01
1.227577209472656250e+01
1.250515651702880859e+01
1.273769855499267578e+01
1.297411060333251953e+01
1.321435832977294922e+01
1.345692634582519531e+01
1.370401191711425781e+01
1.395260810852050781e+01
1.420491695404052734e+01
1.445942020416259766e+01
1.471757125854492188e+01
1.497859764099121094e+01
1.524172496795654297e+01
1.550766658782958984e+01
1.577564716339111328e+01
1.604563713073730469e+01
1.631835174560546875e+01
1.659226989746093750e+01
1.686885070800781250e+01
1.714731979370117188e+01
1.742690467834472656e+01
1.770906257629394531e+01
1.799227714538574219e+01
1.827651977539062500e+01
1.856250190734863281e+01
1.884945487976074219e+01
1.913734436035156250e+01
1.942614555358886719e+01
1.971508598327636719e+01
2.000562286376953125e+01
2.029623985290527344e+01
2.058765220642089844e+01
2.087834739685058594e+01
2.117052268981933594e+01
2.146117782592773438e+01
2.175326156616210938e+01
2.204450988769531250e+01
2.233415603637695312e+01
2.262514495849609375e+01
2.291298675537109375e+01
2.320137405395507812e+01
2.348878860473632812e+01
2.377520561218261719e+01
2.406060409545898438e+01
2.434351348876953125e+01
2.462618827819824219e+01
2.490642166137695312e+01
2.518498420715332031e+01
2.546189689636230469e+01
2.573718261718750000e+01
2.601086997985839844e+01
2.628149414062500000e+01
2.654982185363769531e+01
2.681662368774414062e+01
2.708192253112792969e+01
2.734202384948730469e+01
2.760141944885253906e+01
2.785715103149414062e+01
2.811147880554199219e+01
2.836294174194335938e+01
2.861156272888183594e+01
2.885810852050781250e+01
2.909963226318359375e+01
2.933912849426269531e+01
2.957514190673828125e+01
2.980694580078125000e+01
3.003531837463378906e+01
3.026027297973632812e+01
3.048184204101562500e+01
3.069930648803710938e+01
3.091268539428710938e+01
3.112200736999511719e+01
3.132729911804199219e+01
3.152858161926269531e+01
3.172513771057128906e+01
3.191847610473632812e+01
3.210565185546875000e+01
3.228966140747070312e+01
3.246978378295898438e+01
3.264307403564453125e+01
3.281326675415039062e+01
3.297741699218750000e+01
3.313778305053710938e+01
3.329289245605468750e+01
3.344203567504882812e+01
3.358746337890625000e+01
3.372547912597656250e+01
3.385908508300781250e+01
3.398756408691406250e+01
3.411018371582031250e+01
3.422772598266601562e+01
3.433872222900390625e+01
3.444393157958984375e+01
3.454488372802734375e+01
3.463939666748046875e+01
3.472679519653320312e+01
3.480937194824218750e+01
3.488644027709960938e+01
3.495732879638671875e+01
3.502209472656250000e+01
3.508154678344726562e+01
3.513500213623046875e+01
3.518178176879882812e+01
3.522269058227539062e+01
3.525853729248046875e+01
3.528863906860351562e+01
3.531156921386718750e+01
3.532887268066406250e+01
3.534062194824218750e+01
3.534612655639648438e+01
3.534619903564453125e+01
3.534014892578125000e+01
3.532804489135742188e+01
3.531143188476562500e+01
3.528739547729492188e+01
3.525897216796875000e+01
3.522399520874023438e+01
3.518326187133789062e+01
3.513683700561523438e+01
3.508478546142578125e+01
3.502641296386718750e+01
3.496327590942382812e+01
3.489468383789062500e+01
3.481996154785156250e+01
3.473915863037109375e+01
3.465457153320312500e+01
3.456253814697265625e+01
3.446609115600585938e+01
3.436380767822265625e+01
3.425722885131835938e+01
3.414418411254882812e+01
3.402621459960937500e+01
3.390412521362304688e+01
3.377500534057617188e+01
3.364261627197265625e+01
3.350480270385742188e+01
3.336160659790039062e+01
3.321532058715820312e+01
3.306302642822265625e+01
3.290627288818359375e+01
3.274436950683593750e+01
3.257886123657226562e+01
3.240830993652343750e+01
3.223352432250976562e+01
3.205527496337890625e+01
3.187211418151855469e+01
3.168556594848632812e+01
3.149417877197265625e+01
3.129947471618652344e+01
3.110074234008789062e+01
3.089875984191894531e+01
3.069281768798828125e+01
3.048295402526855469e+01
3.026994514465332031e+01
3.005381965637207031e+01
2.983387565612792969e+01
2.961162567138671875e+01
2.938562011718750000e+01
2.915663528442382812e+01
2.892544937133789062e+01
2.869134712219238281e+01
2.845287513732910156e+01
2.821304321289062500e+01
2.797187995910644531e+01
2.772718811035156250e+01
2.748122978210449219e+01
2.723254966735839844e+01
2.698266410827636719e+01
2.673235130310058594e+01
2.647866821289062500e+01
2.622238922119140625e+01
2.596577453613281250e+01
2.570811080932617188e+01
2.544794273376464844e+01
2.518901824951171875e+01
2.492765235900878906e+01
2.466610145568847656e+01
2.440291213989257812e+01
2.413960075378417969e+01
2.387693786621093750e+01
2.361421394348144531e+01
2.335071182250976562e+01
2.308720779418945312e+01
2.282298660278320312e+01
2.256179237365722656e+01
2.230142593383789062e+01
2.204043197631835938e+01
2.178032112121582031e+01
2.152186965942382812e+01
2.126362228393554688e+01
2.100783348083496094e+01
2.075155830383300781e+01
2.049854469299316406e+01
2.024658012390136719e+01
1.999786567687988281e+01
1.974938774108886719e+01
1.950407981872558594e+01
1.926041793823242188e+01
1.901910400390625000e+01
1.878083992004394531e+01
1.854410171508789062e+01
1.830959129333496094e+01
1.807801246643066406e+01
1.784932708740234375e+01
1.762349128723144531e+01
1.740121269226074219e+01
1.718096351623535156e+01
1.696344566345214844e+01
1.675010681152343750e+01
1.654016494750976562e+01
1.633283615112304688e+01
1.612807846069335938e+01
1.592808532714843750e+01
1.573132801055908203e+01
1.553851222991943359e+01
1.534959602355957031e+01
1.516454124450683594e+01
1.498330783843994141e+01
1.480659961700439453e+01
1.463363265991210938e+01
1.446511268615722656e+01
1.430100059509277344e+01
1.413976955413818359e+01
1.398509597778320312e+01
1.383396816253662109e+01
1.368783473968505859e+01
1.354665565490722656e+01
1.340965080261230469e+01
1.327752208709716797e+01
1.315097618103027344e+01
1.302848720550537109e+01
1.291001701354980469e+01
1.279924392700195312e+01
1.269241428375244141e+01
1.259171772003173828e+01
1.249711799621582031e+01
1.240783309936523438e+01
1.232308483123779297e+01
1.224506282806396484e+01
1.217150115966796875e+01
1.210459232330322266e+01
1.204355716705322266e+01
1.198761463165283203e+01
1.193820858001708984e+01
1.189452457427978516e+01
1.185574340820312500e+01
1.182401752471923828e+01
1.179778480529785156e+01
1.177696895599365234e+01
1.176297855377197266e+01
1.175499725341796875e+01
1.175294685363769531e+01
1.175675392150878906e+01
1.176634120941162109e+01
1.178312110900878906e+01
1.180404567718505859e+01
1.183201313018798828e+01
1.186546230316162109e+01
1.190506362915039062e+01
1.194999694824218750e+01
1.200167751312255859e+01
1.205854415893554688e+01
1.212126636505126953e+01
1.218902873992919922e+01
1.226398754119873047e+01
1.234384059906005859e+01
1.243000125885009766e+01
1.252091217041015625e+01
1.261872863769531250e+01
1.272115135192871094e+01
1.282959461212158203e+01
1.294398689270019531e+01
1.306351375579833984e+01
1.318810653686523438e+01
1.331769084930419922e+01
1.345294284820556641e+01
1.359304809570312500e+01
1.373942279815673828e+01
1.388976764678955078e+01
1.404550075531005859e+01
1.420655345916748047e+01
1.437211132049560547e+01
1.454359626770019531e+01
1.471870613098144531e+01
1.489811801910400391e+01
1.508250808715820312e+01
1.527180767059326172e+01
1.546446418762207031e+01
1.566338157653808594e+01
1.586477947235107422e+01
1.607081985473632812e+01
1.628069305419921875e+01
1.649507713317871094e+01
1.671316719055175781e+01
1.693566513061523438e+01
1.716105079650878906e+01
1.739076995849609375e+01
1.762404441833496094e+01
1.785935592651367188e+01
1.809889602661132812e+01
1.834337234497070312e+01
1.858829307556152344e+01
1.883733558654785156e+01
1.908972549438476562e+01
1.934468650817871094e+01
1.960292434692382812e+01
1.986292266845703125e+01
2.012613105773925781e+01
2.039177513122558594e+01
2.066056442260742188e+01
2.093098258972167969e+01
2.120373344421386719e+01
2.147805023193359375e+01
2.175463676452636719e+01
2.203346443176269531e+01
2.231375885009765625e+01
2.259623146057128906e+01
2.287861824035644531e+01
2.316386413574218750e+01
2.344970893859863281e+01
2.373611831665039062e+01
2.402455329895019531e+01
2.431348991394042969e+01
2.460216140747070312e+01
2.489201927185058594e+01
2.518303871154785156e+01
2.547295379638671875e+01
2.576396942138671875e+01
2.605530738830566406e+01
2.634545707702636719e+01
2.663661766052246094e+01
2.692578315734863281e+01
2.721590042114257812e+01
2.750470733642578125e+01
2.779218101501464844e+01
2.807977485656738281e+01
2.836522674560546875e+01
2.864925956726074219e+01
2.893257904052734375e+01
2.921441841125488281e+01
2.949400329589843750e+01
2.977204704284667969e+01
3.004778099060058594e+01
3.032118606567382812e+01
3.059230232238769531e+01
3.086116981506347656e+01
3.112710380554199219e+01
3.139163398742675781e+01
3.165258216857910156e+01
3.191073799133300781e+01
3.216614913940429688e+01
3.241886520385742188e+01
3.266968154907226562e+01
3.291566848754882812e+01
3.315984725952148438e+01
3.340003967285156250e+01
3.363703536987304688e+01
3.387088394165039062e+01
3.410089111328125000e+01
3.432858657836914062e+01
3.455179595947265625e+01
3.477130508422851562e+01
3.498716735839843750e+01
3.519942474365234375e+01
3.540738296508789062e+01
3.561109161376953125e+01
3.581134033203125000e+01
3.600669097900390625e+01
3.619867324829101562e+01
3.638585662841796875e+01
3.656902694702148438e+01
3.674748229980468750e+01
3.692053604125976562e+01
3.709045791625976562e+01
3.725432205200195312e+01
3.741366958618164062e+01
3.756927871704101562e+01
3.771896743774414062e+01
3.786353302001953125e+01
3.800375747680664062e+01
3.813894653320312500e+01
3.826765441894531250e+01
3.839216232299804688e+01
3.851102447509765625e+01
3.862428665161132812e+01
3.873199844360351562e+01
3.883419799804687500e+01
3.893018722534179688e+01
3.902149581909179688e+01
3.910668182373046875e+01
3.918727493286132812e+01
3.926034927368164062e+01
3.932817459106445312e+01
3.939079666137695312e+01
3.944756317138671875e+01
3.949707031250000000e+01
3.954163360595703125e+01
3.957986450195312500e+01
3.961258697509765625e+01
3.963840866088867188e+01
3.965815734863281250e+01
3.967340469360351562e+01
3.968201065063476562e+01
3.968479919433593750e+01
3.968186950683593750e+01
3.967329406738281250e+01
3.965842437744140625e+01
3.963808822631835938e+01
3.961236190795898438e+01
3.958134460449218750e+01
3.954287719726562500e+01
3.949927902221679688e+01
3.945063781738281250e+01
3.939628982543945312e+01
3.933557128906250000e+01
3.926931381225585938e+01
3.919834136962890625e+01
3.912199020385742188e+01
3.903885650634765625e+01
3.895125198364257812e+01
3.885851669311523438e+01
3.876072692871093750e+01
3.865722274780273438e+01
3.854734420776367188e+01
3.843413543701171875e+01
3.831545257568359375e+01
3.818988418579101562e+01
3.806122589111328125e+01
3.792733001708984375e+01
3.778827285766601562e+01
3.764561462402343750e+01
3.749720764160156250e+01
3.734758758544921875e+01
3.719014358520507812e+01
3.702866363525390625e+01
3.686248779296875000e+01
3.669317626953125000e+01
3.651931762695312500e+01
3.633949661254882812e+01
3.615826034545898438e+01
3.597195434570312500e+01
3.578214645385742188e+01
3.558891296386718750e+01
3.539157485961914062e+01
3.519017410278320312e+01
3.498622512817382812e+01
3.477827072143554688e+01
3.456708908081054688e+01
3.435196304321289062e+01
3.413367080688476562e+01
3.391223907470703125e+01
3.368770217895507812e+01
3.346082305908203125e+01
3.323164367675781250e+01
3.299869918823242188e+01
3.276424789428710938e+01
3.252609634399414062e+01
3.228649139404296875e+01
3.204324340820312500e+01
3.179860687255859375e+01
3.155037879943847656e+01
3.130155944824218750e+01
3.104846572875976562e+01
3.079409217834472656e+01
3.053846931457519531e+01
3.028013801574707031e+01
3.001987075805664062e+01
2.975917625427246094e+01
2.949585533142089844e+01
2.923291015625000000e+01
2.896813392639160156e+01
2.870155334472656250e+01
2.843468284606933594e+01
2.816680335998535156e+01
2.789645957946777344e+01
2.762664222717285156e+01
2.735738372802734375e+01
2.708647918701171875e+01
2.681469535827636719e+01
2.654354286193847656e+01
2.627305030822753906e+01
2.600175476074218750e+01
2.573042488098144531e+01
2.546057128906250000e+01
2.518998908996582031e+01
2.492018890380859375e+01
2.465045547485351562e+01
2.438378143310546875e+01
2.411647796630859375e+01
2.385005378723144531e+01
2.358527755737304688e+01
2.332217216491699219e+01
2.306002044677734375e+01
2.279957580566406250e+01
2.254079818725585938e+01
2.228363609313964844e+01
2.202878189086914062e+01
2.177618598937988281e+01
2.152504920959472656e+01
2.127606582641601562e+01
2.102992630004882812e+01
2.078509330749511719e+01
2.054225730895996094e+01
2.030285263061523438e+01
2.006534385681152344e+01
1.983041954040527344e+01
1.959803009033203125e+01
1.936738204956054688e+01
1.913990783691406250e+01
1.891555786132812500e+01
1.869353866577148438e+01
1.847528457641601562e+01
1.825851631164550781e+01
1.804615211486816406e+01
1.783591842651367188e+01
1.762924575805664062e+01
1.742608833312988281e+01
1.722490882873535156e+01
1.702788352966308594e+01
1.683422660827636719e+01
1.664462471008300781e+01
1.645754623413085938e+01
1.627368545532226562e+01
1.609522438049316406e+01
1.591988182067871094e+01
1.574761295318603516e+01
1.557985496520996094e+01
1.541581821441650391e+01
1.525619888305664062e+01
1.510094738006591797e+01
1.494779014587402344e+01
1.480039405822753906e+01
1.465723133087158203e+01
1.451750755310058594e+01
1.438192462921142578e+01
1.425192165374755859e+01
1.412522506713867188e+01
1.400476074218750000e+01
1.388677024841308594e+01
1.377418422698974609e+01
1.366695499420166016e+01
1.356429958343505859e+01
1.346691513061523438e+01
1.337326622009277344e+01
1.328476142883300781e+01
1.320131492614746094e+01
1.312358665466308594e+01
1.305000305175781250e+01
1.298048019409179688e+01
1.291642284393310547e+01
1.285625934600830078e+01
1.279916191101074219e+01
1.274950885772705078e+01
1.270424175262451172e+01
1.266328144073486328e+01
1.262802982330322266e+01
1.259617519378662109e+01
1.256986618041992188e+01
1.254827880859375000e+01
1.253133201599121094e+01
1.251968669891357422e+01
1.251177787780761719e+01
1.250901031494140625e+01
1.251056194305419922e+01
1.251635360717773438e+01
1.252779102325439453e+01
1.254256629943847656e+01
1.256208896636962891e+01
1.258627796173095703e+01
1.261431312561035156e+01
1.264760494232177734e+01
1.268533134460449219e+01
1.272667121887207031e+01
1.277229404449462891e+01
1.282212162017822266e+01
1.287681961059570312e+01
1.293482971191406250e+01
1.299681758880615234e+01
1.306345081329345703e+01
1.313317012786865234e+01
1.320812988281250000e+01
1.328528308868408203e+01
1.336753082275390625e+01
1.345182514190673828e+01
1.354106521606445312e+01
1.363295364379882812e+01
1.372815608978271484e+01
1.382808780670166016e+01
1.393045139312744141e+01
1.403665924072265625e+01
1.414515399932861328e+01
1.425735378265380859e+01
1.437244319915771484e+01
1.449035930633544922e+01
1.461106491088867188e+01
1.473527050018310547e+01
1.486220264434814453e+01
1.499183082580566406e+01
1.512337875366210938e+01
1.525756168365478516e+01
1.539509487152099609e+01
1.553445816040039062e+01
1.567711067199707031e+01
1.582153701782226562e+01
1.596845054626464844e+01
1.611782264709472656e+01
1.626962852478027344e+01
1.642309188842773438e+01
1.657892990112304688e+01
1.673637008666992188e+01
1.689613342285156250e+01
1.705744361877441406e+01
1.722027587890625000e+01
1.738534545898437500e+01
1.755188369750976562e+01
1.771986389160156250e+01
1.788851356506347656e+01
1.805855178833007812e+01
1.822995185852050781e+01
1.840343284606933594e+01
1.857673454284667969e+01
1.875280380249023438e+01
1.892938995361328125e+01
1.910572242736816406e+01
1.928325653076171875e+01
1.946122932434082031e+01
1.963886833190917969e+01
1.981838035583496094e+01
1.999750518798828125e+01
2.017696380615234375e+01
2.035598754882812500e+01
2.053529357910156250e+01
2.071411132812500000e+01
2.089315795898437500e+01
2.107166671752929688e+01
2.124961090087890625e+01
2.142696571350097656e+01
2.160370445251464844e+01
2.178054428100585938e+01
2.195523071289062500e+01
2.212922286987304688e+01
2.230175018310546875e+01
2.247353553771972656e+01
2.264307403564453125e+01
2.281263351440429688e+01
2.298003387451171875e+01
2.314607048034667969e+01
2.330930137634277344e+01
2.347200775146484375e+01
2.363275337219238281e+01
2.379232788085937500e+01
2.394929695129394531e+01
2.410445022583007812e+01
2.425858116149902344e+01
2.441025352478027344e+01
2.455951499938964844e+01
2.470790100097656250e+01
2.485322952270507812e+01
2.499703788757324219e+01
2.513862991333007812e+01
2.527879905700683594e+01
2.541536140441894531e+01
2.554985427856445312e+01
2.568158340454101562e+01
2.581208038330078125e+01
2.593990898132324219e+01
2.606363105773925781e+01
2.618626594543457031e+01
2.630563354492187500e+01
2.642252159118652344e+01
2.653698158264160156e+01
2.664831352233886719e+01
2.675656890869140625e+01
2.686253166198730469e+01
2.696476745605468750e+01
2.706554985046386719e+01
2.716195487976074219e+01
2.725625228881835938e+01
2.734626579284667969e+01
2.743352127075195312e+01
2.751806640625000000e+01
2.759846115112304688e+01
2.767623138427734375e+01
2.774993896484375000e+01
2.782185554504394531e+01
2.788831138610839844e+01
2.795306587219238281e+01
2.801392745971679688e+01
2.807019996643066406e+01
2.812340927124023438e+01
2.817285537719726562e+01
2.822006988525390625e+01
2.826211357116699219e+01
2.829977989196777344e+01
2.833537101745605469e+01
2.836599349975585938e+01
2.839246559143066406e+01
2.841635322570800781e+01
2.843550109863281250e+01
2.845147705078125000e+01
2.846286964416503906e+01
2.847123527526855469e+01
2.847517013549804688e+01
2.847623062133789062e+01
2.847375297546386719e+01
2.846706199645996094e+01
2.845697784423828125e+01
2.844283103942871094e+01
2.842543792724609375e+01
2.840338134765625000e+01
2.837971115112304688e+01
2.835003852844238281e+01
2.831740570068359375e+01
2.828188514709472656e+01
2.824280166625976562e+01
2.819948959350585938e+01
2.815201187133789062e+01
2.810193061828613281e+01
2.804856491088867188e+01
2.799199104309082031e+01
2.793153190612792969e+01
2.786725807189941406e+01
2.780071830749511719e+01
2.773050117492675781e+01
2.765667152404785156e+01
2.758004188537597656e+01
2.749993896484375000e+01
2.741716194152832031e+01
2.733030700683593750e+01
2.724091529846191406e+01
2.714831352233886719e+01
2.705331420898437500e+01
2.695449447631835938e+01
2.685340881347656250e+01
2.674789047241210938e+01
2.664172172546386719e+01
2.653199768066406250e+01
2.641952323913574219e+01
2.630510711669921875e+01
2.618807220458984375e+01
2.606848335266113281e+01
2.594640159606933594e+01
2.582114982604980469e+01
2.569501686096191406e+01
2.556580734252929688e+01
2.543429756164550781e+01
2.530125427246093750e+01
2.516522598266601562e+01
2.502847099304199219e+01
2.488878822326660156e+01
2.474695014953613281e+01
2.460224151611328125e+01
2.445692062377929688e+01
2.430952644348144531e+01
2.416083335876464844e+01
2.400938224792480469e+01
2.385668373107910156e+01
2.370276641845703125e+01
2.354617118835449219e+01
2.338989639282226562e+01
2.323025131225585938e+01
2.306949234008789062e+01
2.290764427185058594e+01
2.274547576904296875e+01
2.258003616333007812e+01
2.241432762145996094e+01
2.224762535095214844e+01
2.207995796203613281e+01
2.191134834289550781e+01
2.174256134033203125e+01
2.157287597656250000e+01
2.140157699584960938e+01
2.122942543029785156e+01
2.105718994140625000e+01
2.088414955139160156e+01
2.071032524108886719e+01
2.053722572326660156e+01
2.036264419555664062e+01
2.018883132934570312e+01
2.001358032226562500e+01
1.983914184570312500e+01
1.966404914855957031e+01
1.948981475830078125e+01
1.931645584106445312e+01
1.914251136779785156e+01
1.896874427795410156e+01
1.879517364501953125e+01
1.862331390380859375e+01
1.845095062255859375e+01
1.827959823608398438e+01
1.810927391052246094e+01
1.793851852416992188e+01
1.777032089233398438e+01
1.760246849060058594e+01
1.743566894531250000e+01
1.727136039733886719e+01
1.710727310180664062e+01
1.694410514831542969e+01
1.678329467773437500e+01
1.662257194519042969e+01
1.646337890625000000e+01
1.630567169189453125e+01
1.615089416503906250e+01
1.599528408050537109e+01
1.584177589416503906e+01
1.568958091735839844e+01
1.553940200805664062e+01
1.539045429229736328e+01
1.524269390106201172e+01
1.509608078002929688e+01
1.495280361175537109e+01
1.480984783172607422e+01
1.466940307617187500e+01
1.453068542480468750e+01
1.439365577697753906e+01
1.425901508331298828e+01
1.412598037719726562e+01
1.399451637268066406e+01
1.386532020568847656e+01
1.373910045623779297e+01
1.361284542083740234e+01
1.349097251892089844e+01
1.336898612976074219e+01
1.325056076049804688e+01
1.313417434692382812e+01
1.301978683471679688e+01
1.290810489654541016e+01
1.279834461212158203e+01
1.269121360778808594e+01
1.258667182922363281e+01
1.248393821716308594e+01
1.238371944427490234e+01
1.228672027587890625e+01
1.219215965270996094e+01
1.210000133514404297e+01
1.201094913482666016e+01
1.192422294616699219e+01
1.183978748321533203e+01
1.175908946990966797e+01
1.168060588836669922e+01
1.160430145263671875e+01
1.153236865997314453e+01
1.146254062652587891e+01
1.139477539062500000e+01
1.133123779296875000e+01
1.127037048339843750e+01
1.121284580230712891e+01
1.115710735321044922e+01
1.110531520843505859e+01
1.105591106414794922e+01
1.100882911682128906e+01
1.096548366546630859e+01
1.092432022094726562e+01
1.088601398468017578e+01
1.085124111175537109e+01
1.081918907165527344e+01
1.078979110717773438e+01
1.076298141479492188e+01
1.073943710327148438e+01
1.071760463714599609e+01
1.069890594482421875e+01
1.068327617645263672e+01
1.067065143585205078e+01
1.066022396087646484e+01
1.065267467498779297e+01
1.064793968200683594e+01
1.064595890045166016e+01
1.064666843414306641e+01
1.065000915527343750e+01
1.065591907501220703e+01
1.066359615325927734e+01
1.067520999908447266e+01
1.068847274780273438e+01
1.070406818389892578e+01
1.072268199920654297e+01
1.074351501464843750e+01
1.076725196838378906e+01
1.079235076904296875e+01
1.082024192810058594e+01
1.085086822509765625e+01
1.088268947601318359e+01
1.091788196563720703e+01
1.095490264892578125e+01
1.099369716644287109e+01
1.103495693206787109e+01
1.107937049865722656e+01
1.112465572357177734e+01
1.117298698425292969e+01
1.122208595275878906e+01
1.127412509918212891e+01
1.132831192016601562e+01
1.138310527801513672e+01
1.144068431854248047e+01
1.150025749206542969e+01
1.156105327606201172e+01
1.162378883361816406e+01
1.168844127655029297e+01
1.175424098968505859e+01
1.182265186309814453e+01
1.189141941070556641e+01
1.196274662017822266e+01
1.203512573242187500e+01
1.211001491546630859e+01
1.218441867828369141e+01
1.226128578186035156e+01
1.233984565734863281e+01
1.241933250427246094e+01
1.250046253204345703e+01
1.258321189880371094e+01
1.266681194305419922e+01
1.275197982788085938e+01
1.283794784545898438e+01
1.292469215393066406e+01
1.301367092132568359e+01
1.310337543487548828e+01
1.319377803802490234e+01
1.328485488891601562e+01
1.337658119201660156e+01
1.346967315673828125e+01
1.356336498260498047e+01
1.365762996673583984e+01
1.375318908691406250e+01
1.384927082061767578e+01
1.394511032104492188e+01
1.404217052459716797e+01
1.413968181610107422e+01
1.423687934875488281e+01
1.433448314666748047e+01
1.443321323394775391e+01
1.453081512451171875e+01
1.462949657440185547e+01
1.472849178314208984e+01
1.482629489898681641e+01
1.492436885833740234e+01
1.502269268035888672e+01
1.511975955963134766e+01
1.521703433990478516e+01
1.531449794769287109e+01
1.541138458251953125e+01
1.550693321228027344e+01
1.560261154174804688e+01
1.569691085815429688e+01
1.579130363464355469e+01
1.588428974151611328e+01
1.597664356231689453e+01
1.606840515136718750e+01
1.615886878967285156e+01
1.624881744384765625e+01
1.633754920959472656e+01
1.642584419250488281e+01
1.651300239562988281e+01
1.659831809997558594e+01
1.668405914306640625e+01
1.676803970336914062e+01
1.685103607177734375e+01
1.693309211730957031e+01
1.701498794555664062e+01
1.709527778625488281e+01
1.717399787902832031e+01
1.725193214416503906e+01
1.732911300659179688e+01
1.740409660339355469e+01
1.747840499877929688e+01
1.755207252502441406e+01
1.762365341186523438e+01
1.769392204284667969e+01
1.776365661621093750e+01
1.783214950561523438e+01
1.789869117736816406e+01
1.796331596374511719e+01
1.802754211425781250e+01
1.808991622924804688e+01
1.815046501159667969e+01
1.820997047424316406e+01
1.826845550537109375e+01
1.832446861267089844e+01
1.837952232360839844e+01
1.843290328979492188e+01
1.848389625549316406e+01
1.853401565551757812e+01
1.858254241943359375e+01
1.862802124023437500e+01
1.867195892333984375e+01
1.871512985229492188e+01
1.875606918334960938e+01
1.879405975341796875e+01
1.883135604858398438e+01
1.886575126647949219e+01
1.889801597595214844e+01
1.892891120910644531e+01
1.895772552490234375e+01
1.898373031616210938e+01
1.900769805908203125e+01
1.902965354919433594e+01
1.904890632629394531e+01
1.906699562072753906e+01
1.908323478698730469e+01
1.909618949890136719e+01
1.910665893554687500e+01
1.911544036865234375e+01
1.912259101867675781e+01
1.912593650817871094e+01
1.912850189208984375e+01
1.912811660766601562e+01
1.912631988525390625e+01
1.912168312072753906e+01
1.911574745178222656e+01
1.910633850097656250e+01
1.909574699401855469e+01
1.908105087280273438e+01
1.906676673889160156e+01
1.904923820495605469e+01
1.903074836730957031e+01
1.901135635375976562e+01
1.898740196228027344e+01
1.896265792846679688e+01
1.893494987487792969e+01
1.890656661987304688e+01
1.887384796142578125e+01
1.884056663513183594e+01
1.880529212951660156e+01
1.876733589172363281e+01
1.872898292541503906e+01
1.868806266784667969e+01
1.864537048339843750e+01
1.859947395324707031e+01
1.855340003967285156e+01
1.850571823120117188e+01
1.845499229431152344e+01
1.840350532531738281e+01
1.834982490539550781e+01
1.829474258422851562e+01
1.823756599426269531e+01
1.817909049987792969e+01
1.811936187744140625e+01
1.805768775939941406e+01
1.799485588073730469e+01
1.793091583251953125e+01
1.786442565917968750e+01
1.779692077636718750e+01
1.772769546508789062e+01
1.765754127502441406e+01
1.758650016784667969e+01
1.751386833190917969e+01
1.743892478942871094e+01
1.736318016052246094e+01
1.728590774536132812e+01
1.720786857604980469e+01
1.712834358215332031e+01
1.704808807373046875e+01
1.696712303161621094e+01
1.688323402404785156e+01
1.679866790771484375e+01
1.671344184875488281e+01
1.662608337402343750e+01
1.653809547424316406e+01
1.644949531555175781e+01
1.635955238342285156e+01
1.626828384399414062e+01
1.617644882202148438e+01
1.608331680297851562e+01
1.598890304565429688e+01
1.589397144317626953e+01
1.579704666137695312e+01
1.570037746429443359e+01
1.560249137878417969e+01
1.550415039062500000e+01
1.540388488769531250e+01
1.530394363403320312e+01
1.520211124420166016e+01
1.510064125061035156e+01
1.499806499481201172e+01
1.489514255523681641e+01
1.479115486145019531e+01
1.468612098693847656e+01
1.458154964447021484e+01
1.447597694396972656e+01
1.437091255187988281e+01
1.426340770721435547e+01
1.415719890594482422e+01
1.405082702636718750e+01
1.394357395172119141e+01
1.383620738983154297e+01
1.372875404357910156e+01
1.362123870849609375e+01
1.351517486572265625e+01
1.340687561035156250e+01
1.329933738708496094e+01
1.319258975982666016e+01
1.308591651916503906e+01
1.297934436798095703e+01
1.287364482879638672e+01
1.276735782623291016e+01
1.266273307800292969e+01
1.255678558349609375e+01
1.245246791839599609e+01
1.234975719451904297e+01
1.224714851379394531e+01
1.214461898803710938e+01
1.204288959503173828e+01
1.194119644165039062e+01
1.184025764465332031e+01
1.174079418182373047e+01
1.164129543304443359e+01
1.154322242736816406e+01
1.144580554962158203e+01
1.134827804565429688e+01
1.125209808349609375e+01
1.115649509429931641e+01
1.106218433380126953e+01
1.096839427947998047e+01
1.087583732604980469e+01
1.078374290466308594e+01
1.069207859039306641e+01
1.060155773162841797e+01
1.051140403747558594e+01
1.042381763458251953e+01
1.033579063415527344e+01
1.024803543090820312e+01
1.016274833679199219e+01
1.007692337036132812e+01
9.993501663208007812e+00
9.910218238830566406e+00
9.827041625976562500e+00
9.746167182922363281e+00
9.666819572448730469e+00
9.587480545043945312e+00
9.509603500366210938e+00
9.433156967163085938e+00
9.356623649597167969e+00
9.282202720642089844e+00
9.209121704101562500e+00
9.136607170104980469e+00
9.066118240356445312e+00
8.995397567749023438e+00
8.926650047302246094e+00
8.859848022460937500e+00
8.792738914489746094e+00
8.728271484375000000e+00
8.664195060729980469e+00
8.601974487304687500e+00
8.540847778320312500e+00
8.480052947998046875e+00
8.422539710998535156e+00
8.365297317504882812e+00
8.310512542724609375e+00
8.255913734436035156e+00
8.203690528869628906e+00
8.150831222534179688e+00
8.100269317626953125e+00
8.051969528198242188e+00
8.005149841308593750e+00
7.960517883300781250e+00
7.917298793792724609e+00
7.873969078063964844e+00
7.832726478576660156e+00
7.793537139892578125e+00
7.754882812500000000e+00
7.718218803405761719e+00
7.682767868041992188e+00
7.649242877960205078e+00
7.616868972778320312e+00
7.586357116699218750e+00
7.557675361633300781e+00
7.529306888580322266e+00
7.502704620361328125e+00
7.478578567504882812e+00
7.454666614532470703e+00
7.433165550231933594e+00
7.412552833557128906e+00
7.395023822784423828e+00
7.378314018249511719e+00
7.362385749816894531e+00
7.347944736480712891e+00
7.334952831268310547e+00
7.324114799499511719e+00
7.313903808593750000e+00
7.305765628814697266e+00
7.298170566558837891e+00
7.293307304382324219e+00
7.288900852203369141e+00
7.286394596099853516e+00
7.284998893737792969e+00
7.284668922424316406e+00
7.286100387573242188e+00
7.288502216339111328e+00
7.292571067810058594e+00
7.296771049499511719e+00
7.303283214569091797e+00
7.311316013336181641e+00
7.320819854736328125e+00
7.330258846282958984e+00
7.341071128845214844e+00
7.352466106414794922e+00
7.364405632019042969e+00
7.376854896545410156e+00
7.391264438629150391e+00
7.407378196716308594e+00
7.423377990722656250e+00
7.440346717834472656e+00
7.458103656768798828e+00
7.476766586303710938e+00
7.496380805969238281e+00
7.516768455505371094e+00
7.537828445434570312e+00
7.559831619262695312e+00
7.582679748535156250e+00
7.606051921844482422e+00
7.630076408386230469e+00
7.654731750488281250e+00
7.680149555206298828e+00
7.706163406372070312e+00
7.732684135437011719e+00
7.759920120239257812e+00
7.787635326385498047e+00
7.815895557403564453e+00
7.844763278961181641e+00
7.874156951904296875e+00
7.903994560241699219e+00
7.934493541717529297e+00
7.965352535247802734e+00
7.996789455413818359e+00
8.028653144836425781e+00
8.060941696166992188e+00
8.093727111816406250e+00
8.126934051513671875e+00
8.160487174987792969e+00
8.194534301757812500e+00
8.228925704956054688e+00
8.263810157775878906e+00
8.298962593078613281e+00
8.334455490112304688e+00
8.370287895202636719e+00
8.406381607055664062e+00
8.442806243896484375e+00
8.479483604431152344e+00
8.516334533691406250e+00
8.553573608398437500e+00
8.590894699096679688e+00
8.628288269042968750e+00
8.665817260742187500e+00
8.703541755676269531e+00
8.741299629211425781e+00
8.779006004333496094e+00
8.816672325134277344e+00
8.854391098022460938e+00
8.892028808593750000e+00
8.929747581481933594e+00
8.967485427856445312e+00
9.005177497863769531e+00
9.042608261108398438e+00
9.079859733581542969e+00
9.117159843444824219e+00
9.154289245605468750e+00
9.191322326660156250e+00
9.228114128112792969e+00
9.264662742614746094e+00
9.300967216491699219e+00
9.336950302124023438e+00
9.372611045837402344e+00
9.407943725585937500e+00
9.443019866943359375e+00
9.477464675903320312e+00
9.511570930480957031e+00
9.545110702514648438e+00
9.578229904174804688e+00
9.610481262207031250e+00
9.642083168029785156e+00
9.673851966857910156e+00
9.704599380493164062e+00
9.734548568725585938e+00
9.762958526611328125e+00
9.792061805725097656e+00
9.819636344909667969e+00
9.846429824829101562e+00
9.872451782226562500e+00
9.896970748901367188e+00
9.921484947204589844e+00
9.946009635925292969e+00
9.967588424682617188e+00
9.989214897155761719e+00
1.001016521453857422e+01
1.002897644042968750e+01
1.004790496826171875e+01
1.006549072265625000e+01
1.008176231384277344e+01
1.009749507904052734e+01
1.011197948455810547e+01
1.012599182128906250e+01
1.013882637023925781e+01
1.015052032470703125e+01
1.016111087799072266e+01
1.017063903808593750e+01
1.017989158630371094e+01
1.018892669677734375e+01
1.019557666778564453e+01
1.020139122009277344e+01
1.020568847656250000e+01
1.021001815795898438e+01
1.021444034576416016e+01
1.021678733825683594e+01
1.021934700012207031e+01
1.021994876861572266e+01
1.022087955474853516e+01
1.022070693969726562e+01
1.022022819519042969e+01
1.022023487091064453e+01
1.021854972839355469e+01
1.021596050262451172e+01
1.021325302124023438e+01
1.020972633361816406e+01
1.020541667938232422e+01
1.020110321044921875e+01
1.019681739807128906e+01
1.019110012054443359e+01
1.018546485900878906e+01
1.017844486236572266e+01
1.017154788970947266e+01
1.016404438018798828e+01
1.015594863891601562e+01
1.014652538299560547e+01
1.013652610778808594e+01
1.012595462799072266e+01
1.011480998992919922e+01
1.010383605957031250e+01
1.009079933166503906e+01
1.007866764068603516e+01
1.006445980072021484e+01
1.005039787292480469e+01
1.003498554229736328e+01
1.001821041107177734e+01
1.000080585479736328e+01
9.982758522033691406e+00
9.964056968688964844e+00
9.943944931030273438e+00
9.923156738281250000e+00
9.900936126708984375e+00
9.878019332885742188e+00
9.854397773742675781e+00
9.828578948974609375e+00
9.802045822143554688e+00
9.774796485900878906e+00
9.745346069335937500e+00
0.000000000000000000e+00
0.000000000000000000e+00
0.000000000000000000e+00
0.000000000000000000e+00
0.000000000000000000e+00
0.000000000000000000e+00
0.000000000000000000e+00
0.000000000000000000e+00
0.000000000000000000e+00
0.000000000000000000e+00
0.000000000000000000e+00
0.000000000000000000e+00
0.000000000000000000e+00
0.000000000000000000e+00
0.000000000000000000e+00
0.000000000000000000e+00
0.000000000000000000e+00
0.000000000000000000e+00
0.000000000000000000e+00
0.000000000000000000e+00
0.000000000000000000e+00
0.000000000000000000e+00
0.000000000000000000e+00
0.000000000000000000e+00
0.000000000000000000e+00
0.000000000000000000e+00
0.000000000000000000e+00
0.000000000000000000e+00
0.000000000000000000e+00
0.000000000000000000e+00
0.000000000000000000e+00
0.000000000000000000e+00
0.000000000000000000e+00
0.000000000000000000e+00
0.000000000000000000e+00
0.000000000000000000e+00
0.000000000000000000e+00
0.000000000000000000e+00
0.000000000000000000e+00
0.000000000000000000e+00
0.000000000000000000e+00
0.000000000000000000e+00
0.000000000000000000e+00
0.000000000000000000e+00
0.000000000000000000e+00
0.000000000000000000e+00
0.000000000000000000e+00
0.000000000000000000e+00
0.000000000000000000e+00
0.000000000000000000e+00
0.000000000000000000e+00
0.000000000000000000e+00
0.000000000000000000e+00
0.000000000000000000e+00
0.000000000000000000e+00
0.000000000000000000e+00
0.000000000000000000e+00
0.000000000000000000e+00
0.000000000000000000e+00
0.000000000000000000e+00
0.000000000000000000e+00
0.000000000000000000e+00
0.000000000000000000e+00
0.000000000000000000e+00
0.000000000000000000e+00
0.000000000000000000e+00
0.000000000000000000e+00
0.000000000000000000e+00
0.000000000000000000e+00
0.000000000000000000e+00
0.000000000000000000e+00
0.000000000000000000e+00
0.000000000000000000e+00
0.000000000000000000e+00
0.000000000000000000e+00
0.000000000000000000e+00
0.000000000000000000e+00
0.000000000000000000e+00
0.000000000000000000e+00
0.000000000000000000e+00
0.000000000000000000e+00
0.000000000000000000e+00
0.000000000000000000e+00
0.000000000000000000e+00
0.000000000000000000e+00
0.000000000000000000e+00
0.000000000000000000e+00
0.000000000000000000e+00
0.000000000000000000e+00
0.000000000000000000e+00
0.000000000000000000e+00
0.000000000000000000e+00
0.000000000000000000e+00
0.000000000000000000e+00
0.000000000000000000e+00
0.000000000000000000e+00
0.000000000000000000e+00
0.000000000000000000e+00
0.000000000000000000e+00
0.000000000000000000e+00
