# pp
1.432144421760741844e-07
2.210435151957099981e-07
2.902849521522849761e-07
3.516716836487895866e-07
4.060756356896785138e-07
4.545086541348326096e-07
4.977991248730525514e-07
5.366773746680470128e-07
5.716357482328974627e-07
6.033002832534058707e-07
6.318951977876525310e-07
6.577507936905999263e-07
6.812258454434239532e-07
7.025487085075215215e-07
7.219169724403729283e-07
7.395355822035705827e-07
7.555881960401653219e-07
7.701659699149277823e-07
7.833532701241451591e-07
7.952998065684499176e-07
8.061523582747660329e-07
8.159806371708383527e-07
8.248411764075528645e-07
8.328148611275380770e-07
8.399844594789645839e-07
8.464159196404284801e-07
8.521604645443510351e-07
8.572272361080296684e-07
8.616304659334022626e-07
8.654468253760897566e-07
8.687560155214943119e-07
8.715874166204575977e-07
8.739605561695982081e-07
8.759058714832024024e-07
8.774552779869714096e-07
8.786356937346012135e-07
8.794711150593781159e-07
8.799788487849548281e-07
8.801745293575756904e-07
8.800741783992242902e-07
8.796953662348409907e-07
8.790560503651057197e-07
8.781741882906980874e-07
8.770677375122979157e-07
8.757536980335915378e-07
8.742452398702918609e-07
8.725545755411184095e-07
8.706939175647911313e-07
8.686754784600292333e-07
8.665107433960731257e-07
8.642082881442444345e-07
8.617759611263857772e-07
8.592216107643397717e-07
8.565530854799485062e-07
8.537776856591051677e-07
8.509005195439040548e-07
8.479261473404903530e-07
8.448591292550091418e-07
8.417040254936050774e-07
8.384658807268515718e-07
8.351516774830339906e-07
8.317688827548661379e-07
8.283249635350617119e-07
8.248273868163343048e-07
8.212829675871766020e-07
8.176959128191959675e-07
8.140697774797798115e-07
8.104081165363139557e-07
8.067144849561854927e-07
8.029919534174879380e-07
7.992416554411421938e-07
7.954642402587765383e-07
7.916603571020190380e-07
7.878306552024977594e-07
7.839761995726035755e-07
7.800997183477785860e-07
7.762043554442275913e-07
7.722932547781554975e-07
7.683695602657671052e-07
7.644362596043766062e-07
7.604957156157340651e-07
7.565501349026992557e-07
7.526017240681318458e-07
7.486526897148909740e-07
7.447050634602122576e-07
7.407601769788332064e-07
7.368191869598677032e-07
7.328832500924288894e-07
7.289535230656304361e-07
7.250310723107352002e-07
7.211166032276033119e-07
7.172107309582435582e-07
7.133140706446659962e-07
7.094272374288792012e-07
7.055508464528928069e-07
7.016855128587161297e-07
6.978318517883583797e-07
6.939904783838287674e-07
6.901620077871367149e-07
6.863470551402915384e-07
6.825462355853022364e-07
6.787601642641785488e-07
6.749894563189293681e-07
6.712347268915642224e-07
6.674965911240924279e-07
6.637756641585229832e-07
6.600725611368655222e-07
6.563878972011290433e-07
6.527222874933231806e-07
6.490762643928360267e-07
6.454500292285726865e-07
6.418437005668173591e-07
6.382573969738539258e-07
6.346912370159663740e-07
6.311453392594391145e-07
6.276198222705561346e-07
6.241148046156011039e-07
6.206304048608587509e-07
6.171667415726129570e-07
6.137239333171476036e-07
6.103020986607468897e-07
6.069013561696949086e-07
6.035218244102756475e-07
6.001636219487734113e-07
5.968268673514721875e-07
5.935116791846558572e-07
5.902181760146088315e-07
5.869464764076148858e-07
5.836966989299584309e-07
5.804689273177136225e-07
5.772631059861157135e-07
5.740791445201904429e-07
5.709169525049633378e-07
5.677764395254599253e-07
5.646575151667059445e-07
5.615600890137268166e-07
5.584840706515482805e-07
5.554293696651959692e-07
5.523958956396951983e-07
5.493835581600718125e-07
5.463922668113512331e-07
5.434219311785590931e-07
5.404724608467211316e-07
5.375437654008627696e-07
5.346357544260096405e-07
5.317483375071873770e-07
5.288814242294215066e-07
5.260349241777375562e-07
5.232087469371612649e-07
5.204028005701030629e-07
5.176169870485130986e-07
5.148512068217262119e-07
5.121053603390776659e-07
5.093793480499023007e-07
5.066730704035351675e-07
5.039864278493113181e-07
5.013193208365658039e-07
4.986716498146333588e-07
4.960433152328494579e-07
4.934342175405488350e-07
4.908442571870664360e-07
4.882733346217374180e-07
4.857213502938968328e-07
4.831882046528796260e-07
4.806737981480207431e-07
4.781780312286552359e-07
4.757008043441181557e-07
4.732420179437445012e-07
4.708015724768692710e-07
4.683793683928274638e-07
4.659753061409542368e-07
4.635892861705843770e-07
4.612212089310530947e-07
4.588709748716952826e-07
4.565384754900286347e-07
4.542235664763013091e-07
4.519260945689442120e-07
4.496459065063879851e-07
4.473828490270637464e-07
4.451367688694020316e-07
4.429075127718338001e-07
4.406949274727899582e-07
4.384988597107010945e-07
4.363191562239982742e-07
4.341556637511122448e-07
4.320082290304737008e-07
4.298766988005136016e-07
4.277609197996628004e-07
4.256607387663520448e-07
4.235760024390121882e-07
4.215065575560740310e-07
4.194522508559684267e-07
4.174129290771262284e-07
4.153884389579781310e-07
4.133786272369550935e-07
4.113833406524878636e-07
4.094024259430073474e-07
4.074357298469442926e-07
4.054830991027296055e-07
4.035443886463981670e-07
4.016194862044015512e-07
3.997082877007955713e-07
3.978106890596359879e-07
3.959265862049783495e-07
3.940558750608783637e-07
3.921984515513919497e-07
3.903542116005747620e-07
3.885230511324824023e-07
3.867048660711707898e-07
3.848995523406954201e-07
3.831070058651122126e-07
3.813271225684768218e-07
3.795597983748449551e-07
3.778049292082722672e-07
3.760624109928146772e-07
3.743321396525276808e-07
3.726140111114671444e-07
3.709079212936888284e-07
3.692137661232481756e-07
3.675314415242012640e-07
3.658608434206036423e-07
3.642018677365110709e-07
3.625544103959792044e-07
3.609183673230638031e-07
3.592936344418206805e-07
3.576801076763053851e-07
3.560776829505737834e-07
3.544862561886814768e-07
3.529057233146843847e-07
3.513359802526380028e-07
3.497769229265981973e-07
3.482284472606206228e-07
3.466904491787610397e-07
3.451628246050751026e-07
3.436454694636186248e-07
3.421382796784473138e-07
3.406411511736168771e-07
3.391539798731830222e-07
3.376766617012014565e-07
3.362090925817279405e-07
3.347511684388180757e-07
3.333027851965277815e-07
3.318638387789127123e-07
3.304342251100285756e-07
3.290138401139310261e-07
3.276025797146758240e-07
3.262003398363187827e-07
3.248070164029154510e-07
3.234225053385217480e-07
3.220467095469866946e-07
3.206795598513328292e-07
3.193209940543763215e-07
3.179709499589332350e-07
3.166293653678194745e-07
3.152961780838511038e-07
3.139713259098441334e-07
3.126547466486147328e-07
3.113463781029787540e-07
3.100461580757523665e-07
3.087540243697515280e-07
3.074699147877922492e-07
3.061937671326905937e-07
3.049255192072625721e-07
3.036651088143242483e-07
3.024124737566916857e-07
3.011675518371808421e-07
2.999302808586077811e-07
2.987005986237884606e-07
2.974784429355390499e-07
2.962637515966754540e-07
2.950564624100138422e-07
2.938565131783701195e-07
2.926638417045602965e-07
2.914783857914004369e-07
2.903000832417066571e-07
2.891288718582950209e-07
2.879646894439813272e-07
2.868074738015817454e-07
2.856571627339123393e-07
2.845136940437891194e-07
2.833770055340280965e-07
2.822470350074452813e-07
2.811237202668567374e-07
2.800069991150785284e-07
2.788968093549265592e-07
2.777930887892170521e-07
2.766957752207658591e-07
2.756048064523890967e-07
2.745201202869027757e-07
2.734416545271229595e-07
2.723693469758656061e-07
2.713031354359467789e-07
2.702429577101825947e-07
2.691887516013889581e-07
2.681404549123819329e-07
2.670980054459775826e-07
2.660613410049919709e-07
2.650303993922410026e-07
2.640051184105408472e-07
2.629854401589091811e-07
2.619713239211707144e-07
2.609627332773518229e-07
2.599596318074789352e-07
2.589619830915784272e-07
2.579697507096767275e-07
2.569828982418002650e-07
2.560013892679753623e-07
2.550251873682285013e-07
2.540542561225861107e-07
2.530885591110745132e-07
2.521280599137201375e-07
2.511727221105494125e-07
2.502225092815887139e-07
2.492773850068644705e-07
2.483373128664030579e-07
2.474022564402309049e-07
2.464721793083744403e-07
2.455470450508599869e-07
2.446268172477140793e-07
2.437114594789629344e-07
2.428009353246331928e-07
2.418952083647510714e-07
2.409942421793429989e-07
2.400980003484354570e-07
2.392064464520548744e-07
2.383195440702275210e-07
2.374372567829798520e-07
2.365595481703383226e-07
2.356863818123293086e-07
2.348177212889792122e-07
2.339535301803144357e-07
2.330937720663613813e-07
2.322384105271464778e-07
2.313874091426961009e-07
2.305407314930366530e-07
2.296983411581945626e-07
2.288602017181962321e-07
2.280262767530680373e-07
2.271965298428364333e-07
2.263709245675277430e-07
2.255494245071684745e-07
2.247319932417849506e-07
2.239185943514036002e-07
2.231091914160508518e-07
2.223037480157531079e-07
2.215022277305366911e-07
2.207045941404280832e-07
2.199108108254537393e-07
2.191208413656399559e-07
2.183346519633884410e-07
2.175522193106016499e-07
2.167735227215574760e-07
2.159985415105337069e-07
2.152272549918079712e-07
2.144596424796582154e-07
2.136956832883621212e-07
2.129353567321975555e-07
2.121786421254421735e-07
2.114255187823738951e-07
2.106759660172704285e-07
2.099299631444095082e-07
2.091874894780690278e-07
2.084485243325266954e-07
2.077130470220602984e-07
2.069810368609476510e-07
2.062524731634665143e-07
2.055273352438946228e-07
2.048056024165097905e-07
2.040872539955898316e-07
2.033722692954125070e-07
2.026606276302556044e-07
2.019523083143968848e-07
2.012472906621141357e-07
2.005455539876851449e-07
1.998470776053876732e-07
1.991518408294995348e-07
1.984598229742984907e-07
1.977710033540623020e-07
1.970853612830688357e-07
1.964028760755957470e-07
1.957235270459209029e-07
1.950472935083220908e-07
1.943741547770770190e-07
1.937040901664634751e-07
1.930370789907593523e-07
1.923731005642423325e-07
1.917121342011902297e-07
1.910541592158808048e-07
1.903991549225918191e-07
1.897471006356011130e-07
1.890979756691864476e-07
1.884517593376256105e-07
1.878084309551963098e-07
1.871679698361764389e-07
1.865303552948437059e-07
1.858955666454758721e-07
1.852635832023508042e-07
1.846343842797462106e-07
1.840079491919399052e-07
1.833842587659645942e-07
1.827632998798727119e-07
1.821450609244716375e-07
1.815295302905687504e-07
1.809166963689714035e-07
1.803065475504869761e-07
1.796990722259228741e-07
1.790942587860863972e-07
1.784920956217849514e-07
1.778925711238259953e-07
1.772956736830167496e-07
1.767013916901647259e-07
1.761097135360771711e-07
1.755206276115615705e-07
1.749341223074252241e-07
1.743501860144755375e-07
1.737688071235198903e-07
1.731899740253656086e-07
1.726136751108200985e-07
1.720398987706907127e-07
1.714686333957848570e-07
1.708998673769098843e-07
1.703335891048732004e-07
1.697697869704821053e-07
1.692084493645440311e-07
1.686495646778663309e-07
1.680931213012563839e-07
1.675391076255215429e-07
1.669875120414691874e-07
1.664383229399067230e-07
1.658915287116414763e-07
1.653471177474808531e-07
1.648050784382322061e-07
1.642653991747029677e-07
1.637280683477003583e-07
1.631930743480319163e-07
1.626604055665049413e-07
1.621300503939267864e-07
1.616019972211049103e-07
1.610762344388465600e-07
1.605527504379591942e-07
1.600315336092501922e-07
1.595125723435268540e-07
1.589958550315966648e-07
1.584813700642668715e-07
1.579691058323449330e-07
1.574590507266381756e-07
1.569511931379540052e-07
1.564455214570997745e-07
1.559420240748828630e-07
1.554406896376304469e-07
1.549415078137492082e-07
1.544444685271654404e-07
1.539495617018056490e-07
1.534567772615962069e-07
1.529661051304635136e-07
1.524775352323340481e-07
1.519910574911341568e-07
1.515066618307902923e-07
1.510243381752289068e-07
1.505440764483763470e-07
1.500658665741590918e-07
1.495896984765034877e-07
1.491155620793360400e-07
1.486434473065830689e-07
1.481733440821710797e-07
1.477052423300264189e-07
1.472391319740755655e-07
1.467750029382448925e-07
1.463128451464608258e-07
1.458526485226497913e-07
1.453944029907381886e-07
1.449380984746524701e-07
1.444837248983189823e-07
1.440312721856642306e-07
1.435807302606145880e-07
1.431320890470964805e-07
1.426853384690363075e-07
1.422404684503604685e-07
1.417974689149954425e-07
1.413563297868676024e-07
1.409170409899033742e-07
1.404795924480291574e-07
1.400439740851714308e-07
1.396101758252565411e-07
1.391781875922109142e-07
1.387479993099610289e-07
1.383196009024332053e-07
1.378929822935539489e-07
1.374681334072496061e-07
1.370450441674466559e-07
1.366237044980714712e-07
1.362041043230505045e-07
1.357862335663101288e-07
1.353700821517767701e-07
1.349556400033769072e-07
1.345428970450368603e-07
1.341318432006831346e-07
1.337224683942420768e-07
1.333147625496401657e-07
1.329087161548563812e-07
1.325043219540802891e-07
1.321015732555540358e-07
1.317004633675197410e-07
1.313009855982195510e-07
1.309031332558956119e-07
1.305068996487901496e-07
1.301122780851452043e-07
1.297192618732029489e-07
1.293278443212055824e-07
1.289380187373951718e-07
1.285497784300139426e-07
1.281631167073039883e-07
1.277780268775074815e-07
1.273945022488665686e-07
1.270125361296233692e-07
1.266321218280200561e-07
1.262532526522987756e-07
1.258759219107016474e-07
1.255001229114708444e-07
1.251258489628485126e-07
1.247530933730767985e-07
1.243818494503978217e-07
1.240121105030537816e-07
1.236438698392867713e-07
1.232771207673389636e-07
1.229118565954524783e-07
1.225480706318694882e-07
1.221857561848321394e-07
1.218249065625826048e-07
1.214655150733629775e-07
1.211075750254154305e-07
1.207510797269821098e-07
1.203960224863051883e-07
1.200423966116267592e-07
1.196901954111889954e-07
1.193394121932340429e-07
1.189900402660040084e-07
1.186420729377411309e-07
1.182955035166875035e-07
1.179503253110852461e-07
1.176065316291765579e-07
1.172641157792035322e-07
1.169230710694083682e-07
1.165833908080331989e-07
1.162450683033201441e-07
1.159080968635113501e-07
1.155724697968490028e-07
1.152381804115752220e-07
1.149052220159321539e-07
1.145735880923401886e-07
1.142432728199325847e-07
1.139142705520209242e-07
1.135865756419166963e-07
1.132601824429314298e-07
1.129350853083766273e-07
1.126112785915638441e-07
1.122887566458046093e-07
1.119675138244104119e-07
1.116475444806928206e-07
1.113288429679633115e-07
1.110114036395334399e-07
1.106952208487147347e-07
1.103802889488186984e-07
1.100666022931568600e-07
1.097541552350407615e-07
1.094429421277819188e-07
1.091329573246918341e-07
1.088241951790820630e-07
1.085166500442641079e-07
1.082103162735494845e-07
1.079051882202497747e-07
1.076012602376764543e-07
1.072985266791410260e-07
1.069969818979550451e-07
1.066966202474300537e-07
1.063974360808775676e-07
1.060994237516090760e-07
1.058025776129361210e-07
1.055068920181702580e-07
1.052123613206229630e-07
1.049189798736057915e-07
1.046267420304302723e-07
1.043356421444079212e-07
1.040456745688502273e-07
1.037568336570687461e-07
1.034691137623750329e-07
1.031825092380805505e-07
1.028970144374968676e-07
1.026126237139354865e-07
1.023293314207079496e-07
1.020471319111257459e-07
1.017660195385004441e-07
1.014859886561435599e-07
1.012070336173665826e-07
1.009291487754810807e-07
1.006523284837985435e-07
1.003765670956305131e-07
1.001018589642885053e-07
9.982819844308404896e-08
9.955558008054643424e-08
9.928399920607611533e-08
9.901345134429122827e-08
9.874393201981000172e-08
9.847543675725059817e-08
9.820796108123124627e-08
9.794150051637008207e-08
9.767605058728533420e-08
9.741160681859519165e-08
9.714816473491783013e-08
9.688571986087145183e-08
9.662426772107424573e-08
9.636380384014440077e-08
9.610432374270009268e-08
9.584582295335953689e-08
9.558829699674090913e-08
9.533174139746241160e-08
9.507615168014219354e-08
9.482152336939851009e-08
9.456785198984949727e-08
9.431513306611335728e-08
9.406336212280831879e-08
9.381253468455254427e-08
9.356264627596418299e-08
9.331369242166150332e-08
9.306566864626264127e-08
9.281857047438581228e-08
9.257239343064919207e-08
9.232713303967096960e-08
9.208278482606936031e-08
9.183934431446252667e-08
9.159680702946865765e-08
9.135516849570596869e-08
9.111442423779263550e-08
9.087456978034683382e-08
9.063560064798679229e-08
9.039751236533064696e-08
9.016030045699665294e-08
8.992396044760294627e-08
8.968848786176775560e-08
8.945387822410923019e-08
8.922012705924558547e-08
8.898722989179502364e-08
8.875518224637570718e-08
8.852397964760586476e-08
8.829361762010364564e-08
8.806409168848725201e-08
8.783539737737488606e-08
8.760753021138473676e-08
8.738048571513497982e-08
8.715425956556196718e-08
8.692884804887470260e-08
8.670424760360028662e-08
8.648045466826591245e-08
8.625746568139865417e-08
8.603527708152567850e-08
8.581388530717412571e-08
8.559328679687113604e-08
8.537347798914387623e-08
8.515445532251943360e-08
8.493621523552494839e-08
8.471875416668760058e-08
8.450206855453449071e-08
8.428615483759278551e-08
8.407100945438959877e-08
8.385662884345209722e-08
8.364300944330739464e-08
8.343014769248263129e-08
8.321804002950496066e-08
8.300668289290149655e-08
8.279607272119940566e-08
8.258620595292582827e-08
8.237707902660786493e-08
8.216868838077269559e-08
8.196103045394744729e-08
8.175410168465922056e-08
8.154789851143522185e-08
8.134241737280253847e-08
8.113765470728831067e-08
8.093360695341969196e-08
8.073027054972384905e-08
8.052764193472785603e-08
8.032571754695890610e-08
8.012449382494411304e-08
7.992396720721060388e-08
7.972413413228554533e-08
7.952499103869606444e-08
7.932653436496930144e-08
7.912876054963238336e-08
7.893166603121247694e-08
7.873524724823666949e-08
7.853950063923214096e-08
7.834442264272603162e-08
7.815000969724546849e-08
7.795625824131757859e-08
7.776316471346951541e-08
7.757072555222840598e-08
7.737893719612141702e-08
7.718779608367563585e-08
7.699729865341825566e-08
7.680744148496219488e-08
7.661822172226363015e-08
7.642963665036451629e-08
7.624168355430687427e-08
7.605435971913267215e-08
7.586766242988387797e-08
7.568158897160245978e-08
7.549613662933042532e-08
7.531130268810974264e-08
7.512708443298240626e-08
7.494347914899034451e-08
7.476048412117560486e-08
7.457809663458011563e-08
7.439631397424588459e-08
7.421513342521487978e-08
7.403455227252909571e-08
7.385456780123047396e-08
7.367517729636103552e-08
7.349637804296274842e-08
7.331816732607756748e-08
7.314054243074750045e-08
7.296350064201452862e-08
7.278703924492062001e-08
7.261115552450775593e-08
7.243584676581790440e-08
7.226111025389307319e-08
7.208694327377520386e-08
7.191334311050631741e-08
7.174030704912835540e-08
7.156783237468332559e-08
7.139591637221319602e-08
7.122455632675994798e-08
7.105374952336554950e-08
7.088349324707200835e-08
7.071378478292126609e-08
7.054462141595533047e-08
7.037600043121618278e-08
7.020791911374579106e-08
7.004037474858613659e-08
6.987336462077918742e-08
6.970688601536693806e-08
6.954093621739136979e-08
6.937551251189446389e-08
6.921061218391817518e-08
6.904623251850451139e-08
6.888237080069545382e-08
6.871902431553294404e-08
6.855619034805901627e-08
6.839386618331559885e-08
6.823204910634471276e-08
6.807073651820779203e-08
6.790992628404428018e-08
6.774961638501306026e-08
6.758980480227306822e-08
6.743048951698318710e-08
6.727166851030233965e-08
6.711333976338940890e-08
6.695550125740334405e-08
6.679815097350300167e-08
6.664128689284733097e-08
6.648490699659521498e-08
6.632900926590556321e-08
6.617359168193728515e-08
6.601865222584930355e-08
6.586418887880048821e-08
6.571019962194980157e-08
6.555668243645610019e-08
6.540363530347829358e-08
6.525105620417533094e-08
6.509894311970608208e-08
6.494729403122945650e-08
6.479610691990437693e-08
6.464537976688972641e-08
6.449511055334444092e-08
6.434529726042740349e-08
6.419593786929753685e-08
6.404703036111376374e-08
6.389857271703494074e-08
6.375056291822001704e-08
6.360299894582787569e-08
6.345587878101745265e-08
6.330920040494763095e-08
6.316296179877730688e-08
6.301716094366541639e-08
6.287179582077084253e-08
6.272686441125250804e-08
6.258236469626932241e-08
6.243829465698019515e-08
6.229465227454400929e-08
6.215143553011970081e-08
6.200864240486612628e-08
6.186627087994226136e-08
6.172431893650696263e-08
6.158278455571915282e-08
6.144166571873775467e-08
6.130096040672165121e-08
6.116066660082975196e-08
6.102078228222097964e-08
6.088130543205423052e-08
6.074223403148841412e-08
6.060356615186795688e-08
6.046530022527941925e-08
6.032743477399486540e-08
6.018996832028639918e-08
6.005289938642605830e-08
5.991622649468593338e-08
5.977994816733810182e-08
5.964406292665464102e-08
5.950856929490762176e-08
5.937346579436912805e-08
5.923875094731121083e-08
5.910442327600598056e-08
5.897048130272548819e-08
5.883692354974181111e-08
5.870374853932704657e-08
5.857095479375325211e-08
5.843854083529249190e-08
5.830650518621686980e-08
5.817484636879843674e-08
5.804356290530929660e-08
5.791265331802148705e-08
5.778211612920711858e-08
5.765194986113824213e-08
5.752215303608694832e-08
5.739272417632530793e-08
5.726366180412539175e-08
5.713496444175929041e-08
5.700663061149905483e-08
5.687865883561678888e-08
5.675104763638455010e-08
5.662379553607441590e-08
5.649690105695845704e-08
5.637036272130877079e-08
5.624417905139740807e-08
5.611834856949644628e-08
5.599286979787798266e-08
5.586774125881408138e-08
5.574296147457681983e-08
5.561852896743826218e-08
5.549444225967049245e-08
5.537069987354558140e-08
5.524730033133560645e-08
5.512424215531265822e-08
5.500152386774878763e-08
5.487914399091609195e-08
5.475710104708664194e-08
5.463539355853249516e-08
5.451402004752574885e-08
5.439297903633846717e-08
5.427226904724272753e-08
5.415188866774375125e-08
5.403183674627931557e-08
5.391211219652035488e-08
5.379271393213778374e-08
5.367364086680254317e-08
5.355489191418553447e-08
5.343646598795771191e-08
5.331836200178997018e-08
5.320057886935326353e-08
5.308311550431849990e-08
5.296597082035661368e-08
5.284914373113852605e-08
5.273263315033514493e-08
5.261643799161742458e-08
5.250055716865627954e-08
5.238498959512263761e-08
5.226973418468741994e-08
5.215478985102154110e-08
5.204015550779594870e-08
5.192583006868155731e-08
5.181181244734928147e-08
5.169810155747006881e-08
5.158469631271482728e-08
5.147159562675449126e-08
5.135879841325998855e-08
5.124630358590222707e-08
5.113411005835215447e-08
5.102221674428067867e-08
5.091062255735873408e-08
5.079932641125724847e-08
5.068832721964714303e-08
5.057762389619933228e-08
5.046721535458476388e-08
5.035710050847435237e-08
5.024727827153901891e-08
5.013774755744968468e-08
5.002850727987729068e-08
4.991955635249275810e-08
4.981089368896700809e-08
4.970251820297096182e-08
4.959442880817554046e-08
4.948662441825169165e-08
4.937910394687032993e-08
4.927186630770236985e-08
4.916491041441874581e-08
4.905823518069038560e-08
4.895183952018821039e-08
4.884572234658314795e-08
4.873988257354611284e-08
4.863431911474805269e-08
4.852903092964406427e-08
4.842401716082605917e-08
4.831927699667013122e-08
4.821480962555235438e-08
4.811061423584882910e-08
4.800669001593564918e-08
4.790303615418890183e-08
4.779965183898466763e-08
4.769653625869906025e-08
4.759368860170816027e-08
4.749110805638804828e-08
4.738879381111483133e-08
4.728674505426459000e-08
4.718496097421341150e-08
4.708344075933740287e-08
4.698218359801263809e-08
4.688118867861521758e-08
4.678045518952122854e-08
4.667998231910677142e-08
4.657976925574792018e-08
4.647981518782077526e-08
4.638011930370143708e-08
4.628068079176597300e-08
4.618149884039049006e-08
4.608257263795108872e-08
4.598390137282382969e-08
4.588548423338483326e-08
4.578732040801018002e-08
4.568940908507595055e-08
4.559174945295825191e-08
4.549434070003317128e-08
4.539718201467678265e-08
4.530027258526520629e-08
4.520361160017450956e-08
4.510719824778078626e-08
4.501103171646013685e-08
4.491511119458864190e-08
4.481943587054240846e-08
4.472400493269751712e-08
4.462881756943005507e-08
4.453387296911610952e-08
4.443917032013178091e-08
4.434470881085316966e-08
4.425048762965634313e-08
4.415650596491741499e-08
4.406276300501245258e-08
4.396925793831756958e-08
4.387598995320883333e-08
4.378295823806237073e-08
4.369016198125422930e-08
4.359760039762675533e-08
4.350527280788718607e-08
4.341317855920899138e-08
4.332131699876564112e-08
4.322968747373059857e-08
4.313828933127734683e-08
4.304712191857934253e-08
4.295618458281004893e-08
4.286547667114296899e-08
4.277499753075153950e-08
4.268474650880925017e-08
4.259472295248955766e-08
4.250492620896593845e-08
4.241535562541186241e-08
4.232601054900079942e-08
4.223689032690622596e-08
4.214799430630159868e-08
4.205932183436039406e-08
4.197087225825608198e-08
4.188264492516213893e-08
4.179463918225202155e-08
4.170685437669921955e-08
4.161928985567717635e-08
4.153194496635938168e-08
4.144481905591929216e-08
4.135791147153039752e-08
4.127122156036615440e-08
4.118474866960002607e-08
4.109849214640549561e-08
4.101245133795602630e-08
4.092662559142509462e-08
4.084101425398616382e-08
4.075561667281270379e-08
4.067043219507819100e-08
4.058546016795608210e-08
4.050069993861986682e-08
4.041615085424299517e-08
4.033181226199895026e-08
4.024768350906120196e-08
4.016376394260321354e-08
4.008005290979846147e-08
3.999654975782040240e-08
3.991325383384252606e-08
3.983016448503829570e-08
3.974728105858116795e-08
3.966460290164463255e-08
3.958212936140213951e-08
3.949985978502717194e-08
3.941779351969319972e-08
3.933592991257369933e-08
3.925426833381858432e-08
3.917280824548365543e-08
3.909154913260116369e-08
3.901049048020336013e-08
3.892963177332248254e-08
3.884897249699079518e-08
3.876851213624053585e-08
3.868825017610396881e-08
3.860818610161333848e-08
3.852831939780088926e-08
3.844864954969888542e-08
3.836917604233955814e-08
3.828989836075517829e-08
3.821081598997798367e-08
3.813192841504022532e-08
3.805323512097416748e-08
3.797473559281203473e-08
3.789642931558609795e-08
3.781831577432860815e-08
3.774039445407179653e-08
3.766266483984793396e-08
3.758512641668926484e-08
3.750777866962803360e-08
3.743062108369649789e-08
3.735365314392690210e-08
3.727687433535150389e-08
3.720028414300254767e-08
3.712388205191229108e-08
3.704766754711295869e-08
3.697164011363684123e-08
3.689579923651616325e-08
3.682014440078318241e-08
3.674467509147014973e-08
3.666939079360930962e-08
3.659429099223291312e-08
3.651937517237322448e-08
3.644464281906248150e-08
3.637009341733292860e-08
3.629572645221683664e-08
3.622154140874643020e-08
3.614753777195398016e-08
3.607371502687172430e-08
3.600007265853193351e-08
3.592661015196683896e-08
3.585332699220868507e-08
3.578022266428974272e-08
3.570729665324224309e-08
3.563454844409845043e-08
3.556197752189061578e-08
3.548958337165098354e-08
3.541736548029320390e-08
3.534532334225651697e-08
3.527345645386158848e-08
3.520176431142905771e-08
3.513024641127956391e-08
3.505890224973375959e-08
3.498773132311229062e-08
3.491673312773580952e-08
3.484590715992496215e-08
3.477525291600040101e-08
3.470476989228275877e-08
3.463445758509268791e-08
3.456431549075084093e-08
3.449434310557786372e-08
3.442453992589440216e-08
3.435490544802110874e-08
3.428543916827862274e-08
3.421614058298759004e-08
3.414700918846866312e-08
3.407804448104249451e-08
3.400924595702972345e-08
3.394061311275100906e-08
3.387214544452697077e-08
3.380384244867829414e-08
3.373570362152559199e-08
3.366772845938952342e-08
3.359991645859075418e-08
3.353226711544991028e-08
3.346477992628763761e-08
3.339745438742459530e-08
3.333028999518143583e-08
3.326328624587877863e-08
3.319644263583730927e-08
3.312975866137764055e-08
3.306323381882043160e-08
3.299686760448634152e-08
3.293065951469600958e-08
3.286460904577007505e-08
3.279871569402920366e-08
3.273297895579401482e-08
3.266739832738518088e-08
3.260197330512334112e-08
3.253670338532914140e-08
3.247158806432322762e-08
3.240662683842625227e-08
3.234181920395886123e-08
3.227716465724170039e-08
3.221266269459541563e-08
3.214831281234065283e-08
3.208411450679806449e-08
3.202006729576265958e-08
3.195617078292689282e-08
3.189242459345758203e-08
3.182882835252155823e-08
3.176538168528563924e-08
3.170208421691663626e-08
3.163893557258138031e-08
3.157593537744668261e-08
3.151308325667937418e-08
3.145037883544627945e-08
3.138782173891420300e-08
3.132541159224996925e-08
3.126314802062040924e-08
3.120103064919233418e-08
3.113905910313256185e-08
3.107723300760792993e-08
3.101555198778524299e-08
3.095401566883132545e-08
3.089262367591300174e-08
3.083137563419708967e-08
3.077027116885040705e-08
3.070930990503977829e-08
3.064849146793202783e-08
3.058781548269396686e-08
3.052728157449242642e-08
3.046688936849421770e-08
3.040663848986617175e-08
3.034652856377509975e-08
3.028655921538781951e-08
3.022673006987116208e-08
3.016704075239193865e-08
3.010749088811698026e-08
3.004808010221310471e-08
2.998880801984713644e-08
2.992967426618587340e-08
2.987067846639616648e-08
2.981182024564481365e-08
2.975309922909864925e-08
2.969451504192448778e-08
2.963606730928915036e-08
2.957775565635946142e-08
2.951957970830223875e-08
2.946153909028430349e-08
2.940363342747247675e-08
2.934586234503357633e-08
2.928822546813442666e-08
2.923072242194183893e-08
2.917335283162265081e-08
2.911611632234367017e-08
2.905901251927172474e-08
2.900204104431619178e-08
2.894520150635670615e-08
2.888849351101547536e-08
2.883191666391469703e-08
2.877547057067655552e-08
2.871915483692326499e-08
2.866296906827700979e-08
2.860691287036000077e-08
2.855098584879443222e-08
2.849518760920250174e-08
2.843951775720641357e-08
2.838397589842835205e-08
2.832856163849053135e-08
2.827327458301513914e-08
2.821811433762437633e-08
2.816308050794045046e-08
2.810817269958554588e-08
2.805339051818187013e-08
2.799873356935161751e-08
2.794420145871698892e-08
2.788979379190017867e-08
2.783551017452339758e-08
2.778135021220883003e-08
2.772731351057867032e-08
2.767339967525513920e-08
2.761960831186041775e-08
2.756593902601671348e-08
2.751239142334621407e-08
2.745896510947112044e-08
2.740565969001364012e-08
2.735247477059596740e-08
2.729940995684029657e-08
2.724646485436883518e-08
2.719363906880376757e-08
2.714093220576730129e-08
2.708834387088163725e-08
2.703587366976896974e-08
2.698352120805149636e-08
2.693128609135141803e-08
2.687916792529093235e-08
2.682716631549223361e-08
2.677528086757752935e-08
2.672351118716901386e-08
2.667185687988887813e-08
2.662031755135933629e-08
2.656889280720257273e-08
2.651758225304078836e-08
2.646638549449618408e-08
2.641530213719096411e-08
2.636433178674731945e-08
2.631347406670451394e-08
2.626272867227005990e-08
2.621209531656854248e-08
2.616157371272453694e-08
2.611116357386262513e-08
2.606086461310737569e-08
2.601067654358338702e-08
2.596059907841521450e-08
2.591063193072745655e-08
2.586077481364468180e-08
2.581102744029147541e-08
2.576138952379240932e-08
2.571186077727206869e-08
2.566244091385502878e-08
2.561312964666586483e-08
2.556392668882916863e-08
2.551483175346951211e-08
2.546584455371146389e-08
2.541696480267961247e-08
2.536819221349854300e-08
2.531952649929282412e-08
2.527096737318704100e-08
2.522251454830576557e-08
2.517416773777358961e-08
2.512592665471507184e-08
2.507779101225480735e-08
2.502976052351737468e-08
2.498183490162734578e-08
2.493401385970930582e-08
2.488629711088782342e-08
2.483868436828749037e-08
2.479117534503287530e-08
2.474376975424857000e-08
2.469646730905913978e-08
2.464926772258916320e-08
2.460217070796323204e-08
2.455517597830591494e-08
2.450828324674179706e-08
2.446149222639545034e-08
2.441480263039145995e-08
2.436821417185439782e-08
2.432172656390885244e-08
2.427533951967939573e-08
2.422905275229061288e-08
2.418286597486707250e-08
2.413677890053336639e-08
2.409079124241405987e-08
2.404490271363374140e-08
2.399911302731698624e-08
2.395342189658837625e-08
2.390782903579148289e-08
2.386233416414587572e-08
2.381693700209011391e-08
2.377163727006276322e-08
2.372643468850237951e-08
2.368132897784752855e-08
2.363631985853677283e-08
2.359140705100867149e-08
2.354659027570179031e-08
2.350186925305469177e-08
2.345724370350593171e-08
2.341271334749407922e-08
2.336827790545769346e-08
2.332393709783533359e-08
2.327969064506556870e-08
2.323553826758695464e-08
2.319147968583805387e-08
2.314751462025742887e-08
2.310364279128364542e-08
2.305986391935526267e-08
2.301617772491084309e-08
2.297258392838894915e-08
2.292908225022814332e-08
2.288567241086698476e-08
2.284235413074403594e-08
2.279912713029786264e-08
2.275599112996702733e-08
2.271294585019008585e-08
2.266999101140560067e-08
2.262712633405214420e-08
2.258435153856826897e-08
2.254166634539253745e-08
2.249907047496351874e-08
2.245656364771976205e-08
2.241414558409983979e-08
2.237181600454231443e-08
2.232957462948573851e-08
2.228742117936869104e-08
2.224535537462971463e-08
2.220337693570738169e-08
2.216148558304025469e-08
2.211968103706688946e-08
2.207796301822585841e-08
2.203633124695571409e-08
2.199478544369502557e-08
2.195332532888234871e-08
2.191195062295624598e-08
2.187066104635528646e-08
2.182945631951802601e-08
2.178833616288302378e-08
2.174730030901028408e-08
2.170634853894554874e-08
2.166548064585598822e-08
2.162469642290879610e-08
2.158399566327113621e-08
2.154337816011018560e-08
2.150284370659312796e-08
2.146239209588714033e-08
2.142202312115939978e-08
2.138173657557708336e-08
2.134153225230737143e-08
2.130140994451744105e-08
2.126136944537446929e-08
2.122141054804563319e-08
2.118153304569810981e-08
2.114173673149908282e-08
2.110202139861572268e-08
2.106238684021520973e-08
2.102283284946472435e-08
2.098335921953144028e-08
2.094396574358253790e-08
2.090465221478519755e-08
2.086541842630659300e-08
2.082626417131390130e-08
2.078718924297430613e-08
2.074819343445497791e-08
2.070927653892310034e-08
2.067043834954584714e-08
2.063167865949039870e-08
2.059299726192393207e-08
2.055439395001362429e-08
2.051586851692665575e-08
2.047742075583020349e-08
2.043905045989144458e-08
2.040075742227755275e-08
2.036254143615571500e-08
2.032440229469310175e-08
2.028633979105689339e-08
2.024835371841426696e-08
2.021044386993239952e-08
2.017261003877847144e-08
2.013485201811966307e-08
2.009716960112314487e-08
2.005956258095609720e-08
2.002203075078570372e-08
1.998457390377913158e-08
1.994719183310356443e-08
1.990988433192618928e-08
1.987265119341416663e-08
1.983549221073468677e-08
1.979840718132651060e-08
1.976139591971473771e-08
1.972445824469607139e-08
1.968759397506720498e-08
1.965080292962482193e-08
1.961408492716561889e-08
1.957743978648629585e-08
1.954086732638353623e-08
1.950436736565404331e-08
1.946793972309450054e-08
1.943158421750160456e-08
1.939530066767204875e-08
1.935908889240252645e-08
1.932294871048972773e-08
1.928687994073035254e-08
1.925088240192108763e-08
1.921495591285862636e-08
1.917910029233966540e-08
1.914331535916089478e-08
1.910760093211900457e-08
1.907195683001069474e-08
1.903638287163266194e-08
1.900087887578158631e-08
1.896544466125416451e-08
1.893008004684709652e-08
1.889478485135707237e-08
1.885955889358078213e-08
1.882440199231491584e-08
1.878931396635617678e-08
1.875429463450125501e-08
1.871934381554683394e-08
1.868446132828961688e-08
1.864964699152629717e-08
1.861490062405355824e-08
1.858022204466810007e-08
1.854561107216661933e-08
1.851106752534579944e-08
1.847659122300234038e-08
1.844218198393293221e-08
1.840783962693427488e-08
1.837356397080304854e-08
1.833935483433595645e-08
1.830521203632968867e-08
1.827113539558093856e-08
1.823712473088639947e-08
1.820317986104276145e-08
1.816930060484671786e-08
1.813548678109496868e-08
1.810173820858419733e-08
1.806805470611110709e-08
1.803443609892648461e-08
1.800088223809754915e-08
1.796739298114560334e-08
1.793396818559197960e-08
1.790060770895797392e-08
1.786731140876491210e-08
1.783407914253410668e-08
1.780091076778686692e-08
1.776780614204451198e-08
1.773476512282836103e-08
1.770178756765972000e-08
1.766887333405990477e-08
1.763602227955023118e-08
1.760323426165201180e-08
1.757050913788656578e-08
1.753784676577520900e-08
1.750524700283924739e-08
1.747270970660000012e-08
1.744023473457877974e-08
1.740782194429690211e-08
1.737547119327568310e-08
1.734318233903643856e-08
1.731095523910047773e-08
1.727878975098911649e-08
1.724668573222367069e-08
1.721464304032545619e-08
1.718266153281578555e-08
1.715074106721596801e-08
1.711888150104732604e-08
1.708708269183117551e-08
1.705534449708882567e-08
1.702366677434158906e-08
1.699204938111078486e-08
1.696049217491772561e-08
1.692899501328372388e-08
1.689755775373009551e-08
1.686618025377815638e-08
1.683486237094921904e-08
1.680360396276460265e-08
1.677240488674561315e-08
1.674126500041357303e-08
1.671018416128979482e-08
1.667916222689558778e-08
1.664819905475227108e-08
1.661729450238116057e-08
1.658644842730356882e-08
1.655566068704080174e-08
1.652493113911418845e-08
1.649425964104503819e-08
1.646364605035466019e-08
1.643309022862876859e-08
1.640259205371065401e-08
1.637215140750800202e-08
1.634176817192850152e-08
1.631144222887983479e-08
1.628117346026969070e-08
1.625096174800575484e-08
1.622080697399571280e-08
1.619070902014725345e-08
1.616066776836806238e-08
1.613068310056582186e-08
1.610075489864822078e-08
1.607088304452294804e-08
1.604106742009768589e-08
1.601130790728012323e-08
1.598160438797794564e-08
1.595195674409884201e-08
1.592236485755049130e-08
1.589282861024058902e-08
1.586334788407681413e-08
1.583392256096685552e-08
1.580455252281840208e-08
1.577523765153913608e-08
1.574597782903674642e-08
1.571677293721891866e-08
1.568762285799334170e-08
1.565852747326769450e-08
1.562948666494966927e-08
1.560050031494695488e-08
1.557156830516723030e-08
1.554269051751818443e-08
1.551386683390750614e-08
1.548509713624288103e-08
1.545638130643199466e-08
1.542771922638253263e-08
1.539911077800218051e-08
1.537055584319862718e-08
1.534205430387955824e-08
1.531360604195265926e-08
1.528521093932561582e-08
1.525686887790611681e-08
1.522857973960184451e-08
1.520034340632048779e-08
1.517215975996973555e-08
1.514402868245727007e-08
1.511595005569077691e-08
1.508792376157794829e-08
1.505994968202646316e-08
1.503202769894401372e-08
1.500415769423828224e-08
1.497633955207831390e-08
1.494857316567856908e-08
1.492085843051487768e-08
1.489319524206305970e-08
1.486558349579893345e-08
1.483802308719831727e-08
1.481051391173704435e-08
1.478305586489092643e-08
1.475564884213579008e-08
1.472829273894745695e-08
1.470098745080174701e-08
1.467373287317448191e-08
1.464652890154148493e-08
1.461937543137857770e-08
1.459227235816158186e-08
1.456521957736632070e-08
1.453821698446861419e-08
1.451126447494428067e-08
1.448436194426915004e-08
1.445750928791904063e-08
1.443070640136976910e-08
1.440395318009716537e-08
1.437724951957704776e-08
1.435059531528523624e-08
1.432399046269755247e-08
1.429743485728982136e-08
1.427092839453786458e-08
1.424447096991750373e-08
1.421806247890455716e-08
1.419170281697484981e-08
1.416539187960420496e-08
1.413912956226844260e-08
1.411291576044338435e-08
1.408675036960484690e-08
1.406063328522866014e-08
1.403456440279064738e-08
1.400854361776662030e-08
1.398257082563240883e-08
1.395664592186383293e-08
1.393076880193671426e-08
1.390493936132686947e-08
1.387915749551013012e-08
1.385342309996231125e-08
1.382773607015923943e-08
1.380209630157673135e-08
1.377650368969060864e-08
1.375095812997669789e-08
1.372545951791081910e-08
1.370000774896879388e-08
1.367460271862644222e-08
1.364924432565433382e-08
1.362393248200201573e-08
1.359866710291378140e-08
1.357344810363392925e-08
1.354827539940674778e-08
1.352314890547653375e-08
1.349806853708757896e-08
1.347303420948418184e-08
1.344804583791063253e-08
1.342310333761122946e-08
1.339820662383025779e-08
1.337335561181202093e-08
1.334855021680080901e-08
1.332379035404091550e-08
1.329907593877663385e-08
1.327440688625226247e-08
1.324978311171208822e-08
1.322520453040041281e-08
1.320067105756152309e-08
1.317618260843971913e-08
1.315173909827929273e-08
1.312734044232453900e-08
1.310298655581974810e-08
1.307867735400921513e-08
1.305441275213723685e-08
1.303019266544810839e-08
1.300601700918611823e-08
1.298188569859556644e-08
1.295779864892073987e-08
1.293375577540594024e-08
1.290975699329545605e-08
1.288580221783358241e-08
1.286189136426461773e-08
1.283802434783285052e-08
1.281420108378257423e-08
1.279042148735809058e-08
1.276668547380368476e-08
1.274299295836365685e-08
1.271934385628229699e-08
1.269573808280390195e-08
1.267217555317276518e-08
1.264865618263317850e-08
1.262517988642943865e-08
1.260174657980583580e-08
1.257835617800667000e-08
1.255500859627622977e-08
1.253170374985881021e-08
1.250844155399870808e-08
1.248522192394021684e-08
1.246204477492762830e-08
1.243891002214951536e-08
1.241581758057156052e-08
1.239276736510372902e-08
1.236975929065597949e-08
1.234679327213827058e-08
1.232386922446056918e-08
1.230098706253283393e-08
1.227814670126502346e-08
1.225534805556710468e-08
1.223259104034903788e-08
1.220987557052078003e-08
1.218720156099229639e-08
1.216456892667354889e-08
1.214197758247449783e-08
1.211942744330510184e-08
1.209691842407532948e-08
1.207445043969513277e-08
1.205202340507448026e-08
1.202963723512333224e-08
1.200729184475164569e-08
1.198498714886938753e-08
1.196272306238651802e-08
1.194049950021299747e-08
1.191831637725878451e-08
1.189617360843384604e-08
1.187407110864814070e-08
1.185200879281162876e-08
1.182998657583427384e-08
1.180800437262603622e-08
1.178606209809687784e-08
1.176415966715675898e-08
1.174229699471564325e-08
1.172047399568348928e-08
1.169869058497026397e-08
1.167694667748592100e-08
1.165524218814042561e-08
1.163357703184373974e-08
1.161195112350582370e-08
1.159036437803664106e-08
1.156881671034615047e-08
1.154730803534431387e-08
1.152583826794109485e-08
1.150440732304645040e-08
1.148301511557034741e-08
1.146166156042274618e-08
1.144034657251360534e-08
1.141907006675288518e-08
1.139783195805055095e-08
1.137663216131656293e-08
1.135547059146088308e-08
1.133434716642746924e-08
1.131326181629628445e-08
1.129221447418128104e-08
1.127120507319642292e-08
1.125023354645565911e-08
1.122929982707295353e-08
1.120840384816225849e-08
1.118754554283753958e-08
1.116672484421274580e-08
1.114594168540184107e-08
1.112519599951877607e-08
1.110448771967751305e-08
1.108381677899200930e-08
1.106318311057622047e-08
1.104258664754410716e-08
1.102202732300962334e-08
1.100150507008672798e-08
1.098101982188937670e-08
1.096057151153153341e-08
1.094016007212714550e-08
1.091978543679017686e-08
1.089944753863458810e-08
1.087914631077432823e-08
1.085888168632335952e-08
1.083865359839564092e-08
1.081846198010512640e-08
1.079830676456577492e-08
1.077818788489154542e-08
1.075810527419639024e-08
1.073805886559427328e-08
1.071804859219914852e-08
1.069807438712497658e-08
1.067813618348570978e-08
1.065823391439530707e-08
1.063836751296773070e-08
1.061853691231693301e-08
1.059874204555687293e-08
1.057898284580150778e-08
1.055925924616479483e-08
1.053957117976069470e-08
1.051991857970315805e-08
1.050030137910614880e-08
1.048071951108362259e-08
1.046117290874953505e-08
1.044166150521784679e-08
1.042218523360251179e-08
1.040274402701748901e-08
1.038333781857673738e-08
1.036396654139421254e-08
1.034463012858387345e-08
1.032532851239211052e-08
1.030606162159505823e-08
1.028682938410128417e-08
1.026763172781935761e-08
1.024846858065784615e-08
1.022933987052531738e-08
1.021024552533034057e-08
1.019118547298148166e-08
1.017215964138730990e-08
1.015316795845639455e-08
1.013421035209729990e-08
1.011528675021860018e-08
1.009639708072885636e-08
1.007754127153664432e-08
1.005871925055052504e-08
1.003993094567907274e-08
1.002117628483085172e-08
1.000245519591442791e-08
9.983767606838375544e-09
9.965113445511258906e-09
9.946492639841645600e-09
9.927905117738109844e-09
9.909350807109209313e-09
9.890829635863521535e-09
9.872341531909609147e-09
9.853886423156041405e-09
9.835464237511389219e-09
9.817074902884215226e-09
9.798718347183093646e-09
9.780394498316588771e-09
9.762103284193269856e-09
9.743844632721704503e-09
9.725618471810460312e-09
9.707424729368106539e-09
9.689263333303210785e-09
9.671134211524342306e-09
9.653037291940068703e-09
9.634972502458955923e-09
9.616939770989576529e-09
9.598939025440494814e-09
9.580970193720278380e-09
9.563033203737499790e-09
9.545127983400721682e-09
9.527254460618518276e-09
9.509412563299450555e-09
9.491602219352092737e-09
9.473823356685007460e-09
9.456075903206770598e-09
9.438359786825941480e-09
9.420674935451094323e-09
9.403021279592565961e-09
9.385398760167785039e-09
9.367807320695942815e-09
9.350246904696245437e-09
9.332717455687882511e-09
9.315218917190056874e-09
9.297751232721961440e-09
9.280314345802797394e-09
9.262908199951759305e-09
9.245532738688046701e-09
9.228187905530857459e-09
9.210873643999384493e-09
9.193589897612828988e-09
9.176336609890387164e-09
9.159113724351260208e-09
9.141921184514639378e-09
9.124758933899724204e-09
9.107626916025714217e-09
9.090525074411803985e-09
9.073453352577193038e-09
9.056411694041075944e-09
9.039400042322655541e-09
9.022418340941123089e-09
9.005466533415679773e-09
8.988544563265520159e-09
8.971652374009843780e-09
8.954789909167848510e-09
8.937957112258730572e-09
8.921153926801684533e-09
8.904380296315913232e-09
8.887636164320612892e-09
8.870921474334978080e-09
8.854236169878206671e-09
8.837580194469498197e-09
8.820953491628048880e-09
8.804356004873054940e-09
8.787787677723715910e-09
8.771248453699229664e-09
8.754738276318789117e-09
8.738257089101595453e-09
8.721804835566844893e-09
8.705381459233736969e-09
8.688986903621464594e-09
8.672621112249230607e-09
8.656284028636227920e-09
8.639975596301656065e-09
8.623695758764711264e-09
8.607444459544593046e-09
8.591221642160495980e-09
8.575027250131619596e-09
8.558861228230654727e-09
8.542723526244278922e-09
8.526614095212661031e-09
8.510532886175971560e-09
8.494479850174382668e-09
8.478454938248063208e-09
8.462458101437182029e-09
8.446489290781912946e-09
8.430548457322423155e-09
8.414635552098888125e-09
8.398750526151473398e-09
8.382893330520351134e-09
8.367063916245690184e-09
8.351262234367666016e-09
8.335488235926444172e-09
8.319741871962196813e-09
8.304023093515094444e-09
8.288331851625307569e-09
8.272668097333006695e-09
8.257031781678360672e-09
8.241422855701543315e-09
8.225841270442725129e-09
8.210286976942071655e-09
8.194759926239756709e-09
8.179260069375952449e-09
8.163787357390826074e-09
8.148341741324549741e-09
8.132923172217293957e-09
8.117531601109227572e-09
8.102166979040524402e-09
8.086829257051351641e-09
8.071518386181879796e-09
8.056234317472282681e-09
8.040977001962727493e-09
8.025746390693386390e-09
8.010542434704428225e-09
7.995365085036026810e-09
7.980214292728350998e-09
7.965090008821567985e-09
7.949992184355851585e-09
7.934920770371372303e-09
7.919875717908298990e-09
7.904856978006803807e-09
7.889864501707055603e-09
7.874898240049226539e-09
7.859958144073488774e-09
7.845044164820006197e-09
7.830156253328957584e-09
7.815294360640505170e-09
7.800458437794826076e-09
7.785648430877786828e-09
7.770864266158066155e-09
7.756105864950030531e-09
7.741373148568058013e-09
7.726666038326520041e-09
7.711984455539791361e-09
7.697328321522245069e-09
7.682697557588255910e-09
7.668092085052193670e-09
7.653511825228438060e-09
7.638956699431357209e-09
7.624426628975327520e-09
7.609921535174720433e-09
7.595441339343912348e-09
7.580985962797274705e-09
7.566555326849182253e-09
7.552149352814006428e-09
7.537767962006121981e-09
7.523411075739902003e-09
7.509078615329721242e-09
7.494770502089954447e-09
7.480486657334971402e-09
7.466227002379148509e-09
7.451991458536857206e-09
7.437779947122473897e-09
7.423592389450370847e-09
7.409428706834920323e-09
7.395288820590496244e-09
7.381172652031472532e-09
7.367080122472223934e-09
7.353011153227123544e-09
7.338965665610542800e-09
7.324943580936858105e-09
7.310944820520441725e-09
7.296969305675665099e-09
7.283016957716905455e-09
7.269087697958535062e-09
7.255181447714925356e-09
7.241298128300453568e-09
7.227437661029490309e-09
7.213599967216410328e-09
7.199784968175587544e-09
7.185992585221394223e-09
7.172222739668204288e-09
7.158475352830393311e-09
7.144750346022332733e-09
7.131047640558394819e-09
7.117367157752955145e-09
7.103708818920388457e-09
7.090072545375066196e-09
7.076458286308914777e-09
7.062866102424066465e-09
7.049296082300211810e-09
7.035748314517033919e-09
7.022222887654220033e-09
7.008719890291456566e-09
6.995239411008429107e-09
6.981781538384825724e-09
6.968346361000330350e-09
6.954933967434631881e-09
6.941544446267415078e-09
6.928177886078365528e-09
6.914834375447172127e-09
6.901514002953519635e-09
6.888216857177093641e-09
6.874943026697583040e-09
6.861692600094671764e-09
6.848465665948047057e-09
6.835262312837395332e-09
6.822082629342402177e-09
6.808926704042754007e-09
6.795794625518139718e-09
6.782686482348242415e-09
6.769602363112750168e-09
6.756542356391348564e-09
6.743506550763724018e-09
6.730495034809563771e-09
6.717507897108553412e-09
6.704545226240378526e-09
6.691607110784726357e-09
6.678693639321284146e-09
6.665804900429737480e-09
6.652940982689771947e-09
6.640101974681074789e-09
6.627287964983329939e-09
6.614499042176228774e-09
6.601735294839454400e-09
6.588996811552693232e-09
6.576283680895630858e-09
6.563595991447956173e-09
6.550933831789352284e-09
6.538297290499508086e-09
6.525686456158109995e-09
6.513101417344841943e-09
6.500542262639392826e-09
6.488009080621448232e-09
6.475501959870692922e-09
6.463020988966814963e-09
6.450566256489501599e-09
6.438137851018436761e-09
6.425735758318073720e-09
6.413359552891928194e-09
6.401008706428281934e-09
6.388682690615415031e-09
6.376380977141609234e-09
6.364103037695145464e-09
6.351848343964307122e-09
6.339616367637371821e-09
6.327406580402622963e-09
6.315218453948342296e-09
6.303051459962810740e-09
6.290905070134308389e-09
6.278778756151118644e-09
6.266671989701519946e-09
6.254584242473795697e-09
6.242514986156226816e-09
6.230463692437095880e-09
6.218429833004680500e-09
6.206412879547265732e-09
6.194412303753130016e-09
6.182427577310556753e-09
6.170458171907826866e-09
6.158503559233219619e-09
6.146563210975018415e-09
6.134636598821504175e-09
6.122723194460958647e-09
6.110822469581661924e-09
6.098933895871895754e-09
6.087056945019939402e-09
6.075191088714078754e-09
6.063335798642592248e-09
6.051490546493760805e-09
6.039654803955867000e-09
6.027828042717190925e-09
6.016009734466013503e-09
6.004199350890618135e-09
5.992396363679284914e-09
5.980600244520293935e-09
5.968810465101928599e-09
5.957026497112469000e-09
5.945247812240196885e-09
5.933473882173392348e-09
5.921704178600339619e-09
5.909938173209315482e-09
5.898175337688604167e-09
5.886415143726486594e-09
5.874657063011244512e-09
5.862900567231158013e-09
5.851145128074510500e-09
5.839390217229579584e-09
