# a
6.666666666666666574e-02
6.679159416410120065e-02
6.691699074694917870e-02
6.704285906220609770e-02
6.716920177682056403e-02
6.729602157788266981e-02
6.742332117281449322e-02
6.755110328956275001e-02
6.767937067679370700e-02
6.780812610409021890e-02
6.793737236215112441e-02
6.806711226299277939e-02
6.819734864015306042e-02
6.832808434889771354e-02
6.845932226642885421e-02
6.859106529209621494e-02
6.872331634761053021e-02
6.885607837725955804e-02
6.898935434812664136e-02
6.912314725031168394e-02
6.925746009715474938e-02
6.939229592546238001e-02
6.952765779573637228e-02
6.966354879240541087e-02
6.979997202405931189e-02
6.993693062368605551e-02
7.007442774891167736e-02
7.021246658224285231e-02
7.035105033131255903e-02
7.049018222912840914e-02
7.062986553432412662e-02
7.077010353141398313e-02
7.091089953105016164e-02
7.105225687028335346e-02
7.119417891282636690e-02
7.133666904932094155e-02
7.147973069760779619e-02
7.162336730299985466e-02
7.176758233855889957e-02
7.191237930537541789e-02
7.205776173285198538e-02
7.220373317899000942e-02
7.235029723068001073e-02
7.249745750399534672e-02
7.264521764448973740e-02
7.279358132749817745e-02
7.294255225844174795e-02
7.309213417313607797e-02
7.324233083810362255e-02
7.339314605088984034e-02
7.354458364038318763e-02
7.369664746713927572e-02
7.384934142370874754e-02
7.400266943496959515e-02
7.415663545846336302e-02
7.431124348473566732e-02
7.446649753768094793e-02
7.462240167489157805e-02
7.477895998801138699e-02
7.493617660309355444e-02
7.509405568096312600e-02
7.525260141758406685e-02
7.541181804443101988e-02
7.557170982886565747e-02
7.573228107451814017e-02
7.589353612167300256e-02
7.605547934766040963e-02
7.621811516725217339e-02
7.638144803306290420e-02
7.654548243595643564e-02
7.671022290545734257e-02
7.687567401016792701e-02
7.704184035819051923e-02
7.720872659755531608e-02
7.737633741665374265e-02
7.754467754467754548e-02
7.771375175206353403e-02
7.788356485094427573e-02
7.805412169560456415e-02
7.822542718294403508e-02
7.839748625294580553e-02
7.857030388915131613e-02
7.874388511914154343e-02
7.891823501502451266e-02
7.909335869392930540e-02
7.926926131850675628e-02
7.944594809743671382e-02
7.962342428594224031e-02
7.980169518631057002e-02
7.998076614842121457e-02
8.016064257028113205e-02
8.034132989856705709e-02
8.052283362917540821e-02
8.070515930777939773e-02
8.088831253039389935e-02
8.107229894394801795e-02
8.125712424686531987e-02
8.144279418965236217e-02
8.162931457549485459e-02
8.181669126086242583e-02
8.200493015612160541e-02
8.219403722615713226e-02
8.238401849100214502e-02
8.257488002647692116e-02
8.276662796483662266e-02
8.295926849542809012e-02
8.315280786535578228e-02
8.334725238015699977e-02
8.354260840448686498e-02
8.373888236281254449e-02
8.393608074011774112e-02
8.413421008261676159e-02
8.433327699847895098e-02
8.453328815856343825e-02
8.473425029716419310e-02
8.493617021276596291e-02
8.513905476881078460e-02
8.534291089447579304e-02
8.554774558546203445e-02
8.575356590479463192e-02
8.596037898363480256e-02
8.616819202210326822e-02
8.637701229011597592e-02
8.658684712823182250e-02
8.679770394851277215e-02
8.700959023539668602e-02
8.722251354658276667e-02
8.743648151393025592e-02
8.765150184437027481e-02
8.786758232083113906e-02
8.808473080317739956e-02
8.830295522916298268e-02
8.852226361539825006e-02
8.874266405833185212e-02
8.896416473524693114e-02
8.918677390527256221e-02
8.941049991041032097e-02
8.963535117657624174e-02
8.986133621465873522e-02
9.008846362159235455e-02
9.031674208144796490e-02
9.054618036653964974e-02
9.077678733854829818e-02
9.100857194966259500e-02
9.124154324373742742e-02
9.147571035747020796e-02
9.171108252159529406e-02
9.194766906209693447e-02
9.218547940144097841e-02
9.242452305982590266e-02
9.266480965645310097e-02
9.290634891081735180e-02
9.314915064401718681e-02
9.339322478008608985e-02
9.363858134734472094e-02
9.388523047977422042e-02
9.413318241841162060e-02
9.438244751276717026e-02
9.463303622226436340e-02
9.488495911770299107e-02
9.513822688274546635e-02
9.539285031542725501e-02
9.564884032969139804e-02
9.590620795694790313e-02
9.616496434765850476e-02
9.642512077294684847e-02
9.668668862623522320e-02
9.694967942490771706e-02
9.721410481200076781e-02
9.747997655792146887e-02
9.774730656219393632e-02
9.801610685523472200e-02
9.828638960015757819e-02
9.855816709460793468e-02
9.883145177262823988e-02
9.910625620655412471e-02
9.938259310894244358e-02
9.966047533453166463e-02
9.993991588223512246e-02
1.002209278971681050e-01
1.005035246727089687e-01
1.007877196525954339e-01
1.010735264330565181e-01
1.013609587649806909e-01
1.016500305561214013e-01
1.019407558733401442e-01
1.022331489448883302e-01
1.025272241627285807e-01
1.028229960848959373e-01
1.031204794379003836e-01
1.034196891191709877e-01
1.037206401995427046e-01
1.040233479257869492e-01
1.043278277231862866e-01
1.046340951981547390e-01
1.049421661409043194e-01
1.052520565281586107e-01
1.055637825259149593e-01
1.058773604922554762e-01
1.061928069802085539e-01
1.065101387406616890e-01
1.068293727253264713e-01
1.071505260897573503e-01
1.074736161964247316e-01
1.077986606178440165e-01
1.081256771397616501e-01
1.084546837643990264e-01
1.087856987137562625e-01
1.091187404329761745e-01
1.094538275937705502e-01
1.097909790979097883e-01
1.101302140807768615e-01
1.104715519149878228e-01
1.108150122140795085e-01
1.111606148362664220e-01
1.115083798882681582e-01
1.118583277292087008e-01
1.122104789745896058e-01
1.125648545003383738e-01
1.129214754469337056e-01
1.132803632236095287e-01
1.136415395126394723e-01
1.140050262737034442e-01
1.143708457483383067e-01
1.147390204644745809e-01
1.151095732410611222e-01
1.154825271927794605e-01
1.158579057348502334e-01
1.162357325879338488e-01
1.166160317831269055e-01
1.169988276670574368e-01
1.173841449070806703e-01
1.177720084965777902e-01
1.181624437603599337e-01
1.185554763601805450e-01
1.189511323003575594e-01
1.193494379335087313e-01
1.197504199664026769e-01
1.201541054659282515e-01
1.205605218651848443e-01
1.209696969696969632e-01
1.213816589637557869e-01
1.217964364168904190e-01
1.222140582904726880e-01
1.226345539444580746e-01
1.230579531442663327e-01
1.234842860678049964e-01
1.239135833126396719e-01
1.243458759033142236e-01
1.247811952988247125e-01
1.252195734002509442e-01
1.256610425585494850e-01
1.261056355825120046e-01
1.265533857468932322e-01
1.270043268007126358e-01
1.274584929757343610e-01
1.279159189951294684e-01
1.283766400823256881e-01
1.288406919700490483e-01
1.293081109095620684e-01
1.297789336801040416e-01
1.302531975985382340e-01
1.307309405292114146e-01
1.312122008940310169e-01
1.316970176827658989e-01
1.321854304635761701e-01
1.326774793937782471e-01
1.331732052308513548e-01
1.336726493436913854e-01
1.341758537241193872e-01
1.346828609986504832e-01
1.351937144405310209e-01
1.357084579820505843e-01
1.362271362271362252e-01
1.367497944642367680e-01
1.372764786795048209e-01
1.378072355702844587e-01
1.383421125589132106e-01
1.388811578068466501e-01
1.394244202291142765e-01
1.399719495091164001e-01
1.405237961137707492e-01
1.410800113090189545e-01
1.416406471757025165e-01
1.422057566258193295e-01
1.427753934191702267e-01
1.433496121804079260e-01
1.439284684164984229e-01
1.445120185346076003e-01
1.451003198604245426e-01
1.456934306569342974e-01
1.462914101436528780e-01
1.468943185163379406e-01
1.475022169671888761e-01
1.481151677055506100e-01
1.487332339791355984e-01
1.493564800957797034e-01
1.499849714457469341e-01
1.506187745246000687e-01
1.512579569566535331e-01
1.519025875190258557e-01
1.525527361663100157e-01
1.532084740558796454e-01
1.538698735738513734e-01
1.545370083617218782e-01
1.552099533437014123e-01
1.558887847547641425e-01
1.565735801694383422e-01
1.572644185313583354e-01
1.579613801836023956e-01
1.586645468998410247e-01
1.593740019163206734e-01
1.600898299647096623e-01
1.608121173058330577e-01
1.615409517643250359e-01
1.622764227642276569e-01
1.630186213655668015e-01
1.637676403019363292e-01
1.645235740191229590e-01
1.652865187148062354e-01
1.660565723793677173e-01
1.668338348378468616e-01
1.676184077930802652e-01
1.684103948700641229e-01
1.692099016615802032e-01
1.700170357751277783e-01
1.708319068812050590e-01
1.716546267629858735e-01
1.724853093674386662e-01
1.733240708579367739e-01
1.741710296684118586e-01
1.750263065591020628e-01
1.758900246739513451e-01
1.767623095997166160e-01
1.776432894268422935e-01
1.785330948121645611e-01
1.794318590435095284e-01
1.803397181062522669e-01
1.812568107519070271e-01
1.821832785688207446e-01
1.831192660550458595e-01
1.840649206934710236e-01
1.850203930292918242e-01
1.859858367499068188e-01
1.869614087673285852e-01
1.879472693032014918e-01
1.889435819765240554e-01
1.899505138941758597e-01
1.909682357443551470e-01
1.919969218930357713e-01
1.930367504835589776e-01
1.940879035394788010e-01
1.951505670707860685e-01
1.962249311836413712e-01
1.973111901937524559e-01
1.984095427435387526e-01
1.995201919232307275e-01
2.006433453960595192e-01
2.017792155276991461e-01
2.029280195201301484e-01
2.040899795501022185e-01
2.052653229123817535e-01
2.064542821679768159e-01
2.076570952975447248e-01
2.088740058601925575e-01
2.101052631578947116e-01
2.113511224057602611e-01
2.126118449083936879e-01
2.138876982426060613e-01
2.151789564467443128e-01
2.164859002169197411e-01
2.178088171104321236e-01
2.191480017566974081e-01
2.205037560760052806e-01
2.218763895064473357e-01
2.232662192393735923e-01
2.246735704637550513e-01
2.260987766198459814e-01
2.275421796625626825e-01
2.290041303350160706e-01
2.304849884526558867e-01
2.319851231985123052e-01
2.335049134300421492e-01
2.350447479981158383e-01
2.366050260787102844e-01
2.381861575178997603e-01
2.397885631907736570e-01
2.414126753749395449e-01
2.430589381393082893e-01
2.447278077488965198e-01
2.464197530864197516e-01
2.481352560914967531e-01
2.498748122183275244e-01
2.516389309127584628e-01
2.534281361097003304e-01
2.552429667519181544e-01
2.570839773312725285e-01
2.589517384535547362e-01
2.608468374281233682e-01
2.627698788836229649e-01
2.647214854111406002e-01
2.667022982362373118e-01
2.687129779213786041e-01
2.707542051003798411e-01
2.728266812465828250e-01
2.749311294765840463e-01
2.770682953914491709e-01
2.792389479574706179e-01
2.814438804286519824e-01
2.836839113132461621e-01
2.859598853868194901e-01
2.882726747544772095e-01
2.906231799650553227e-01
2.930123311802700914e-01
2.954410894020130240e-01
2.979104477611940194e-01
3.004214328717639826e-01
3.029751062537947570e-01
3.055725658297611669e-01
3.082149474984558490e-01
3.109034267912772487e-01
3.136392206159648310e-01
3.164235890932149409e-01
3.192578374920025941e-01
3.221433182698514863e-01
3.250814332247556893e-01
3.280736357659434499e-01
3.311214333112142971e-01
3.342263898191560889e-01
3.373901284651791843e-01
3.406143344709897658e-01
3.439007580978635237e-01
3.472512178148920992e-01
3.506676036542515917e-01
3.541518807665010593e-01
3.577060931899641583e-01
3.613323678493844948e-01
3.650329188002925940e-01
3.688100517368810283e-01
3.726661687826736680e-01
3.766037735849056545e-01
3.806254767353164925e-01
3.847340015420200321e-01
3.889321901792673897e-01
3.932230102442868525e-01
3.976095617529880055e-01
4.020950846091861375e-01
4.066829665851670605e-01
4.113767518549051871e-01
4.161801501251042312e-01
4.210970464135020408e-01
4.261315115286080091e-01
4.312878133102852618e-01
4.365704286964129377e-01
4.419840566873338705e-01
4.475336322869955530e-01
4.532243415077202298e-01
4.590616375344986344e-01
4.650512581547064372e-01
4.711992445703493404e-01
4.775119617224880542e-01
4.839961202715810651e-01
4.906588003933136655e-01
4.975074775672980731e-01
5.045500505561173465e-01
5.117948717948718196e-01
5.192507804370447566e-01
5.269271383315733415e-01
5.348338692390139926e-01
5.429815016322089294e-01
5.513812154696131618e-01
5.600448933782267158e-01
5.689851767388824921e-01
5.782155272305908866e-01
5.877502944640753402e-01
5.976047904191617022e-01
6.077953714981729760e-01
6.183395291201982946e-01
6.292559899117275979e-01
6.405648267008985375e-01
6.522875816993464193e-01
6.644474034620505565e-01
6.770691994572591854e-01
6.901798063623789670e-01
7.038081805359661658e-01
7.179856115107914327e-01
7.327459618208516101e-01
7.481259370314843338e-01
7.641653905053598095e-01
7.809076682316118401e-01
7.983999999999999986e-01
8.166939443535188303e-01
8.358458961474036775e-01
8.559176672384219975e-01
8.769771528998243637e-01
8.990990990990990195e-01
9.223659889094268927e-01
9.468690702087285693e-01
9.727095516569200795e-01
1.000000000000000000e+00
