# d_a
# unit = Mpc
7.171803718009542763e+02
7.182574540165020380e+02
7.193378272792601820e+02
7.204215066162627181e+02
7.215085071444514142e+02
7.225988440713239243e+02
7.236925326955915807e+02
7.247895884078382096e+02
7.258900266911923609e+02
7.269938631219926037e+02
7.281011133704681697e+02
7.292117932014225516e+02
7.303259184749217638e+02
7.314435051469865812e+02
7.325645692702969427e+02
7.336891269948927174e+02
7.348171945688898177e+02
7.359487883391942660e+02
7.370839247522278583e+02
7.382226203546542820e+02
7.393648917941194441e+02
7.405107558199873665e+02
7.416602292840905193e+02
7.428133291414835639e+02
7.439700724512019860e+02
7.451304763770268664e+02
7.462945581882605666e+02
7.474623352605027549e+02
7.486338250764348459e+02
7.498090452266134207e+02
7.509880134102669444e+02
7.521707474361016921e+02
7.533572652231105167e+02
7.545475848013912810e+02
7.557417243129740427e+02
7.569397020126483540e+02
7.581415362688036339e+02
7.593472455642739760e+02
7.605568484971901171e+02
7.617703637818356128e+02
7.629878102495184748e+02
7.642092068494386012e+02
7.654345726495707822e+02
7.666639268375508891e+02
7.678972887215722949e+02
7.691346777312863878e+02
7.703761134187110429e+02
7.716216154591500072e+02
7.728712036521166056e+02
7.741248979222630169e+02
7.753827183203236473e+02
7.766446850240579352e+02
7.779108183392097544e+02
7.791811387004678409e+02
7.804556666724349725e+02
7.817344229506098827e+02
7.830174283623689462e+02
7.843047038679663956e+02
7.855962705615311279e+02
7.868921496720817004e+02
7.881923625645410993e+02
7.894969307407686756e+02
7.908058758405916251e+02
7.921192196428482930e+02
7.934369840664455751e+02
7.947591911714118851e+02
7.960858631599747923e+02
7.974170223776310422e+02
7.987526913142385183e+02
8.000928926051088865e+02
8.014376490321116080e+02
8.027869835247886385e+02
8.041409191614720839e+02
8.054994791704212957e+02
8.068626869309563290e+02
8.082305659746098172e+02
8.096031399862828266e+02
8.109804328054152620e+02
8.123624684271594560e+02
8.137492710035652408e+02
8.151408648447777523e+02
8.165372744202378499e+02
8.179385243598979969e+02
8.193446394554487142e+02
8.207556446615443519e+02
8.221715650970497791e+02
8.235924260462946904e+02
8.250182529603290504e+02
8.264490714582007058e+02
8.278849073282324298e+02
8.293257865293174973e+02
8.307717351922159423e+02
8.322227796208691188e+02
8.336789462937186954e+02
8.351402618650414524e+02
8.366067531662835108e+02
8.380784472074209361e+02
8.395553711783120434e+02
8.410375524500757365e+02
8.425250185764700745e+02
8.440177972952880054e+02
8.455159165297526442e+02
8.470194050195420914e+02
8.485282897938387805e+02
8.500425999803785544e+02
8.515623642583591391e+02
8.530876114995837725e+02
8.546183707699234446e+02
8.561546713307941445e+02
8.576965426406426332e+02
8.592440143564432447e+02
8.607971163352051462e+02
8.623558786354901713e+02
8.639203315189416799e+02
8.654905054518229690e+02
8.670664311065683023e+02
8.686481393633407606e+02
8.702356613116056678e+02
8.718290282517106107e+02
8.734282716964792144e+02
8.750334233728109439e+02
8.766445152232964801e+02
8.782615794078409408e+02
8.798846483052999474e+02
8.815137545151205813e+02
8.831489308590000746e+02
8.847902103825489348e+02
8.864376263569703269e+02
8.880912122807433207e+02
8.897510018813214856e+02
8.914170291168388758e+02
8.930893281778285200e+02
8.947679334889463689e+02
8.964528797107147966e+02
8.981442017412632595e+02
8.998419347180894192e+02
9.015461140198242447e+02
9.032567752680104149e+02
9.049739543288876575e+02
9.066976873151875225e+02
9.084280105879404346e+02
9.101649607582869521e+02
9.119085746893051692e+02
9.136588894978403914e+02
9.154159425563475452e+02
9.171797714947384748e+02
9.189504142022436781e+02
9.207279088292767710e+02
9.225122937893100925e+02
9.243036077607561083e+02
9.261018896888579093e+02
9.279071787875886912e+02
9.297195145415554407e+02
9.315389367079089880e+02
9.333654853182661100e+02
9.351992006806316340e+02
9.370401233813314548e+02
9.388882942869491899e+02
9.407437545462678372e+02
9.426065455922196179e+02
9.444767091438378657e+02
9.463542872082122130e+02
9.482393220824532136e+02
9.501318563556565095e+02
9.520319329108680222e+02
9.539395949270630126e+02
9.558548858811094533e+02
9.577778495497525455e+02
9.597085300115885502e+02
9.616469716490421433e+02
9.635932191503466129e+02
9.655473175115215554e+02
9.675093120383517089e+02
9.694792483483619208e+02
9.714571723727915469e+02
9.734431303585696469e+02
9.754371688702801748e+02
9.774393347921273971e+02
9.794496753298963085e+02
9.814682380129074772e+02
9.834950706959635909e+02
9.855302215612920236e+02
9.875737391204762616e+02
9.896256722163797122e+02
9.916860700250622358e+02
9.937549820576793991e+02
9.958324581623772929e+02
9.979185485261676831e+02
1.000013303676792930e+03
1.002116774484577377e+03
1.004229012164257711e+03
1.006350068276796492e+03
1.008479994731183183e+03
1.010618843786203229e+03
1.012766668052195996e+03
1.014923520492787361e+03
1.017089454426590692e+03
1.019264523528893960e+03
1.021448781833304338e+03
1.023642283733377667e+03
1.025845083984208031e+03
1.028057237703983901e+03
1.030278800375516312e+03
1.032509827847724637e+03
1.034750376337082344e+03
1.037000502429027392e+03
1.039260263079324886e+03
1.041529715615386522e+03
1.043808917737539105e+03
1.046097927520250778e+03
1.048396803413293583e+03
1.050705604242859181e+03
1.053024389212612959e+03
1.055353217904688336e+03
1.057692150280616261e+03
1.060041246682189467e+03
1.062400567832253500e+03
1.064770174835430225e+03
1.067150129178760153e+03
1.069540492732261555e+03
1.071941327749416359e+03
1.074352696867556460e+03
1.076774663108169989e+03
1.079207289877097764e+03
1.081650640964644936e+03
1.084104780545580070e+03
1.086569773179024196e+03
1.089045683808230478e+03
1.091532577760245658e+03
1.094030520745445301e+03
1.096539578856939443e+03
1.099059818569847266e+03
1.101591306740435357e+03
1.104134110605093383e+03
1.106688297779183813e+03
1.109253936255707913e+03
1.111831094403827365e+03
1.114419840967196251e+03
1.117020245062133654e+03
1.119632376175589570e+03
1.122256304162936203e+03
1.124892099245543704e+03
1.127539832008152644e+03
1.130199573396029791e+03
1.132871394711888797e+03
1.135555367612584405e+03
1.138251564105557009e+03
1.140960056545013458e+03
1.143680917627860026e+03
1.146414220389340699e+03
1.149160038198397842e+03
1.151918444752732057e+03
1.154689514073550754e+03
1.157473320499992724e+03
1.160269938683217106e+03
1.163079443580146062e+03
1.165901910446836609e+03
1.168737414831486603e+03
1.171586032567036227e+03
1.174447839763369757e+03
1.177322912799091682e+03
1.180211328312859905e+03
1.183113163194263961e+03
1.186028494574228716e+03
1.188957399814918972e+03
1.191899956499129985e+03
1.194856242419153432e+03
1.197826335565077443e+03
1.200810314112515698e+03
1.203808256409736259e+03
1.206820240964167397e+03
1.209846346428253128e+03
1.212886651584648916e+03
1.215941235330700010e+03
1.219010176662206959e+03
1.222093554656434890e+03
1.225191448454331976e+03
1.228303937241943231e+03
1.231431100230965285e+03
1.234573016638434183e+03
1.237729765665489822e+03
1.240901426475189055e+03
1.244088078169338132e+03
1.247289799764291956e+03
1.250506670165688320e+03
1.253738768142073468e+03
1.256986172297371468e+03
1.260248961042163728e+03
1.263527212563706826e+03
1.266821004794670444e+03
1.270130415380520390e+03
1.273455521645505769e+03
1.276796400557184143e+03
1.280153128689443292e+03
1.283525782183936371e+03
1.286914436709894062e+03
1.290319167422224382e+03
1.293740048917845343e+03
1.297177155190182020e+03
1.300630559581740499e+03
1.304100334734700027e+03
1.307586552539419927e+03
1.311089284080805555e+03
1.314608599582423039e+03
1.318144568348285929e+03
1.321697258702206909e+03
1.325266737924636345e+03
1.328853072186854206e+03
1.332456326482444865e+03
1.336076564555909727e+03
1.339713848828322625e+03
1.343368240319896358e+03
1.347039798569338245e+03
1.350728581549859655e+03
1.354434645581702625e+03
1.358158045241038053e+03
1.361898833265087433e+03
1.365657061362490822e+03
1.369432776441077067e+03
1.373226026054491740e+03
1.377036854554154161e+03
1.380865303915731374e+03
1.384711413618039842e+03
1.388575220516916943e+03
1.392456758713841282e+03
1.396356059419086705e+03
1.400273150809169238e+03
1.404208057878362524e+03
1.408160802283989824e+03
1.412131402185277921e+03
1.416119872075450303e+03
1.420126222606789270e+03
1.424150460408369099e+03
1.428192587896124678e+03
1.432252603074930903e+03
1.436330499332354975e+03
1.440426265223698238e+03
1.444539884247953296e+03
1.448671334614286934e+03
1.452820588998610901e+03
1.456987614289822886e+03
1.461172371325235190e+03
1.465374814614732941e+03
1.469594892053144349e+03
1.473832544620291856e+03
1.478087706068179614e+03
1.482360302594731593e+03
1.486650252503468437e+03
1.490957465848487345e+03
1.495281844064076267e+03
1.499623279578250504e+03
1.503981655409485029e+03
1.508356844745854914e+03
1.512748710505788722e+03
1.517157104879557892e+03
1.521581868850617866e+03
1.526022831695867808e+03
1.530479810463811873e+03
1.534952609429617951e+03
1.539441019525941329e+03
1.543944817748400283e+03
1.548463766534468959e+03
1.552997613114528576e+03
1.557546088833742260e+03
1.562108908443340852e+03
1.566685769359839014e+03
1.571276350890633466e+03
1.575880313424334190e+03
1.580497297584110129e+03
1.585126923342219470e+03
1.589768789093825490e+03
1.594422470688064550e+03
1.599087520414253504e+03
1.603763465940980041e+03
1.608449809205726751e+03
1.613146025252525988e+03
1.617851561015025254e+03
1.622565834042179631e+03
1.627288231163655155e+03
1.632018107091843831e+03
1.636754782957235420e+03
1.641497544773700383e+03
1.646245641830042587e+03
1.650998285003976662e+03
1.655754644994479577e+03
1.660513850468206783e+03
1.665274986115442516e+03
1.670037090610779842e+03
1.674799154473456156e+03
1.679560117821967879e+03
1.684318868017270688e+03
1.689074237188555344e+03
1.693824999635220820e+03
1.698569869098294930e+03
1.703307495894134263e+03
1.708036463902850983e+03
1.712755287403400416e+03
1.717462407746838608e+03
1.722156189858695370e+03
1.726834918560884489e+03
1.731496794702988609e+03
1.736139931092105144e+03
1.740762348209821539e+03
1.745361969704120838e+03
1.749936617643303862e+03
1.754484007518197814e+03
1.759001742978028005e+03
1.763487310284459909e+03
1.767938072467276697e+03
1.772351263164146076e+03
1.776723980125803791e+03
1.781053178366735438e+03
1.785335662940214434e+03
1.789568081315136624e+03
1.793746915330625825e+03
1.797868472702821464e+03
1.801928878056574149e+03
1.805924063452940118e+03
1.809849759304303007e+03
1.813701480030073981e+03
1.817474518650231403e+03
1.821163931031176844e+03
1.824764524388584505e+03
1.828270844060238915e+03
1.831677159508312570e+03
1.834977449502015133e+03
1.838165386428070633e+03
1.841234319672907532e+03
1.844177258016477026e+03
1.846986850973421042e+03
1.849655369012773690e+03
1.852174682582520745e+03
1.854536239860061869e+03
1.856731043144014393e+03
1.858749623796664309e+03
1.860582015639858582e+03
1.862217726700033836e+03
1.863645709190449224e+03
1.864854327610489918e+03
1.865831324832997097e+03
1.866563786040985406e+03
1.867038100364751017e+03
1.867239920059118504e+03
1.867154117048471335e+03
1.866764736653999535e+03
1.866054948303381025e+03
1.865006993007596066e+03
1.863602127372798122e+03
1.861820563896852946e+03
1.859641407280309068e+03
1.857042586459836912e+03
1.854000782048594829e+03
1.850491348842073876e+03
1.846488233019737436e+03
1.841963883641777102e+03
1.836889158006270918e+03
1.831233220394568662e+03
1.824963433691478940e+03
1.818045243321189673e+03
1.810442052889336992e+03
1.802115090865534285e+03
1.793023267578182413e+03
1.783123021723635702e+03
1.772368155513674537e+03
1.760709657497432090e+03
1.748095511995054949e+03
1.734470493968463416e+03
1.719775948027722734e+03
1.703949550127029852e+03
1.686925050339297513e+03
1.668631994909141440e+03
1.648995425566489757e+03
1.627935553831974175e+03
1.605367407754532223e+03
1.581200448184074503e+03
1.555338151288767449e+03
1.527677553566957386e+03
1.498108755065463129e+03
1.466514375883573166e+03
1.432768960297430567e+03
1.396738321960570602e+03
1.358278822596532564e+03
1.317236575366845955e+03
1.273446562633356507e+03
1.226731656090930301e+03
1.176901525167966838e+03
1.123751417108339410e+03
1.067060789174443244e+03
1.006591769842847157e+03
9.420874215732754919e+02
8.732697725599103933e+02
7.998375786238142382e+02
7.214637688305564325e+02
6.377925192078749888e+02
5.484358877026639902e+02
4.529699297559076285e+02
3.509301969489978887e+02
2.418065002601804565e+02
1.250367934933678526e+02
0.000000000000000000e+00
