# d_m
# unit = Mpc
1.075770557701431426e+04
1.075371029851159619e+04
1.074970376357002715e+04
1.074568591932834352e+04
1.074165671257741451e+04
1.073761608975724812e+04
1.073356399695405344e+04
1.072950037989719567e+04
1.072542518395623483e+04
1.072133835413776251e+04
1.071723983508234232e+04
1.071312957106137947e+04
1.070900750597395381e+04
1.070487358334357305e+04
1.070072774631502034e+04
1.069656993765099105e+04
1.069240009972887492e+04
1.068821817453735639e+04
1.068402410367307493e+04
1.067981782833717261e+04
1.067559928933192532e+04
1.067136842705717208e+04
1.066712518150684991e+04
1.066286949226542492e+04
1.065860129850429439e+04
1.065432053897813057e+04
1.065002715202125000e+04
1.064572107554387367e+04
1.064140224702836167e+04
1.063707060352544249e+04
1.063272608165037309e+04
1.062836861757906445e+04
1.062399814704414712e+04
1.061961460533100399e+04
1.061521792727381762e+04
1.061080804725145390e+04
1.060638489918340383e+04
1.060194841652564537e+04
1.059749853226645973e+04
1.059303517892215859e+04
1.058855828853289677e+04
1.058406779265825753e+04
1.057956362237292524e+04
1.057504570826225063e+04
1.057051398041779612e+04
1.056596836843280289e+04
1.056140880139759975e+04
1.055683520789502290e+04
1.055224751599573210e+04
1.054764565325343938e+04
1.054302954670019244e+04
1.053839912284147613e+04
1.053375430765138299e+04
1.052909502656764562e+04
1.052442120448660353e+04
1.051973276575820819e+04
1.051502963418082982e+04
1.051031173299617512e+04
1.050557898488396313e+04
1.050083131195669739e+04
1.049606863575425996e+04
1.049129087723855082e+04
1.048649795678796545e+04
1.048168979419183961e+04
1.047686630864490871e+04
1.047202741874154890e+04
1.046717304247012908e+04
1.046230309720711557e+04
1.045741749971126410e+04
1.045251616611764439e+04
1.044759901193163569e+04
1.044266595202285134e+04
1.043771690061894697e+04
1.043275177129946496e+04
1.042777047698945353e+04
1.042277292995313474e+04
1.041775904178741985e+04
1.041272872341542097e+04
1.040768188507982086e+04
1.040261843633615717e+04
1.039753828604611226e+04
1.039244134237060280e+04
1.038732751276287308e+04
1.038219670396152833e+04
1.037704882198333326e+04
1.037188377211608895e+04
1.036670145891137690e+04
1.036150178617711936e+04
1.035628465697019783e+04
1.035104997358886249e+04
1.034579763756513239e+04
1.034052754965702115e+04
1.033523960984073346e+04
1.032993371730273066e+04
1.032460977043174535e+04
1.031926766681057052e+04
1.031390730320796138e+04
1.030852857557017705e+04
1.030313137901265145e+04
1.029771560781140579e+04
1.029228115539444298e+04
1.028682791433292368e+04
1.028135578397468271e+04
1.027586463972778984e+04
1.027035437932204877e+04
1.026482489181168421e+04
1.025927606534870210e+04
1.025370778717341091e+04
1.024811994360487552e+04
1.024251242003124207e+04
1.023688510089990996e+04
1.023123786970761830e+04
1.022557060899037242e+04
1.021988320031325202e+04
1.021417552426009206e+04
1.020844746042302359e+04
1.020269888739186354e+04
1.019692968274340456e+04
1.019113972303051742e+04
1.018532888377116797e+04
1.017949703943721033e+04
1.017364406344310555e+04
1.016776982813446375e+04
1.016187420477644082e+04
1.015595706354194044e+04
1.015001827349973064e+04
1.014405770260232930e+04
1.013807521767380786e+04
1.013207068439733848e+04
1.012604396730265398e+04
1.011999492975329122e+04
1.011392343393368537e+04
1.010782934083605323e+04
1.010171251024719277e+04
1.009557280073496077e+04
1.008941006963469044e+04
1.008322417303534894e+04
1.007701496576556019e+04
1.007078230137938590e+04
1.006452603214193005e+04
1.005824600901477243e+04
1.005194208164112024e+04
1.004561409833088328e+04
1.003926190604540898e+04
1.003288535038209375e+04
1.002648427555871422e+04
1.002005852439761111e+04
1.001360793830958937e+04
1.000713235727762731e+04
1.000063161984032558e+04
9.994105563075150712e+03
9.987554022581440222e+03
9.980976832463151368e+03
9.974373825311338805e+03
9.967744832186452186e+03
9.961089682600315427e+03
9.954408204497871338e+03
9.947700224238677038e+03
9.940965566578097423e+03
9.934204054648262172e+03
9.927415509938737159e+03
9.920599752276870277e+03
9.913756599807931707e+03
9.906885868974912228e+03
9.899987374497985002e+03
9.893060929353810934e+03
9.886106344754320162e+03
9.879123430125402592e+03
9.872111993085138238e+03
9.865071839421736513e+03
9.858002773071180854e+03
9.850904596094502267e+03
9.843777108654732729e+03
9.836620108993500253e+03
9.829433393407263793e+03
9.822216756223242555e+03
9.814969989774903297e+03
9.807692884377118389e+03
9.800385228300947347e+03
9.793046807748029096e+03
9.785677406824566788e+03
9.778276807514943357e+03
9.770844789654891429e+03
9.763381130904284873e+03
9.755885606719501084e+03
9.748357990325332139e+03
9.740798052686501251e+03
9.733205562478673528e+03
9.725580286059072023e+03
9.717921987436613563e+03
9.710230428241569825e+03
9.702505367694726374e+03
9.694746562576123324e+03
9.686953767193204840e+03
9.679126733348542984e+03
9.671265210307021334e+03
9.663368944762458341e+03
9.655437680803770490e+03
9.647471159880486084e+03
9.639469120767818822e+03
9.631431299531092009e+03
9.623357429489597052e+03
9.615247241179919001e+03
9.607100462318607242e+03
9.598916817764236839e+03
9.590696029478880519e+03
9.582437816488925819e+03
9.574141894845246497e+03
9.565807977582697276e+03
9.557435774679004680e+03
9.549024993012864797e+03
9.540575336321433497e+03
9.532086505157059946e+03
9.523558196843308906e+03
9.514990105430233598e+03
9.506381921648893695e+03
9.497733332865094781e+03
9.489044023032382029e+03
9.480313672644175313e+03
9.471541958685096688e+03
9.462728554581521166e+03
9.453873130151185251e+03
9.444975351552024222e+03
9.436034881230014435e+03
9.427051377866215262e+03
9.418024496322825144e+03
9.408953887588302678e+03
9.399839198721541834e+03
9.390680072795059459e+03
9.381476148837195069e+03
9.372227061773239257e+03
9.362932442365574389e+03
9.353591917152753012e+03
9.344205108387393921e+03
9.334771633973115968e+03
9.325291107400189503e+03
9.315763137680163709e+03
9.306187329279173355e+03
9.296563282050183261e+03
9.286890591163857607e+03
9.277168847038301465e+03
9.267397635267394435e+03
9.257576536547898286e+03
9.247705126605189434e+03
9.237782976117587168e+03
9.227809650639339452e+03
9.217784710522155365e+03
9.207707710835209582e+03
9.197578201283771705e+03
9.187395726126198497e+03
9.177159824089409085e+03
9.166870028282763087e+03
9.156525866110301649e+03
9.146126859181305917e+03
9.135672523219158393e+03
9.125162367968479884e+03
9.114595897100420189e+03
9.103972608116209813e+03
9.093291992248759925e+03
9.082553534362412393e+03
9.071756712850716212e+03
9.060900999532197602e+03
9.049985859544100094e+03
9.039010751234052805e+03
9.027975126049554092e+03
9.016878428425281527e+03
9.005720095668208160e+03
8.994499557840372290e+03
8.983216237639320752e+03
8.971869550276171140e+03
8.960458903351182016e+03
8.948983696726818380e+03
8.937443322398305099e+03
8.925837164361430041e+03
8.914164598477742402e+03
8.902424992336955256e+03
8.890617705116505022e+03
8.878742087438255112e+03
8.866797481222160059e+03
8.854783219536986508e+03
8.842698626447838251e+03
8.830543016860514399e+03
8.818315696362622475e+03
8.806015961061322741e+03
8.793643097417636454e+03
8.781196382077248927e+03
8.768675081697696442e+03
8.756078452771906086e+03
8.743405741447855689e+03
8.730656183344432065e+03
8.717829003363291122e+03
8.704923415496634334e+03
8.691938622630770624e+03
8.678873816345463638e+03
8.665728176708780666e+03
8.652500872067525052e+03
8.639191058832968338e+03
8.625797881261865768e+03
8.612320471232611453e+03
8.598757948016356750e+03
8.585109418043066398e+03
8.571373974662208639e+03
8.557550697898162980e+03
8.543638654199996381e+03
8.529636896185602382e+03
8.515544462379950346e+03
8.501360376947415716e+03
8.487083649417843844e+03
8.472713274406407436e+03
8.458248231326891982e+03
8.443687484098345521e+03
8.429029980844879901e+03
8.414274653588432557e+03
8.399420417934297802e+03
8.384466172749256657e+03
8.369410799832048724e+03
8.354253163576016959e+03
8.338992116175370029e+03
8.323626474841255913e+03
8.308155055427876505e+03
8.292576649168804579e+03
8.276890028080066259e+03
8.261093944570951862e+03
8.245187131045340720e+03
8.229168299493221639e+03
8.213036141072183455e+03
8.196789325678524619e+03
8.180426501507816283e+03
8.163946294604373179e+03
8.147347308399629583e+03
8.130628123238808257e+03
8.113787295895704119e+03
8.096823359075237022e+03
8.079734820903326181e+03
8.062520164403769741e+03
8.045177846961788418e+03
8.027706299773757564e+03
8.010103927282738368e+03
7.992369106599462611e+03
7.974500186908207070e+03
7.956495488857249256e+03
7.938353303933292409e+03
7.920071893819507750e+03
7.901649489736645592e+03
7.883084291766651404e+03
7.864374468158351192e+03
7.845518154614601372e+03
7.826513453560343805e+03
7.807358433390976643e+03
7.788051127700469806e+03
7.768589534488532991e+03
7.748971615346264116e+03
7.729195294619540618e+03
7.709258458549540592e+03
7.689158954389583414e+03
7.668894589497604102e+03
7.648463130403537434e+03
7.627862301850701442e+03
7.607089785810511785e+03
7.586143220469517473e+03
7.565020199188053994e+03
7.543718269429446991e+03
7.522234931658948881e+03
7.500567638211388839e+03
7.478713792126534827e+03
7.456670745951138997e+03
7.434435800506584201e+03
7.412006203621067471e+03
7.389379148825109041e+03
7.366551774009231849e+03
7.343521160042620068e+03
7.320284329351414272e+03
7.296838244455421773e+03
7.273179806461799672e+03
7.249305853514387309e+03
7.225213159197185632e+03
7.200898430890523741e+03
7.176358308078336449e+03
7.151589360605002184e+03
7.126588086880014998e+03
7.101350912028887251e+03
7.075874185988436693e+03
7.050154181544690800e+03
7.024187092311509332e+03
6.997969030648010630e+03
6.971496025512812594e+03
6.944764020252978298e+03
6.917768870325614444e+03
6.890506340949911646e+03
6.862972104687360115e+03
6.835161738947842423e+03
6.807070723419208662e+03
6.778694437417907466e+03
6.750028157158153590e+03
6.721067052936974505e+03
6.691806186232613072e+03
6.662240506713426839e+03
6.632364849154625517e+03
6.602173930259888039e+03
6.571662345385009758e+03
6.540824565160588463e+03
6.509654932010678749e+03
6.478147656564406134e+03
6.446296813957304039e+03
6.414096340019244053e+03
6.381540027345749877e+03
6.348621521249356192e+03
6.315334315587835590e+03
6.281671748465894780e+03
6.247626997807079533e+03
6.213193076792640568e+03
6.178362829163965216e+03
6.143128924385467144e+03
6.107483852664685401e+03
6.071419919826506884e+03
6.034929242038529082e+03
5.998003740384708180e+03
5.960635135284554053e+03
5.922814943775403663e+03
5.884534461259899217e+03
5.845784774416075379e+03
5.806556742025255517e+03
5.766840991905406554e+03
5.726627914361029070e+03
5.685907655467687619e+03
5.644670110191569620e+03
5.602904915344880465e+03
5.560601442378901993e+03
5.517748790017234569e+03
5.474335776732844351e+03
5.430350933073574197e+03
5.385782493842159965e+03
5.340618390138094583e+03
5.294846241270405699e+03
5.248453346552103540e+03
5.201426676989183761e+03
5.153752866879251997e+03
5.105418205337362451e+03
5.056408627769524173e+03
5.006709707317400898e+03
4.956306646301213732e+03
4.905184267691761306e+03
4.853327006646646623e+03
4.800718902150678332e+03
4.747343588805461877e+03
4.693184288819124959e+03
4.638223804253359958e+03
4.582444509592030954e+03
4.525828344703171751e+03
4.468356808274730611e+03
4.410010951813440442e+03
4.350771374306422331e+03
4.290618217655870467e+03
4.229531163009138254e+03
4.167489428119371951e+03
4.104471765885755303e+03
4.040456464237314776e+03
3.975421347540355782e+03
3.909343779726726552e+03
3.842200669358333016e+03
3.773968476862692114e+03
3.704623224194600880e+03
3.634140507200275351e+03
3.562495510982396354e+03
3.489663028587094686e+03
3.415617483357071251e+03
3.340332955318022869e+03
3.263783211988483799e+03
3.185941744025087701e+03
3.106781806135900752e+03
3.026276463712972145e+03
2.944398645650785966e+03
2.861121203828940907e+03
2.776416979743810316e+03
2.690258878774106961e+03
2.602619952557356555e+03
2.513473489936817714e+03
2.422793116909476339e+03
2.330552905963273588e+03
2.236727495133664434e+03
2.141292217033740144e+03
2.044223238016023970e+03
1.945497707505742483e+03
1.845093917402638681e+03
1.742991471279498228e+03
1.639171462909292359e+03
1.533616663428415222e+03
1.426311716191089317e+03
1.317243338090940370e+03
1.206400525822290774e+03
1.093774765230348748e+03
9.793602415614238907e+02
8.631540480798440740e+02
7.451563901767357265e+02
6.253707817691698665e+02
5.038042304900375825e+02
3.804674079146450367e+02
2.553748008759821744e+02
1.285448398038030291e+02
0.000000000000000000e+00
