# h
# unit = 1.0/Mpc
7.032192534957912647e-03
7.012453868358521462e-03
6.992733870185632861e-03
6.973032557716701482e-03
6.953349948279433437e-03
6.933686059252011820e-03
6.914040908063364722e-03
6.894414512193402893e-03
6.874806889173275606e-03
6.855218056585620466e-03
6.835648032064819274e-03
6.816096833297264311e-03
6.796564478021612475e-03
6.777050984029031611e-03
6.757556369163486738e-03
6.738080651321992458e-03
6.718623848454875758e-03
6.699185978566058776e-03
6.679767059713312069e-03
6.660367110008536505e-03
6.640986147618039952e-03
6.621624190762800087e-03
6.602281257718763639e-03
6.582957366817109197e-03
6.563652536444533440e-03
6.544366785043543439e-03
6.525100131112733341e-03
6.505852593207080148e-03
6.486624189938225600e-03
6.467414939974781493e-03
6.448224862042615906e-03
6.429053974925150704e-03
6.409902297463664252e-03
6.390769848557592385e-03
6.371656647164831988e-03
6.352562712302045438e-03
6.333488063044971986e-03
6.314432718528739143e-03
6.295396697948168856e-03
6.276380020558105371e-03
6.257382705673719681e-03
6.238404772670840849e-03
6.219446240986270004e-03
6.200507130118117737e-03
6.181587459626113751e-03
6.162687249131954675e-03
6.143806518319628457e-03
6.124945286935751763e-03
6.106103574789904787e-03
6.087281401754972981e-03
6.068478787767498349e-03
6.049695752828010767e-03
6.030932317001391416e-03
6.012188500417211048e-03
5.993464323270096018e-03
5.974759805820072621e-03
5.956074968392940060e-03
5.937409831380626932e-03
5.918764415241547713e-03
5.900138740500987869e-03
5.881532827751463806e-03
5.862946697653100177e-03
5.844380370934006315e-03
5.825833868390662210e-03
5.807307210888287136e-03
5.788800419361244710e-03
5.770313514813418462e-03
5.751846518318610817e-03
5.733399451020938613e-03
5.714972334135228621e-03
5.696565188947426070e-03
5.678178036814992766e-03
5.659810899167322558e-03
5.641463797506149000e-03
5.623136753405964285e-03
5.604829788514437312e-03
5.586542924552837831e-03
5.568276183316455373e-03
5.550029586675041607e-03
5.531803156573233612e-03
5.513596915030993632e-03
5.495410884144051426e-03
5.477245086084347493e-03
5.459099543100475425e-03
5.440974277518148550e-03
5.422869311740639679e-03
5.404784668249249489e-03
5.386720369603768821e-03
5.368676438442946189e-03
5.350652897484956157e-03
5.332649769527875519e-03
5.314667077450175095e-03
5.296704844211180298e-03
5.278763092851582878e-03
5.260841846493916237e-03
5.242941128343061100e-03
5.225060961686746851e-03
5.207201369896047663e-03
5.189362376425905518e-03
5.171544004815635011e-03
5.153746278689442031e-03
5.135969221756955458e-03
5.118212857813747574e-03
5.100477210741869230e-03
5.082762304510394548e-03
5.065068163175946540e-03
5.047394810883260030e-03
5.029742271865734159e-03
5.012110570445972753e-03
4.994499731036370661e-03
4.976909778139660193e-03
4.959340736349498319e-03
4.941792630351038267e-03
4.924265484921511518e-03
4.906759324930822820e-03
4.889274175342136521e-03
4.871810061212484590e-03
4.854367007693365099e-03
4.836945040031353713e-03
4.819544183568729052e-03
4.802164463744079854e-03
4.784805906092948549e-03
4.767468536248458365e-03
4.750152379941949103e-03
4.732857463003636335e-03
4.715583811363248043e-03
4.698331451050697695e-03
4.681100408196741704e-03
4.663890709033652500e-03
4.646702379895895074e-03
4.629535447220818264e-03
4.612389937549333033e-03
4.595265877526627171e-03
4.578163293902853120e-03
4.561082213533855685e-03
4.544022663381877200e-03
4.526984670516293920e-03
4.509968262114340265e-03
4.492973465461854755e-03
4.476000307954026806e-03
4.459048817096155672e-03
4.442119020504403312e-03
4.425210945906570686e-03
4.408324621142880977e-03
4.391460074166756745e-03
4.374617333045619644e-03
4.357796425961690985e-03
4.340997381212802729e-03
4.324220227213218005e-03
4.307464992494451639e-03
4.290731705706118428e-03
4.274020395616760608e-03
4.257331091114716082e-03
4.240663821208980576e-03
4.224018615030059390e-03
4.207395501830875524e-03
4.190794510987637042e-03
4.174215672000749534e-03
4.157659014495719910e-03
4.141124568224072329e-03
4.124612363064282354e-03
4.108122429022711096e-03
4.091654796234550640e-03
4.075209494964793754e-03
4.058786555609188856e-03
4.042386008695230543e-03
4.026007884883142304e-03
4.009652214966885272e-03
3.993319029875160887e-03
3.977008360672441324e-03
3.960720238560002521e-03
3.944454694876971083e-03
3.928211761101378999e-03
3.911991468851236560e-03
3.895793849885609197e-03
3.879618936105721626e-03
3.863466759556055501e-03
3.847337352425467868e-03
3.831230747048330020e-03
3.815146975905662433e-03
3.799086071626306144e-03
3.783048066988079806e-03
3.767032994918971880e-03
3.751040888498344099e-03
3.735071780958129292e-03
3.719125705684071716e-03
3.703202696216968248e-03
3.687302786253913046e-03
3.671426009649579950e-03
3.655572400417501401e-03
3.639741992731373391e-03
3.623934820926375151e-03
3.608150919500492746e-03
3.592390323115876496e-03
3.576653066600204902e-03
3.560939184948062452e-03
3.545248713322346045e-03
3.529581687055670554e-03
3.513938141651814281e-03
3.498318112787160514e-03
3.482721636312173779e-03
3.467148748252884324e-03
3.451599484812392562e-03
3.436073882372397796e-03
3.420571977494746892e-03
3.405093806922985990e-03
3.389639407583958184e-03
3.374208816589398599e-03
3.358802071237566335e-03
3.343419209014885946e-03
3.328060267597614079e-03
3.312725284853534295e-03
3.297414298843662737e-03
3.282127347823984159e-03
3.266864470247209627e-03
3.251625704764550713e-03
3.236411090227530978e-03
3.221220665689806997e-03
3.206054470409024082e-03
3.190912543848688915e-03
3.175794925680079910e-03
3.160701655784166689e-03
3.145632774253566410e-03
3.130588321394528299e-03
3.115568337728945487e-03
3.100572863996378572e-03
3.085601941156131209e-03
3.070655610389341327e-03
3.055733913101100520e-03
3.040836890922611179e-03
3.025964585713364439e-03
3.011117039563358886e-03
2.996294294795340523e-03
2.981496393967092602e-03
2.966723379873727629e-03
2.951975295550045286e-03
2.937252184272909003e-03
2.922554089563654620e-03
2.907881055190538085e-03
2.893233125171226945e-03
2.878610343775311799e-03
2.864012755526869781e-03
2.849440405207064476e-03
2.834893337856774897e-03
2.820371598779275631e-03
2.805875233542947777e-03
2.791404287984045832e-03
2.776958808209488861e-03
2.762538840599705874e-03
2.748144431811522844e-03
2.733775628781093953e-03
2.719432478726879245e-03
2.705115029152668684e-03
2.690823327850650881e-03
2.676557422904538627e-03
2.662317362692733034e-03
2.648103195891549685e-03
2.633914971478487285e-03
2.619752738735554431e-03
2.605616547252646679e-03
2.591506446930984340e-03
2.577422487986603169e-03
2.563364720953897544e-03
2.549333196689233891e-03
2.535327966374613991e-03
2.521349081521406365e-03
2.507396593974134912e-03
2.493470555914335200e-03
2.479571019864477976e-03
2.465698038691952095e-03
2.451851665613127666e-03
2.438031954197477768e-03
2.424238958371777771e-03
2.410472732424377967e-03
2.396733331009552083e-03
2.383020809151913891e-03
2.369335222250928356e-03
2.355676626085486097e-03
2.342045076818570666e-03
2.328440631002006486e-03
2.314863345581293953e-03
2.301313277900530856e-03
2.287790485707423115e-03
2.274295027158397889e-03
2.260826960823790824e-03
2.247386345693153879e-03
2.233973241180642506e-03
2.220587707130519499e-03
2.207229803822752506e-03
2.193899591978722575e-03
2.180597132767043717e-03
2.167322487809487854e-03
2.154075719187035533e-03
2.140856889446032894e-03
2.127666061604476574e-03
2.114503299158420908e-03
2.101368666088507427e-03
2.088262226866635738e-03
2.075184046462755835e-03
2.062134190351801351e-03
2.049112724520768970e-03
2.036119715475933137e-03
2.023155230250219937e-03
2.010219336410717147e-03
1.997312102066359490e-03
1.984433595875755279e-03
1.971583887055194766e-03
1.958763045386813315e-03
1.945971141226938029e-03
1.933208245514605669e-03
1.920474429780270106e-03
1.907769766154693639e-03
1.895094327378034566e-03
1.882448186809128603e-03
1.869831418434981509e-03
1.857244096880470308e-03
1.844686297418256802e-03
1.832158095978925292e-03
1.819659569161355796e-03
1.807190794243316700e-03
1.794751849192321742e-03
1.782342812676713595e-03
1.769963764077020886e-03
1.757614783497569132e-03
1.745295951778371834e-03
1.733007350507292195e-03
1.720749062032501681e-03
1.708521169475230028e-03
1.696323756742823151e-03
1.684156908542120247e-03
1.672020710393145758e-03
1.659915248643147392e-03
1.647840610480974174e-03
1.635796883951809010e-03
1.623784157972272277e-03
1.611802522345900761e-03
1.599852067779018640e-03
1.587932885897012664e-03
1.576045069261022358e-03
1.564188711385055891e-03
1.552363906753555451e-03
1.540570750839414518e-03
1.528809340122470450e-03
1.517079772108485391e-03
1.505382145348627869e-03
1.493716559459477627e-03
1.482083115143566264e-03
1.470481914210479283e-03
1.458913059598523432e-03
1.447376655396996658e-03
1.435872806869069535e-03
1.424401620475299664e-03
1.412963203897807428e-03
1.401557666065127638e-03
1.390185117177770253e-03
1.378845668734500355e-03
1.367539433559383571e-03
1.356266525829602585e-03
1.345027061104085708e-03
1.333821156352970293e-03
1.322648929987939575e-03
1.311510501893446397e-03
1.300405993458881703e-03
1.289335527611694095e-03
1.278299228851521169e-03
1.267297223285352575e-03
1.256329638663765793e-03
1.245396604418286214e-03
1.234498251699894973e-03
1.223634713418743272e-03
1.212806124285113101e-03
1.202012620851667518e-03
1.191254341557047066e-03
1.180531426770861344e-03
1.169844018840124735e-03
1.159192262137202214e-03
1.148576303109311849e-03
1.137996290329655776e-03
1.127452374550238405e-03
1.116944708756436059e-03
1.106473448223395644e-03
1.096038750574324615e-03
1.085640775840758304e-03
1.075279686524878561e-03
1.064955647663960248e-03
1.054668826897054660e-03
1.044419394533966251e-03
1.034207523626649947e-03
1.024033390043109070e-03
1.013897172543899239e-03
1.003799052861355364e-03
9.937392157816412469e-04
9.837178492297518964e-04
9.737351443575864183e-04
9.637912956352173450e-04
9.538865009454976836e-04
9.440209616821460849e-04
9.341948828514507527e-04
9.244084731777522327e-04
9.146619452128679261e-04
9.049555154496188988e-04
8.952894044396433014e-04
8.856638369156747499e-04
8.760790419184808246e-04
8.665352529286620472e-04
8.570327080035190694e-04
8.475716499192117439e-04
8.381523263184338570e-04
8.287749898638462759e-04
8.194398983975141907e-04
8.101473151066141895e-04
8.008975086956751687e-04
7.916907535656434293e-04
7.825273300000575374e-04
7.734075243586501858e-04
7.643316292786883322e-04
7.552999438843852227e-04
7.463127740047325459e-04
7.373704324001066016e-04
7.284732389980236181e-04
7.196215211384258568e-04
7.108156138289003102e-04
7.020558600102396038e-04
6.933426108327703273e-04
6.846762259438893055e-04
6.760570737872539579e-04
6.674855319140940392e-04
6.589619873071149783e-04
6.504868367174770211e-04
6.420604870153444636e-04
6.336833555545006748e-04
6.253558705515379398e-04
6.170784714801271463e-04
6.088516094808737447e-04
6.006757477872680384e-04
5.925513621682237681e-04
5.844789413876912533e-04
5.764589876818126003e-04
5.684920172540656666e-04
5.605785607888070458e-04
5.527191639835919148e-04
5.449143881005943804e-04
5.371648105373964463e-04
5.294710254173373969e-04
5.218336441995296334e-04
5.142532963085447552e-04
5.067306297836495421e-04
4.992663119473303261e-04
4.918610300926689292e-04
4.845154921889504359e-04
4.772304276046469319e-04
4.700065878466635713e-04
4.628447473144409771e-04
4.557457040671539380e-04
4.487102806018684604e-04
4.417393246400671820e-04
4.348337099194556619e-04
4.279943369873877648e-04
4.212221339916157764e-04
4.145180574633437667e-04
4.078830930867636639e-04
4.013182564483504656e-04
3.948245937581965266e-04
3.884031825345538253e-04
3.820551322415357155e-04
3.757815848685810284e-04
3.695837154388120229e-04
3.634627324318249857e-04
3.574198781047049304e-04
3.514564286932014251e-04
3.455736944729995131e-04
3.397730196589077763e-04
3.340557821175591251e-04
3.284233928669064292e-04
3.228772953334216236e-04
3.174189643354986910e-04
3.120499047591792589e-04
3.067716498900059131e-04
3.015857593626424752e-04
2.964938166879641586e-04
2.914974263157108056e-04
2.865982101896373383e-04
2.817978037515087887e-04
2.770978513504349940e-04
2.725000010150739399e-04
2.680058985483400424e-04
2.636171809076081826e-04
2.593354688382009787e-04
2.551623587343640671e-04
2.510994137101317612e-04
2.471481538726153187e-04
2.433100458023889539e-04
2.395864912598593636e-04
2.359788151527408492e-04
2.324882528178979515e-04
2.291159366906313406e-04
2.258628824556177072e-04
2.227299747956903086e-04
2.197179528768499585e-04
2.168273957295837077e-04
