# mu
5.103905456573268395e+01
5.103418261665559186e+01
5.102930046877138182e+01
5.102440807997303551e+01
5.101950540789411548e+01
5.101459240990664057e+01
5.100966904311892591e+01
5.100473526437341576e+01
5.099979103024450922e+01
5.099483629703632914e+01
5.098987102078046263e+01
5.098489515723374410e+01
5.097990866187594605e+01
5.097491148990746979e+01
5.096990359624701483e+01
5.096488493552922705e+01
5.095985546210229700e+01
5.095481513002559382e+01
5.094976389306719966e+01
5.094470170470144410e+01
5.093962851810646697e+01
5.093454428616166041e+01
5.092944896144516065e+01
5.092434249623126874e+01
5.091922484248787839e+01
5.091409595187383985e+01
5.090895577573633091e+01
5.090380426510816392e+01
5.089864137070510708e+01
5.089346704292312040e+01
5.088828123183563434e+01
5.088308388719071473e+01
5.087787495840829166e+01
5.087265439457725336e+01
5.086742214445261823e+01
5.086217815645256479e+01
5.085692237865553977e+01
5.085165475879723829e+01
5.084637524426761246e+01
5.084108378210783741e+01
5.083578031900721328e+01
5.083046480130005307e+01
5.082513717496257044e+01
5.081979738560966098e+01
5.081444537849169762e+01
5.080908109849129062e+01
5.080370449012001188e+01
5.079831549751500575e+01
5.079291406443572754e+01
5.078750013426045484e+01
5.078207364998289108e+01
5.077663455420869809e+01
5.077118278915196470e+01
5.076571829663163982e+01
5.076024101806797262e+01
5.075475089447883192e+01
5.074924786647606822e+01
5.074373187426178333e+01
5.073820285762454319e+01
5.073266075593559776e+01
5.072710550814503705e+01
5.072153705277786884e+01
5.071595532793011785e+01
5.071036027126478984e+01
5.070475182000791392e+01
5.069912991094437871e+01
5.069349448041388229e+01
5.068784546430673288e+01
5.068218279805959980e+01
5.067650641665128575e+01
5.067081625459837113e+01
5.066511224595087270e+01
5.065939432428777423e+01
5.065366242271261399e+01
5.064791647384889473e+01
5.064215640983552191e+01
5.063638216232216394e+01
5.063059366246457671e+01
5.062479084091984305e+01
5.061897362784152676e+01
5.061314195287486939e+01
5.060729574515183060e+01
5.060143493328610020e+01
5.059555944536806749e+01
5.058966920895972663e+01
5.058376415108948265e+01
5.057784419824694311e+01
5.057190927637760325e+01
5.056595931087748852e+01
5.055999422658776865e+01
5.055401394778919411e+01
5.054801839819660358e+01
5.054200750095323258e+01
5.053598117862507877e+01
5.052993935319508267e+01
5.052388194605729410e+01
5.051780887801096753e+01
5.051172006925455094e+01
5.050561543937967457e+01
5.049949490736492663e+01
5.049335839156969996e+01
5.048720580972784688e+01
5.048103708055543848e+01
5.047485211725955168e+01
5.046865083730175172e+01
5.046243315584921163e+01
5.045619898741087184e+01
5.044994824583065451e+01
5.044368084428053578e+01
5.043739669525358238e+01
5.043109571055694573e+01
5.042477780130461440e+01
5.041844287791023049e+01
5.041209085007970714e+01
5.040572162680379620e+01
5.039933511635058494e+01
5.039293122625778665e+01
5.038650986332505965e+01
5.038007093360613453e+01
5.037361434240089864e+01
5.036713999424731725e+01
5.036064779291325522e+01
5.035413764138826309e+01
5.034760944187515719e+01
5.034106309578153571e+01
5.033449850371118828e+01
5.032791556545532785e+01
5.032131417998381551e+01
5.031469424543614366e+01
5.030805565911236954e+01
5.030139831746389234e+01
5.029472211608417354e+01
5.028802694969920140e+01
5.028131271215794129e+01
5.027457929642260126e+01
5.026782659455874835e+01
5.026105449772535394e+01
5.025426289616461872e+01
5.024745167919172673e+01
5.024062073518437899e+01
5.023376995157227043e+01
5.022689921482631803e+01
5.022000841044786057e+01
5.021309742295758127e+01
5.020616613588433097e+01
5.019921443175380205e+01
5.019224219207704607e+01
5.018524929733876405e+01
5.017823562698549722e+01
5.017120105941362596e+01
5.016414547195716978e+01
5.015706874087545231e+01
5.014997074134056732e+01
5.014285134742463867e+01
5.013571043208693112e+01
5.012854786716079047e+01
5.012136352334029255e+01
5.011415727016679966e+01
5.010692897601529694e+01
5.009967850808045853e+01
5.009240573236262151e+01
5.008511051365344002e+01
5.007779271552136890e+01
5.007045220029695543e+01
5.006308882905788238e+01
5.005570246161378378e+01
5.004829295649081189e+01
5.004086017091604788e+01
5.003340396080155728e+01
5.002592418072831038e+01
5.001842068392980423e+01
5.001089332227540041e+01
5.000334194625350648e+01
4.999576640495439506e+01
4.998816654605278131e+01
4.998054221579020862e+01
4.997289325895702916e+01
4.996521951887419277e+01
4.995752083737475147e+01
4.994979705478499454e+01
4.994204800990539184e+01
4.993427353999112484e+01
4.992647348073241886e+01
4.991864766623447025e+01
4.991079592899709638e+01
4.990291809989406602e+01
4.989501400815204590e+01
4.988708348132928450e+01
4.987912634529389777e+01
4.987114242420177845e+01
4.986313154047422813e+01
4.985509351477514883e+01
4.984702816598788644e+01
4.983893531119168330e+01
4.983081476563776846e+01
4.982266634272504291e+01
4.981448985397531004e+01
4.980628510900815797e+01
4.979805191551540844e+01
4.978979007923510380e+01
4.978149940392507489e+01
4.977317969133608244e+01
4.976483074118448258e+01
4.975645235112438058e+01
4.974804431671943661e+01
4.973960643141403182e+01
4.973113848650407220e+01
4.972264027110718132e+01
4.971411157213247378e+01
4.970555217424972483e+01
4.969696185985802117e+01
4.968834040905392158e+01
4.967968759959899216e+01
4.967100320688675197e+01
4.966228700390914241e+01
4.965353876122228627e+01
4.964475824691167816e+01
4.963594522655677821e+01
4.962709946319495913e+01
4.961822071728477113e+01
4.960930874666857449e+01
4.960036330653448999e+01
4.959138414937768857e+01
4.958237102496087800e+01
4.957332368027420699e+01
4.956424185949427397e+01
4.955512530394253190e+01
4.954597375204281917e+01
4.953678693927813015e+01
4.952756459814658996e+01
4.951830645811662635e+01
4.950901224558121783e+01
4.949968168381138867e+01
4.949031449290870910e+01
4.948091038975702105e+01
4.947146908797311227e+01
4.946199029785654488e+01
4.945247372633847505e+01
4.944291907692947063e+01
4.943332604966637689e+01
4.942369434105808779e+01
4.941402364403030845e+01
4.940431364786918778e+01
4.939456403816387819e+01
4.938477449674795849e+01
4.937494470163967719e+01
4.936507432698103059e+01
4.935516304297559032e+01
4.934521051582514417e+01
4.933521640766498706e+01
4.932518037649795417e+01
4.931510207612712549e+01
4.930498115608709497e+01
4.929481726157391108e+01
4.928461003337352508e+01
4.927435910778878281e+01
4.926406411656493844e+01
4.925372468681354121e+01
4.924334044093480145e+01
4.923291099653830827e+01
4.922243596636207030e+01
4.921191495818987249e+01
4.920134757476684229e+01
4.919073341371325370e+01
4.918007206743644844e+01
4.916936312304089540e+01
4.915860616223630331e+01
4.914780076124373664e+01
4.913694649069969245e+01
4.912604291555808800e+01
4.911508959499003879e+01
4.910408608228156879e+01
4.909303192472887645e+01
4.908192666353140510e+01
4.907076983368247625e+01
4.905956096385747145e+01
4.904829957629949178e+01
4.903698518670243800e+01
4.902561730409143337e+01
4.901419543070052498e+01
4.900271906184755721e+01
4.899118768580616745e+01
4.897960078367484016e+01
4.896795782924291984e+01
4.895625828885343367e+01
4.894450162126278769e+01
4.893268727749708802e+01
4.892081470070507976e+01
4.890888332600762567e+01
4.889689258034348285e+01
4.888484188231151961e+01
4.887273064200900308e+01
4.886055826086604981e+01
4.884832413147599084e+01
4.883602763742160846e+01
4.882366815309711683e+01
4.881124504352570170e+01
4.879875766417256955e+01
4.878620536075331415e+01
4.877358746903749420e+01
4.876090331464725125e+01
4.874815221285079758e+01
4.873533346835073843e+01
4.872244637506687326e+01
4.870949021591351169e+01
4.869646426257097005e+01
4.868336777525116332e+01
4.867020000245709355e+01
4.865696018073600726e+01
4.864364753442605149e+01
4.863026127539625776e+01
4.861680060277950588e+01
4.860326470269848187e+01
4.858965274798408984e+01
4.857596389788643165e+01
4.856219729777775740e+01
4.854835207884739390e+01
4.853442735923393769e+01
4.852042223786480690e+01
4.850633580296786818e+01
4.849216712577785415e+01
4.847791526168962406e+01
4.846357924989837329e+01
4.844915811302961117e+01
4.843465085675867954e+01
4.842005646941915131e+01
4.840537392160009489e+01
4.839060216573159323e+01
4.837574013565811981e+01
4.836078674619940898e+01
4.834574089269837316e+01
4.833060145055560497e+01
4.831536727474987458e+01
4.830003719934437356e+01
4.828461003697784548e+01
4.826908457834042565e+01
4.825345959163331599e+01
4.823773382201187587e+01
4.822190599101151776e+01
4.820597479595564749e+01
4.818993890934510915e+01
4.817379697822835283e+01
4.815754762355165042e+01
4.814118943948857776e+01
4.812472099274791759e+01
4.810814082185925855e+01
4.809144743643535946e+01
4.807463931641031252e+01
4.805771491125274508e+01
4.804067263915280250e+01
4.802351088618211605e+01
4.800622800542554813e+01
4.798882231608357074e+01
4.797129210254416876e+01
4.795363561342290382e+01
4.793585106056996636e+01
4.791793661804273086e+01
4.789989042104241435e+01
4.788171056481341736e+01
4.786339510350359916e+01
4.784494204898400938e+01
4.782634936962620031e+01
4.780761498903534346e+01
4.778873678473729569e+01
4.776971258681746235e+01
4.775054017650944616e+01
4.773121728473127234e+01
4.771174159056664621e+01
4.769211071968913984e+01
4.767232224272630958e+01
4.765237367356128573e+01
4.763226246756886439e+01
4.761198601978311018e+01
4.759154166299310873e+01
4.757092666576377127e+01
4.755013823037788256e+01
4.752917349069578279e+01
4.750802950992865448e+01
4.748670327832124372e+01
4.746519171073957466e+01
4.744349164415906017e+01
4.742159983504784293e+01
4.739951295664045006e+01
4.737722759609591350e+01
4.735474025153466471e+01
4.733204732894794375e+01
4.730914513897303664e+01
4.728602989352754093e+01
4.726269770229498590e+01
4.723914456905417580e+01
4.721536638784368733e+01
4.719135893895273171e+01
4.716711788472891698e+01
4.714263876519276408e+01
4.711791699344843209e+01
4.709294785087904245e+01
4.706772648211457266e+01
4.704224788975940896e+01
4.701650692886551042e+01
4.699049830113671078e+01
4.696421654884813535e+01
4.693765604846404926e+01
4.691081100393600423e+01
4.688367543966213447e+01
4.685624319308671204e+01
4.682850790691808385e+01
4.680046302094108057e+01
4.677210176339845304e+01
4.674341714191402275e+01
4.671440193392810158e+01
4.668504867661353330e+01
4.665534965623839980e+01
4.662529689693859325e+01
4.659488214886088997e+01
4.656409687563366617e+01
4.653293224111937576e+01
4.650137909539888881e+01
4.646942795993383157e+01
4.643706901295587386e+01
4.640429206828191866e+01
4.637108656457407108e+01
4.633744154185313135e+01
4.630334562277982258e+01
4.626878699147135876e+01
4.623375337096642568e+01
4.619823199923374091e+01
4.616220960361007997e+01
4.612567237354255667e+01
4.608860593149876195e+01
4.605099530189450263e+01
4.601282487787518249e+01
4.597407838576970818e+01
4.593473884701865018e+01
4.589478853735733566e+01
4.585420894301260830e+01
4.581298071364614799e+01
4.577108361174905582e+01
4.572849645816034325e+01
4.568519707334571933e+01
4.564116221403250506e+01
4.559636750475023348e+01
4.555078736377424065e+01
4.550439492291003774e+01
4.545716194048871728e+01
4.540905870686608381e+01
4.536005394163000659e+01
4.531011468161879918e+01
4.525920615873693009e+01
4.520729166641957164e+01
4.515433241344217663e+01
4.510028736359031853e+01
4.504511305949576183e+01
4.498876342869936451e+01
4.493118956971488842e+01
4.487233951553150746e+01
4.481215797159586600e+01
4.475058602484570969e+01
4.468756081981038619e+01
4.462301519712995912e+01
4.455687728905088107e+01
4.448907006550229681e+01
4.441951082320539967e+01
4.434811060887211198e+01
4.427477356584790158e+01
4.419939619146902032e+01
4.412186648983833237e+01
4.404206300154467613e+01
4.395985368789079928e+01
4.387509464222901556e+01
4.378762859473658864e+01
4.369728316899612253e+01
4.360386883854305040e+01
4.350717651837071287e+01
4.340697470923333157e+01
4.330300609005435319e+01
4.319498342385126222e+01
4.308258460250607413e+01
4.296544660136338223e+01
4.284315804004496187e+01
4.271524994213113757e+01
4.258118413999778795e+01
4.244033856134197435e+01
4.229198832810509856e+01
4.213528114408754988e+01
4.196920475803189987e+01
4.179254321796541660e+01
4.160381692494051009e+01
4.140119868975875050e+01
4.118239323236959137e+01
4.094445915176272166e+01
4.068353685575468148e+01
4.039441566947004247e+01
4.006981048583138261e+01
3.969907719641937405e+01
3.926574653641946355e+01
3.874227123743517609e+01
3.807707089547093915e+01
3.715444055298146964e+01
3.560535733431962058e+01
-inf
