# clkappa_cmb_ratio
1.441369917462482900e-19
1.324549140762141739e-19
-2.967150325253108901e-20
-3.494456627359351581e-19
-6.085615112705285523e-19
-5.159750092617792520e-19
2.572991739124665805e-19
1.637464526768275107e-18
2.591716427921330620e-18
1.817887807123815526e-18
-2.090870636314762613e-18
-7.951647668855531206e-18
-1.084815037024623323e-17
-4.928140893187159541e-18
1.506453083172113822e-17
3.857398402011297629e-17
4.265223753518909857e-17
8.972932970765046643e-19
-9.725266424382871759e-17
-1.800152271901978411e-16
-1.426612168564181227e-16
1.304409350125979704e-16
5.660174736540654781e-16
7.701282694195364921e-16
2.666672626234303070e-16
-1.313681973320959576e-15
-2.947193850036532315e-15
-2.738644878799282482e-15
1.460591042079163557e-15
9.101420346907278931e-15
1.327620958832340286e-14
5.295846064235716232e-15
-2.197528797508493048e-14
-5.070809966356500503e-14
-4.617332403746330881e-14
3.080875443490964499e-14
1.648867255219950618e-13
2.266256363406029443e-13
5.582518980562613258e-14
-4.522835994149872408e-13
-9.114066826969474572e-13
-6.763943231160906834e-13
9.393093613064076573e-13
3.235551471408573555e-12
3.689752324145964122e-12
-6.748964069042430438e-13
-1.028745986314839428e-11
-1.623970331691424111e-11
-6.479468989401519276e-12
2.869476571469870349e-11
6.382430019271968605e-11
5.023562329264013733e-11
-6.455952825786399827e-11
-2.314211689816274495e-10
-2.594723792516444143e-10
7.743308911160450457e-11
8.938353919567079663e-10
1.925409202855832406e-09
2.800607392655768476e-09
3.167251289810475504e-09
3.082472505636572452e-09
2.791732215039422061e-09
2.563780116075971526e-09
2.487551374089261925e-09
2.493624242724279834e-09
2.498477592758613487e-09
2.454589954776929453e-09
2.377913176721574499e-09
2.292379366822650978e-09
2.216707233339767940e-09
2.148808058341532018e-09
2.082359591431400757e-09
2.011659001404573516e-09
1.937930017268191600e-09
1.864978847807547396e-09
1.796807824360808022e-09
1.734733135016395414e-09
1.678484342227030850e-09
1.627690897265917510e-09
1.581821617373103920e-09
1.540173448476919298e-09
1.501905727717421198e-09
1.465957900076225029e-09
1.430998706830741610e-09
1.395488645651835454e-09
1.358313040179883177e-09
1.319550506365569244e-09
1.279464849393242486e-09
1.238514829312184541e-09
1.197705647571280109e-09
1.158281080211644819e-09
1.121440292932517457e-09
1.087501561085035494e-09
1.056498549512706841e-09
1.028372309204552092e-09
1.002486584052233107e-09
9.778550875571998058e-10
9.534105620568589685e-10
9.287387947340196074e-10
9.038626666024068390e-10
8.788313158238202113e-10
8.539783488710865164e-10
8.299151553045680986e-10
8.073237102674895756e-10
7.864400439011736045e-10
7.669311535321982300e-10
7.483774474849911259e-10
7.304334575000211711e-10
7.129061372658454151e-10
6.955887710181323357e-10
6.784200931670917668e-10
6.616510089486551337e-10
6.455965611519438220e-10
6.304356501969012514e-10
6.159913329157450606e-10
6.020117673146014630e-10
5.883713428084657212e-10
5.751944107370956348e-10
5.626323980023605680e-10
5.504760094079909254e-10
5.382028547230203945e-10
5.252869388202300007e-10
5.125573060932820568e-10
5.021613132290501660e-10
4.963475498420902822e-10
4.922170541919149493e-10
4.808587361386801657e-10
4.524731010485581798e-10
4.165061823022782893e-10
4.092174832448421374e-10
4.720094625227993113e-10
5.749041309850001007e-10
5.705375129049576526e-10
2.853552827362326092e-10
-1.916437654757832173e-10
-2.633582366247040129e-10
7.969082144298470491e-10
3.222688396240879847e-09
6.074563444519511154e-09
1.647615911205174982e-09
1.570947626288734890e-09
1.516632991332279682e-09
7.221693959329777704e-09
6.844428719720490497e-09
6.797337010310951398e-09
6.830113727695704741e-09
6.735484427169905423e-09
6.531458687097988878e-09
6.289703349262810162e-09
6.072595372102649020e-09
5.878197738626155667e-09
5.687424192730536068e-09
5.483990813577521296e-09
5.272932109626001039e-09
5.066205569730930076e-09
4.875206310711204166e-09
4.702091965203955245e-09
4.546152780770408766e-09
4.406441282885174802e-09
4.281235284121441938e-09
4.167663378694292323e-09
4.061959754711997782e-09
3.959603182791042172e-09
3.857829293344809079e-09
3.755517680119585789e-09
3.654732635653153088e-09
3.549122122670219850e-09
3.425211069565240501e-09
3.272553093589337836e-09
3.122399384339472647e-09
3.038638325794811430e-09
3.079296300972938486e-09
3.138496615355402063e-09
2.969446140226612837e-09
2.329439972930585770e-09
1.624011345367181497e-09
1.866143503433447440e-09
4.144190970263177351e-09
6.887475842264574388e-09
6.480079923943518510e-09
5.912540259646297007e-09
5.594650841716316566e-09
6.050503114844639003e-09
7.545866066077384825e-09
7.546634326415684213e-09
7.369286786051534684e-09
7.866737047760401832e-09
8.936992210758830566e-09
1.006577751918733690e-08
1.063118624791880863e-08
8.217992533882425114e-09
7.664751592051270480e-09
6.850189166677021633e-09
6.441834393694539535e-09
7.278271520913564823e-09
1.135887766252384126e-08
1.186517100099274308e-08
1.155932438442746667e-08
7.924010654471491498e-09
7.078870473832110854e-09
6.212088330338791678e-09
6.411644489709604952e-09
1.285561551178206051e-08
1.278513282889195566e-08
1.270655947297683435e-08
1.297972716291876715e-08
1.350355376436687212e-08
1.391498551239248199e-08
1.409269972093694659e-08
1.425393226159570621e-08
1.451270694455943364e-08
1.484885739490182154e-08
1.513379659334574199e-08
1.540722850623463098e-08
1.567961932624630007e-08
1.599323052332857648e-08
1.628033782885505682e-08
1.658622078754912654e-08
1.685819085061991556e-08
1.715550864130421875e-08
1.742646248226746801e-08
1.772073851828295274e-08
1.800145005998493246e-08
1.829499591011848326e-08
1.857860073119291860e-08
1.886383633073232911e-08
1.914180992234439917e-08
1.941891792774497647e-08
1.968952922522388191e-08
1.995470438771597160e-08
2.021381726600767568e-08
2.046930467943996832e-08
2.071845780875343467e-08
2.097958564920248642e-08
2.121041784617588549e-08
2.143219728747638094e-08
2.163524839704539153e-08
2.184061597557846866e-08
2.202062026507985131e-08
2.220770623207873092e-08
2.237698649176404699e-08
2.254595911527024782e-08
2.269261184981441339e-08
2.282528663596188850e-08
2.293674555471463465e-08
2.303098500327372750e-08
2.310320424221413758e-08
2.320103817933704421e-08
2.319344831548687604e-08
2.323778048041980826e-08
2.322762271340052621e-08
2.318858340464694147e-08
2.313700418707891804e-08
2.306283904154250367e-08
2.297762363916286095e-08
2.298579166960559541e-08
2.274795266986176976e-08
2.263302112644131468e-08
2.240559401862892320e-08
2.218740566538283948e-08
2.183943491104795913e-08
2.159399053403790313e-08
2.133924667636525052e-08
2.100089296774927965e-08
2.065801597121882024e-08
2.043145763767540650e-08
2.004153160269204075e-08
1.956779551872460256e-08
1.901636143748381427e-08
1.841689012548378870e-08
1.776921615505800471e-08
1.712558521250295482e-08
1.651372269827562699e-08
1.593758002673307314e-08
1.538698846638549290e-08
1.485514890459938476e-08
1.433853115050127690e-08
1.385955475733811861e-08
1.335517427443785966e-08
1.286841747051710308e-08
1.239978640646866647e-08
1.195028807222763459e-08
1.153323060533274457e-08
1.112151755893366427e-08
1.073096830036941234e-08
1.035663460654188760e-08
9.994552937018462484e-09
9.650255760858616641e-09
9.307228111846736948e-09
8.971067984440494350e-09
8.644696116699719158e-09
8.332562515480879127e-09
8.035101801535733444e-09
7.749292034051349045e-09
7.472457534758613334e-09
7.203612856007096640e-09
6.942933979079860498e-09
6.689433060256196976e-09
6.444426739831053531e-09
6.214273542833694067e-09
5.991218864940240881e-09
5.776760002168294966e-09
5.570226368562582883e-09
5.370682953097379889e-09
5.177376032870029755e-09
4.990447086486940706e-09
4.810147818563544813e-09
4.636659310561870723e-09
4.469510825381699661e-09
4.308388672210631003e-09
4.153088321661022240e-09
4.003694267655655633e-09
3.860061047250820494e-09
3.721844734862193097e-09
3.588599413425518133e-09
3.460007985719004358e-09
3.335907333461670843e-09
3.216222538010150477e-09
3.100915458250090439e-09
2.989898670354917408e-09
2.883046087869613745e-09
2.780163308335058828e-09
2.681038813284955019e-09
2.585477220943097229e-09
2.493343393514011721e-09
2.404523771678227379e-09
2.318926375942109146e-09
2.236451006702428996e-09
2.156987806960705555e-09
2.080416634243945071e-09
2.006619379608269568e-09
1.935473874535452609e-09
1.866875683669852401e-09
1.800737714320945291e-09
1.736978306630513329e-09
1.675514845647998104e-09
1.616261464124692749e-09
1.559124915644363734e-09
1.504019402357641512e-09
1.450871312598922095e-09
1.399609917541664863e-09
1.350167607155592231e-09
1.302479295998359743e-09
1.256477128076176029e-09
1.212097361298481250e-09
1.169281990132499540e-09
1.127972447229451947e-09
1.088112982953513846e-09
1.049652222130934049e-09
1.012537632880761008e-09
9.767192542582601181e-10
9.421512619442325331e-10
9.087867026325679615e-10
8.765807088705838719e-10
8.454927173701339891e-10
8.154818812711025566e-10
7.865093856462953997e-10
7.585398084155337066e-10
7.315370001436409618e-10
7.054662631022684386e-10
6.802960772736409590e-10
6.559957200701266865e-10
6.325325105631015480e-10
6.098780242555803155e-10
5.880034663253530983e-10
5.668808538532400131e-10
5.464849694978853117e-10
5.267902700813506913e-10
5.077717059130599935e-10
4.894066609064254239e-10
4.716725338245512315e-10
4.545473857791733046e-10
4.380113472633459279e-10
4.220443311147938214e-10
4.066265271166653863e-10
3.917400952018748171e-10
3.773671144085344615e-10
3.634897505526345861e-10
3.500918913257386740e-10
3.371574741004891363e-10
