# cl_delta_noiseisw
2.948144806630047329e-14
1.267889036969743432e-14
6.545780332668197745e-15
3.766500653599318937e-15
2.308103537097427644e-15
1.467155544267455850e-15
9.837212385149408603e-16
7.564718319655330393e-16
6.379032645496884904e-16
5.257278349071364388e-16
4.185468907212632516e-16
3.207368602842310557e-16
2.465336756845258794e-16
1.943106908170561696e-16
1.563565714982220028e-16
1.290931783508552287e-16
1.077202795220709151e-16
9.187232296525969998e-17
8.111079317954152822e-17
7.304996696958488335e-17
6.642976388527332058e-17
6.035079283765719556e-17
5.453573939567377406e-17
4.925973824516675872e-17
4.456675740419959841e-17
4.040488994878103800e-17
3.670530745085874508e-17
3.343183205944561896e-17
3.054488198889080259e-17
2.796929518302192886e-17
2.565203857327342146e-17
2.355590677694995887e-17
2.165205068073891030e-17
1.992425219328798389e-17
1.835655386378115129e-17
1.692863142418834717e-17
1.562682386841173765e-17
1.444152057184218950e-17
1.336143428894120441e-17
1.237923522768806432e-17
1.148243932248806607e-17
1.066310944717440469e-17
9.911711213765984371e-18
9.224024557691298478e-18
8.593358758447580717e-18
8.013147205653612397e-18
7.478078779782288954e-18
6.984549476828743748e-18
6.530727952544209917e-18
6.111949015562868806e-18
5.726067243993455244e-18
5.368500118064782230e-18
5.036430250739761142e-18
4.728628055020862421e-18
4.443525987744788442e-18
4.179056735507907471e-18
3.933465277209816668e-18
3.704802514797939786e-18
3.491752889048510193e-18
3.293750262267883097e-18
3.108391184830653324e-18
2.935111152401063942e-18
2.773439312184514168e-18
2.621837677162731433e-18
2.480054873783418824e-18
2.347204376395952639e-18
2.223218421758306440e-18
2.106811049556122132e-18
1.997688166885414465e-18
1.895011765970799844e-18
1.798258268712729251e-18
1.706981096825318755e-18
1.620960586977978888e-18
1.540022948650434844e-18
1.463834554694174583e-18
1.392089187857457483e-18
1.324499973570233187e-18
1.260770594890261387e-18
1.200693283586730560e-18
1.143934900581584199e-18
1.090343675954249548e-18
1.039661278596837004e-18
9.917749305576995124e-19
9.463837266800009754e-19
9.033938980366124097e-19
8.627769807776543414e-19
8.242410086158392633e-19
7.876215140958643650e-19
7.530301365556888538e-19
7.202118855453497812e-19
6.891249295831551910e-19
6.596596241452329164e-19
6.316615448476713336e-19
6.050997519514529334e-19
5.798077261493829074e-19
5.558469222151835042e-19
5.331062904614538175e-19
5.114249899130673483e-19
4.908521904840732793e-19
4.713900718765378352e-19
4.527987022348845725e-19
4.350273643898749609e-19
4.180243345979380704e-19
4.019117438620519249e-19
3.865672789294407652e-19
3.718807657214250985e-19
3.578998905271557954e-19
3.445474036666172697e-19
3.317877271073986149e-19
3.196024787183600519e-19
3.079518447870630869e-19
2.968316326507331107e-19
2.861866154678971826e-19
2.759933740288131593e-19
2.662520479094527628e-19
2.569533625014922043e-19
2.480699492429833809e-19
2.395596707349862910e-19
2.313998696993814017e-19
2.235972301287767633e-19
2.161075884182197198e-19
2.089249578327604185e-19
2.020931421521598128e-19
1.955057932221074291e-19
1.892003312255412141e-19
1.831439553973860883e-19
1.773467040904947394e-19
1.717897560601540759e-19
1.664600325214920667e-19
1.613544412855815739e-19
1.564680274366341326e-19
1.517752105519175709e-19
1.472950989967556400e-19
1.429943235818433554e-19
1.388530950145980711e-19
1.349091929577475752e-19
1.311286594349451042e-19
1.275122868078885911e-19
1.240452549592597697e-19
1.207206776250811720e-19
1.175462591966969665e-19
1.145108399280905847e-19
1.115974613807037349e-19
1.088185661718834835e-19
1.061599861199137488e-19
1.036189847662150616e-19
1.011828640735669218e-19
9.885999622241901681e-20
9.664879359573175090e-20
9.453428579245915337e-20
9.250594947151840262e-20
9.058219525460620858e-20
8.874816722376107558e-20
8.700157843497507748e-20
8.533315390362827636e-20
8.375273501861682719e-20
8.225137556524698214e-20
8.081612842467365127e-20
7.945846808047010714e-20
7.817470495426033005e-20
7.695046665224888022e-20
7.579434224369682922e-20
7.469550179851487931e-20
7.365960944872384466e-20
7.268388887557783788e-20
7.174749297114861166e-20
7.087849700621349210e-20
7.005595315166996192e-20
6.928465136612054081e-20
6.856273182126000551e-20
6.788236639874082484e-20
6.723940596220218712e-20
6.664668169441465432e-20
6.608825247823294123e-20
6.556755905864246724e-20
6.507879123800400530e-20
6.462834932973005791e-20
6.420195645274691744e-20
6.380477140796749933e-20
6.342969902670298064e-20
6.288919531620978263e-20
6.274403669877642147e-20
6.242656436847065257e-20
6.212304591855782212e-20
6.182419630991785046e-20
6.153765328649982214e-20
6.125190923850474289e-20
6.096447298657555694e-20
6.067586376482259947e-20
6.037543411438259050e-20
6.006396380760639142e-20
5.973389949043607537e-20
5.938609134206366627e-20
5.901236821929650638e-20
5.860983886662324409e-20
5.817586552987226223e-20
5.770678902203418709e-20
5.719924692352247003e-20
5.665025162683373539e-20
5.605731359808307736e-20
5.541867538969381549e-20
5.473274621297774181e-20
5.399730355521407698e-20
5.321452493183278969e-20
5.238334330743768180e-20
5.150609383039395390e-20
5.058300938717608113e-20
4.961760519151528261e-20
4.861281700513905013e-20
4.757214127201902576e-20
4.649831580948400192e-20
4.539734297440482128e-20
4.427256093034737821e-20
4.312935347886006408e-20
4.197158567580695906e-20
4.080541644069199200e-20
3.963425075132792661e-20
3.847423362725419226e-20
3.730666202243566862e-20
3.614740023709328797e-20
3.500053855972656499e-20
3.386781326337784195e-20
3.275498637723768621e-20
3.165367863207330448e-20
3.058503537941608900e-20
2.954091686121338533e-20
2.852389076102509967e-20
2.754357132033162578e-20
2.658323063670427158e-20
2.565343995529658385e-20
2.475254460025336650e-20
2.388162229148354011e-20
2.303291060925934144e-20
2.222314085151682048e-20
2.144260560277822204e-20
2.069167802307473180e-20
1.996980777105942378e-20
1.927591975114887091e-20
1.860893390215615223e-20
1.796953814643367655e-20
1.735553695268263708e-20
1.676680836361526525e-20
1.620171666873882491e-20
1.566017437035613184e-20
1.514096778479346281e-20
1.464325032336811443e-20
1.410956987375331547e-20
1.370979455842909225e-20
1.327276195281240858e-20
1.285292254527943574e-20
1.245010969847718358e-20
1.206434171324956686e-20
1.169443615124963678e-20
1.133896307087732824e-20
1.099828169308554183e-20
1.067190618669838310e-20
1.035746495908556256e-20
1.005665093892001955e-20
9.766500907285536380e-21
9.489300417238617879e-21
9.221320522244448480e-21
8.963842070714688850e-21
8.716181611336165623e-21
8.478855428930751485e-21
8.249259225106601441e-21
8.028681107115655325e-21
7.815678779909140921e-21
7.609933046424196596e-21
7.411923540001788455e-21
7.220559180265892977e-21
7.037210054222418124e-21
6.860545867394648615e-21
6.690042204771640913e-21
6.523623155901910293e-21
6.364153555447180344e-21
6.208624249197641431e-21
6.059328699643102781e-21
5.915025873347845268e-21
5.774195618957075310e-21
5.638921325081658505e-21
5.498965458255032258e-21
5.371510666208812444e-21
5.257248623808856890e-21
5.137924175874754098e-21
5.022479075076949047e-21
4.909852010160612983e-21
4.801059650964298321e-21
4.695252180644542501e-21
4.592144984180861697e-21
4.492274473978270718e-21
4.394936115999787442e-21
4.301202462869689195e-21
4.209528864597314606e-21
4.121063057585084335e-21
4.034825342348959890e-21
3.950277507506563223e-21
3.868641365715730344e-21
3.789518223663376873e-21
3.712092296626206578e-21
3.636564607100040589e-21
3.562768815992329596e-21
3.491348462256935218e-21
3.422179022229007722e-21
3.354314751587361511e-21
3.288084036041735375e-21
3.223803918500571930e-21
3.160921418111023238e-21
3.099894463654200370e-21
3.039859022694449722e-21
2.981893127181157325e-21
2.924899034044823004e-21
2.869471008778192080e-21
2.815205553351492552e-21
2.762264912098884455e-21
2.710620965893429049e-21
2.660019447632809986e-21
2.610731871652919192e-21
2.562512323925402581e-21
2.510367189352546285e-21
2.464758851812103652e-21
2.420027762476572574e-21
2.380115291970960729e-21
2.337298178204440436e-21
2.294947032637704976e-21
2.253905579820947297e-21
2.213650730262046508e-21
2.174112850077462681e-21
2.135587540246254700e-21
2.097876748884087970e-21
2.060966774979061034e-21
2.025249125034411659e-21
1.989777462744187528e-21
1.955172947978455509e-21
1.921179535189277433e-21
1.887905761134474377e-21
1.855540596364099850e-21
1.823610083892165542e-21
1.792552538355944015e-21
1.761917945867733652e-21
1.731980473082267979e-21
1.702763949641007259e-21
1.674074201651992807e-21
1.646024179911998087e-21
1.618446391501170939e-21
1.591432471944881918e-21
1.564991563431533641e-21
1.538711491566240430e-21
1.513371790960204280e-21
1.488498786059887661e-21
1.464306487191495952e-21
1.440461870704009558e-21
1.417062690666712336e-21
1.394175686546490938e-21
1.371789920402744427e-21
1.349787306242923561e-21
1.324830565225573819e-21
1.303691205373313575e-21
1.282973739310743337e-21
1.262706914881537535e-21
1.246259220472941782e-21
1.226801509562589202e-21
1.207703450029675603e-21
1.189008138619845566e-21
1.170649075269029531e-21
1.152678585053756359e-21
1.135067877755862497e-21
1.117723135486561032e-21
1.100838353527007045e-21
1.084234406070836783e-21
1.067922749878022041e-21
1.051933963811754382e-21
1.036269795124080756e-21
1.020915830001862066e-21
1.005818950517134941e-21
9.910679153131961851e-22
9.765991003613451691e-22
9.623754650687303436e-22
9.484278215331371339e-22
9.347998106875233926e-22
9.213873783957239191e-22
9.081977458337380064e-22
8.953080042887074736e-22
8.827063932688936414e-22
8.702725009281412255e-22
8.581186754388977346e-22
8.461616863870559214e-22
8.344372495142719725e-22
8.229412274381883735e-22
8.116714835090773265e-22
8.006241079337213737e-22
7.897574708831994434e-22
7.791437084045132047e-22
7.687049487034058699e-22
7.584405644956026429e-22
7.484189530580783353e-22
7.385311619899811043e-22
7.288814953197222910e-22
7.193970086534541382e-22
7.092093350264425184e-22
7.000883080794471415e-22
6.911584737667587781e-22
6.823848034023431107e-22
6.737669696413305950e-22
6.662145806338713178e-22
6.579139104227156521e-22
6.497991364221908512e-22
6.418392126613422622e-22
6.340629854540854357e-22
6.264063520824044835e-22
6.189323222766165266e-22
6.115775233217713297e-22
6.043728405233295130e-22
5.972872928637827276e-22
5.903820507494791232e-22
5.835938843435279302e-22
5.769241712175325953e-22
5.704019967368941051e-22
5.640280207183016626e-22
5.577722489100914801e-22
5.516628025949031112e-22
5.456695804680975064e-22
5.397680884380799621e-22
5.339853008553922583e-22
5.283491544129977207e-22
5.228337553190003996e-22
5.174079415965959202e-22
5.121054694862915812e-22
5.068975331589604989e-22
5.018364984886471201e-22
4.968698134130287947e-22
4.919728109874384128e-22
4.872300686296031257e-22
4.825545316325741872e-22
4.779822134945875472e-22
4.735319719359102416e-22
4.691821992901745908e-22
4.649119832983512771e-22
4.607679544068064816e-22
4.567041285712115966e-22
4.527415195722457643e-22
4.488400003287057307e-22
4.450691459061856900e-22
4.413877965216487089e-22
4.377834563947647418e-22
4.342568489644667064e-22
4.308393405450414193e-22
4.274834614070586482e-22
4.235890128027228581e-22
4.204594441745202792e-22
4.174001752017984147e-22
4.144151506794612445e-22
4.115517953135598745e-22
4.087408746815265030e-22
4.060083263526886015e-22
4.039949298399050454e-22
4.014107965405814706e-22
3.989577178011285262e-22
3.965793559900822403e-22
3.942814269345138752e-22
3.920546503421062516e-22
3.899297954985537313e-22
3.878479389361534975e-22
3.859530420039419807e-22
3.840319615863310983e-22
3.822260107009865713e-22
3.805053115503177589e-22
3.788560715364899502e-22
3.772625216370131886e-22
3.757838766113830479e-22
3.743614090804409745e-22
3.730272916278250258e-22
3.717683067005667489e-22
3.705873207811385978e-22
3.694920841861525311e-22
3.684640944027619552e-22
3.674782432273694939e-22
3.666050704057402309e-22
3.657709214687571603e-22
3.650247201684607279e-22
3.643553011811165930e-22
3.637678920086873866e-22
3.632010578385773651e-22
3.626944740699140088e-22
3.622819381563995489e-22
3.619237160358802991e-22
3.616114316449395670e-22
3.613387810576168916e-22
3.611286650184248047e-22
3.609805743969322715e-22
3.608332470112133637e-22
3.607515097102216662e-22
3.606938280029912225e-22
3.606735165127521121e-22
3.606574191911365473e-22
3.606648034754570328e-22
3.606873396056588712e-22
3.607079820164680096e-22
3.602422310889003318e-22
3.602719120832899665e-22
3.602753685450362822e-22
3.602961202074858639e-22
3.602661057992180473e-22
3.602024278249345004e-22
3.601360656893866226e-22
3.599975279865942795e-22
3.598283322174939639e-22
3.595917875830137012e-22
3.592989232400461495e-22
3.589247567495730003e-22
3.585016247524535919e-22
3.579875591543538266e-22
3.574010276184892366e-22
3.567277414547596919e-22
3.559649140855604224e-22
3.551086961718642070e-22
3.546130400186256487e-22
3.535634525689419512e-22
3.524286785445732157e-22
3.511819364008884994e-22
3.498243163916441899e-22
3.483687145745759958e-22
3.468265800415643704e-22
3.451879104966892587e-22
3.434333691495822052e-22
3.415980798769157882e-22
3.396957712744674943e-22
3.376851845290899765e-22
3.355931151461612683e-22
3.334115321244530429e-22
3.311887250967883901e-22
3.283927374140965300e-22
3.260029271865677023e-22
3.235529202942200970e-22
3.210475344427201759e-22
3.184915052011094885e-22
3.158998312219435750e-22
3.132465822778990018e-22
3.105671116767595103e-22
3.078557351163691519e-22
3.051068815972243747e-22
3.023449957296787345e-22
2.995542506235211751e-22
2.967582500645791124e-22
2.939412301673958595e-22
2.911261090318496741e-22
2.882969455870269749e-22
2.854760915573599805e-22
2.826568809928533950e-22
2.798420043957652230e-22
2.770432177520287394e-22
2.742443203739226880e-22
2.714649804394555845e-22
2.686987857110369603e-22
2.659466625224992859e-22
2.636107689229182317e-22
2.608934680282566109e-22
2.581938742859891898e-22
2.555119531362755321e-22
2.528664935193600011e-22
2.502234661269422159e-22
2.476265832674534151e-22
2.450486127143916095e-22
2.425014966823980889e-22
2.399736131714806209e-22
2.374755702559896660e-22
2.350059647442048875e-22
2.325657611095063248e-22
2.301450554180998444e-22
2.277615725880860465e-22
2.253979036877023269e-22
2.230612726031946491e-22
2.207599054397729910e-22
2.184848090240594827e-22
2.162356678485011366e-22
2.140195190499782788e-22
2.118470404995062719e-22
2.096792963450856898e-22
2.075427841995212506e-22
2.054369012868505557e-22
2.033374809979288926e-22
2.012750508316428714e-22
1.992411130985227352e-22
1.972343810648975215e-22
1.952544716982005904e-22
1.932931218108622925e-22
1.913644500840869943e-22
1.894532390327627179e-22
1.873118919105912002e-22
1.854500527874666809e-22
1.836178450796491285e-22
1.818069493546597105e-22
1.800166084056187303e-22
1.782396264407770584e-22
1.764884230476830964e-22
1.747700293165729480e-22
1.730689663378801947e-22
1.714055034441882746e-22
1.697515444868503631e-22
