# cl_g_isw
1.896463027881464835e-06
2.457537170407962539e-06
2.934325316393688149e-06
3.337531514387003413e-06
3.676315794759629493e-06
3.957988175494949341e-06
4.188168605914402053e-06
4.372946119786640553e-06
4.517271131279156149e-06
4.625631963657509566e-06
4.702270701411773401e-06
4.751144985080510637e-06
4.775915012724194659e-06
4.779721623747439169e-06
4.765280258487208370e-06
4.735072363382993998e-06
4.691403327385073446e-06
4.636374093098682014e-06
4.571900654494882652e-06
4.499750446600674810e-06
4.421479234003818204e-06
4.338393656757879877e-06
4.251604956429891097e-06
4.162088560226821380e-06
4.070696186148483371e-06
3.978147989748547991e-06
3.885058586583037965e-06
3.791959332985505193e-06
3.699385673726778530e-06
3.607733030174732262e-06
3.517350166362504955e-06
3.428499695685582255e-06
3.341388896039502497e-06
3.256187876272212157e-06
3.173036163670460824e-06
3.092042924276141275e-06
3.013285616901754595e-06
2.936811471372765846e-06
2.862642454491395971e-06
2.790780496312864754e-06
2.721233359351642212e-06
2.653931726517483565e-06
2.588864509819398293e-06
2.525989074002390756e-06
2.465258939721177566e-06
2.406619936306577083e-06
2.350015800705549732e-06
2.295353667109528809e-06
2.242669136904135667e-06
2.191790257943663783e-06
2.142688608322282495e-06
2.095296845533534584e-06
2.049537946028171292e-06
2.005383780536146791e-06
1.962684045761863260e-06
1.921411460017071526e-06
1.881502552488433766e-06
1.842891865235252385e-06
1.805520840548629288e-06
1.769332645333671995e-06
1.734270897973719062e-06
1.700282781245089148e-06
1.667316629556859766e-06
1.635323105320149121e-06
1.604255644012870104e-06
1.574073797690351779e-06
1.544863804101991461e-06
1.516337725993952867e-06
1.488600799227964163e-06
1.461606846223152912e-06
1.435277578160781068e-06
1.409588908160369827e-06
1.384570218683218906e-06
1.360202866141039811e-06
1.336474905155244577e-06
1.313326099018362515e-06
1.290748470448706224e-06
1.268726222570107661e-06
1.247245674192192602e-06
1.226290481616482122e-06
1.205846467287068423e-06
1.185900748693426181e-06
1.166438621427243400e-06
1.147447835818149550e-06
1.128917545702710512e-06
1.110838412926781757e-06
1.093249366113737574e-06
1.075898413891422350e-06
1.059104367269211648e-06
1.042717862212848139e-06
1.026727084279595881e-06
1.011120286070156823e-06
9.958855838079851230e-07
9.810107813355820082e-07
9.664835199780033151e-07
9.522919429153474942e-07
9.384237832710212872e-07
9.248779936866616909e-07
9.116204174505301910e-07
8.989111437936724764e-07
8.862120889510407546e-07
8.737780149368400145e-07
8.613644173772984519e-07
8.494391189008206958e-07
8.377477192735614977e-07
8.262795414845417437e-07
8.150242537780696663e-07
8.039718895844853860e-07
7.931043140254163420e-07
7.824280228549401293e-07
7.719262743372539908e-07
7.615905925656090125e-07
7.514132453485631587e-07
7.412703602703803832e-07
7.313906792303196549e-07
7.216495638409521074e-07
7.120404660373600409e-07
7.025585653146767584e-07
6.932010311520397881e-07
6.839651777419976099e-07
6.748480008016799798e-07
6.658462704351205790e-07
6.570593338118607490e-07
6.482816786158865806e-07
6.396153207444580744e-07
6.310595222394444623e-07
6.226137886961149871e-07
6.142779651222281201e-07
6.060519628276541311e-07
5.979359431347269098e-07
5.899300979571532360e-07
5.820347544074846459e-07
5.742504210037822028e-07
5.665774617617856289e-07
5.589277410901162595e-07
5.514800141084787255e-07
5.441451543756829441e-07
5.369239654987677306e-07
5.298172291234221458e-07
5.228256549081850085e-07
5.159494780325039597e-07
5.091890867690626532e-07
5.025448446767057333e-07
4.960170511860599060e-07
4.896060716939224674e-07
4.833122171654260110e-07
4.771350505441949914e-07
4.710735631462129246e-07
4.651271568748148768e-07
4.592951543378666068e-07
4.535768641772870882e-07
4.479715102695318978e-07
4.424775959705844419e-07
4.370932651892986191e-07
4.318166615923842137e-07
4.266462753900638728e-07
4.215806415523644153e-07
4.166179461467413590e-07
4.117559842821309181e-07
4.069921927061833630e-07
4.023243317869301954e-07
3.977502276541847750e-07
3.932676846231993458e-07
3.888746927571882031e-07
3.845688802382188799e-07
3.803101159029530457e-07
3.761710786511493840e-07
3.721116004260670440e-07
3.681296716312317950e-07
3.642231137936633382e-07
3.603894832475894680e-07
3.566263900700406434e-07
3.529315171785813542e-07
3.493025678803275679e-07
3.457373493667280923e-07
3.422337543187397423e-07
3.387899367511350114e-07
3.354039259368452233e-07
3.320735937066310345e-07
3.287969259181513641e-07
3.244485954606566539e-07
3.223973063383481544e-07
3.192711532511524949e-07
3.161918964294751088e-07
3.131578975403943423e-07
3.101677921558588947e-07
3.072201595608125356e-07
3.043135784419457522e-07
3.014466302864756422e-07
2.986182425538168608e-07
2.958274650541181380e-07
2.930732266106212002e-07
2.903543391742566664e-07
2.876697198005368413e-07
2.850184342030470101e-07
2.823996474198143350e-07
2.798126657238717045e-07
2.772568194863210923e-07
2.747313898174357451e-07
2.722357101515534744e-07
2.697690736832252839e-07
2.673307462099136689e-07
2.649201229379513314e-07
2.625368361139154272e-07
2.601805483555638051e-07
2.578495982441606024e-07
2.555458495584139471e-07
2.532674149903395733e-07
2.510137492835060730e-07
2.487845942211227918e-07
2.465797040496058625e-07
2.443987586249604821e-07
2.422413429244687273e-07
2.401070040254009119e-07
2.379953966668292703e-07
2.359062391143690769e-07
2.338392871616821147e-07
2.318784812181583165e-07
2.298502333829536622e-07
2.278450156859136632e-07
2.258616471771276962e-07
2.238999582500751417e-07
2.219607520915427799e-07
2.199682873715233780e-07
2.180688010659164330e-07
2.161892128769122256e-07
2.143293370820678224e-07
2.125677851236917603e-07
2.107490399242033258e-07
2.089624099191218468e-07
2.071814441906253240e-07
2.054061628798729557e-07
2.035725975061214425e-07
2.018454852233642865e-07
2.001367315372571076e-07
1.984461959582254719e-07
1.967737593166513410e-07
1.951192723924359454e-07
1.934825986527338697e-07
1.918636598519773008e-07
1.902624119848557381e-07
1.886787619907639811e-07
1.871125510450311850e-07
1.855636642335551791e-07
1.840319993611329597e-07
1.825174199401254187e-07
1.800951853830772232e-07
1.795391813022697145e-07
1.780861396381821497e-07
1.766389142639831153e-07
1.752082140044614533e-07
1.737939040114047396e-07
1.723958818328837606e-07
1.710140559999164778e-07
1.696483268694516358e-07
1.682985335456901407e-07
1.669645138061907591e-07
1.656461054903635033e-07
1.643431153682879914e-07
1.630553902270146884e-07
1.617827935236709235e-07
1.605251805162614537e-07
1.592824292029719948e-07
1.580543497424426051e-07
1.568407004171184814e-07
1.556412616525435990e-07
1.544558641099988483e-07
1.532843537340390380e-07
1.521265823943292952e-07
1.509823340962957237e-07
1.498513962020877048e-07
1.487893936330338775e-07
1.476936181518976669e-07
1.466011442441415735e-07
1.455209733202727439e-07
1.444529491023955136e-07
1.433969149137562497e-07
1.423527037743237835e-07
1.413200841237251608e-07
1.402988152999509848e-07
1.390012809894796675e-07
1.379841027228607753e-07
1.373012570266762428e-07
1.363236689104067451e-07
1.353566368256293664e-07
1.343999476837276474e-07
1.334533866530998517e-07
1.325167548702785512e-07
1.315812944374435481e-07
1.306228804634375129e-07
1.297159131479519831e-07
1.288181657061980220e-07
1.279294712350593934e-07
1.270496341507384716e-07
1.261784424664189259e-07
1.253157017325874762e-07
1.244612706078796188e-07
1.236150319247734645e-07
1.227769000856448474e-07
1.219467672811812973e-07
1.211244622431889576e-07
1.203097749370106077e-07
1.195025329830050861e-07
1.187025859775532642e-07
1.179098158421605546e-07
1.171241262075702587e-07
1.163454316252409193e-07
1.155736404752227438e-07
1.148086447607357333e-07
1.140503017162596485e-07
1.132984871004312204e-07
1.125531176706334553e-07
1.118141290821519282e-07
1.110814602544928241e-07
1.103550275762836599e-07
1.096347356338964227e-07
1.089204829958552729e-07
1.082121699233424043e-07
1.072089785193293899e-07
1.065319228973775405e-07
1.058598391153230275e-07
1.054368347126909673e-07
1.047571873785255308e-07
1.040831386856179588e-07
1.034146285675036875e-07
1.027515932751252863e-07
1.020939896608710674e-07
1.014417842810847469e-07
1.007949511787012321e-07
1.001534636420565548e-07
9.955446656291714817e-08
9.892348388668018740e-08
9.829775423182508805e-08
9.767720316574292407e-08
9.706176874376270822e-08
9.645140544507692434e-08
9.584605862735358462e-08
9.524567203668885427e-08
9.465020459186763623e-08
9.405961666118452834e-08
9.347387688651378219e-08
9.289297642865146762e-08
9.231689885455509545e-08
9.174561444737247746e-08
9.117909233915551416e-08
9.061729758112696671e-08
9.002342888527200047e-08
8.947153381067261085e-08
8.892432792249726095e-08
8.838175667940804384e-08
8.784376929836722147e-08
8.731033149484893168e-08
8.678142852651040469e-08
8.625704923423123368e-08
8.573717126621174197e-08
8.487956312588311770e-08
8.436288577080271386e-08
8.385175600640660352e-08
8.334617801976118056e-08
8.320402836836351554e-08
8.271045001310531558e-08
8.222118561681440980e-08
8.173620831752332170e-08
8.125547874296508524e-08
8.077894840378093175e-08
8.030655632646903338e-08
7.983822833052147727e-08
7.937388427582656088e-08
7.891347165639861485e-08
7.845696751625206112e-08
7.800435870092642416e-08
7.755563100938236684e-08
7.711075739424236651e-08
7.666969687380823445e-08
7.623240506678131240e-08
7.579883360447575109e-08
7.536893743913956079e-08
7.494268711367266950e-08
7.452007528876500869e-08
7.410108566493306640e-08
7.368567447684026567e-08
7.327378432490734191e-08
7.286535338589344826e-08
7.246031853929620657e-08
7.205861382199385524e-08
7.166017038823057895e-08
7.126493717942736607e-08
7.087288292166169582e-08
7.048398362791168026e-08
7.009821443894183578e-08
6.971554501615251225e-08
6.933594613676243823e-08
6.895938231182061946e-08
6.858581377402319330e-08
6.821520227614692587e-08
6.784751543683290429e-08
6.748273050845799253e-08
6.712081150178215775e-08
6.662218685238582391e-08
6.626497462778212476e-08
6.590998129170161316e-08
6.555720680033782295e-08
6.520665308407614101e-08
6.500664449725675330e-08
6.466335798009717720e-08
6.432256215475541987e-08
6.398423015081670402e-08
6.364833276000764590e-08
6.331484171634002557e-08
6.298372932679695744e-08
6.265497444341318412e-08
6.232856102651784623e-08
6.200447451611492549e-08
6.168269538726997760e-08
6.136318146132409339e-08
6.104588495570418296e-08
6.073076157161198832e-08
6.041777050424463437e-08
6.010687370081638551e-08
5.979803377555618229e-08
5.949122750384034600e-08
5.918643693017799061e-08
5.888364550854910772e-08
5.858283780357773528e-08
5.828399374530048731e-08
5.798709185524462158e-08
5.769211573706824316e-08
5.739905467066429690e-08
5.710790075804400211e-08
5.681864119925844139e-08
5.653125414014907884e-08
5.624572138535329163e-08
5.596202030382036339e-08
5.568012154103232437e-08
5.539999620316769333e-08
5.512161852394071923e-08
5.484497391221790338e-08
5.457005652848304929e-08
5.429686524088847384e-08
5.402539987973595017e-08
5.375565760602553276e-08
5.348763432479920876e-08
5.322132474956758045e-08
5.295671886391972541e-08
5.269380106854067655e-08
5.243255781646171316e-08
5.217297604929699892e-08
5.176062020666125646e-08
5.150632045303485140e-08
5.125358878502385350e-08
5.100242038709886504e-08
5.075281000213386482e-08
5.050474890110361343e-08
5.025821660877747024e-08
5.015522269018874918e-08
4.991031219152197295e-08
4.966702009514149720e-08
4.942533886169359475e-08
4.918526280086592353e-08
4.894678726263614736e-08
4.870990465610882242e-08
4.847460377042076085e-08
4.825686197980283912e-08
4.802460717239684607e-08
4.779391123296043674e-08
4.756477307507702983e-08
4.733719363425104559e-08
4.711117812124016145e-08
4.688672939508363350e-08
4.666639059467589952e-08
4.644505416263447566e-08
4.622524793170780813e-08
4.600696751775242508e-08
4.579020971802358801e-08
4.557497294550747616e-08
4.536125296254359055e-08
4.514904210287928139e-08
4.493833157655827214e-08
4.472911299492882962e-08
4.452137503833736221e-08
4.431510705041504480e-08
4.411029888719687887e-08
4.390693999407136966e-08
4.370502038718505969e-08
4.350453118273418057e-08
4.330546344416698635e-08
4.310780707510186455e-08
4.291154831453470883e-08
4.271667406444485398e-08
4.252317357826882587e-08
4.233103757258660824e-08
4.214025467830503672e-08
4.195081080740390389e-08
4.176269244463228625e-08
4.157588697200230687e-08
4.139037983021753050e-08
4.120615446791974197e-08
4.089611010573498356e-08
4.071594937370223345e-08
4.053695637948635784e-08
4.035910966191215223e-08
4.018238918489516626e-08
4.000677912497705235e-08
3.983226461502948517e-08
3.965883124335658951e-08
3.948646479836162282e-08
3.931514997019315527e-08
3.914486762286138114e-08
3.897559797672817540e-08
3.880732254963423473e-08
3.864002370897852593e-08
3.847368741504511226e-08
3.830830563354752019e-08
3.814387092467086774e-08
3.798037753134002666e-08
3.793050583427620260e-08
3.776889871325258953e-08
3.760826898958161855e-08
3.744860307158092386e-08
3.728988815873948244e-08
3.713211206908660175e-08
3.697526346909346994e-08
3.681933110353843879e-08
3.666430442170967384e-08
3.651017347903097949e-08
3.635692887894589569e-08
3.620455954515624870e-08
3.605305330811476498e-08
3.590239880795084769e-08
3.575258488778778101e-08
3.548456386886073429e-08
3.533574640640868912e-08
3.518775241320819932e-08
3.504058158798136501e-08
3.489423128773098312e-08
3.474869937792207545e-08
3.460398411034271558e-08
3.446008295021316577e-08
3.431699342948633199e-08
3.417471395370258344e-08
3.403324275203969326e-08
3.389257828039355042e-08
3.375271776227039695e-08
3.361365751209228945e-08
3.347539388944025711e-08
3.333792332289840499e-08
3.320124263504027259e-08
3.306534987754995023e-08
3.293024342687809504e-08
3.279592409092315717e-08
3.266239369882241213e-08
3.252965233355584627e-08
3.239770050138210182e-08
3.226653907886569152e-08
3.225738849187854423e-08
3.212690902293139991e-08
3.199710684504811012e-08
3.186797640038838145e-08
3.173951362677691056e-08
3.161171510875175512e-08
3.148457907677632547e-08
3.135810545924870310e-08
3.123229570999231663e-08
3.110715173160773482e-08
3.098267486276509090e-08
3.085886590335820822e-08
3.073572366084805699e-08
3.061324363633311675e-08
3.049142151274990907e-08
3.037025304396206666e-08
3.024973450955596031e-08
3.012986296718209076e-08
3.001063568938263511e-08
2.989205069167957075e-08
2.977410623747104342e-08
2.966650923663013099e-08
2.954976126774158226e-08
2.943365735859585895e-08
2.931819673117318453e-08
2.920337857385903637e-08
2.908920235387404160e-08
2.897566834475503652e-08
2.886277671509333474e-08
2.875052630248972435e-08
2.863891230061915401e-08
2.852792921478161797e-08
2.841757149467751709e-08
2.820528751600632612e-08
2.809651302076439430e-08
2.798832423766372995e-08
2.788071992506881857e-08
2.777369716241753245e-08
2.766725243874134801e-08
2.756138351960301180e-08
2.745608877852615274e-08
2.735136630846033763e-08
2.724721364597341896e-08
2.714362817736301007e-08
