# cl_iswg_isw
2.229644691403718728e-08
1.482595787327491576e-08
1.076276126308264157e-08
8.234506998088927208e-09
6.524816221059162929e-09
5.301879962761309753e-09
4.390098555472632641e-09
3.689277129396604559e-09
3.136875633569960770e-09
2.693491152844050356e-09
2.331220067804833717e-09
2.031803835984720238e-09
1.781703111738595465e-09
1.570307040122835262e-09
1.390532247956586418e-09
1.236535594881137738e-09
1.103632122889062062e-09
9.883631149626856835e-10
8.878965692682722325e-10
7.998948223039872933e-10
7.225165096948041309e-10
6.542335080014930171e-10
5.937447247850354206e-10
5.399985167606700625e-10
4.921304101073656672e-10
4.493873792976622401e-10
4.111056295925728228e-10
3.767325113122852991e-10
3.458087469152650137e-10
3.179317953716169809e-10
2.927519720705289586e-10
2.699611936964879640e-10
2.492913202629705513e-10
2.305112423901457010e-10
2.134222573108763449e-10
1.978524919501139630e-10
1.836490782945941500e-10
1.706750888052658908e-10
1.588051610488914249e-10
1.479264134803045590e-10
1.379431386918505874e-10
1.287732507971969314e-10
1.203441802489167965e-10
1.125873492370937938e-10
1.054405939243021110e-10
9.884899487359559155e-11
9.276171312528548469e-11
8.713219266133751645e-11
8.191821289022351258e-11
7.708305593004361684e-11
7.259581632251472398e-11
6.842938766761486623e-11
6.455963189145321319e-11
6.096338394648753156e-11
5.761773524645966708e-11
5.450011680667000519e-11
5.159033462132536140e-11
4.887109069062018011e-11
4.632836934464036769e-11
4.395025801812106611e-11
4.172521942806320154e-11
3.964216485159749817e-11
3.769058908726648700e-11
3.586027741856035418e-11
3.414214654345428505e-11
3.252801020060787896e-11
3.101034916601312548e-11
2.958197314000111145e-11
2.823643373600729201e-11
2.696773823310399241e-11
2.577052944051398860e-11
2.464025856197181149e-11
2.357265814742503561e-11
2.256359274146519765e-11
2.160898663562880484e-11
2.070510299402280502e-11
1.984882234935443882e-11
1.903746294565812617e-11
1.826853885089101586e-11
1.753957159096964650e-11
1.684796662751739194e-11
1.619123644571837012e-11
1.556699237796740771e-11
1.497304837764689776e-11
1.440767160250280161e-11
1.386934338763702833e-11
1.335660434045437041e-11
1.286819119491602780e-11
1.240286457734603016e-11
1.195938404852192336e-11
1.153654938665361834e-11
1.113316342755566916e-11
1.074799575428805887e-11
1.037986181446668935e-11
1.002765919977366518e-11
9.690369491683544853e-12
9.367066847621323191e-12
9.057010617370657498e-12
8.759569183376725517e-12
8.474200282549391226e-12
8.200401705878711874e-12
7.937674579005533116e-12
7.685483107504809220e-12
7.443291257439908602e-12
7.210533695093432479e-12
6.986695435704518752e-12
6.771301203369101305e-12
6.563883954735284229e-12
6.364001903846227715e-12
6.171304909940118116e-12
5.985524021937019285e-12
5.806420353055427884e-12
5.633763600247770963e-12
5.467329593535175234e-12
5.306900266455135105e-12
5.152203503213788328e-12
5.002952126960788241e-12
4.858871290267582157e-12
4.719699855299342780e-12
4.585212004946844552e-12
4.455208119116234904e-12
4.329524929042286987e-12
4.208022474117500767e-12
4.090564523978294696e-12
3.977014244960535267e-12
3.867222412589763570e-12
3.761039906461256641e-12
3.658314999717281993e-12
3.558896497883222306e-12
3.462640454637999810e-12
3.369413026935104233e-12
3.279086264337392484e-12
3.191553462657507272e-12
3.106717356174802701e-12
3.024483629342219725e-12
2.944758256501010207e-12
2.867452779797997581e-12
2.792482110865936446e-12
2.719768154309020064e-12
2.649232726551188184e-12
2.580797802823143208e-12
2.514395727476898060e-12
2.449971567611655899e-12
2.387466861462464218e-12
2.326825621703727659e-12
2.267996739863573446e-12
2.210931281619104593e-12
2.155582444334718533e-12
2.101901685158470522e-12
2.049835131118550473e-12
1.999332264269049956e-12
1.950343742163976382e-12
1.902822583935803185e-12
1.856725967378303315e-12
1.812011058425009498e-12
1.768632655370972799e-12
1.726547283174508391e-12
1.685711523330140009e-12
1.646079948226269061e-12
1.607608763734000948e-12
1.570257370023786160e-12
1.533986631967636417e-12
1.498758369796290816e-12
1.464535966161359915e-12
1.431285301460570706e-12
1.398972745236623915e-12
1.367565354814810076e-12
1.337032824677768747e-12
1.307345368281535096e-12
1.278474284219093270e-12
1.250390988459651539e-12
1.223066918933662769e-12
1.196476401570276285e-12
1.170596755216101607e-12
1.145406235218907807e-12
1.120884092858689975e-12
1.097009595557170479e-12
1.073763036896018806e-12
1.051125353663726041e-12
1.029078247577276735e-12
1.007604256864115064e-12
9.866869468064111204e-13
9.663101909245403138e-13
9.464581432202945452e-13
9.271153827604989980e-13
9.082665929869183915e-13
8.898972643574792107e-13
8.719937115326520834e-13
8.545433966539668328e-13
8.375338050856032797e-13
8.209526848529201438e-13
8.047878296056472433e-13
7.890274580069070511e-13
7.736601717284111711e-13
7.586752315009178759e-13
7.440624099162564649e-13
7.298099981222986941e-13
7.159063151734943068e-13
7.023402302240933311e-13
6.891013267395621606e-13
6.761799886138676051e-13
6.635673397220671810e-13
6.512547115230969409e-13
6.392330619832968082e-13
6.274931046925830511e-13
6.160252467034476019e-13
6.048201659079674979e-13
5.938692964229376880e-13
5.831648045964597545e-13
5.726992226280296347e-13
5.624653278362602020e-13
5.524561795665017291e-13
5.426652693016069305e-13
5.330859528174580346e-13
5.237117207157436122e-13
5.145362713229403613e-13
5.055536076344211147e-13
4.967585766890846163e-13
4.881465205391244210e-13
4.797128005524356653e-13
4.714525773621964447e-13
4.633608445234261300e-13
4.554330339784648855e-13
4.476650411586987231e-13
4.400532306406538730e-13
4.325945678971561286e-13
4.252856580494534352e-13
4.181231207358211122e-13
4.111039387511322206e-13
4.042250262247345918e-13
3.974831294540503631e-13
3.908751104317734678e-13
3.843982158148168346e-13
3.780502419086576660e-13
3.718291726736885909e-13
3.657329673303112827e-13
3.597595014080515249e-13
3.539065554971332500e-13
3.481717508642429086e-13
3.425526836036402697e-13
3.370470857169630633e-13
3.316527217634877953e-13
3.263673825463091041e-13
3.211888235372983463e-13
3.161147375631992559e-13
3.111427824039590255e-13
3.062706183028820403e-13
3.014958969992142976e-13
2.968162731710950443e-13
2.922293231445850872e-13
2.877326543312660101e-13
2.833240543585262884e-13
2.790014155977410383e-13
2.747626397812794024e-13
2.706054418873255659e-13
2.665275029284937628e-13
2.625265035727435093e-13
2.586002336043376869e-13
2.547466935893530430e-13
2.509639324517826820e-13
2.472499933848325540e-13
2.436029028901278122e-13
2.400208888136122684e-13
2.365023561457261179e-13
2.330458497650131836e-13
2.296498606481912648e-13
2.263128214448373899e-13
2.230331626232097920e-13
2.198092894113489012e-13
2.166396610781797033e-13
2.135230447426301374e-13
2.104583698387963089e-13
2.074446979528069554e-13
2.044811354416534405e-13
2.015668127092935790e-13
1.987008201694766608e-13
1.958822289990988212e-13
1.931101515534442895e-13
1.903837100661243341e-13
1.877020472429856572e-13
1.850644433696487193e-13
1.824703231460629130e-13
1.799190793533252461e-13
1.774100779369745292e-13
1.749427043005420479e-13
1.725163560631600721e-13
1.701303762060110996e-13
1.677840892959429055e-13
1.654768074526504253e-13
1.632078581266400065e-13
1.609767352599161883e-13
1.587829581544557755e-13
1.566260173940311138e-13
1.545053305616107127e-13
1.524201934125316980e-13
1.503698180493290647e-13
1.483534363139830297e-13
1.463703767855621734e-13
1.444200698319094725e-13
1.425020076859958383e-13
1.406156862297202006e-13
1.387605466853232488e-13
1.369359566112690710e-13
1.351412297630038545e-13
1.333757244895026013e-13
1.316388656176733467e-13
1.299301296641048411e-13
1.282489552953818108e-13
1.265947553432608976e-13
1.249669530564523593e-13
1.233649633007697044e-13
1.217881968777660601e-13
1.202360833538047019e-13
1.187080505994227531e-13
1.172035300995002791e-13
1.157220130395275561e-13
1.142630214449313991e-13
1.128260372843170295e-13
1.114105571431373308e-13
1.100161082510278601e-13
1.086422545456603541e-13
1.072885739483498379e-13
1.059546553549427961e-13
1.046401017463089247e-13
1.033445234117370680e-13
1.020675409619330139e-13
1.008087726453957661e-13
9.956789417748082879e-14
9.834464286164307816e-14
9.713875571751479147e-14
9.594996821378057659e-14
9.477801819605585769e-14
9.362266660834447192e-14
9.248368517546529610e-14
9.136082604971143101e-14
9.025383518348031643e-14
8.916247954966417770e-14
8.808653105423752550e-14
8.702579910351990837e-14
8.598015370667141323e-14
8.494945312233783438e-14
8.393353279895269252e-14
8.293223032835629211e-14
8.194539872377859537e-14
8.097287897655707361e-14
8.001448688008176823e-14
7.907003637937762734e-14
7.813934145181839922e-14
7.722221520911638273e-14
7.631848599866191963e-14
7.542798384977891888e-14
7.455054790249195565e-14
7.368603685293157587e-14
7.283430933284513349e-14
7.199521439599331812e-14
7.116857311244279390e-14
7.035420022750080739e-14
6.955190469108580110e-14
6.876149333842789609e-14
6.798276793729345733e-14
6.721550916405561325e-14
6.645950126674022306e-14
6.571454666368912092e-14
6.498045145942860789e-14
6.425701093077617827e-14
6.354403164245542714e-14
6.284132845039522501e-14
6.214871625487090819e-14
6.146600618495949767e-14
6.079301568617949332e-14
6.012955757176745947e-14
5.947545627476857125e-14
5.883054093058856822e-14
5.819464006905365258e-14
5.756757122404743048e-14
5.694914730815713588e-14
5.633917863772394616e-14
5.573748833238850705e-14
5.514390559992152682e-14
5.455826687514930644e-14
5.398041988174410920e-14
5.341020663741892640e-14
5.284747308659257121e-14
5.229207254881389208e-14
5.174385703237501759e-14
5.120267627507321326e-14
5.066838132141038994e-14
5.014083032182748488e-14
4.961989220980219131e-14
4.910546281676666552e-14
4.859744807633155817e-14
4.809575212064697266e-14
4.760026419199706622e-14
4.711086985295488392e-14
4.662746747679745902e-14
4.614996666311650602e-14
4.567828207978122759e-14
4.521233210971818930e-14
4.475204504403780943e-14
4.429735317684478167e-14
4.384818703184590653e-14
4.340447442671119532e-14
4.296614263501684690e-14
4.253311976646806899e-14
4.210534253355137675e-14
4.168274842950032704e-14
4.126527251622315136e-14
4.085284954354428783e-14
4.044541984304081112e-14
4.004292659270387189e-14
3.964531240738612838e-14
3.925251830658709051e-14
3.886448384241574304e-14
3.848114932017858416e-14
3.810245900514453004e-14
3.772835344073441726e-14
3.735876668817680758e-14
3.699363613842280244e-14
3.663290240229935174e-14
3.627650685766055927e-14
3.592438825369771637e-14
3.557648659403244376e-14
3.523274359045265313e-14
3.489311136979619942e-14
3.455754952441392853e-14
3.422601312273537954e-14
3.389843806933231268e-14
3.357474133207118813e-14
3.325483807720735367e-14
3.293864529300507940e-14
3.262608369218002535e-14
3.231707683789597299e-14
3.201155623155463633e-14
3.170947802874990065e-14
3.141079855309125420e-14
3.111547140113715766e-14
3.082345018235849406e-14
3.053468626789259345e-14
3.024912917271353112e-14
2.996672876780801226e-14
2.968743616214020347e-14
2.941120801712513022e-14
2.913800375216997084e-14
2.886778000940662028e-14
2.860049943246371921e-14
2.833612650127939261e-14
2.807462464600879234e-14
2.781595784850393680e-14
2.756009289906858601e-14
2.730699887451891238e-14
2.705664326048742651e-14
2.680899348411085473e-14
2.656401580889323491e-14
2.632167150486886266e-14
2.608192475856841777e-14
2.584474358213696238e-14
2.561009883257884978e-14
2.537796089802076311e-14
2.514829981696291595e-14
2.492108930994697963e-14
2.469630562654930700e-14
2.447392702551948485e-14
2.425392860355207373e-14
2.403628269565480077e-14
2.382096381760775697e-14
2.360794791412254148e-14
2.339720939536513682e-14
2.318872250474287768e-14
2.298246198114987399e-14
2.277840447466190635e-14
2.257653300029945743e-14
2.237683444715679894e-14
2.217929314290189521e-14
2.198388982019503954e-14
2.179060102871434145e-14
2.159940197325925410e-14
2.141026723925111188e-14
2.122317202773277128e-14
2.103809228040206409e-14
2.085500753710592344e-14
2.067389959734035251e-14
2.049475233468993029e-14
2.031754718610942350e-14
2.014226387736393543e-14
1.996888232386689040e-14
1.979738192607087108e-14
1.962773950937125164e-14
1.945993117231502715e-14
1.929393538439672941e-14
1.912973191326442849e-14
1.896730016690412361e-14
1.880661905517645051e-14
1.864766285307064192e-14
1.849040393204946393e-14
1.833481512202318850e-14
1.818086954185357308e-14
1.802853899778579155e-14
1.787779397375604112e-14
1.772860638092673389e-14
1.758095159356349923e-14
1.743480813129613489e-14
1.729015488090739380e-14
1.714697232213529562e-14
1.700524151600518306e-14
1.686494417350450659e-14
1.672606239318307489e-14
1.658857800866673417e-14
1.645247152467144675e-14
1.631772358530310774e-14
1.618431542167947491e-14
1.605222903602685580e-14
1.592144836314475090e-14
1.579195958574339216e-14
1.566374888276247411e-14
1.553680296689901204e-14
1.541110712752998992e-14
1.528664600683595458e-14
1.516340388911599253e-14
1.504136446335661135e-14
1.492051137751837345e-14
1.480082853663836688e-14
1.468230156822226811e-14
1.456491911404809908e-14
1.444867171805329663e-14
1.433354913162634772e-14
1.421954038786314684e-14
1.410663357829361140e-14
1.399481611000159941e-14
1.388407534544978860e-14
1.377439872970988001e-14
1.366577395046676789e-14
1.355819094116630418e-14
1.345164085920449693e-14
1.334611383224957132e-14
1.324159928969394699e-14
1.313808706523049037e-14
1.303556738189265738e-14
1.293403025237375505e-14
1.283346565817711901e-14
1.273386390491156937e-14
1.263521532789708329e-14
1.253751039788731966e-14
1.244073930896588501e-14
1.234489208619624735e-14
1.224995879332248589e-14
1.215592959841773708e-14
1.206279498651975041e-14
1.197054581491011916e-14
1.187917296510376555e-14
1.178866809315163921e-14
1.169902325260620626e-14
1.161022979299390242e-14
1.152227952098643667e-14
1.143516463823752477e-14
1.134887714538632535e-14
1.126340592393092198e-14
1.117873792223424131e-14
1.109486036088227045e-14
1.101176056269659359e-14
1.092942614184449060e-14
1.084784615946827191e-14
1.076700944229764880e-14
1.068690451034179622e-14
1.060752103024392827e-14
1.052885006998800367e-14
1.045088312105550157e-14
1.037361217132661216e-14
1.029702936310423010e-14
1.022112716343919552e-14
1.014589877905484807e-14
1.007133825576191460e-14
9.997439229194420314e-15
9.924195251512690372e-15
9.851599952744503287e-15
9.779646532460593735e-15
9.708328049671111345e-15
9.637637614485863641e-15
9.567568430283738740e-15
9.498114359862260977e-15
9.429270064526421821e-15
9.361029788160925238e-15
9.293387375724496767e-15
9.226337367339959879e-15
9.159874224783825597e-15
9.093992103718694745e-15
9.028685098886805720e-15
8.963947251125510203e-15
8.899773080808767113e-15
8.836157511251620170e-15
8.773095465990323889e-15
8.710581612500344473e-15
8.648610148582420804e-15
8.587175198717441655e-15
8.526271591765718517e-15
8.465894492175432226e-15
8.406038987328968056e-15
8.346700049949968582e-15
8.287872686845291421e-15
