# cl_g_fnu_z_2
3.307025707668076463e-08
3.526071671582300683e-08
3.761033530628561309e-08
4.012709460522039604e-08
4.281867624164642013e-08
4.568733126154043476e-08
4.874846189832924819e-08
5.200405132131594656e-08
5.545938703533359040e-08
5.911797791272014352e-08
6.298152234074569873e-08
6.704980833142227368e-08
7.132057152285208989e-08
7.578804615375626430e-08
8.044484517282207470e-08
8.528084696516249639e-08
9.027319819036617556e-08
9.540295773081494492e-08
1.006418109071377644e-07
1.059576180626094914e-07
1.112921689183448783e-07
1.166503016245828607e-07
1.219710737939735867e-07
1.271939413614632287e-07
1.321741229538866784e-07
1.369306327063211727e-07
1.413452546229966711e-07
1.453987105904526095e-07
1.489119284287115191e-07
1.518492428874489421e-07
1.541212660923005644e-07
1.556054797027072283e-07
1.561873924356242936e-07
1.559250654496546787e-07
1.546093004136300188e-07
1.522713371109754831e-07
1.489932132351357055e-07
1.446430228230541664e-07
1.393115547192239279e-07
1.331090125059082633e-07
1.261287626607307381e-07
1.185721194414809633e-07
1.107078888985407612e-07
1.026907463395068406e-07
9.477282787876982137e-08
8.711714029495204284e-08
7.990723388983403851e-08
7.338064929897112908e-08
6.715649137073107803e-08
6.156844441180977195e-08
5.641839048679214553e-08
5.154500936376476002e-08
4.680334650302026659e-08
4.213383128044536375e-08
3.752068659726634506e-08
3.312718884410326856e-08
2.889308207190569135e-08
2.512749987808960964e-08
2.190270252299801699e-08
1.908636918265071536e-08
1.666110339088236130e-08
1.462383381211621810e-08
1.252716705260536557e-08
1.059829872736026527e-08
9.117111739114069774e-09
7.782852881471561620e-09
6.601714386958107257e-09
5.633262491434525747e-09
4.730618223403135065e-09
3.970942684527203215e-09
