# cl_g_fnu_z_1
3.713164566525053997e-07
3.928790659977328716e-07
4.156791132967016512e-07
4.397131554695779875e-07
4.649678042521559267e-07
4.915901207305963393e-07
5.190463931448851683e-07
5.477934371733262186e-07
5.776430682445665111e-07
6.084569922881650863e-07
6.401200074371711372e-07
6.724893510041671210e-07
7.053074804002418856e-07
7.383625249275473458e-07
7.714378118646968449e-07
8.041097130722025010e-07
8.361090798635201605e-07
8.670110567638891446e-07
8.965255630756965751e-07
9.240256468413826335e-07
9.491405809234143291e-07
9.714279109861701256e-07
9.901565542010595890e-07
1.005059335784982382e-06
1.015528085608337981e-06
1.021106248891557510e-06
1.021390869038607012e-06
1.016063402639388445e-06
1.004841311520894698e-06
9.875957665163319844e-07
9.643765107821262448e-07
9.354615942134811006e-07
9.014276988905725119e-07
8.617992735921126222e-07
8.185312379079226504e-07
7.721201379003120363e-07
7.236521238664173193e-07
6.740822925466107568e-07
6.247325140864163366e-07
5.764064700699040054e-07
5.300581254335871106e-07
4.862097086649259031e-07
4.451662655771041528e-07
4.069959727346432471e-07
3.713777698440983365e-07
3.380538863513532908e-07
3.067902388629581454e-07
2.764824420416353907e-07
2.476910171701526134e-07
2.202019290481176481e-07
1.943004683892313756e-07
1.703375831333934707e-07
1.486119432542776357e-07
1.295178952692075037e-07
1.123894104431593461e-07
9.755679918046250366e-08
8.609158885520860382e-08
7.281476132391868731e-08
6.254833550306125456e-08
5.332047446129441031e-08
4.537781971184923144e-08
3.855838482472610650e-08
3.244202700987009006e-08
2.759582796494004487e-08
2.342077397820950089e-08
1.943373339946129522e-08
1.622187805410214709e-08
1.372708544291261994e-08
1.135309904066117568e-08
9.486983061366860782e-09
