# cl_g_fnu_z_01
6.878073142108965827e-04
6.836492596544330863e-04
6.772503861339319127e-04
6.684833201941889694e-04
6.572576256009735442e-04
6.434778711853062329e-04
6.271590270606951191e-04
6.083234338872454917e-04
5.870358367061115877e-04
5.634367359964229365e-04
5.377465988036331680e-04
5.102865590203469262e-04
4.814604283842019330e-04
4.517169564856529521e-04
4.215312593594298745e-04
3.913910846479170874e-04
3.617964965335283270e-04
3.332026814236143113e-04
3.059721991013409411e-04
2.803480356876412441e-04
2.564325271923768986e-04
2.341784017691987273e-04
2.134047570934283601e-04
1.938533705656036359e-04
1.752683530632908324e-04
1.574839369064858613e-04
1.404851714903813920e-04
1.244211625025751916e-04
1.095451551411859585e-04
9.607889794247811499e-05
8.408334771690157848e-05
7.342455276141606011e-05
6.388285959115314950e-05
5.531775139583488816e-05
4.771916054634575742e-05
4.108008199149112445e-05
3.527929121502727057e-05
3.016096971480950492e-05
2.566987486469036060e-05
2.179317412358177042e-05
1.845981861759633485e-05
1.559245080385833972e-05
1.313538637759284225e-05
1.103010599685849649e-05
9.238333043875786150e-06
7.722041758092651850e-06
6.439528278017715071e-06
5.356158640305261737e-06
4.444751366009136275e-06
3.679866220393935947e-06
3.039380461577933360e-06
2.505196689482326308e-06
2.061087344247885346e-06
1.693328590997068638e-06
1.389148922984281695e-06
1.137795989833790533e-06
9.304064653276732855e-07
7.596166804091459731e-07
6.191404480545992222e-07
5.045012165733296706e-07
4.100892718100196628e-07
3.329764921949867607e-07
2.699244965044390118e-07
2.185387853746208184e-07
1.768082601746216597e-07
1.426243252954059513e-07
1.150736395157280299e-07
9.283607049359196009e-08
7.490534401689978815e-08
4.390404229504138229e-08
