# cl_g_fnu_z_3
9.102609485206627591e-09
9.724829441152097775e-09
1.039533819173380056e-08
1.111715145558603243e-08
1.189333114404160616e-08
1.272695475955456147e-08
1.362108144887378731e-08
1.457870559524299829e-08
1.560271307010703635e-08
1.669580749906719431e-08
1.786041157077654074e-08
1.909884255872804894e-08
2.041265575986634316e-08
2.180274539479361768e-08
2.326977076571418316e-08
2.481315797861297327e-08
2.643181442435459782e-08
2.812340471224728717e-08
2.988401694029859687e-08
3.170829334296412262e-08
3.358942745114570005e-08
3.551815417360894185e-08
3.748519795643385768e-08
3.947702406451092702e-08
4.147424089359575962e-08
4.346068075753305559e-08
4.541265844445341540e-08
4.730815235725513557e-08
4.912035797946880884e-08
5.082871921177561868e-08
5.238736316921720257e-08
5.376205157064566144e-08
5.491800989875288030e-08
5.583615744337823645e-08
5.648109372594417555e-08
5.678446466029932259e-08
5.676645469000872816e-08
5.633128365131051074e-08
5.551961804026710011e-08
5.431232171500250383e-08
5.266801405402594184e-08
5.064273266205931451e-08
4.827666376691992711e-08
4.561731096069965052e-08
4.275127213245411288e-08
3.976530819056431240e-08
3.676955358486200684e-08
3.380624449670187071e-08
3.098315366361743146e-08
2.839670763415787303e-08
2.605735883439267256e-08
2.396711836626675422e-08
2.203583200580008355e-08
2.026397396036205461e-08
1.855019002937246393e-08
1.678840501979224623e-08
1.505088365491586196e-08
1.328648013580439519e-08
1.160238059107489406e-08
1.007153175575773086e-08
8.746993491944973184e-09
7.659774349899699853e-09
6.730362435947263767e-09
5.864046719892946388e-09
5.082413260935843684e-09
4.348741662624411615e-09
3.696413141342050898e-09
3.167871556002553801e-09
2.700537939133265045e-09
2.295916959125772426e-09
