# cl_iswg_fnu_z_3
3.943236964692281830e-10
3.636741880081738468e-10
3.348718301328059016e-10
3.078621945019069040e-10
2.825856102858282693e-10
2.589518850239077855e-10
2.368631449437512495e-10
2.163343785962298967e-10
1.972429624136952542e-10
1.795251339503975151e-10
1.630998385398713768e-10
1.478814174027432749e-10
1.338164734266405887e-10
1.208446684817883229e-10
1.088950876227627839e-10
9.791455357408430812e-11
8.783271765224547753e-11
7.859610943172993913e-11
7.015024716113474958e-11
6.244063710611085083e-11
5.540239876155942332e-11
4.904585798051304775e-11
4.329985727869278395e-11
3.810778064616187043e-11
3.341777519506606259e-11
2.920324441820531348e-11
2.541693296776094717e-11
2.202480144871368855e-11
1.902318017290041914e-11
1.635067532060774697e-11
1.398806039160196311e-11
1.190947860323004523e-11
1.008289651205499156e-11
8.492109552119074357e-12
7.105220761120897186e-12
5.914603287656109076e-12
4.894802533468002571e-12
4.018759656165682242e-12
3.277067407895873543e-12
2.651365203128090818e-12
2.130397263341944176e-12
1.697089474827819297e-12
1.342604375115256648e-12
1.057821981850581151e-12
8.277827278866823109e-13
6.443712026105705989e-13
4.989780694433559325e-13
3.859012627579642543e-13
2.962049195466012863e-13
2.280952321830087705e-13
1.755719705103195362e-13
1.347657395138611980e-13
1.029100792368700951e-13
7.841799674471107696e-14
5.950980506368515173e-14
4.445231977317500080e-14
3.330376249766816047e-14
2.456855417503705010e-14
1.811144941037032660e-14
1.324185481115403992e-14
9.637725142721830257e-15
7.061418252888761886e-15
5.167792567013123171e-15
3.731083584590716895e-15
2.713838951854653136e-15
1.958439802736377797e-15
1.393342027627924550e-15
1.000309053064282511e-15
7.115464664278952740e-16
5.072866209638745512e-16
