# cl_iswg_fnu_z_01
3.336047190925367496e-08
2.927936004802193004e-08
2.557329065782415676e-08
2.221579215484286220e-08
1.919349220888217933e-08
1.650347849955493144e-08
1.410371149692541015e-08
1.229318061075996471e-08
1.064069031177211982e-08
7.857083991575715491e-09
6.522508414383023477e-09
5.387592345356203831e-09
4.433714066207994506e-09
3.640478464535609960e-09
2.986913164265578091e-09
2.443876317942185761e-09
1.995646907725236273e-09
1.621499917927172952e-09
1.306894974714899128e-09
1.043285309429099811e-09
8.209681378976740433e-10
6.343405889275093043e-10
4.819580819594828066e-10
3.634918547699288581e-10
2.757179610857602874e-10
2.121862945100396554e-10
1.651566661746088602e-10
1.285536567721044735e-10
9.902215095259401279e-11
7.615436278002569639e-11
5.910388743445910013e-11
4.558216140206050662e-11
3.391241943608410942e-11
2.424718275207978819e-11
1.727039421566694649e-11
1.244441868287440243e-11
9.240384211308454669e-12
7.123182287080534666e-12
5.375086495944849505e-12
3.829092931666822359e-12
2.631330260888735377e-12
1.882402483864732209e-12
1.419143772809816890e-12
1.025401038876690109e-12
7.035025200638539428e-13
5.067680834313253318e-13
3.677621842034367521e-13
2.530644620403514606e-13
1.809786613347849797e-13
1.275878573121016877e-13
8.956170608021619319e-14
6.274992654247803442e-14
4.383056615840126934e-14
3.075803511907438852e-14
2.136640120230565034e-14
1.480882267104710972e-14
1.024448249897293457e-14
7.053075732570027377e-15
4.853305235288802806e-15
3.355909569209111539e-15
2.329686664954273683e-15
1.604643576193998494e-15
1.098492355557624867e-15
7.511592809455053048e-16
5.129430756622674133e-16
3.485107266311008573e-16
2.371207235228305550e-16
1.625302918244674903e-16
1.114424247120647832e-16
7.573627885137121826e-17
