# cl_isw_fnu_z_01
1.904428368520054394e-11
1.519549634788223622e-11
1.208019550695338200e-11
9.570084620832383159e-12
7.556269667412802443e-12
5.946355140651042902e-12
4.664864212576413621e-12
3.648069260531694453e-12
2.843883579558638641e-12
2.210476744844359573e-12
1.712761667677616496e-12
1.323074326378296166e-12
1.019110249375298327e-12
7.826517806677147508e-13
5.991637041780970075e-13
4.572900039115011030e-13
3.479441918899374523e-13
2.639050682576689698e-13
1.994958098667901634e-13
1.502881573611599409e-13
1.128138055790068688e-13
8.437438932192233067e-14
6.285875557054010296e-14
4.662668561094267099e-14
3.443909719850254751e-14
2.532241615875903985e-14
1.852468924934498296e-14
1.348197758570195157e-14
9.760538646800389718e-15
7.018863032245528138e-15
5.017637169693102083e-15
3.561977949872759816e-15
2.509686357491520759e-15
1.756633740068761087e-15
1.218890332592250687e-15
8.396402655317585380e-16
5.740229251550062110e-16
3.893879323721066951e-16
2.624438853239017728e-16
1.757623541096492209e-16
1.171093764106108060e-16
7.769897398453363277e-17
5.133780039582827835e-17
3.378614786647227917e-17
2.214099342495946040e-17
1.444574763590288062e-17
9.381414214312533146e-18
6.066623651097749708e-18
3.913812913738008144e-18
2.517759993063335824e-18
1.614332608427896693e-18
1.029424541784302833e-18
6.522119066522136151e-19
4.113415308279606429e-19
2.581981305208414581e-19
1.612590174343919845e-19
1.001085773737484762e-19
6.193808887630185287e-20
3.818905797914910318e-20
2.345673320993384117e-20
1.430087639017769794e-20
8.756533542343880465e-21
5.324164682240298912e-21
3.221837863625428925e-21
1.947935274626278980e-21
1.172173809815442475e-21
7.032603952898696495e-22
4.215711031499956011e-22
2.507129361399012661e-22
1.499709634235410582e-22
