# cl_iswg_fnu_z_2
9.337741255649809476e-10
8.592021230761862885e-10
7.892519288626558718e-10
7.237057475292239860e-10
6.624099128378564036e-10
6.052171836978598038e-10
5.519360721365868707e-10
5.023911280047216905e-10
4.564171733371091890e-10
4.138527367328346153e-10
3.745102938246740636e-10
3.381830604442241110e-10
3.047283454988286432e-10
2.739820698029685633e-10
2.457715515153865567e-10
2.199576344240088528e-10
1.963474982945274177e-10
1.748068197708548804e-10
1.551971294644255258e-10
1.373741455823686211e-10
1.212301114341844641e-10
1.066475756433361968e-10
9.349649135172006307e-11
8.174362409169173507e-11
7.117365004321275385e-11
6.173070362270464283e-11
5.329382335516439503e-11
4.576994669999103570e-11
3.918026264442626520e-11
3.335596478440852950e-11
2.824823461791796124e-11
2.379316777422361346e-11
1.991582920548328043e-11
1.657631830305090061e-11
1.370110336059606951e-11
1.124923165894902376e-11
9.197125705776667054e-12
7.450540728225187197e-12
5.987107457037644638e-12
4.780074476334205579e-12
3.788215242315825195e-12
2.977434612505604879e-12
2.326305003755228680e-12
1.816704607807068101e-12
1.410459920984439384e-12
1.091269415795143963e-12
8.408872692972987240e-13
6.455739210423089094e-13
4.953757776825557537e-13
3.806305172001367292e-13
2.921059427754301663e-13
2.227381778712989013e-13
1.681078656423110488e-13
1.263765252431181978e-13
9.465109016397147790e-14
6.931014999862738987e-14
5.149790210789543477e-14
3.758823178221413721e-14
2.761932634503309167e-14
2.022164620935655439e-14
1.465371136808851605e-14
1.081819766901196530e-14
7.779467362292387839e-15
5.531277371466857568e-15
3.998306415074378476e-15
2.880176215352311281e-15
2.035072475157598337e-15
1.457400204359559467e-15
1.029336071224102284e-15
7.299233249598752104e-16
