# cl_iswg_fnu_z_1
3.380436965366925312e-09
3.095225595942548520e-09
2.828268412665915376e-09
2.578713643771167039e-09
2.346141195573105858e-09
2.129919069395363869e-09
1.929280636806506847e-09
1.743667543755792519e-09
1.572358240356252787e-09
1.414534486009399297e-09
1.269465745111921393e-09
1.136447548512654796e-09
1.014740798210870580e-09
9.036982709466273940e-10
8.027101898838860008e-10
7.107492107488569976e-10
6.273748371044827289e-10
5.518792382024058205e-10
4.837270221641302042e-10
4.224778291217474718e-10
3.675255272057041852e-10
3.185387354615199615e-10
2.748696868358309988e-10
2.362892781257382538e-10
2.022230349311552841e-10
1.716827790752780146e-10
1.454282361167314163e-10
1.225533315526381489e-10
1.025998398146976596e-10
8.535518873298052586e-11
7.055648344545728952e-11
5.791958825693146838e-11
4.723510079545624419e-11
3.824488660712236624e-11
3.073566614128696677e-11
2.458228886050348328e-11
1.954511943644699616e-11
1.547395068637963628e-11
1.214017341970294732e-11
9.436544502462178086e-12
7.291545872198479425e-12
5.643146022294240890e-12
4.357387453357157770e-12
3.366014278018248120e-12
2.596005842959410200e-12
1.990045215805607245e-12
1.513522810511477603e-12
1.146283903594018849e-12
8.599148903141356043e-13
6.618374100859889531e-13
4.964072533984770296e-13
3.706371717681385108e-13
2.677619984340367412e-13
1.979586429024528379e-13
1.463031257125331264e-13
1.041923633902248958e-13
7.646719983857399251e-14
5.612717235069791080e-14
4.015267631324319392e-14
2.926411015050269976e-14
2.099027637547221434e-14
1.522821795685646260e-14
1.069996533302536465e-14
7.640354371664182934e-15
5.514207553622560278e-15
3.847847012745579247e-15
2.709591474861822776e-15
1.935063348774039274e-15
1.345586755712302578e-15
9.473358891339700364e-16
