1.869763609465382875e-06
0.000000000000000000e+00
1.870388842210662060e-06
0.000000000000000000e+00
0.000000000000000000e+00
1.871718456080822446e-06
1.872724668416635174e-06
1.873710649811133507e-06
1.874678055827019399e-06
1.875834633019135805e-06
1.876763643653452790e-06
1.877305974168076404e-06
1.878637930833732255e-06
1.879774586782507158e-06
1.881118699423789051e-06
1.882945687007006479e-06
1.884516021745987749e-06
1.886033801362964555e-06
1.887866440591803689e-06
1.889757575320718061e-06
1.892261230763366044e-06
1.894579177989651902e-06
1.896868194276519866e-06
1.898983608847958106e-06
1.901313625378205178e-06
1.904117824027669153e-06
1.906667713832535530e-06
1.909084574983883205e-06
1.911911900216491704e-06
1.914459416367523153e-06
1.916912733108375899e-06
1.919579893153256235e-06
1.922028768468016346e-06
1.924273855215668637e-06
1.926762794035720491e-06
1.929477767907401240e-06
1.932164239349235796e-06
1.934869467158961601e-06
1.938177777578998786e-06
1.941987254334806216e-06
1.946900263934101314e-06
1.953086823116799217e-06
1.960920151135783700e-06
1.970261311586045109e-06
1.982251980587760756e-06
1.996585928076865552e-06
2.012626836114894885e-06
2.033277976333638042e-06
2.056875402461966769e-06
2.081121295239410186e-06
2.106370754831761648e-06
2.132627305870681231e-06
2.156586103080589165e-06
2.175628201156748628e-06
2.187735113850042914e-06
2.189054204082002353e-06
2.176986961512984013e-06
2.149064313482102278e-06
2.103766034509701981e-06
2.040637748256703629e-06
1.962868921444695795e-06
1.876418115250332866e-06
1.788945047530762671e-06
1.708641747217642750e-06
1.642067827042158515e-06
1.592590373332932995e-06
1.559857437817893280e-06
1.536266719131001574e-06
1.509048902186012052e-06
1.465153825710537895e-06
1.393586826519204251e-06
1.294932494875822760e-06
1.182313479060994814e-06
1.077153672543984159e-06
9.979139491866796014e-07
9.441185290293680854e-07
8.985430169313151935e-07
8.374664724500031488e-07
7.491653741130561663e-07
6.471538234682555023e-07
5.622644532552410043e-07
5.058518099116980804e-07
4.599177807316426534e-07
4.013311603553309900e-07
3.331765443394249284e-07
2.780429371759592166e-07
2.391679142745097135e-07
1.988014778986088539e-07
1.548330851420436250e-07
