# clcibdes
1.484914839695974024e+03
1.558924536343883574e+03
1.641496327620683587e+03
1.733572933064595873e+03
1.836174832920708241e+03
1.950442619674125353e+03
2.077577946968139258e+03
2.218911410129080650e+03
2.375862752018090760e+03
2.549941558512474785e+03
2.742763006871960897e+03
2.956007006084737441e+03
3.191426660869651641e+03
3.450808498950447756e+03
3.735816311581412265e+03
4.048593682774460831e+03
4.390434269353285345e+03
4.762923579995926957e+03
5.167344414922456053e+03
5.604564903331225651e+03
6.074977816676256225e+03
6.578315127248329190e+03
7.113531520959491900e+03
7.678604418183752387e+03
8.270303456702105905e+03
8.884063717527071276e+03
9.513878637023652118e+03
1.015205564731480081e+04
1.078912318541910645e+04
1.141254613484984293e+04
1.200921849784276310e+04
1.256137939888497203e+04
1.305110485332921417e+04
1.345845620300540941e+04
1.376289462995689792e+04
1.394423139892676954e+04
1.398425349295423621e+04
1.386836690066689880e+04
1.358637454995852931e+04
1.313416411395798605e+04
1.252404232291354674e+04
1.178790806660864109e+04
1.096895415821177994e+04
1.011241821306321617e+04
9.264794216714515642e+03
8.467849291765358430e+03
7.741610901966613710e+03
7.079417054448131239e+03
6.451391340478327038e+03
5.820151472382584871e+03
5.167433656215937845e+03
4.512781420780199369e+03
3.906715486459072508e+03
3.394810511193565617e+03
2.977777020224423268e+03
2.614488395986747491e+03
2.274689133265628698e+03
1.972041142231207914e+03
1.725028513198248220e+03
1.520012124848647773e+03
1.342196153661072458e+03
1.194646509881833708e+03
1.073478123940783689e+03
9.728219847963318898e+02
8.906383340786753706e+02
8.234586317612828452e+02
7.688763135281976702e+02
7.245981445110717232e+02
6.887520430341104429e+02
6.597650584394486941e+02
