# clcibkdes
4.012063878585704797e-03
4.314078074309743091e-03
4.649866690276726298e-03
5.022872059910091051e-03
5.436804662906358221e-03
5.895627673503813122e-03
6.403613055873013521e-03
6.965203280359716018e-03
7.585126332859112863e-03
8.268257286853538529e-03
9.019551751819716509e-03
9.844147595368262643e-03
1.074693306336645983e-02
1.173287741970363736e-02
1.280593546480964309e-02
1.397046399537100504e-02
1.522938798537099882e-02
1.658470321435890488e-02
1.803702843753962268e-02
1.958517540786518935e-02
2.122577408863491472e-02
2.295282218521971576e-02
2.475720804312376080e-02
2.662621778409418605e-02
2.854316091037263983e-02
3.048687875751110096e-02
3.243144867172340073e-02
3.434594830555232764e-02
3.619371560995607306e-02
3.793387253476553783e-02
3.951843455329094590e-02
4.089714636931612857e-02
4.201724832206599897e-02
4.282585895457475395e-02
4.327263550523217928e-02
4.331349477681863125e-02
4.291475816323648412e-02
4.205770489802766049e-02
4.074719577305974810e-02
3.899073004277897603e-02
3.685484462875344980e-02
3.442615962207137836e-02
3.182016760143202561e-02
2.915422942706146978e-02
2.653335275312626931e-02
2.404361502041111806e-02
2.173015772075205868e-02
1.958331252757740046e-02
1.755400977528908529e-02
1.558113745261690934e-02
1.363413280490226656e-02
1.174468897635738869e-02
9.997781618403017018e-03
8.478289647137553578e-03
7.205385632471330432e-03
6.118653342628182709e-03
5.145806049246114296e-03
4.278190447601548999e-03
3.546825498984458331e-03
2.944410080931128288e-03
2.433252643872058866e-03
2.002125307029768795e-03
1.647910938588760575e-03
1.354660999232801038e-03
1.113385817137439249e-03
9.158649559845380168e-04
7.543555874046768304e-04
6.225765045887855873e-04
5.150888537076859499e-04
4.273834064412102614e-04
