# cldesidesi
7.869862129772502435e-01
8.469110124257208660e-01
9.135951819858307843e-01
9.877309759781497389e-01
1.070063175537660616e+00
1.161387558469305192e+00
1.262547690960620361e+00
1.374428383759203953e+00
1.497945390190933646e+00
1.634031436593984310e+00
1.783616028146402854e+00
1.947600082224904217e+00
2.126822848150266676e+00
2.322020109869737503e+00
2.533773459403263928e+00
2.762452223627097858e+00
3.008142131556545085e+00
3.270563974567905596e+00
3.549019295402863872e+00
3.841749872013066724e+00
4.143666297327978754e+00
4.455755090864241375e+00
4.775165218671946654e+00
5.096312232070766335e+00
5.412876919115004348e+00
5.717491415616964723e+00
6.001537281816137437e+00
6.255096254640132081e+00
6.467081111763065771e+00
6.625014012967179511e+00
6.720027751186423259e+00
6.744376055039723816e+00
6.678476380271878732e+00
6.510926258082745832e+00
6.246297306484937195e+00
5.902398390403972073e+00
5.491604590551816045e+00
5.042147265476960349e+00
4.589763910462612451e+00
4.167492044941143448e+00
3.799246628491291577e+00
3.484558605871454606e+00
3.195328012797356454e+00
2.889740587736354893e+00
2.540620343402222314e+00
2.166978705905540092e+00
1.829318923232642335e+00
1.573383620359597224e+00
1.371027647367754509e+00
1.168773803295522162e+00
9.752122920892819513e-01
8.228811239497781926e-01
6.939856346273652887e-01
5.794424837877053536e-01
4.865925362608878313e-01
4.074310201425824229e-01
3.419938139882007233e-01
2.877908812082789480e-01
2.429312886408419858e-01
2.060539191201054832e-01
1.755966156904185393e-01
1.504466266043559541e-01
1.295934745869763149e-01
1.122110377636221096e-01
9.761662953644105467e-02
8.525026646876530945e-02
7.466672895285364486e-02
6.551343122973647681e-02
5.751419329697920330e-02
5.045725197509077359e-02
