# cldescibdes
3.158110245136075989e+01
3.386555898638986406e+01
3.638647393366283467e+01
3.916284907376608260e+01
4.221384012601011193e+01
4.555826832371600688e+01
4.921406889741994206e+01
5.319748064444565472e+01
5.752229850195353578e+01
6.219903066735754038e+01
6.723407548526914468e+01
7.262835355054929209e+01
7.837347231362885225e+01
8.445021619672918689e+01
9.083333975617263434e+01
9.748634120030821748e+01
1.043539008617965607e+02
1.113609427808512464e+02
1.184150308657293635e+02
1.254067879391234186e+02
1.322155687883078485e+02
1.386857005171870867e+02
1.446478978415209156e+02
1.499147430283714186e+02
1.542915837709548441e+02
1.575761695580111450e+02
1.595716840193399264e+02
1.601118451625622185e+02
1.590888185430767408e+02
1.564452386077577160e+02
1.521710152801811091e+02
1.463346210099373366e+02
1.391110269198346145e+02
1.307693855683616562e+02
1.216366259813833608e+02
1.120804266976940227e+02
1.024608678766359304e+02
9.306697955314547244e+01
8.411663082644916756e+01
7.574826101496769581e+01
6.796550552185154004e+01
6.063775189618382200e+01
5.357182416757743226e+01
4.671217688477292285e+01
4.025129767858240371e+01
3.445029452786766200e+01
2.942148457346472767e+01
2.510682300117890620e+01
2.139618816998221362e+01
1.818913282172403356e+01
1.539510054140073869e+01
1.299444869652509560e+01
1.100680355499852325e+01
9.347639565067991541e+00
7.939032930422111889e+00
6.768061714485151370e+00
5.794464870569409065e+00
4.977639477729833395e+00
4.296172489424622931e+00
3.722052810618988516e+00
3.237156176816987418e+00
2.824085028189550872e+00
2.469537640798078471e+00
2.162679833235449767e+00
1.894892681286587388e+00
1.659403271813779890e+00
1.450967887201949802e+00
1.265570921001724081e+00
1.100142650309055004e+00
9.523364076527258693e-01
