# cldeskdes
5.718291888140446299e-04
6.095294542900749979e-04
6.505810225786726663e-04
6.951335930964932640e-04
7.433122196573351687e-04
7.952006950435371859e-04
8.508249314038115237e-04
9.101439770611831305e-04
9.730459403843517334e-04
1.039351967787890615e-03
1.108812853676954899e-03
1.181075915946251101e-03
1.255635682616194643e-03
1.331849301858574561e-03
1.409040195097290829e-03
1.486383757496796600e-03
1.562796010033380137e-03
1.636945321130115014e-03
1.707295879914744099e-03
1.772127002113738298e-03
1.829614496798196571e-03
1.877749188011981155e-03
1.914573998422383540e-03
1.938258286280385243e-03
1.947215369275188740e-03
1.939989305131755619e-03
1.915546025629446441e-03
1.873684842850752976e-03
1.815211875420986738e-03
1.741520399182036475e-03
1.654480925031410685e-03
1.556588871665068059e-03
1.450896753074116217e-03
1.340689397245116085e-03
1.229103569469722733e-03
1.118880835013760225e-03
1.012131276391217086e-03
9.100523224268335576e-04
8.134108440125331282e-04
7.230320294854616784e-04
6.395073073777556147e-04
5.623490634374918784e-04
4.901670870482159777e-04
4.228311751943373132e-04
3.622140234805446284e-04
3.096892627780746727e-04
2.646883011444932507e-04
2.259130976734221425e-04
1.924837718291884999e-04
1.639069593523017135e-04
1.395511548994323033e-04
1.188811896452692717e-04
1.016315896265357100e-04
8.715567685321655618e-05
7.491962682488505286e-05
6.466116385141439354e-05
5.601322803034801574e-05
4.867889283465384249e-05
4.243985570814345421e-05
3.708610704341525278e-05
3.246343129042752264e-05
2.844065021751299917e-05
2.491485084484397101e-05
2.180484319178774708e-05
1.904732117817750433e-05
1.659315289926900595e-05
1.440438593517013674e-05
1.245154599647602967e-05
1.071130195013851014e-05
9.164707593435000987e-06
