# cldesdes
9.740250471703497226e+00
1.041094275992982787e+01
1.114548030348408858e+01
1.194764664395555087e+01
1.282090706746846998e+01
1.376820623416435829e+01
1.479162004200409086e+01
1.589207144957553020e+01
1.706901077018704527e+01
1.832051846735863876e+01
1.964359257625150335e+01
2.103311334909217223e+01
2.247953184454035025e+01
2.396904006289891598e+01
2.548952928306864152e+01
2.702572689209663892e+01
2.855378503007089463e+01
3.004459918679970443e+01
3.146494994512428534e+01
3.277774955067604878e+01
3.394272532450583668e+01
3.491308269999956337e+01
3.564131469823487208e+01
3.608415155667314167e+01
3.620857870587883554e+01
3.598092552644532560e+01
3.537684803570330416e+01
3.439728112854575670e+01
3.307695117208442070e+01
3.146322054210174457e+01
2.961273020379855936e+01
2.759916249436880875e+01
2.550369811775432893e+01
2.339975868137126014e+01
2.134198888263718885e+01
1.936004761225277093e+01
1.746236298420548039e+01
1.563825880450186467e+01
1.388375402961401406e+01
1.222616407685685758e+01
1.070952757483011375e+01
9.339008253868982479e+00
8.070679472654672892e+00
6.895410496931782873e+00
5.868625010921194374e+00
5.013431113635831160e+00
4.285935662286720849e+00
3.649479942396249843e+00
3.099178767121953282e+00
2.637674949775834943e+00
2.252739110815627388e+00
1.926994412940255419e+00
1.654874927692703501e+00
1.427234077914962374e+00
1.235620947052829433e+00
1.074711553915309148e+00
9.382342107864170000e-01
8.219424509597927919e-01
7.219920705356983603e-01
6.352915754684718141e-01
5.594308186609060485e-01
4.924901094968873738e-01
4.329867980210963530e-01
3.797856540886199728e-01
3.320313816416406993e-01
2.890828693249211101e-01
2.504605693062567640e-01
2.157988707282261220e-01
1.848064712947774524e-01
1.572386916219523367e-01
