# cldesikdesi
7.054962339734544171e-05
7.592911099915001388e-05
8.191692143834090455e-05
8.857587577926556645e-05
9.597361315021165837e-05
1.041824841245313161e-04
1.132795571214945379e-04
1.233458047300707940e-04
1.344654813809612775e-04
1.467248940583306381e-04
1.602107434982258350e-04
1.750079610478446853e-04
1.911968487493293943e-04
2.088495074469481417e-04
2.280254304346313781e-04
2.487663391644976850e-04
2.710902557742596091e-04
2.949826260387418994e-04
3.203983989332022321e-04
3.471761714795045168e-04
3.749848474737384565e-04
4.038089587483070027e-04
4.333783410221517577e-04
4.632676232950258435e-04
4.929550441735803742e-04
5.217977749378683834e-04
5.490345020299731505e-04
5.737858100287914886e-04
5.950688576042010083e-04
6.117610239246501838e-04
6.230415082236728493e-04
6.279516825165357662e-04
6.250486688306672919e-04
6.132176653514374593e-04
5.925596521467132484e-04
5.639919008859724985e-04
5.286351677143859545e-04
4.888049298060062955e-04
4.474501289228536281e-04
4.075124149237730853e-04
3.713960354662289320e-04
3.397340052063179175e-04
3.109562587837572632e-04
2.820766876506477692e-04
2.506502263794431256e-04
2.172547499910179158e-04
1.856534994695179701e-04
1.593094549117160736e-04
1.374467189457789123e-04
1.173259611046586874e-04
9.908608147216193618e-05
8.383882830360527623e-05
7.049964014081277087e-05
5.894736906419965536e-05
4.943803406495522604e-05
4.138989626210573693e-05
3.464917309883448060e-05
2.906737263981037432e-05
2.444437417734173453e-05
2.063354639581267957e-05
1.748981550935621638e-05
1.489717021937959690e-05
1.275469514023712241e-05
1.097634225109309009e-05
9.492364320307659426e-06
8.244667495974842127e-06
7.186457568412171271e-06
6.280206732904687823e-06
5.496270942040380652e-06
4.811556336853738719e-06
