# clkdes
5.559665713113348976e-08
5.863255603083490806e-08
6.193439658854813567e-08
6.550561538178015344e-08
6.936346043570658619e-08
7.472632847433374107e-08
7.797531939172170315e-08
8.274782262444274430e-08
8.773814725472470281e-08
9.308184578731579389e-08
9.879151599453389129e-08
1.047650592184528819e-07
1.109292587217480887e-07
1.176431328504413341e-07
1.245940352540229095e-07
1.316395590950155449e-07
1.388670515327115093e-07
1.462797136643506530e-07
1.537718833210293065e-07
1.614624225086971399e-07
1.691680055565682648e-07
1.764015707071103526e-07
1.834724496504727621e-07
1.905963360181216572e-07
1.970502134989153622e-07
2.031772872580016588e-07
2.085270119397497414e-07
2.131622114353945864e-07
2.168032259594064606e-07
2.194198945895408354e-07
2.209907116827534554e-07
2.212325551107611850e-07
2.201605347075028631e-07
2.176632425967920310e-07
2.137910065606339888e-07
2.083373019177739640e-07
2.012234008876311535e-07
1.937061410496783595e-07
1.844932071550843140e-07
1.742550018501517470e-07
1.632163498986295284e-07
1.515733303812709529e-07
1.396229638947845128e-07
1.276064388477060327e-07
1.156747588874081929e-07
1.047886422790908160e-07
9.356846469495797224e-08
8.338633457074718164e-08
7.415568416325536765e-08
6.533944204937741731e-08
5.726261232049187945e-08
4.993500749841286296e-08
4.308231486612089006e-08
3.689804533527087558e-08
3.136585362702194325e-08
2.659519845207003816e-08
2.238367707979325986e-08
1.890459034636783387e-08
1.593156910847803212e-08
1.326680035611527910e-08
1.106812882099958121e-08
9.220312992593710694e-09
7.676017471597750462e-09
6.370919803115934460e-09
5.294331978659298619e-09
4.398062052202259856e-09
3.653875125105693724e-09
3.038424951722332170e-09
2.528299011774867772e-09
2.105579458276937863e-09
