# clkdesi
1.340404831960124995e-08
1.443441057262344576e-08
1.558321269591449336e-08
1.686322262833882233e-08
1.828836675166930506e-08
1.987376171384470881e-08
2.163573932458098274e-08
2.359183953955030812e-08
2.576076119322842968e-08
2.816226977785158824e-08
3.081703610723287111e-08
3.374639408220142716e-08
3.697201017818774528e-08
4.051542096272752716e-08
4.439744397801263904e-08
4.863742324829230956e-08
5.325242659523479744e-08
5.825542738499895563e-08
6.365701932871826832e-08
6.944896442904162038e-08
7.562603804114834167e-08
8.216624196210833885e-08
8.906680101316272541e-08
9.624977638098510937e-08
1.036860393933759993e-07
1.112704118573433219e-07
1.189091465524965195e-07
1.264693896870127011e-07
1.337940467543736259e-07
1.406967473928721066e-07
1.469921596878031854e-07
1.524730286898476806e-07
1.568270809638488535e-07
1.599079817795795733e-07
1.613748560049269602e-07
1.612846328410090803e-07
1.593536925190071894e-07
1.557857828561577614e-07
1.506320813135390106e-07
1.441872862705787966e-07
1.367285904078765939e-07
1.285751411950874176e-07
1.198705690104032323e-07
1.107781154919888516e-07
1.014225590447621007e-07
9.202340414172759020e-08
8.292465928559185243e-08
7.436741494839827978e-08
6.634853917629801248e-08
5.877999995853810211e-08
5.169325494909100074e-08
4.512271068890092219e-08
3.898533192276976724e-08
3.333779082075940438e-08
2.827609410142543380e-08
2.384942375665781720e-08
2.009908865985650830e-08
1.688975018980669382e-08
1.413382029860704935e-08
1.171315777042132434e-08
9.693634372304686054e-09
8.013518149639897759e-09
6.621369029973133875e-09
5.448332951563153450e-09
4.487951157180311892e-09
3.697711182799749045e-09
3.048209154691959824e-09
2.517015127759406030e-09
2.081930140356805463e-09
1.725821937464462397e-09
