1.000000000000000000e+00 8.859866544230055041e-01
1.122018454301963342e+00 8.895704132628585725e-01
1.258925411794167282e+00 8.930867675775734371e-01
1.412537544622754382e+00 8.965309031026252873e-01
1.584893192461113598e+00 8.998724833854304661e-01
1.778279410038922759e+00 9.013074205537022765e-01
1.995262314968879735e+00 9.061719536360134386e-01
2.238721138568339875e+00 9.086212963254642894e-01
2.511886431509580131e+00 9.110262519259444414e-01
2.818382931264453717e+00 9.131953908293080069e-01
3.162277660168379523e+00 9.152942821619245439e-01
3.548133892335755046e+00 9.174746878592779931e-01
3.981071705534973137e+00 9.195832790493200237e-01
4.466835921509631824e+00 9.214866307162352665e-01
5.011872336272723771e+00 9.232485935329005633e-01
5.623413251903491172e+00 9.252112499955549296e-01
6.309573444801933384e+00 9.270719099605888580e-01
7.079457843841380438e+00 9.288167493172605482e-01
7.943282347242815788e+00 9.305031469803715094e-01
8.912509381337455849e+00 9.319342873271353467e-01
1.000000000000000000e+01 9.332016026325533620e-01
1.122018454301963608e+01 9.346370675547349682e-01
1.258925411794167459e+01 9.358782654835692272e-01
1.412537544622754737e+01 9.366930754074414001e-01
1.584893192461114175e+01 9.375523447925404597e-01
1.778279410038922848e+01 9.381146438311488422e-01
1.995262314968879735e+01 9.386128253520567011e-01
2.238721138568340052e+01 9.389251645743238450e-01
2.511886431509580930e+01 9.391437751390139255e-01
2.818382931264455138e+01 9.392153788356258914e-01
3.162277660168379256e+01 9.390600690172932197e-01
3.548133892335754780e+01 9.387785448369356800e-01
3.981071705534973404e+01 9.382806571230333237e-01
4.466835921509632357e+01 9.375706558177389072e-01
5.011872336272725192e+01 9.365661745911542102e-01
5.623413251903490817e+01 9.353751468395126167e-01
6.309573444801932851e+01 9.340635509954646754e-01
7.079457843841380793e+01 9.317066034157007737e-01
7.943282347242816854e+01 9.293099152084868253e-01
8.912509381337459047e+01 9.263417414276444717e-01
1.000000000000000000e+02 9.227792077654508596e-01
1.122018454301964141e+02 9.185835176228164256e-01
1.258925411794167530e+02 9.137846311412191058e-01
1.412537544622753956e+02 9.085762222098751062e-01
1.584893192461114211e+02 9.032851727404230813e-01
1.778279410038922776e+02 8.967020466765850406e-01
1.995262314968880730e+02 8.919806033303835369e-01
2.238721138568340052e+02 8.865686122044346140e-01
2.511886431509582280e+02 8.800247681145636491e-01
2.818382931264454783e+02 8.734960945905495544e-01
3.162277660168379612e+02 8.652576168142682711e-01
3.548133892335756627e+02 8.546121632882516250e-01
3.981071705534973262e+02 8.432351764761458757e-01
4.466835921509634773e+02 8.312071011322728076e-01
5.011872336272724624e+02 8.202506498377675204e-01
5.623413251903490391e+02 8.095226056656829039e-01
6.309573444801936830e+02 7.985861825082362087e-01
7.079457843841380509e+02 7.821290729603038727e-01
7.943282347242821970e+02 7.636847967880273647e-01
8.912509381337458763e+02 7.486499729066531383e-01
1.000000000000000000e+03 7.314160317258172617e-01
1.122018454301964084e+03 7.127467707599483004e-01
1.258925411794167530e+03 6.942626110626810565e-01
1.412537544622755377e+03 6.769895451179577250e-01
1.584893192461114040e+03 6.596778032442601747e-01
1.778279410038922833e+03 6.438250719962306245e-01
1.995262314968880901e+03 6.295041510414587371e-01
2.238721138568339939e+03 6.166258867627956164e-01
2.511886431509582053e+03 6.055750127571636332e-01
2.818382931264454783e+03 5.967160007650624820e-01
