1.000000000000000000e+00 7.900906215595113746e-01
1.122018454301963342e+00 7.960846191452349840e-01
1.258925411794167282e+00 8.019944583019874562e-01
1.412537544622754382e+00 8.078110271093381645e-01
1.584893192461113598e+00 8.135875742344500505e-01
1.778279410038922759e+00 8.129133602691855920e-01
1.995262314968879735e+00 8.249862919920892823e-01
2.238721138568339875e+00 8.313554215570140293e-01
2.511886431509580131e+00 8.368372810174615761e-01
2.818382931264453717e+00 8.384142149972414471e-01
3.162277660168379523e+00 8.465977022038748689e-01
3.548133892335755046e+00 8.512610766077421953e-01
3.981071705534973137e+00 8.563240389644376505e-01
4.466835921509631824e+00 8.593064508661329981e-01
5.011872336272723771e+00 8.638665055771543866e-01
5.623413251903491172e+00 8.678560531839585312e-01
6.309573444801933384e+00 8.716962665651376563e-01
7.079457843841380438e+00 8.752292793082011579e-01
7.943282347242815788e+00 8.786495273592539457e-01
8.912509381337455849e+00 8.814866773055565208e-01
1.000000000000000000e+01 8.836804279901858683e-01
1.122018454301963608e+01 8.856098047569466170e-01
1.258925411794167459e+01 8.885014474891096414e-01
1.412537544622754737e+01 8.901554952979275903e-01
1.584893192461114175e+01 8.917508881285040045e-01
1.778279410038922848e+01 8.943153005304561587e-01
1.995262314968879735e+01 8.931671577030853015e-01
2.238721138568340052e+01 8.940516956789195113e-01
2.511886431509580930e+01 8.942210551465962221e-01
2.818382931264455138e+01 8.945197942711005101e-01
3.162277660168379256e+01 8.949839390058840216e-01
3.548133892335754780e+01 8.942435361500309376e-01
3.981071705534973404e+01 8.938776110435489031e-01
4.466835921509632357e+01 8.932878936206606335e-01
5.011872336272725192e+01 8.923915494749451449e-01
5.623413251903490817e+01 8.912573967331551827e-01
6.309573444801932851e+01 8.897070602532746175e-01
7.079457843841380793e+01 8.877421456472934791e-01
7.943282347242816854e+01 8.848430116660611633e-01
8.912509381337459047e+01 8.821399511792049619e-01
1.000000000000000000e+02 8.783610466042809373e-01
1.122018454301964141e+02 8.738875367682483741e-01
1.258925411794167530e+02 8.687256279643527090e-01
1.412537544622753956e+02 8.637702559278995773e-01
1.584893192461114211e+02 8.590414730380794284e-01
1.778279410038922776e+02 8.534926998501534134e-01
1.995262314968880730e+02 8.504672699873357944e-01
2.238721138568340052e+02 8.470148876833941687e-01
2.511886431509582280e+02 8.423021944933424265e-01
2.818382931264454783e+02 8.360096876414782052e-01
3.162277660168379612e+02 8.273491324161555971e-01
3.548133892335756627e+02 8.153099851213199134e-01
3.981071705534973262e+02 8.024901970133867524e-01
4.466835921509634773e+02 7.888294525058279216e-01
5.011872336272724624e+02 7.777431082901771209e-01
5.623413251903490391e+02 7.655157806563048783e-01
6.309573444801936830e+02 7.533348984905489099e-01
7.079457843841380509e+02 7.332473611694052540e-01
7.943282347242821970e+02 7.116573815300729633e-01
8.912509381337458763e+02 6.936966119919230067e-01
1.000000000000000000e+03 6.729504501064091926e-01
1.122018454301964084e+03 6.496565836954986128e-01
1.258925411794167530e+03 6.265549794822177221e-01
1.412537544622755377e+03 6.034839595852399263e-01
1.584893192461114040e+03 5.796050152002785172e-01
1.778279410038922833e+03 5.561097591700586706e-01
1.995262314968880901e+03 5.327076192045245850e-01
2.238721138568339939e+03 5.093820118689621479e-01
2.511886431509582053e+03 4.860404822254479340e-01
2.818382931264454783e+03 4.627642511088463917e-01
