1.000000000000000000e+00 1.000000000000000000e+00
1.122018454301963342e+00 9.706214851410348565e-01
1.258925411794167282e+00 9.434751964150932535e-01
1.412537544622754382e+00 9.183137520016064759e-01
1.584893192461113598e+00 8.949058584433036145e-01
1.778279410038922759e+00 8.746389788491267803e-01
1.995262314968879735e+00 8.524926105634984541e-01
2.238721138568339875e+00 8.545252689106761501e-01
2.511886431509580131e+00 8.566319638327514197e-01
2.818382931264453717e+00 8.583957565170159398e-01
3.162277660168379523e+00 8.604594150791219365e-01
3.548133892335755046e+00 8.629241079621022825e-01
3.981071705534973137e+00 8.648058022837752379e-01
4.466835921509631824e+00 8.678801932494122351e-01
5.011872336272723771e+00 8.701238436345308802e-01
5.623413251903491172e+00 8.729089095783724161e-01
6.309573444801933384e+00 8.755303731074448592e-01
7.079457843841380438e+00 8.781735965815229417e-01
7.943282347242815788e+00 8.808185896820460714e-01
8.912509381337455849e+00 8.835027647234721115e-01
1.000000000000000000e+01 8.861087918449105372e-01
1.122018454301963608e+01 8.886153518510514493e-01
1.258925411794167459e+01 8.906827647939280501e-01
1.412537544622754737e+01 8.927466003122217497e-01
1.584893192461114175e+01 8.945555151031290286e-01
1.778279410038922848e+01 8.958619376461403050e-01
1.995262314968879735e+01 8.975812319800277050e-01
2.238721138568340052e+01 8.985562445116531682e-01
2.511886431509580930e+01 8.992904007120339216e-01
2.818382931264455138e+01 8.995971842156604836e-01
3.162277660168379256e+01 8.994355263688297297e-01
3.548133892335754780e+01 8.990135174318533151e-01
3.981071705534973404e+01 8.979729490507494249e-01
4.466835921509632357e+01 8.963682176403022783e-01
5.011872336272725192e+01 8.941356818994848910e-01
5.623413251903490817e+01 8.911692962910658933e-01
6.309573444801932851e+01 8.873928965037917171e-01
7.079457843841380793e+01 8.826679332899828312e-01
7.943282347242816854e+01 8.769512700846398001e-01
8.912509381337459047e+01 8.697953938522835493e-01
1.000000000000000000e+02 8.612853997267827522e-01
1.122018454301964141e+02 8.510974156173324312e-01
1.258925411794167530e+02 8.390456790782009344e-01
1.412537544622753956e+02 8.248594629237983034e-01
1.584893192461114211e+02 8.082102450264566640e-01
1.778279410038922776e+02 7.893864053639577660e-01
1.995262314968880730e+02 7.670946974243503247e-01
2.238721138568340052e+02 7.421611352233875580e-01
2.511886431509582280e+02 7.148549132327337574e-01
2.818382931264454783e+02 6.853443394640927888e-01
3.162277660168379612e+02 6.542928031083693474e-01
3.548133892335756627e+02 6.228698766010654087e-01
3.981071705534973262e+02 5.907711364405802135e-01
4.466835921509634773e+02 5.585048671817921528e-01
5.011872336272724624e+02 5.239777822352773562e-01
5.623413251903490391e+02 4.878793284272958664e-01
6.309573444801936830e+02 4.495785146269873356e-01
7.079457843841380509e+02 4.151256780965791870e-01
7.943282347242821970e+02 3.833640526301647089e-01
8.912509381337458763e+02 3.463371552180126711e-01
1.000000000000000000e+03 3.078471627561571999e-01
1.122018454301964084e+03 2.715169362081555349e-01
1.258925411794167530e+03 2.251661156398247765e-01
1.412537544622755377e+03 1.635473681631255116e-01
1.584893192461114040e+03 5.411300546081241475e-02
1.778279410038922833e+03 2.701055053883939100e-02
1.995262314968880901e+03 2.063358837262969925e-02
2.238721138568339939e+03 1.521907813100247669e-02
2.511886431509582053e+03 9.069883843072529261e-03
2.818382931264454783e+03 3.044618508618661314e-03
