1.000000000000000000e+00 4.184763628030774285e-01
1.122018454301963342e+00 4.286779028619775445e-01
1.258925411794167282e+00 4.392145535242970023e-01
1.412537544622754382e+00 4.500244245980650759e-01
1.584893192461113598e+00 4.610855062018779371e-01
1.778279410038922759e+00 4.687289925751915720e-01
1.995262314968879735e+00 4.839123238159288021e-01
2.238721138568339875e+00 4.957027633534381028e-01
2.511886431509580131e+00 5.077701809483559092e-01
2.818382931264453717e+00 5.199257658860277909e-01
3.162277660168379523e+00 5.320926176115106099e-01
3.548133892335755046e+00 5.442482041669280957e-01
3.981071705534973137e+00 5.568734113612311409e-01
4.466835921509631824e+00 5.682831032108659475e-01
5.011872336272723771e+00 5.808766694054764423e-01
5.623413251903491172e+00 5.932122049579870993e-01
6.309573444801933384e+00 6.055623748186464983e-01
7.079457843841380438e+00 6.177747565039575228e-01
7.943282347242815788e+00 6.300262761260341238e-01
8.912509381337455849e+00 6.419058201231063743e-01
1.000000000000000000e+01 6.535676427921149889e-01
1.122018454301963608e+01 6.651122662298574184e-01
1.258925411794167459e+01 6.774946466643498866e-01
1.412537544622754737e+01 6.890286223374226804e-01
1.584893192461114175e+01 7.005853660118009918e-01
1.778279410038922848e+01 7.129940208350163955e-01
1.995262314968879735e+01 7.223746706246874094e-01
2.238721138568340052e+01 7.332837350789034314e-01
2.511886431509580930e+01 7.434356291536908801e-01
2.818382931264455138e+01 7.534404226776947322e-01
3.162277660168379256e+01 7.632396191133120622e-01
3.548133892335754780e+01 7.716189874401209181e-01
3.981071705534973404e+01 7.798531016119047976e-01
4.466835921509632357e+01 7.873337473612205262e-01
5.011872336272725192e+01 7.939154236768235506e-01
5.623413251903490817e+01 7.995728115774379807e-01
6.309573444801932851e+01 8.040904562497360741e-01
7.079457843841380793e+01 8.074586898425897274e-01
7.943282347242816854e+01 8.092572118942207293e-01
8.912509381337459047e+01 8.106295080211115556e-01
1.000000000000000000e+02 8.104935208553634141e-01
1.122018454301964141e+02 8.094749718426433871e-01
1.258925411794167530e+02 8.077403788033382659e-01
1.412537544622753956e+02 8.057465922810339576e-01
1.584893192461114211e+02 8.039323161132962969e-01
1.778279410038922776e+02 8.010351856755830724e-01
1.995262314968880730e+02 8.000372784515686897e-01
2.238721138568340052e+02 7.981722467447125435e-01
2.511886431509582280e+02 7.947565668028644392e-01
2.818382931264454783e+02 7.895522859676038507e-01
3.162277660168379612e+02 7.816745211266370452e-01
3.548133892335756627e+02 7.699404340341647890e-01
3.981071705534973262e+02 7.566262959436376168e-01
4.466835921509634773e+02 7.418114772480343122e-01
5.011872336272724624e+02 7.290512292528049665e-01
5.623413251903490391e+02 7.149623515617486991e-01
6.309573444801936830e+02 7.004419360653784121e-01
7.079457843841380509e+02 6.771498767039391131e-01
7.943282347242821970e+02 6.514561732185848442e-01
8.912509381337458763e+02 6.287080542825668195e-01
1.000000000000000000e+03 6.025248674649628100e-01
1.122018454301964084e+03 5.729012110546294334e-01
1.258925411794167530e+03 5.429862135466928530e-01
1.412537544622755377e+03 5.125231856478514869e-01
1.584893192461114040e+03 4.811301119464472253e-01
1.778279410038922833e+03 4.502511634264546037e-01
1.995262314968880901e+03 4.200259409243642938e-01
2.238721138568339939e+03 3.908985475124235887e-01
2.511886431509582053e+03 3.631455014002776260e-01
2.818382931264454783e+03 3.370514460818423430e-01
