# clg_lenses_ratio
1.248367305776581731e-05
1.264821276738381829e-05
1.281305871526235537e-05
1.297818752367533794e-05
1.314355084046615379e-05
1.330906039863185344e-05
1.347458526735143201e-05
1.363996222531254366e-05
1.380500184597091383e-05
1.396949624396289336e-05
1.413324651946071343e-05
1.429608019661347458e-05
1.445785169775293490e-05
1.461842288131515976e-05
1.477764289452690165e-05
1.493534452337400550e-05
1.509134608726314670e-05
1.524545648659130682e-05
1.539747835851266756e-05
1.554721095594422322e-05
1.569445288936910639e-05
1.583900502733641186e-05
1.598065017381902891e-05
1.611917630042228211e-05
1.625435044552420359e-05
1.638591742938130089e-05
1.651360262919307086e-05
1.663714137701008476e-05
1.675630843185908005e-05
1.687092969547605660e-05
1.698086195910620617e-05
1.708596550824081168e-05
1.718609518111217921e-05
1.728107791238224050e-05
1.737068017316229781e-05
1.745458585644082652e-05
1.753242150925895496e-05
1.760382202406626188e-05
1.766846153737275382e-05
1.772605097707405941e-05
1.777630582068409165e-05
1.781894262820620152e-05
1.785368166141061290e-05
1.788024107566923857e-05
1.789832376065861642e-05
1.790761661790717896e-05
1.790783102689207603e-05
1.789873301512218308e-05
1.788016000060177550e-05
1.785200783702486707e-05
1.781423205556124866e-05
1.776686106535134736e-05
1.770998678772452687e-05
1.764373541217806779e-05
1.756820497669403343e-05
1.748341405599717634e-05
1.738928158665563358e-05
1.728566919402046707e-05
1.717245200618130495e-05
1.704957887073320019e-05
1.691712314701987859e-05
1.677530438786006207e-05
1.662447722541785628e-05
1.646506089344497567e-05
1.629745727442003691e-05
1.612202553050921423e-05
1.593912206859272274e-05
1.574915663443093134e-05
1.555260493324555143e-05
1.535001113275397678e-05
1.514198652149667106e-05
1.492920465113821139e-05
1.471236464309306152e-05
1.449213495982226654e-05
1.426913732524989259e-05
1.404396792571020677e-05
1.381723105582554470e-05
1.358952626285341772e-05
1.336144302954315375e-05
1.313356638079188045e-05
1.290647562463117306e-05
1.268074617329591867e-05
1.245695372194946174e-05
1.223566367082428603e-05
1.201741268768451728e-05
1.180263755937815686e-05
1.159166927632507457e-05
1.138473119506284074e-05
1.118195507790187689e-05
1.098338164281794907e-05
1.078896100864631363e-05
1.059856954435653406e-05
1.041201932435134483e-05
1.022905649117030769e-05
1.004935899690057961e-05
9.872546009374205027e-06
9.698182016610984075e-06
9.525776875500005663e-06
9.354795648636013409e-06
9.184667063033396790e-06
9.014796630727484750e-06
8.844621786352646105e-06
8.673632855646733921e-06
8.501421915330208614e-06
8.327685537062736617e-06
8.152224719193229441e-06
7.974956263870736463e-06
7.795916823861588269e-06
7.615263602728062573e-06
7.433275847370924830e-06
7.250346116574767609e-06
7.066969790499442128e-06
6.883728448617051340e-06
6.701248963891755598e-06
6.520170683942523538e-06
6.341127132482087852e-06
6.164704394581941370e-06
5.991398821337442461e-06
5.821568066279653303e-06
5.655448569482967591e-06
5.493153716185706479e-06
5.334667788568916852e-06
5.179872629142949385e-06
5.028597875285990124e-06
4.880631860910949491e-06
4.735766586045677269e-06
4.593850717295768683e-06
4.454764313934824243e-06
4.318441271537176775e-06
4.184899753701400670e-06
4.054284082495154228e-06
3.926862489928132357e-06
3.802959503706339086e-06
3.682951993439777770e-06
3.567204186957479331e-06
3.455994839248245501e-06
3.349469330540518187e-06
3.247599870061914927e-06
3.150143426918442381e-06
3.056643061403014378e-06
2.966489290067167385e-06
2.878997929108273565e-06
2.793484412200045691e-06
2.709328440836505050e-06
2.626173654494545570e-06
2.543787851463105711e-06
2.462157954315299606e-06
2.381457859748392262e-06
2.302002194807024045e-06
2.224199438631549563e-06
2.148495412711141475e-06
2.075301486694918905e-06
2.004944089712281244e-06
1.937654844882328584e-06
1.873543231228388406e-06
1.812566798493573790e-06
1.754544290941950861e-06
1.699214406936923182e-06
1.646293816061926611e-06
1.595457089136306550e-06
1.546357388937319604e-06
1.498680943958215289e-06
1.452174122383784259e-06
1.406658751072694267e-06
1.362060028684018390e-06
1.318443486084805930e-06
1.275990690414692767e-06
1.234916359918110841e-06
1.195427177522895072e-06
1.157680512011631012e-06
1.121730750927508642e-06
1.087510905296162981e-06
1.054853948228228237e-06
1.023553416421008231e-06
9.933841649020528550e-07
9.640921320071524029e-07
9.356418599163678874e-07
9.079571810415183027e-07
8.810923073302400023e-07
8.551253420189995833e-07
8.301381969572368717e-07
8.061911179806182719e-07
7.832821221198396291e-07
7.613331247918258861e-07
7.402160248769728323e-07
7.197779006017691140e-07
7.000264895496213870e-07
6.808896043797443492e-07
6.623645110957381374e-07
6.444703179474987161e-07
6.272312446288219590e-07
6.106435769056075212e-07
5.946669750483572722e-07
5.792384371126860725e-07
5.643071167680158070e-07
5.498460671951133418e-07
5.358470656060187927e-07
5.223030210332160912e-07
5.092020709828691047e-07
4.965273399811541512e-07
4.842583408464396372e-07
4.723721994020032894e-07
4.608458215827161923e-07
4.496601692883120112e-07
4.388018302424132123e-07
4.282613008955947247e-07
4.181154001249741302e-07
4.081720246937847469e-07
3.983735226773454646e-07
3.889727576643187988e-07
3.798222632394254290e-07
3.709125215154677402e-07
3.622341604959068584e-07
3.537773153864535774e-07
3.455319091355792045e-07
3.374882576419799987e-07
3.296374889497103066e-07
3.220434245715744679e-07
3.145529693986393188e-07
3.072325560530381721e-07
3.000753546307643715e-07
2.930748005755360290e-07
2.862246559786399797e-07
2.795190957355828967e-07
2.729526040859676389e-07
2.665200318021379117e-07
2.602166493767459652e-07
2.539834392238660264e-07
2.479266416533965719e-07
2.419864016619376988e-07
2.361590170909209924e-07
2.304410162755906898e-07
2.248292067002138021e-07
2.193205690771965518e-07
2.139122786417378821e-07
2.086017549961510976e-07
2.033865715393799654e-07
1.982644761317005081e-07
1.932334395115205216e-07
1.882915741370588440e-07
1.834371403833634409e-07
1.786685818019918764e-07
1.739844532641369876e-07
1.693834284736784459e-07
1.648643315015288924e-07
1.604260683709337719e-07
1.560676289183837392e-07
1.517881130548611282e-07
1.475866664472109128e-07
1.434624859612042306e-07
