# clkappag_gal_ratio
3.156381007608562677e-07
3.197674231750043983e-07
3.239033063345752715e-07
3.280444300185240751e-07
3.321889582365560171e-07
3.363342251854669908e-07
3.404767777608279661e-07
3.446126306719354856e-07
3.487373620882201201e-07
3.528461310519504172e-07
3.569342011726032915e-07
3.609972321864338916e-07
3.650314145720192704e-07
3.690330459970523795e-07
3.729981435010956441e-07
3.769223630334599836e-07
3.808010290803745286e-07
3.846292784014302469e-07
3.884021203858491017e-07
3.921145204782279399e-07
3.957614294630815815e-07
3.993376804438162298e-07
4.028379845377125741e-07
4.062566704551368788e-07
4.095876136917108485e-07
4.128241026989199363e-07
4.159589667679847439e-07
4.189858308819195701e-07
4.218993042698918574e-07
4.246963238873425442e-07
4.273739049324286071e-07
4.299294108111766294e-07
4.323584484024552343e-07
4.346556060205347236e-07
4.368135581980925723e-07
4.388227834200460126e-07
4.406728749335898521e-07
4.423542365800402222e-07
4.438600951695578701e-07
4.451851328709654940e-07
4.463235961916048452e-07
4.472688688640964564e-07
4.480131620968127772e-07
4.485489806029026817e-07
4.488677323935823825e-07
4.489612431433627886e-07
4.488224219164036344e-07
4.484464927953339230e-07
4.478317208503307638e-07
4.469767451549043209e-07
4.458816241055129697e-07
4.445460257694381917e-07
4.429717569297876619e-07
4.411608556457167662e-07
4.391151458577505559e-07
4.368344898266949513e-07
4.343173805160250836e-07
4.315613118343008497e-07
4.285645960586873826e-07
4.253272806889044864e-07
4.218531318575763479e-07
4.181485950520782931e-07
4.142236287627631129e-07
4.100889589049468333e-07
4.057555655003547043e-07
4.012333015643167590e-07
3.965318575004966055e-07
3.916620168138954917e-07
3.866360846887175220e-07
3.814681170538233711e-07
3.761728112614942038e-07
3.707664773329611964e-07
3.652660918843418327e-07
3.596883727036057424e-07
3.540494101595656559e-07
3.483649665707585852e-07
3.426508627214697009e-07
3.369228199667662266e-07
3.311962207083778895e-07
3.254859430662416677e-07
3.198065689738061393e-07
3.141723552358658332e-07
3.085967647267730736e-07
3.030926731106802645e-07
2.976718971116376625e-07
2.923439985207886055e-07
2.871159541894761684e-07
2.819922977580615794e-07
2.769755793075793018e-07
2.720659786074758786e-07
2.672613605291962571e-07
2.625576089991255431e-07
2.579488537884498444e-07
2.534272233644275595e-07
2.489833456234790960e-07
2.446063513303877582e-07
2.402838401002755039e-07
2.360025133977932272e-07
2.317480785056674298e-07
2.275052768642129658e-07
2.232591283775631515e-07
2.189960716484545734e-07
2.147041021800197675e-07
2.103748603848410530e-07
2.060025198803330920e-07
2.015838546363945279e-07
1.971176660456894449e-07
1.926063833614754501e-07
1.880550525186260467e-07
1.834719398399501442e-07
1.788680069278999033e-07
1.742574072789248697e-07
1.696561640690638438e-07
1.650808434697935436e-07
1.605488047777907774e-07
1.560760066518266567e-07
1.516765901618689861e-07
1.473626104398187168e-07
1.431422017195087887e-07
1.386988634265825702e-07
1.346830582344450756e-07
1.307667920406643665e-07
1.269469800982676658e-07
1.232192128196192962e-07
1.195781104693921378e-07
1.160183608529804777e-07
1.125357225532585153e-07
1.091270886886330050e-07
1.057909124991000517e-07
1.025280493045110137e-07
9.934237648225076176e-08
9.623992691951341403e-08
9.322761910161226974e-08
9.031272713642107354e-08
8.750154855892112221e-08
8.479790377352275110e-08
8.220237661185177244e-08
7.971177101586835078e-08
7.731840471033404633e-08
7.501032890054962045e-08
7.277340256940797427e-08
7.059316648604768391e-08
6.849318181951393015e-08
6.638820462783012212e-08
6.431024060267353252e-08
6.225852013392954854e-08
6.023611639553409976e-08
5.824898635782884011e-08
5.630527545459115967e-08
5.441368758181564498e-08
5.258214836985928708e-08
5.081665728514538068e-08
4.912095241606444138e-08
4.751883771835501843e-08
4.596566687957260023e-08
4.448150122207922471e-08
4.306215977160324696e-08
4.170271593579941742e-08
4.039813732076122877e-08
3.914248104316393724e-08
3.792921296317620886e-08
3.675232206748722489e-08
3.560693676909137949e-08
3.448951322360073687e-08
3.339849625147071312e-08
3.248995147426358998e-08
3.145335811979762214e-08
3.045186959024423692e-08
2.948897876932625700e-08
2.856701408142158945e-08
2.768639663478627127e-08
2.684547004567571313e-08
2.604076630585656248e-08
2.526815187838749655e-08
2.452344768746467941e-08
2.380281552488281759e-08
2.327504082724404852e-08
2.259232154193844714e-08
2.193093731102348646e-08
2.129200824431922117e-08
2.067670440347157333e-08
2.008583491537294718e-08
1.951928664343530987e-08
1.897561956388821787e-08
1.845241718221529526e-08
1.794732363064649816e-08
1.745874527849219324e-08
1.698584467806520749e-08
1.625463227973271764e-08
1.582107567372053729e-08
1.540328840456533054e-08
1.500101430468179864e-08
1.461302157540747387e-08
1.423796573609476271e-08
1.387480294812965138e-08
1.352309675441795011e-08
1.318264215389396323e-08
1.285317557275414208e-08
1.253432951905437913e-08
1.222565058624235609e-08
1.192664945516732097e-08
1.163677604371250338e-08
1.135551192472128274e-08
1.075143456662568197e-08
1.049352548055921791e-08
1.157983772491138259e-08
1.130435919582891714e-08
1.103669350975379919e-08
1.077645812341263963e-08
1.052316183425861445e-08
1.027641241196980765e-08
1.003595019377635793e-08
9.801560492173292697e-09
9.573040691242078519e-09
9.350119979694007572e-09
9.132522223572024979e-09
8.920024840310391695e-09
8.712420978612102819e-09
8.509502689433656131e-09
8.311091697704524391e-09
8.117005777928908174e-09
7.927067462472897245e-09
7.741130061848115446e-09
7.559043574446245892e-09
7.380658105283629648e-09
7.205850477404135140e-09
7.034498382050346519e-09
6.866478862371961438e-09
6.701691722054788663e-09
6.540035101866362425e-09
6.381406677857553707e-09
6.225725117350852699e-09
6.072908845914091647e-09
5.922874897430022784e-09
5.775556228430051953e-09
5.630886421492020368e-09
5.488798899261322718e-09
5.349242319933131156e-09
5.212167090346078582e-09
5.077523984390539866e-09
4.945275623578550873e-09
4.815382721521222877e-09
4.687803347413459698e-09
4.562507469181101011e-09
4.439464781693022494e-09
4.318642930642262228e-09
4.200019713562191982e-09
4.083572864681111571e-09
3.969277523969737660e-09
3.857114908896202213e-09
