# clkappag_kappacmb_ratio
5.595824065737632222e-08
5.740515818577426462e-08
5.805296260385631114e-08
5.755751866843645086e-08
5.592219325166893513e-08
5.308016371404935540e-08
4.931209127285472099e-08
4.455543635902256871e-08
3.919179778654158901e-08
3.352995752434898231e-08
2.811021689198547971e-08
2.314597170996728171e-08
1.876559713163628324e-08
1.494287607709539406e-08
1.163894771213997140e-08
8.919996761770589459e-09
6.766272639495407643e-09
5.164250217639113183e-09
3.930051490547188566e-09
3.001173987033990966e-09
2.310432740555262830e-09
1.796720106691619640e-09
1.408322387364818720e-09
1.109789309453452588e-09
8.759646291758980399e-10
6.893153685186375062e-10
5.383472598290034684e-10
4.155705798770636335e-10
