# clkappag_ratio
3.871458044174113331e-08
3.876689386731764062e-08
3.819610076644951373e-08
3.678271164243468300e-08
3.464632237140408321e-08
3.193813816756371261e-08
2.869757224976059416e-08
2.509289654141577541e-08
2.146397524482011796e-08
1.788481983110545838e-08
1.472657356747205532e-08
1.191560827073956431e-08
9.477873673903389705e-09
7.390336278538827131e-09
5.671831778121286626e-09
4.334693705401192846e-09
3.303091644840932137e-09
2.536535239624413580e-09
1.954976314180266938e-09
1.516619531458224352e-09
1.186669784823314192e-09
9.358196479505604323e-10
7.410000010224224568e-10
5.866431315957656507e-10
4.623304086104463909e-10
3.611078934280914022e-10
2.784653287764372309e-10
2.113289518361938608e-10
