# clkappa_cmb_ratio
1.400391616663765981e-07
1.538573279326488348e-07
1.682534419349668020e-07
1.815340076262455395e-07
1.947427139318759528e-07
2.056085779755173360e-07
2.161510599849047813e-07
2.230437178893276592e-07
2.262872521014528229e-07
2.255192642521273249e-07
2.198333740779781582e-07
2.089177075188605281e-07
1.946665601538122603e-07
1.761266175236962115e-07
1.551139057932795694e-07
1.330818056711493690e-07
1.115185643228659184e-07
9.171096451231691460e-08
7.423197343618756432e-08
5.897427023855666776e-08
4.570962329559095301e-08
3.449121839657818318e-08
2.566710023751825865e-08
1.899204523325346806e-08
1.381408982718454239e-08
1.000254018274781919e-08
7.205930143578819622e-09
5.190029223545915204e-09
