# ells_ratio
6.309573444801933384e+00
6.456542290346556356e+00
6.606934480075961069e+00
6.760829753919819218e+00
6.918309709189365719e+00
7.079457843841380438e+00
7.244359600749902484e+00
7.413102413009177383e+00
7.585775750291840147e+00
7.762471166286919910e+00
7.943282347242817565e+00
8.128305161640994925e+00
8.317637711026712566e+00
8.511380382023768121e+00
8.709635899560810302e+00
8.912509381337459402e+00
9.120108393559101856e+00
9.332543007969913873e+00
9.549925860214363738e+00
9.772372209558112033e+00
1.000000000000000533e+01
1.023292992280754632e+01
1.047128548050900143e+01
1.071519305237607078e+01
1.096478196143185713e+01
1.122018454301964141e+01
1.148153621496883403e+01
1.174897554939530231e+01
1.202264434617413791e+01
1.230268770812382328e+01
1.258925411794168170e+01
1.288249551693134975e+01
1.318256738556408081e+01
1.348962882591654733e+01
1.380384264602886013e+01
1.412537544622755448e+01
1.445439770745928776e+01
1.479108388168208776e+01
1.513561248436209539e+01
1.548816618912482745e+01
1.584893192461114886e+01
1.621810097358931557e+01
1.659586907437562076e+01
1.698243652461745867e+01
1.737800828749377047e+01
1.778279410038924624e+01
1.819700858609985161e+01
1.862087136662869469e+01
1.905460717963249095e+01
1.949844599758047536e+01
1.995262314968881867e+01
2.041737944669531757e+01
2.089296130854041778e+01
2.137962089502234520e+01
2.187761623949555201e+01
2.238721138568342184e+01
2.290867652767775908e+01
2.344228815319925019e+01
2.398832919019493559e+01
2.454708915685033688e+01
2.511886431509583417e+01
2.570395782768867221e+01
2.630267991895385649e+01
2.691534803926919395e+01
2.754228703338170448e+01
2.818382931264457980e+01
2.884031503126610119e+01
2.951209226666389895e+01
3.019951720402020712e+01
3.090295432513595131e+01
3.162277660168384230e+01
3.235936569296287502e+01
3.311311214825916238e+01
3.388441561392031076e+01
3.467368504525322237e+01
3.548133892335760464e+01
3.630780547701019145e+01
3.715352290971731719e+01
3.801893963205618121e+01
3.890451449942812445e+01
3.981071705534979088e+01
4.073802778041134331e+01
4.168693834703361745e+01
4.265795188015934514e+01
4.365158322401667590e+01
4.466835921509639462e+01
4.570881896148758727e+01
4.677351412871990988e+01
4.786300923226392712e+01
4.897788193684471025e+01
5.011872336272732298e+01
5.128613839913658978e+01
5.248074602497736407e+01
5.370317963702537867e+01
5.495408738576256980e+01
5.623413251903502186e+01
5.754399373371580850e+01
5.888436553555902009e+01
6.025595860743590038e+01
6.165950018614834960e+01
6.309573444801946351e+01
6.456542290346568791e+01
6.606934480075975102e+01
6.760829753919833252e+01
6.918309709189379930e+01
7.079457843841395004e+01
7.244359600749916694e+01
7.413102413009191594e+01
7.585775750291854536e+01
7.762471166286935897e+01
7.943282347242833907e+01
8.128305161641011978e+01
8.317637711026729619e+01
8.511380382023784819e+01
8.709635899560826999e+01
8.912509381337477521e+01
9.120108393559119975e+01
9.332543007969933058e+01
9.549925860214383988e+01
9.772372209558132283e+01
1.000000000000001990e+02
1.023292992280756835e+02
1.047128548050902737e+02
1.071519305237609245e+02
1.096478196143187347e+02
1.122018454301966415e+02
1.148153621496886387e+02
1.174897554939532682e+02
1.202264434617415532e+02
1.230268770812384957e+02
1.258925411794171367e+02
1.288249551693137676e+02
1.318256738556410141e+02
1.348962882591657433e+02
1.380384264602889459e+02
1.412537544622758219e+02
1.445439770745931014e+02
1.479108388168211832e+02
1.513561248436213305e+02
1.548816618912485978e+02
1.584893192461117337e+02
1.621810097358934684e+02
1.659586907437566481e+02
1.698243652461749491e+02
1.737800828749379889e+02
1.778279410038928177e+02
1.819700858609990064e+02
1.862087136662873377e+02
1.905460717963252080e+02
1.949844599758051515e+02
1.995262314968886983e+02
2.041737944669535807e+02
2.089296130854045259e+02
2.137962089502238996e+02
2.187761623949560885e+02
2.238721138568346873e+02
2.290867652767779532e+02
2.344228815319929993e+02
2.398832919019499741e+02
2.454708915685038448e+02
2.511886431509587396e+02
2.570395782768872550e+02
2.630267991895392470e+02
2.691534803926924724e+02
2.754228703338174569e+02
2.818382931264463878e+02
2.884031503126617508e+02
2.951209226666396148e+02
3.019951720402025330e+02
3.090295432513601668e+02
3.162277660168392117e+02
3.235936569296294465e+02
3.311311214825921070e+02
3.388441561392037897e+02
3.467368504525330763e+02
3.548133892335767428e+02
3.630780547701024830e+02
3.715352290971738967e+02
3.801893963205628211e+02
3.890451449942820545e+02
3.981071705534985767e+02
4.073802778041142574e+02
4.168693834703371977e+02
4.265795188015943040e+02
4.365158322401674127e+02
4.466835921509648415e+02
4.570881896148770238e+02
4.677351412872000083e+02
4.786300923226399959e+02
4.897788193684481257e+02
5.011872336272745656e+02
5.128613839913668926e+02
5.248074602497744081e+02
5.370317963702549378e+02
5.495408738576270480e+02
5.623413251903514265e+02
5.754399373371589945e+02
5.888436553555914088e+02
6.025595860743605954e+02
6.165950018614847750e+02
6.309573444801956157e+02
6.456542290346575328e+02
6.606934480075991587e+02
6.760829753919846326e+02
6.918309709189391015e+02
7.079457843841402109e+02
7.244359600749935453e+02
7.413102413009207794e+02
7.585775750291867325e+02
7.762471166286943571e+02
7.943282347242853803e+02
8.128305161641028462e+02
8.317637711026742409e+02
8.511380382023794482e+02
8.709635899560850021e+02
8.912509381337495142e+02
9.120108393559133901e+02
9.332543007969943574e+02
9.549925860214408431e+02
9.772372209558151326e+02
1.000000000000004093e+03
1.023292992280757858e+03
1.047128548050905010e+03
1.071519305237611434e+03
1.096478196143189507e+03
1.122018454301967495e+03
1.148153621496888718e+03
1.174897554939535212e+03
1.202264434617417919e+03
1.230268770812386265e+03
1.258925411794173897e+03
1.288249551693140120e+03
1.318256738556412756e+03
1.348962882591658854e+03
1.380384264602892245e+03
1.412537544622761288e+03
1.445439770745933856e+03
1.479108388168213196e+03
1.513561248436216374e+03
1.548816618912489048e+03
1.584893192461120634e+03
1.621810097358936446e+03
1.659586907437569835e+03
1.698243652461753072e+03
1.737800828749383527e+03
1.778279410038930109e+03
1.819700858609993702e+03
1.862087136662877128e+03
1.905460717963256002e+03
1.949844599758053391e+03
