1.000000000000000000e+00 8.762144608967352699e-01
1.122018454301963342e+00 8.783350457352191443e-01
1.258925411794167282e+00 8.803165070240867029e-01
1.412537544622754382e+00 8.821609742947880139e-01
1.584893192461113598e+00 8.838988241307372817e-01
1.778279410038922759e+00 8.820436620470458733e-01
1.995262314968879735e+00 8.870067298021718782e-01
2.238721138568339875e+00 8.888495011519151889e-01
2.511886431509580131e+00 8.899626491792955729e-01
2.818382931264453717e+00 8.882918557153356431e-01
3.162277660168379523e+00 8.910597749309472349e-01
3.548133892335755046e+00 8.912969484670361098e-01
3.981071705534973137e+00 8.915581089218072020e-01
4.466835921509631824e+00 8.905521045990091311e-01
5.011872336272723771e+00 8.901523336470974490e-01
5.623413251903491172e+00 8.892347929466528633e-01
6.309573444801933384e+00 8.879970301058569548e-01
7.079457843841380438e+00 8.863484916670564262e-01
7.943282347242815788e+00 8.843517678991631437e-01
8.912509381337455849e+00 8.817721462733483229e-01
1.000000000000000000e+01 8.784634670927971012e-01
1.122018454301963608e+01 8.746709043416222018e-01
1.258925411794167459e+01 8.709437621025317711e-01
1.412537544622754737e+01 8.661660365055254829e-01
1.584893192461114175e+01 8.608777400819752623e-01
1.778279410038922848e+01 8.555164545557840672e-01
1.995262314968879735e+01 8.478641962324022785e-01
2.238721138568340052e+01 8.406219766109399583e-01
2.511886431509580930e+01 8.324556897594102001e-01
2.818382931264455138e+01 8.237533730003349097e-01
3.162277660168379256e+01 8.145269195538940021e-01
3.548133892335754780e+01 8.041261412668366804e-01
3.981071705534973404e+01 7.932870450693050302e-01
4.466835921509632357e+01 7.818401069705855910e-01
5.011872336272725192e+01 7.699283941160970368e-01
5.623413251903490817e+01 7.578983818601529032e-01
6.309573444801932851e+01 7.460810217505006170e-01
7.079457843841380793e+01 7.349182878437319211e-01
7.943282347242816854e+01 7.245662765552453033e-01
8.912509381337459047e+01 7.156116292968418557e-01
1.000000000000000000e+02 7.074130708712531579e-01
1.122018454301964141e+02 6.995396689079229624e-01
1.258925411794167530e+02 6.914832284250903571e-01
1.412537544622753956e+02 6.838268706996772917e-01
1.584893192461114211e+02 6.753588783300096265e-01
1.778279410038922776e+02 6.661370712318447351e-01
1.995262314968880730e+02 6.584620812057152550e-01
2.238721138568340052e+02 6.518344777210195451e-01
2.511886431509582280e+02 6.459695280739438106e-01
2.818382931264454783e+02 6.404461656609761189e-01
3.162277660168379612e+02 6.352384136602799991e-01
3.548133892335756627e+02 6.308766135268720765e-01
3.981071705534973262e+02 6.288877498751711537e-01
4.466835921509634773e+02 6.281940322254210285e-01
5.011872336272724624e+02 6.290326410442530491e-01
5.623413251903490391e+02 6.303922675680566634e-01
6.309573444801936830e+02 6.335192310165412843e-01
7.079457843841380509e+02 6.365371428710993040e-01
7.943282347242821970e+02 6.407905485945476487e-01
8.912509381337458763e+02 6.472614478149270045e-01
1.000000000000000000e+03 6.540670383682507527e-01
1.122018454301964084e+03 6.613088374606785891e-01
1.258925411794167530e+03 6.690516009932305774e-01
1.412537544622755377e+03 6.774264280062733956e-01
1.584893192461114040e+03 6.855267471797311662e-01
1.778279410038922833e+03 6.936296040556102493e-01
1.995262314968880901e+03 7.013567406309557661e-01
2.238721138568339939e+03 7.084649258767554691e-01
2.511886431509582053e+03 7.148954511853450322e-01
2.818382931264454783e+03 7.211651743799947223e-01
