1.869763609465354711e-06
0.000000000000000000e+00
1.870388842210639402e-06
0.000000000000000000e+00
0.000000000000000000e+00
1.871718456080799365e-06
1.872724668416612516e-06
1.873710649811113178e-06
1.874678055827002459e-06
1.875834633019115476e-06
1.876763643653446014e-06
1.877305974168059463e-06
1.878637930833722090e-06
1.879774586782489582e-06
1.881118699423772957e-06
1.882945687006989115e-06
1.884516021745960643e-06
1.886033801362955661e-06
1.887866440591794584e-06
1.889757575320684179e-06
1.892261230763340844e-06
1.894579177989621409e-06
1.896868194276491067e-06
1.898983608847938836e-06
1.901313625378168120e-06
1.904117824027645648e-06
1.906667713832499531e-06
1.909084574983846359e-06
1.911911900216484928e-06
1.914459416367507907e-06
1.916912733108333123e-06
1.919579893153214307e-06
1.922028768467973147e-06
1.924273855215636873e-06
1.926762794035658234e-06
1.929477767907329665e-06
1.932164239349179469e-06
1.934869467158892567e-06
1.938177777578950505e-06
1.941987254334746076e-06
1.946900263934051763e-06
1.953086823116762371e-06
1.960920151135736266e-06
1.970261311585982428e-06
1.982251980587706969e-06
1.996585928076818966e-06
2.012626836114852957e-06
2.033277976333607549e-06
2.056875402461934582e-06
2.081121295239390280e-06
2.106370754831735390e-06
2.132627305870664714e-06
2.156586103080575189e-06
2.175628201156736346e-06
2.187735113850024279e-06
2.189054204081979906e-06
2.176986961512940390e-06
2.149064313482062891e-06
2.103766034509653700e-06
2.040637748256627820e-06
1.962868921444619562e-06
1.876418115250206235e-06
1.788945047530643875e-06
1.708641747217540047e-06
1.642067827042080800e-06
1.592590373332862268e-06
1.559857437817842670e-06
1.536266719130967481e-06
1.509048902185989818e-06
1.465153825710519683e-06
1.393586826519174817e-06
1.294932494875794173e-06
1.182313479060937004e-06
1.077153672543931008e-06
9.979139491866296264e-07
9.441185290293343099e-07
8.985430169312994175e-07
8.374664724499902315e-07
7.491653741130308612e-07
6.471538234682253267e-07
5.622644532552100876e-07
5.058518099116839985e-07
4.599177807316317479e-07
4.013311603553181786e-07
3.331765443394177815e-07
2.780429371759464052e-07
2.391679142745074371e-07
1.988014778986007277e-07
1.548330851420399986e-07
