1.461750305605868868e-06
0.000000000000000000e+00
1.462146823224508905e-06
0.000000000000000000e+00
0.000000000000000000e+00
1.462998040223008841e-06
1.463640672155502965e-06
1.464272849445297059e-06
1.464893738262879313e-06
1.465636525669548450e-06
1.466236029352723763e-06
1.466585073530746636e-06
1.467445719442519721e-06
1.468183055556397123e-06
1.469055763906338154e-06
1.470247868220713409e-06
1.471276117373499469e-06
1.472273819343315871e-06
1.473482908695060199e-06
1.474737959583577527e-06
1.476408200120565669e-06
1.477966017352258076e-06
1.479515456659743305e-06
1.480958181965777769e-06
1.482560414414317248e-06
1.484510058338455938e-06
1.486303382494283589e-06
1.488027774795118234e-06
1.490075798607158951e-06
1.491956657749417770e-06
1.493805611294873895e-06
1.495866056460214229e-06
1.497806437585492714e-06
1.499636951944025742e-06
1.501719627614963178e-06
1.504050029815698470e-06
1.506394635775262161e-06
1.508769017613543244e-06
1.511656665408711288e-06
1.514933130578537054e-06
1.519067509295525745e-06
1.524148776562973943e-06
1.530422456167757553e-06
1.537740485961356259e-06
1.546941366272380053e-06
1.557750879037426516e-06
1.569657776974376219e-06
1.584765218537444403e-06
1.601781492697623799e-06
1.619010716829878194e-06
1.636668129207867860e-06
1.654653580682614720e-06
1.670568045242916938e-06
1.682502497622266021e-06
1.688869590028065434e-06
1.687018975302422965e-06
1.675119970237717551e-06
1.651405905989287800e-06
1.614944152784683124e-06
1.565566035236111518e-06
1.505874148585033887e-06
1.440464178033710307e-06
1.375081973181190206e-06
1.315743481331218922e-06
1.267119680432320677e-06
1.231373468188558720e-06
1.207750535784440952e-06
1.190075347074141306e-06
1.168439590724100456e-06
1.133089353827348139e-06
1.076034370668180145e-06
9.983917206153379645e-07
9.108477427319846923e-07
8.300965514150164822e-07
7.700293538854462118e-07
7.295957538861087158e-07
6.948022534433939229e-07
6.470995183413866398e-07
5.778982221715080937e-07
4.984636688893285805e-07
4.331659177626849489e-07
3.905233331023661015e-07
3.558374920645536481e-07
3.107290629299160898e-07
2.578807188959147299e-07
2.153162635974379290e-07
1.855036914636639117e-07
1.542757148866014224e-07
1.200358893029059945e-07
