# cl_cmbk_des_kappa_
1.699796191133773304e-07
1.805814036154937385e-07
1.907488194480598768e-07
2.000780824692978695e-07
2.083710991230870116e-07
2.150823928282614919e-07
2.203469515176930265e-07
2.234076294567467825e-07
2.230231417802509439e-07
2.211527337354299038e-07
2.165759898510757624e-07
2.087859794883067161e-07
1.979593128891682302e-07
1.847866377958666572e-07
1.697128252829784408e-07
1.532580031929353574e-07
1.361989068831470347e-07
1.192232501590505680e-07
1.032039413321892621e-07
8.832890989373374861e-08
7.494857592159144600e-08
6.287930620068652527e-08
5.205127298097917871e-08
4.226933244294900371e-08
3.386941558327527874e-08
2.686179700761826469e-08
2.133072111845847879e-08
1.683858254520192352e-08
1.307326477601963439e-08
1.018487554732023003e-08
7.911369947929479384e-09
6.137875176255790469e-09
4.759894641747684342e-09
3.698243556468433002e-09
2.876550748953740384e-09
2.241567500614198742e-09
