# cl_desxcmbk_des_kappa_
3.962939966051608895e-08
3.849273912267272995e-08
3.693721626051908256e-08
3.486046340211847039e-08
3.265133490711362247e-08
3.002546666328007691e-08
2.722762519836232830e-08
2.432217617870196958e-08
2.142643119749132455e-08
1.869843392002204313e-08
1.603733984075319600e-08
1.362759333841206145e-08
1.151472958772117949e-08
9.614559515346510454e-09
7.955947012027164633e-09
6.514170357773202500e-09
5.304060198793216325e-09
4.292487040175839964e-09
3.483774851644703221e-09
2.831973056851021094e-09
2.308703382430852480e-09
1.879278652716310307e-09
1.545347476018569801e-09
1.275341033480850981e-09
1.055762094195073036e-09
8.769483792808554587e-10
7.295982483406094173e-10
6.066935001797999896e-10
5.032266081191555064e-10
4.155421531139569403e-10
3.409979132110704255e-10
2.776179060790201888e-10
2.239355932613235324e-10
1.787561953143217237e-10
1.410900047559276138e-10
1.100389233303994151e-10
