# cl_g_isw
1.897328977588256552e-06
2.460108582633163020e-06
2.939961872861000081e-06
3.348698199524291948e-06
3.696143328800542390e-06
3.990221266716648522e-06
4.237204255564774187e-06
4.442962689084908417e-06
4.612630642815088454e-06
4.748935329780695136e-06
4.856527430362043673e-06
4.938736841093598789e-06
4.998794971940550437e-06
5.039405529619084972e-06
5.062769804323125482e-06
5.070849346201146474e-06
5.065514278458762734e-06
5.048518962041952687e-06
5.021484415640984577e-06
4.985952322144281734e-06
4.943345578717315480e-06
4.894874948836279545e-06
4.841527701038973410e-06
4.784150328435204781e-06
4.723504541202156297e-06
4.660251263837248029e-06
4.594946075895379256e-06
4.528079646424150020e-06
4.460116888607613299e-06
4.391496726455383962e-06
4.322604148046540364e-06
4.253750121910914106e-06
4.185178289607805100e-06
4.117091450520882959e-06
4.049673105959707505e-06
3.983090453921153435e-06
3.917488034193155465e-06
3.852979399538592377e-06
3.789644681474652996e-06
3.727536801831723543e-06
3.666689146152011701e-06
3.607121116097455053e-06
3.548842301271965169e-06
3.491841915412913604e-06
3.436134858657176910e-06
3.381698082571993498e-06
3.328515454185365884e-06
3.276568330369485295e-06
3.225835351242737735e-06
3.176293189725660057e-06
3.127915533788777477e-06
3.080672523808237949e-06
3.034530689357528120e-06
2.989453530344054743e-06
2.945403637290938621e-06
2.902342768402148655e-06
2.860232360722271579e-06
2.819034798612299629e-06
2.778713083201750005e-06
2.739231837410271993e-06
2.700557379113001929e-06
2.662658299583235513e-06
2.625504745883548808e-06
2.589068521297542310e-06
2.553323759429950616e-06
2.518264748174549896e-06
2.483832345097921837e-06
2.450026506492450616e-06
2.416829537496459759e-06
2.384225451456901931e-06
2.352200096668741866e-06
2.320740811631704882e-06
2.289835960243511892e-06
2.259475505523748536e-06
2.229650468947352473e-06
2.191388706347246029e-06
2.171575932677247768e-06
2.143312646815982635e-06
2.115557399652223271e-06
2.088304015992733028e-06
2.061546840950663781e-06
2.035280831583399707e-06
2.009499586007656723e-06
1.984197348073675040e-06
1.959368010313920187e-06
1.935005086543726677e-06
1.911144302212129013e-06
1.887695587027027897e-06
1.864692398568810226e-06
1.842127379753345611e-06
1.819993104119904625e-06
1.798245769873522741e-06
1.776929138803015517e-06
1.756009213014959518e-06
1.735474954239038348e-06
1.715313431091195832e-06
1.695508592991070206e-06
1.676046161803030406e-06
1.656914436486167719e-06
1.638102715646384857e-06
1.619598668812009574e-06
1.601390718175439402e-06
1.583466917073817138e-06
1.565815168039548468e-06
1.548423372763221519e-06
1.531497946117565244e-06
1.514556254293258259e-06
1.497855459977290083e-06
1.481380782261588416e-06
1.465196548828979647e-06
1.449127721974376196e-06
1.433182102893189653e-06
1.417512841747773895e-06
1.402025958372793405e-06
1.386715415727422058e-06
1.371623051522110261e-06
1.356623317891565965e-06
1.341816150496333928e-06
1.327170545605725711e-06
1.312684333899851984e-06
1.292054035566531109e-06
1.284185530251168931e-06
1.270171310774096249e-06
1.256313758603045614e-06
1.242613141572294733e-06
1.229070368170167534e-06
1.215687223913687228e-06
1.202465440434573558e-06
1.189406556119705722e-06
1.176512565502503598e-06
1.163786891263569302e-06
1.151233610999762132e-06
1.138692550197129845e-06
1.126445943014604574e-06
1.114360981921476019e-06
1.102452093915702541e-06
1.090707527747446099e-06
1.079139720632232648e-06
1.067743031633585397e-06
1.056517717347191781e-06
1.045463641763178927e-06
1.034580531414850702e-06
1.023880278590042605e-06
1.013337982156355961e-06
1.002964734764319700e-06
9.927591547326696346e-07
9.827198585467228841e-07
9.728454818624747267e-07
9.631340523804029238e-07
9.535834181648922784e-07
9.441914258611491953e-07
9.349557581484009864e-07
9.258739960393795229e-07
9.169432905864688577e-07
9.081607131343677410e-07
8.995235278398534232e-07
8.910289189547870769e-07
8.826735641071530161e-07
8.744541824397763049e-07
8.663585078284342419e-07
8.584020098693894212e-07
8.505719975157269324e-07
8.428652908819859640e-07
8.352785743222934568e-07
8.278086304053314231e-07
8.204524850650863618e-07
8.132068380087344237e-07
8.060685448873745094e-07
7.990346956614341185e-07
7.921022593353724726e-07
7.852683533375649677e-07
7.785301574407423288e-07
7.718848855222460906e-07
7.653297950039613437e-07
7.588622626251743258e-07
7.524798026948494975e-07
7.432262753661553553e-07
7.399603923768356499e-07
7.338187269862507796e-07
7.277528924080491727e-07
7.217608766053706097e-07
7.158406164397958587e-07
7.099903552708068467e-07
7.042083580565693105e-07
6.984928011516105324e-07
6.928420722699120259e-07
6.872547818461390580e-07
6.817294802667106344e-07
6.762647083692313766e-07
6.708591303368585251e-07
6.655115334964651056e-07
6.602207961220012201e-07
6.549858803686163517e-07
6.498058110868140129e-07
6.446795273408591914e-07
6.396060575963863013e-07
6.345847021983427357e-07
6.296147618507354838e-07
6.246953881311447623e-07
6.198257146073779739e-07
6.150050546964227114e-07
6.101327684320218030e-07
6.054090538050900714e-07
6.007323324711288264e-07
5.944382982254919111e-07
5.915177846162987377e-07
5.869788851020344469e-07
5.824849373523161818e-07
5.780352088661490392e-07
5.736290573843611606e-07
5.692660413012400150e-07
5.649457543465321268e-07
5.606676815216357734e-07
5.564313164959449602e-07
5.522361991091254812e-07
5.480818663771004057e-07
5.439678875668084860e-07
5.398937697541916374e-07
5.358590034064227848e-07
5.318631748394379985e-07
5.279059792776491869e-07
5.239871247031563200e-07
5.201062507081093984e-07
5.162629106868896819e-07
5.124566708080207420e-07
5.086871996054484980e-07
5.049542765589681378e-07
5.012575986100353506e-07
4.975968770184985735e-07
4.939717820692897049e-07
4.903820170251913807e-07
4.868273168838564643e-07
4.833074081441681564e-07
4.798220775232259974e-07
4.763711306285401562e-07
4.729543765830675719e-07
4.695716056980875909e-07
4.662224821789585326e-07
4.629066565629745192e-07
4.596238800956889166e-07
4.543855191868747700e-07
4.531568779953922136e-07
4.499723754611218625e-07
4.468202002018211749e-07
4.436999611433963783e-07
4.406113348174137878e-07
4.375540929218311095e-07
4.345279980713541127e-07
4.315328536015449847e-07
4.285684032871839889e-07
4.255932450104447699e-07
4.226895513320110751e-07
4.198156172241789615e-07
4.169711905433404374e-07
4.141958267241624433e-07
4.114090141863848613e-07
4.086505987990848955e-07
4.059202669124293799e-07
4.032177617100529606e-07
4.005428142117173168e-07
3.978950684834918448e-07
3.952741176183980262e-07
3.926795137080413786e-07
3.901108343394516284e-07
3.875308128223398299e-07
3.850134090832325901e-07
3.825210133915951722e-07
3.800532100951203865e-07
3.776096298252995462e-07
3.751899011184222716e-07
3.718897774253470858e-07
3.694961064052717837e-07
3.680702989453048715e-07
3.657424570530144790e-07
3.634366950866241066e-07
3.611526512941818045e-07
3.588899825174360630e-07
3.566483810275069292e-07
3.544275292990093151e-07
3.522271081279244374e-07
3.500468071764336798e-07
3.478862620940991863e-07
3.457451154404111780e-07
3.436230722889167203e-07
3.415198685568435900e-07
3.394352222591722358e-07
3.373688677607418650e-07
3.353205266408018815e-07
3.332898743508734539e-07
3.312766298018137095e-07
3.292805305555181523e-07
3.273013265506015037e-07
3.253387737336078468e-07
3.233926485434174910e-07
3.214627202802968488e-07
3.195487229613092812e-07
3.176504322299283319e-07
3.157676404382602898e-07
3.139001531205578263e-07
3.120477871066921221e-07
3.102103316971356502e-07
3.083875570037965103e-07
3.065792595458079622e-07
3.047852638870390945e-07
3.030054041780839280e-07
3.012395437619709864e-07
2.994875345188156130e-07
2.977491945245043644e-07
2.960243652474280431e-07
2.943129266491671817e-07
2.917696785213322831e-07
2.901132502145347898e-07
2.892575260744052894e-07
2.875982299838844498e-07
2.859516393656452827e-07
2.843176583202813905e-07
2.826962086391800807e-07
2.810872029899596448e-07
2.794905044713668986e-07
2.779059520520683445e-07
2.763334281514011383e-07
2.747728644187309801e-07
2.732241986506256893e-07
2.716873654207953175e-07
2.701622846550200066e-07
2.686488700311554507e-07
2.671470257556017372e-07
2.656566392580230657e-07
2.641776110615195166e-07
2.627098644502574999e-07
2.612533446440116905e-07
2.598080207494996040e-07
2.583738366576026531e-07
2.569507059894053132e-07
2.555385195517689598e-07
2.541371489592215632e-07
2.527464987213083618e-07
2.513665420146049753e-07
2.499972496378753813e-07
2.486385576726244578e-07
2.472903749843171551e-07
2.459526146189899808e-07
2.446241302702742133e-07
2.433070031112297797e-07
2.411261769581405233e-07
2.398386804978032070e-07
2.385479347108696996e-07
2.372541073558657314e-07
2.368726547423084093e-07
2.356155534204333830e-07
2.343682042610200552e-07
2.331305352567306626e-07
2.319024602730350176e-07
2.306838593944175775e-07
2.294746283366937526e-07
2.282746947745310821e-07
2.270839948562868105e-07
2.259024755026277455e-07
2.247300742936661426e-07
2.235667180256710165e-07
2.224123173037374702e-07
2.212667601321646368e-07
2.201299253455032758e-07
2.190017291343880116e-07
2.178821030961890829e-07
2.167709693437770262e-07
2.156682585544446381e-07
2.145738902985710647e-07
2.134877832707088903e-07
2.124098595112871647e-07
2.113400216059713495e-07
2.102781574673791342e-07
2.092241638025386543e-07
2.081779701921087633e-07
2.071395098174141966e-07
2.061087093822112422e-07
2.050854821072622318e-07
2.040697415693294769e-07
2.030614080464628197e-07
2.020604034575888804e-07
2.010666469570225803e-07
2.000800463550001741e-07
1.991005070888891088e-07
1.981279318553140974e-07
1.971622323038489526e-07
1.962033411404472935e-07
1.952511985783033102e-07
1.943057378598522270e-07
1.933668907730515130e-07
1.924345800745593083e-07
1.910015862788155711e-07
1.900906353992220904e-07
1.891740556824584539e-07
1.882631554995277044e-07
1.873579301383261846e-07
1.864473293278732232e-07
1.860843690490918085e-07
1.852014514415816879e-07
1.843243920195842447e-07
1.834531238056445794e-07
1.825875758430260980e-07
1.817276772889624749e-07
1.808733627651408463e-07
1.800245680115066980e-07
1.791812329392851214e-07
1.783433045491921965e-07
1.775107332993382851e-07
1.766834696682074327e-07
1.758718924020957054e-07
1.750550498794091345e-07
1.742433576072650831e-07
1.734367522491287682e-07
1.726351729648964426e-07
1.718385629652455076e-07
1.710468726792231425e-07
1.702600621499865365e-07
1.694780927114248453e-07
1.687009289206121052e-07
1.679285377201683054e-07
1.671608783275565126e-07
1.663979003899019315e-07
1.656395608440755168e-07
1.648858218083383621e-07
1.641366510902732648e-07
1.633920192939389096e-07
1.626518993416130170e-07
1.619162683081749631e-07
1.611851001184419562e-07
1.599190116217097468e-07
1.592111490239763991e-07
1.584978657249876567e-07
1.577888884966055454e-07
1.570841836186309442e-07
1.563837183598030941e-07
1.556874630181405292e-07
1.549858369266682019e-07
1.547999980945510875e-07
1.541117592629896976e-07
1.534276998934834755e-07
1.527477959533700820e-07
1.520720212113889935e-07
1.514003497531087339e-07
1.507327561337506503e-07
1.500692192554255834e-07
1.494097222913498563e-07
1.487542485148839682e-07
1.481027787966777135e-07
1.474552945494260157e-07
1.468117819962306319e-07
1.461722246531106953e-07
1.455366044558396820e-07
1.449049007048372324e-07
1.442770899397126924e-07
1.436531498860570063e-07
1.430330585695450394e-07
1.424167973646489035e-07
1.418043507139173681e-07
1.411957044894778947e-07
1.405908415093376636e-07
1.399897434796466395e-07
1.393923918487333897e-07
1.387987657723991989e-07
1.382088401485061232e-07
1.376225882066171723e-07
1.370399830224153301e-07
1.364609969563572453e-07
1.358856041121093331e-07
1.353137821182303608e-07
1.347455138640993786e-07
1.341807807106181306e-07
1.336195603156151105e-07
1.330618298570678714e-07
1.325075648127188396e-07
1.319567386073172474e-07
1.314093225294566966e-07
1.308652813406403227e-07
1.303245801424666892e-07
1.297871877833220798e-07
1.292530792731533766e-07
1.283251182626679185e-07
1.277994684120780038e-07
1.272771310888704925e-07
1.267580597812308534e-07
1.262422076850453701e-07
1.257295277591780080e-07
1.252199730005009806e-07
1.247134971493501622e-07
1.242100514323350642e-07
1.237095851217925025e-07
1.232120496973581202e-07
1.227174052747175734e-07
1.225962309793362464e-07
1.221051866642545732e-07
1.216170031312240720e-07
1.211316495500141471e-07
1.206490944620983818e-07
1.201693079433016803e-07
1.196922613352757356e-07
1.192179272241354023e-07
1.187462784663769224e-07
1.182772875621889124e-07
1.178109280233936988e-07
1.173471732129700936e-07
1.168859971813510189e-07
1.164273744344780537e-07
1.159712791384981781e-07
1.155176860253883187e-07
1.150665698251487448e-07
1.146179060095186428e-07
1.141716709115515186e-07
1.137278412385379543e-07
1.132863936471087093e-07
1.128473044059915428e-07
1.124105491373541001e-07
1.119761083768711279e-07
1.115439638585680347e-07
1.111140962017323072e-07
1.103483893741345171e-07
1.099235526173419261e-07
1.095009154185978641e-07
1.090804707827114546e-07
1.086622130887393692e-07
1.082461348117529116e-07
1.078322252402777878e-07
1.074204709522537913e-07
1.070108558716066515e-07
1.066033672422496226e-07
1.061979942126075996e-07
1.057947266147282727e-07
1.053935545486311220e-07
1.049944676178666418e-07
1.045974550650010599e-07
1.042025060699448886e-07
1.038096056793125466e-07
1.037453724207639008e-07
1.033555340178886405e-07
1.029676728401499184e-07
1.025817759602071132e-07
1.021978302245456336e-07
1.018158227237589810e-07
1.014357415469715085e-07
1.010575781252296607e-07
1.006813259386102860e-07
1.003069785328641910e-07
9.993452855528876349e-08
9.956396844319812500e-08
9.919529072422847173e-08
9.882848589253074202e-08
9.846354312358033090e-08
9.810045206735039225e-08
9.773920423473118458e-08
9.737979135162579501e-08
9.702220539680897821e-08
9.666643849191278352e-08
9.631248351986737223e-08
9.596033391325457593e-08
9.560998314021481492e-08
9.526142354992438280e-08
9.491464684699199806e-08
9.456964482609470122e-08
9.422640935324569471e-08
9.388493191019392877e-08
9.354520336714260948e-08
9.320721506416772982e-08
9.287095870883800464e-08
9.253642550811236265e-08
9.220360773548327424e-08
9.187249637612082746e-08
9.154308276147074215e-08
9.121535965132771044e-08
9.088932020517362458e-08
9.056495709899949714e-08
9.024226180073006540e-08
8.992122440817584032e-08
8.932872572711535664e-08
8.901224581119878689e-08
8.869735280810472561e-08
8.838403475897422095e-08
8.807227946937232511e-08
8.776207448324565611e-08
8.745340701995036853e-08
8.714626582746567890e-08
8.684064111690117226e-08
8.653652456437599777e-08
8.623391134841297176e-08
8.593279721011030518e-08
8.563317778261617441e-08
8.533504840505497188e-08
8.503840434580851294e-08
8.474324063421650518e-08
8.444954901734417452e-08
8.415731937927886396e-08
8.386654408703086787e-08
8.357721591188458914e-08
8.328932767627675033e-08
8.300287273290948949e-08
8.271784542931133720e-08
8.243424020871633562e-08
