# cl_iswg_isw
2.260822360954507018e-08
1.503920339142742292e-08
1.092460110671353065e-08
8.368054807298323885e-09
6.641662311547287398e-09
5.409128818229811186e-09
4.491424892447382849e-09
3.787159590934872098e-09
3.232323918116310756e-09
2.787327702784491589e-09
2.423849944429415904e-09
2.122950237179162974e-09
1.871810898001252311e-09
1.659239542772222792e-09
1.477924310429781507e-09
1.322489185659547745e-09
1.188043485526451324e-09
1.071037406382588321e-09
9.687563854906845714e-10
8.788577581620116605e-10
7.994856606051680233e-10
7.291808870444839744e-10
6.666891668599171614e-10
6.109268749621485411e-10
5.610151019601541622e-10
5.162346624112747694e-10
4.759525360728919427e-10
4.396035137164118919e-10
4.067130248818935673e-10
3.768951666909551067e-10
3.498095903674878480e-10
3.251565891995669454e-10
3.026665703590081449e-10
2.821119896490071494e-10
2.632957350934500946e-10
2.460474688341348282e-10
2.302149730801484447e-10
2.156567705896850562e-10
2.022502364899997777e-10
1.898891653032095731e-10
1.784792435892697905e-10
1.679344717049973616e-10
1.581760816098563772e-10
1.491327025041791223e-10
1.407412452716735247e-10
1.329464239996982543e-10
1.256977440235521902e-10
1.189489466059677911e-10
1.126580883863473680e-10
1.067875383680253345e-10
1.013033626513315436e-10
9.617534697895681605e-11
9.137617121246028552e-11
8.688059803112052267e-11
8.266592120990531487e-11
7.871187087494613029e-11
7.499967464595527169e-11
7.151195583780946145e-11
6.823231044581034388e-11
6.514530830614008277e-11
6.223655107454747083e-11
5.949298902801975406e-11
5.690315863796320829e-11
5.445662901986995530e-11
5.214394983764668853e-11
4.995662605163352369e-11
4.788673879023095182e-11
4.592684845260980477e-11
4.406994388189344226e-11
4.230930857000404839e-11
4.063862392625730908e-11
3.905190174942594739e-11
3.754353488809024917e-11
3.610861538265733839e-11
3.474292626255405101e-11
3.344271081004752767e-11
3.220445814168499229e-11
3.102483455876494208e-11
2.990061655834204893e-11
2.882870989778709536e-11
2.780615080583088971e-11
2.683016401555203953e-11
2.589809859143796342e-11
2.500742630936092197e-11
2.415585880747082805e-11
2.334147646878607747e-11
2.256246993151074915e-11
2.181702103315628241e-11
2.110335437648246138e-11
2.041980688439332553e-11
1.976472372532928609e-11
1.913649728019326237e-11
1.853360995328105168e-11
1.795466026687505025e-11
1.739838009493392717e-11
1.686360131940837307e-11
1.634928852081221645e-11
1.585445936617960381e-11
1.537821615126566921e-11
1.491972613042633841e-11
1.447816894964960752e-11
1.405277599806650807e-11
1.364281717235830441e-11
1.324758570056754288e-11
1.286640916844461205e-11
1.249866453102422813e-11
1.214379821790711103e-11
1.180128174436226388e-11
1.147060664965239978e-11
1.115129825636183453e-11
1.084291536901297352e-11
1.054502220545452336e-11
1.025717359684535495e-11
9.978921725738674953e-12
9.709840911219313855e-12
9.449550760896330138e-12
9.197714977784394589e-12
8.954023166704685934e-12
8.718175509509882390e-12
8.489876681737591540e-12
8.268831899511978285e-12
8.054758582058133739e-12
7.847380760449450429e-12
7.646439271960996052e-12
7.451703528264196323e-12
7.262952275898656577e-12
7.079961702611713153e-12
6.902509903723773835e-12
6.730382161016283026e-12
6.563382934869673420e-12
6.401333850906986123e-12
6.244054523374719770e-12
6.091370844240188530e-12
5.943122089267063592e-12
5.799161122512771238e-12
5.659348508125259504e-12
5.523552150072588588e-12
5.391646247967994282e-12
5.263513734121586969e-12
5.139042701680883739e-12
5.018123079174609891e-12
4.900645559683668510e-12
4.786506424490797555e-12
4.675611506105616561e-12
4.567870046945884420e-12
4.463193432739798984e-12
4.361494249456211806e-12
4.262686185658623361e-12
4.166684255681859808e-12
4.073401948162923449e-12
3.982750415674858539e-12
3.894642227493945634e-12
3.808994248863517189e-12
3.725727200409900424e-12
3.644763453237453938e-12
3.566025755628449780e-12
3.489432489082750556e-12
3.414905527784295069e-12
3.342374496349363370e-12
3.271775024080436051e-12
3.203044932571651927e-12
3.136125094463279379e-12
3.070956143967899960e-12
3.007477743366525990e-12
2.945632831247392098e-12
2.885368031962684485e-12
2.826632055754252866e-12
2.769375535976717325e-12
2.713551721962365468e-12
2.659119329586076014e-12
2.606041313562669018e-12
2.554282331149472342e-12
2.503806793721751437e-12
2.454578554439988670e-12
2.406563045883194732e-12
2.359725074098920885e-12
2.314029180722633301e-12
2.269441944280642202e-12
2.225934242274397245e-12
2.183478219480928660e-12
2.142043781478456936e-12
2.101600485404276253e-12
2.062119600541922727e-12
2.023574276826783625e-12
1.985939603885734735e-12
1.949190937752672409e-12
1.913302812402608312e-12
1.878250299454969332e-12
1.844010726252441870e-12
1.810562970951518995e-12
1.777886422702941216e-12
1.745960094934591520e-12
1.714762016777152035e-12
1.684270885616554334e-12
1.654466644618857508e-12
1.625329840264896443e-12
1.596841140500806628e-12
1.568982068884210890e-12
1.541734836703073378e-12
1.515082204067997007e-12
1.489007378376780303e-12
1.463494321169598739e-12
1.438527405487286815e-12
1.414090441559694945e-12
1.390167683543966918e-12
1.366743954095555540e-12
1.343804782539979605e-12
1.321336240833261150e-12
1.299325639475510043e-12
1.277761318844035405e-12
1.256632329820431166e-12
1.235927747920732976e-12
1.215636542756211845e-12
1.195748463162684307e-12
1.176253928518749995e-12
1.157143199970542883e-12
1.138406320480718001e-12
1.120034137104011909e-12
1.102018607581575788e-12
1.084352651493370627e-12
1.067029123472420408e-12
1.050040599785903786e-12
1.033379806486906945e-12
1.017039753079597594e-12
1.001013902781893847e-12
9.852962671278981311e-13
9.698810418147343174e-13
9.547622747212065734e-13
9.399339137027630716e-13
9.253900559924574274e-13
9.111252960149282421e-13
8.971345289514834099e-13
8.834130251620488406e-13
8.699562881137809780e-13
8.567591962547197733e-13
8.438159510228736708e-13
8.311206596239604362e-13
8.186677135864428429e-13
8.064516515057144912e-13
7.944671392133294587e-13
7.827087949585854085e-13
7.711710722211259599e-13
7.598485551268843284e-13
7.487359835562027727e-13
7.378281884792894147e-13
7.271200043658514330e-13
7.166066265818623416e-13
7.062834885864801154e-13
6.961459823275420113e-13
6.861895789425877470e-13
6.764098122723753196e-13
6.668022855042307348e-13
6.573625698696662110e-13
6.480866112438747243e-13
6.389708897015633742e-13
6.300117590792746150e-13
6.212056057318426579e-13
6.125488817798703833e-13
6.040381426092879033e-13
5.956701834263006088e-13
5.874420218746887217e-13
5.793507645542140790e-13
5.713936291706040813e-13
5.635678133912114200e-13
5.558705650084022408e-13
5.482991971948125788e-13
5.408511843839880562e-13
5.335241070769364369e-13
5.263157542775593515e-13
5.192240046951296329e-13
5.122466210287801294e-13
5.053814233315443200e-13
4.986265651793855290e-13
4.919803851205062303e-13
4.854412691327089891e-13
4.790076024792013805e-13
4.726777856081680614e-13
4.664502898746829272e-13
4.603235873925794625e-13
4.542958623501804229e-13
4.483651764325527524e-13
4.425297847552624707e-13
4.367880530826075861e-13
4.311383939919748662e-13
4.255792609349488037e-13
4.201091814212247673e-13
4.147266244906337619e-13
4.094300456309312943e-13
4.042178442212827062e-13
3.990884286909923971e-13
3.940401935284784833e-13
3.890715539670073253e-13
3.841809472734201209e-13
3.793669065904916118e-13
3.746280080301941071e-13
3.699628539862093729e-13
3.653700863277118378e-13
3.608483562733430960e-13
3.563963240486300375e-13
3.520126572088284973e-13
3.476960520781977511e-13
3.434451874085653053e-13
3.392587291280794119e-13
3.351353332944775094e-13
3.310736255817961452e-13
3.270721952370459152e-13
3.231297471793854136e-13
3.192451080837727115e-13
3.154171889771222037e-13
3.116448548069143038e-13
3.079269478673693342e-13
3.042623384949335823e-13
3.006499806867389002e-13
2.970888629856591734e-13
2.935779863986266309e-13
2.901163788180379676e-13
2.867031076186162728e-13
2.833373421853221510e-13
2.800183800636256242e-13
2.767455208979830179e-13
2.735180730293598046e-13
2.703353912170287771e-13
2.671968547569151797e-13
2.641018186469203359e-13
2.610496672215370818e-13
2.580398506306011635e-13
2.550718264469420878e-13
2.521450291664759760e-13
2.492588735441136008e-13
2.464128172922036452e-13
2.436063131507383036e-13
2.408388273060955271e-13
2.381098387229952086e-13
2.354188396983841976e-13
2.327653508768432242e-13
2.301489002288864441e-13
2.275690060650779181e-13
2.250251302758690582e-13
2.225167105762494053e-13
2.200432273009215015e-13
2.176041946085873228e-13
2.151991356573213329e-13
2.128275725630674781e-13
2.104890309317069092e-13
2.081830211071216136e-13
2.059090224559049970e-13
2.036665112803245453e-13
2.014549688258475049e-13
1.992739077846729527e-13
1.971228619739278561e-13
1.950013444730801499e-13
1.929088457182722255e-13
1.908448701426713303e-13
1.888089476049002327e-13
1.868006161245308062e-13
1.848194318441526551e-13
1.828649943498444759e-13
1.809368678336506597e-13
1.790345991073038964e-13
1.771577463121435399e-13
1.753058977947790912e-13
1.734786380339929775e-13
1.716755413545999142e-13
1.698961727904790375e-13
1.681400634294589297e-13
1.664067873235298043e-13
1.646959592209083385e-13
1.630072000652710363e-13
1.613401430943168186e-13
1.596944277630039794e-13
1.580697039558779415e-13
1.564656245457765035e-13
1.548818001847130522e-13
1.533178108625084544e-13
1.517732507029621079e-13
1.502477562470991206e-13
1.487409914716575218e-13
1.472526532274437949e-13
1.457824628495491579e-13
1.443301520709835974e-13
1.428954533371543359e-13
1.414780933721402502e-13
1.400778074651363379e-13
1.386943248989123700e-13
1.373273810796757514e-13
1.359767212580564663e-13
1.346420946341120774e-13
1.333232655640494241e-13
1.320200281842643738e-13
1.307321822689790138e-13
1.294595304112720215e-13
1.282018821848128949e-13
1.269590516411600134e-13
1.257308587635929659e-13
1.245171173376079220e-13
1.233176320809551990e-13
1.221322224256021683e-13
1.209607159249007638e-13
1.198029544461290039e-13
1.186587856548093113e-13
1.175280584000412997e-13
1.164106195331575388e-13
1.153063113977743943e-13
1.142149631866865927e-13
1.131364014763995211e-13
1.120704523886214985e-13
1.110169466320594119e-13
1.099757178172887101e-13
1.089466092244580806e-13
1.079294637538588717e-13
1.069241249050746972e-13
1.059304367376430760e-13
1.049482216320344062e-13
1.039772834712899965e-13
1.030174307398178216e-13
1.020684846291236614e-13
1.011302756027772777e-13
1.002026443289259505e-13
9.928543759940379786e-14
9.837850949262750766e-14
9.748171115443395476e-14
9.659489002540506829e-14
9.571788966033228031e-14
9.485056400877917034e-14
9.399277362930439470e-14
9.314437858838994453e-14
9.230523863812224491e-14
9.147522503534575232e-14
9.065421747148404001e-14
8.984209708017408579e-14
8.903874701789715562e-14
8.824405547599661928e-14
8.745791651834867120e-14
8.668022681331672916e-14
8.591088568827688164e-14
8.514979919194057439e-14
8.439687623501200682e-14
8.365202556799089297e-14
8.291515322590042730e-14
8.218615698103917166e-14
8.146493037670819049e-14
8.075136965792278979e-14
8.004537580284565778e-14
7.934685272060712888e-14
7.865570516048355240e-14
7.797183990442087247e-14
7.729516838845333089e-14
7.662560496026471020e-14
7.596306399676944686e-14
7.530745556372582831e-14
7.465869526317372521e-14
7.401669981037839678e-14
7.338138805695594805e-14
7.275268217292199829e-14
7.213050355751911003e-14
7.151477418774258608e-14
7.090541620428719656e-14
7.030235134117762136e-14
6.970550508186838415e-14
6.911480858856257126e-14
6.853019686896179293e-14
6.795160600741899513e-14
6.737897668579649982e-14
6.681225230913398348e-14
6.625137788885437018e-14
6.569629661595805464e-14
6.514694775394710112e-14
6.460327091629229864e-14
6.406521009176162851e-14
6.353271284347774613e-14
6.300572516248263445e-14
6.248418754067520441e-14
6.196803745762832747e-14
6.145720988967942568e-14
6.095163838173176430e-14
6.045125605579655941e-14
5.995599855177262752e-14
5.946580366164160000e-14
5.898061116391438020e-14
5.850036351452327404e-14
5.802500236684089168e-14
5.755446781930407184e-14
5.708869564963624611e-14
5.662762196776647424e-14
5.617118335482113166e-14
5.571931720714113935e-14
5.527196242732927283e-14
5.482905833344261016e-14
5.439054448657454868e-14
5.395636101084418374e-14
5.352645131046878852e-14
5.310076315191455801e-14
5.267924700402164365e-14
5.226185224796557406e-14
5.184852847274585708e-14
5.143922577398004173e-14
5.103389372693451412e-14
5.063248118276443929e-14
5.023493831156365492e-14
4.984121690257567258e-14
4.945127383193463985e-14
4.906506794614570680e-14
4.868255845669335132e-14
4.830370385242531860e-14
4.792846288815317691e-14
4.755679515712818430e-14
4.718865877667550400e-14
4.682401221749327434e-14
4.646281474425887039e-14
4.610502651926867971e-14
4.575061064162288687e-14
4.539952966778329969e-14
4.505174608862545796e-14
4.470722308348240535e-14
4.436592432111406696e-14
4.402781144702170057e-14
4.369284704457366381e-14
4.336099728440149166e-14
4.303223029636994597e-14
4.270651524776393557e-14
4.238382213759642416e-14
4.206412160682816125e-14
4.174738344643383884e-14
4.143357561142978660e-14
4.112266541386484153e-14
4.081461982411809669e-14
4.050940744308982474e-14
4.020699753424806884e-14
3.990735977948333647e-14
3.961046438599997777e-14
3.931628204369301484e-14
3.902478434683513961e-14
3.873594363357002534e-14
3.844973152540709308e-14
3.816611941000393122e-14
3.788507734092380935e-14
3.760657652993248577e-14
3.733059081285336953e-14
3.705709450801230047e-14
3.678606198390210922e-14
3.651746756693704104e-14
3.625128425398390305e-14
3.598748349847727298e-14
3.572603786329372128e-14
3.546692163960823724e-14
3.521010992692848462e-14
3.495557857609535405e-14
3.470330460908866651e-14
3.445326655087499946e-14
3.420544322234386681e-14
3.395981309603926838e-14
3.371635376405777488e-14
3.347504316024733230e-14
3.323586025638453333e-14
3.299878372490645872e-14
3.276379146474463822e-14
3.253086124699996435e-14
3.229997126276144932e-14
3.207110046797993070e-14
3.184422827258764429e-14
3.161933438495732045e-14
3.139639765983816278e-14
3.117539701230582765e-14
3.095631173046710150e-14
3.073912154238894904e-14
3.052380674492696478e-14
3.031034764700237076e-14
3.009872438473371302e-14
2.988891745764691174e-14
2.968090807802441470e-14
2.947467714474873445e-14
2.927020544604613805e-14
2.906747417452765909e-14
2.886646497885732234e-14
2.866715974626137462e-14
2.846954054604279586e-14
2.827358967870548205e-14
2.807928954061330508e-14
2.788662253516790260e-14
2.769557118245383733e-14
2.750611823978770735e-14
2.731824720948338666e-14
2.713194210992938992e-14
2.694718754852934990e-14
2.676396934474630414e-14
2.658227378550794956e-14
2.640208724946503668e-14
2.622339602473369714e-14
2.604618647828085629e-14
2.587044513798921547e-14
2.569615792168151481e-14
2.552331025416817077e-14
2.535188829470867265e-14
2.518187841721307666e-14
2.501326721521863595e-14
2.484604173540255553e-14
2.468018964792722150e-14
2.451569877349718033e-14
