# clcibkdes
3.472139887423097201e-03
3.733873413632188797e-03
4.024959084123608082e-03
4.348498647478731341e-03
4.707420611729211911e-03
5.105542785247683957e-03
5.546480887719912670e-03
6.034189018455999448e-03
6.572817631508907563e-03
7.166716291354416346e-03
7.820336010936655008e-03
8.538177380887962756e-03
9.324778921205034710e-03
1.018447263601308592e-02
1.112134501626858840e-02
1.213908390163762237e-02
1.324065668999239477e-02
1.442824311134771782e-02
1.570270806349400444e-02
1.706354263467496635e-02
1.850825033108314741e-02
2.003217667950556169e-02
2.162786398248113875e-02
2.328481670140011145e-02
2.498896848401441564e-02
2.672228563333543458e-02
2.846250834293122256e-02
3.018268307751881263e-02
3.185078527578519975e-02
3.342938582655819585e-02
3.487650551117545822e-02
3.614665311532955227e-02
3.719190737088219623e-02
3.796384814523640072e-02
3.841591919442145092e-02
3.850687898609063409e-02
3.820447523286964187e-02
3.748958410927712842e-02
3.636008060321060942e-02
3.483544389585035983e-02
3.296620971142354833e-02
3.083580471108748888e-02
2.854489545108017390e-02
2.619670048334606788e-02
2.388762759612889086e-02
2.169504257355853519e-02
1.965454482680657408e-02
1.775449395796727808e-02
1.594607431895636931e-02
1.417321170173601458e-02
1.241340041589906670e-02
1.070228814441308469e-02
9.123854434529340279e-03
7.756697801910654964e-03
6.611345611364199092e-03
5.626346987228990348e-03
4.738242865430147832e-03
3.946599492020919087e-03
3.281538669801997363e-03
2.731808697903988573e-03
2.262689299964796511e-03
1.867297754195222734e-03
1.542002897007416478e-03
1.271747308800157041e-03
1.049177734261818110e-03
8.664640491586036780e-04
7.166640979305532013e-04
5.939597770722814364e-04
4.933752035631900658e-04
4.109491676498816873e-04
