# clcibdes
7.180440158708627223e+02
7.734377093053994940e+02
8.352483400786506991e+02
9.041825590229528871e+02
9.810154689390232079e+02
1.066593412028281364e+03
1.161838310458169872e+03
1.267748556639990738e+03
1.385475239066160611e+03
1.515945112162846044e+03
1.660607503436302522e+03
1.820678545628526990e+03
1.997499930430283939e+03
2.192453084301873787e+03
2.406933237532743988e+03
2.642318582603092636e+03
2.899929415841070750e+03
3.180976905522187735e+03
3.486492270323778030e+03
3.817254139914226926e+03
4.173686457676582904e+03
4.555747982359166599e+03
4.962803528091467342e+03
5.393496486860668483e+03
5.845587792107802670e+03
6.315847598121267765e+03
6.799942618721948747e+03
7.292290020602275035e+03
7.785682037709123506e+03
8.270888318737910595e+03
8.736902716327276721e+03
9.171075921808926068e+03
9.559127146565249859e+03
9.886200905662346486e+03
1.013376130179058237e+04
1.028791330046221628e+04
1.033315134355923510e+04
1.025709850362238103e+04
1.005068163947215908e+04
9.711370658646301308e+03
9.250983769355698314e+03
8.694184630433441271e+03
8.072770289065993893e+03
7.421682783096282947e+03
6.778968312313615570e+03
6.176091892766984529e+03
5.627055334673627840e+03
5.124665243109689982e+03
4.642929137897540386e+03
4.152614205375171878e+03
3.641733890516848533e+03
3.129035505245778495e+03
2.657677060708221688e+03
2.262703081621083129e+03
1.940044036229204266e+03
1.655020412647274725e+03
1.386671891108355794e+03
1.149327236548778501e+03
9.563288004698666782e+02
7.945834928457743445e+02
6.538855038562689970e+02
5.375599006499631969e+02
4.415595648984851209e+02
3.617254393784869535e+02
2.964681910411792387e+02
2.430118940452497327e+02
1.994828537615866537e+02
1.640177709066076659e+02
1.351242919360368830e+02
1.116833266288589357e+02
