# cldes
1.705381787109889514e-06
1.775714831239395557e-06
1.850153271308154491e-06
1.928868133311164532e-06
2.012031941509577243e-06
2.099809575457676784e-06
2.192360789759237058e-06
2.289833560672330133e-06
2.392364379776706150e-06
2.500067459270227029e-06
2.613039279105863961e-06
2.731352189162565008e-06
2.855008068422623515e-06
2.984101541983905767e-06
3.118607703625129562e-06
3.258513202120159718e-06
3.403753002908528710e-06
3.554535617226640970e-06
3.709240737268754091e-06
3.869229431312739684e-06
4.033398364689183057e-06
4.201420716869383070e-06
4.373037764957239216e-06
4.547818326897109202e-06
4.725059116839488646e-06
4.903927921086174302e-06
5.083501411877062643e-06
5.262744239023686951e-06
5.440560228344308081e-06
5.615599514485048126e-06
5.786490734979664805e-06
5.952012515908846569e-06
6.110341644392518080e-06
6.260657471927094115e-06
6.398534596679618101e-06
6.524057685596316762e-06
6.634748155658082409e-06
6.728697733347179094e-06
6.804268950716121925e-06
6.859785169192154337e-06
6.893346977879477884e-06
6.903124022638459688e-06
6.887759398612594381e-06
6.846410622153532338e-06
6.778872790689457914e-06
6.685868608384022993e-06
6.568346936188014500e-06
6.427438703157831852e-06
6.264599440769335251e-06
6.081646609848479171e-06
5.881290473126602183e-06
5.666722360711692435e-06
5.440951573435746427e-06
5.207467031925353908e-06
4.969711143836307300e-06
4.730464843377394167e-06
4.491946955320388840e-06
4.256031005341621220e-06
4.024310652596567685e-06
3.797438849421038111e-06
3.575403119464401999e-06
3.357949325761538268e-06
3.145085876767777110e-06
2.937517574259587484e-06
2.736657700143502909e-06
2.544247113621109611e-06
2.361590577931906907e-06
2.188466722198773303e-06
2.022948830723519486e-06
1.862614499813868579e-06
1.706506354759713441e-06
1.556228239235816379e-06
1.415391134373052852e-06
1.287150702562193595e-06
1.172205043104747222e-06
1.069054454115274214e-06
9.748811435682245043e-07
8.879548997033871611e-07
8.073804778296121304e-07
7.329513254367023919e-07
6.648525670832453082e-07
6.038699269542078307e-07
5.491174558134597002e-07
4.998059176582545412e-07
4.549565295171213443e-07
4.144280291343966362e-07
3.782029071401662663e-07
3.457480706105507940e-07
3.163583528557902217e-07
2.897863737288762730e-07
2.660125266725259379e-07
2.445699982679494678e-07
2.251229055209140888e-07
2.075594798521588232e-07
1.916235164582985453e-07
1.771164777858789344e-07
1.638982274212899474e-07
1.517841353408179383e-07
1.406496889658010338e-07
1.303888413073998199e-07
1.209024220769919880e-07
1.121076674121317124e-07
1.039314670017124419e-07
9.630997546192239879e-08
8.918880590184272823e-08
8.252144500819213322e-08
7.626879244602201274e-08
7.039844546800752012e-08
6.488366863300525828e-08
5.970228931325888672e-08
5.483567125852552631e-08
5.026790495331754269e-08
4.599760789660331030e-08
4.182238280178728433e-08
