# clk
7.688492885906475261e-08
7.819841445901504487e-08
7.952992149038760995e-08
8.087940972451789712e-08
8.224494880148358135e-08
8.362405018756674188e-08
8.501454485454917103e-08
8.641675724883174806e-08
8.783184452312584606e-08
8.926105197921088431e-08
9.070500318410331408e-08
9.216405937388821063e-08
9.363849792354040153e-08
9.512709576977494236e-08
9.662746912256484978e-08
9.813706000391323250e-08
9.965476846299462143e-08
1.011810461929315326e-07
1.027164712785783029e-07
1.042613229909340774e-07
1.058154008022715110e-07
1.073782816418164756e-07
1.089489575893613503e-07
1.105255199534745836e-07
1.121062943103883737e-07
1.136901176825780017e-07
1.152766093801846950e-07
1.168652694260559753e-07
1.184553563132316906e-07
1.200459155291879344e-07
1.216358380663727203e-07
1.232238185797496034e-07
1.248083751390538507e-07
1.263881124551994127e-07
1.279618334929857428e-07
1.295283774104528810e-07
1.310864088294333341e-07
1.326342999030204166e-07
1.341702935211644109e-07
1.356926872720521850e-07
1.372000384736391353e-07
1.386914131131889038e-07
1.401660009609994693e-07
1.416228150025517009e-07
1.430595728166109593e-07
1.444733948955174036e-07
1.458613156544083802e-07
1.472216980350510003e-07
1.485538930664417974e-07
1.498575064058961491e-07
1.511316442372308323e-07
1.523746519553328238e-07
1.535846562988335196e-07
1.547573245817034745e-07
1.558863070428249260e-07
1.569648645613829303e-07
1.579908029329682231e-07
1.589672561008016577e-07
1.598983658256210602e-07
1.607857483996057463e-07
1.616267567860802548e-07
1.624182603532182008e-07
1.631552603577725797e-07
1.638301569256948741e-07
1.644346687291454591e-07
1.649652407208385565e-07
1.654280100803291378e-07
1.658312492794226972e-07
1.661800412381853865e-07
1.664711584679823149e-07
1.666999383889594788e-07
1.668611064226840935e-07
1.669480574437137513e-07
1.669549234263140253e-07
1.668791605642429970e-07
1.667263973514037059e-07
1.665029058822073320e-07
1.662129522070383761e-07
1.658562020455885221e-07
1.654318345032045941e-07
1.649387342794689455e-07
1.643740141348744702e-07
1.637359239956139510e-07
1.630254220396438827e-07
1.622467503958489662e-07
1.614030935294569748e-07
1.604950774154940627e-07
1.595225117163254847e-07
1.584879472151891462e-07
1.573962717271816952e-07
1.562501424883354566e-07
1.550513683199610724e-07
1.538027485309269514e-07
1.525073852693503865e-07
1.511670883994225366e-07
1.497819028775445557e-07
1.483523559963495774e-07
1.468815433422557735e-07
1.453740956453036492e-07
1.438340876042171496e-07
1.422638997596555299e-07
1.406642877709845329e-07
1.390356971067514708e-07
1.373788847455395586e-07
1.356964067702672413e-07
1.339901503999115834e-07
1.322616968716085552e-07
1.305116054122223422e-07
1.287358316968338005e-07
1.269437092379910109e-07
1.251374788889296893e-07
1.233081568789037446e-07
1.214608752738286537e-07
1.195954768056822937e-07
1.177136185401787269e-07
1.158175461813510835e-07
1.139089448554624866e-07
1.119890102226208464e-07
1.100591900348341314e-07
1.081209651375912490e-07
1.061774285584772400e-07
1.042324206288821972e-07
1.022915732641314088e-07
1.003512439412327827e-07
9.841857197689137809e-08
9.649642152495231974e-08
9.458706874637034119e-08
9.269304912268748205e-08
9.081624910642194810e-08
8.895880587787934949e-08
8.712346573561281526e-08
8.531239643884055402e-08
8.352006527459057867e-08
8.175906803416222140e-08
8.002280510703178004e-08
7.829884447437951347e-08
7.659841037126377913e-08
7.491846431231797367e-08
7.325762503897104243e-08
7.161338210527547849e-08
6.998461465373921181e-08
6.837220660507661395e-08
6.677702707551750862e-08
6.520085040851935939e-08
6.364430029779808370e-08
6.211013912968739436e-08
6.058948863445499182e-08
5.909345391278806925e-08
5.761876242674722757e-08
5.616491100773071925e-08
5.473235197911315655e-08
5.332236867716590686e-08
5.192957432120514964e-08
5.055550494088812220e-08
4.919805991269687742e-08
4.786810662377888807e-08
4.652910335856209189e-08
4.522044439139485992e-08
4.393220540159146427e-08
4.266023864681210248e-08
4.140812183938815542e-08
4.017712943911734595e-08
3.896953884896277536e-08
3.778081725032474261e-08
3.661228050722488891e-08
3.547690719347159696e-08
3.435902045623097377e-08
3.326601084134100308e-08
3.219731976550809022e-08
3.115173908267635759e-08
3.013517771299356176e-08
2.914684452799262037e-08
2.817820866750021067e-08
2.723437200080892012e-08
2.635020068764132326e-08
2.547532478349128728e-08
2.462818228773373286e-08
2.380808209356229669e-08
2.301596984967718805e-08
2.225024056995088216e-08
2.153107058472068571e-08
2.080571064575172518e-08
2.009704711980157032e-08
1.942373784403078585e-08
1.876924993675656074e-08
1.813416265551282975e-08
1.751806598869974962e-08
1.691809777323132142e-08
1.634532153938651261e-08
1.578121790372983594e-08
1.520901473633426951e-08
1.466597475455110951e-08
1.413611975376214079e-08
1.361393500979237036e-08
1.311084092035747039e-08
1.263188247841986283e-08
1.217772764842048866e-08
1.172752217157748926e-08
1.130301437090327178e-08
1.088569925863123587e-08
1.048147408276023943e-08
1.009101872521713881e-08
9.716522962749494814e-09
9.360387375910153204e-09
9.022855330608082475e-09
8.699168922354192011e-09
8.384579844598233872e-09
8.077071850257718745e-09
7.777471061671034904e-09
7.486065740668547664e-09
7.203351718465697586e-09
6.931086543166871514e-09
6.670748695686409386e-09
6.421455900213556329e-09
6.180449428774829126e-09
5.946953435380936238e-09
5.722163144341182765e-09
5.507687938879833211e-09
5.302941365618109547e-09
5.106356717630691271e-09
4.916920120471878551e-09
4.734237435529085637e-09
4.558041430181875169e-09
4.387549407467090525e-09
4.222674126490423881e-09
4.063715646827936434e-09
3.911407455505493562e-09
3.765739689997754546e-09
3.626172421619946507e-09
3.491975789955100051e-09
3.362745729181158193e-09
3.238413193559657337e-09
3.118881373741567856e-09
3.003955855486448662e-09
2.893279607019507657e-09
2.786728281169245585e-09
2.684276569336280184e-09
2.585956827281105070e-09
2.491605094464648717e-09
2.400971871572647453e-09
2.313769464732274680e-09
2.229848467007377710e-09
2.149117895255722007e-09
2.071495545402641370e-09
1.996872509360288878e-09
1.925135691833560251e-09
1.856165686339373248e-09
1.789848033159931983e-09
1.726063577827275867e-09
1.664686362510862170e-09
