0.000000000000000000e+00 0.000000000000000000e+00
3.006012024048096160e-03 0.000000000000000000e+00
6.012024048096192320e-03 0.000000000000000000e+00
9.018036072144288914e-03 0.000000000000000000e+00
1.202404809619238464e-02 0.000000000000000000e+00
1.503006012024048037e-02 0.000000000000000000e+00
1.803607214428857783e-02 0.000000000000000000e+00
2.104208416833667356e-02 0.000000000000000000e+00
2.404809619238476928e-02 0.000000000000000000e+00
2.705410821643286501e-02 0.000000000000000000e+00
3.006012024048096073e-02 0.000000000000000000e+00
3.306613226452905646e-02 0.000000000000000000e+00
3.607214428857715566e-02 0.000000000000000000e+00
3.907815631262524791e-02 1.783216851042608228e-02
4.208416833667334711e-02 3.581904816841711969e-02
4.509018036072143937e-02 5.380592782640811894e-02
4.809619238476953856e-02 5.606765809066253936e-02
5.110220440881763776e-02 5.828837531102920577e-02
5.410821643286573002e-02 6.051001261674252701e-02
5.711422845691382921e-02 6.297731336757035614e-02
6.012024048096192147e-02 6.544461411839816445e-02
6.312625250501001373e-02 6.791585086354881562e-02
6.613226452905811292e-02 7.078761770222093130e-02
6.913827655310621212e-02 7.365938454089304699e-02
7.214428857715431131e-02 7.654061630650769998e-02
7.515030060120241051e-02 8.000158427457021437e-02
7.815631262525049583e-02 8.346255224263272876e-02
8.116232464929859503e-02 8.693841674807738229e-02
8.416833667334669422e-02 9.107453597530061618e-02
8.717434869739479342e-02 9.521065520252385006e-02
9.018036072144287874e-02 9.936723874104876064e-02
9.318637274549097793e-02 1.042240168942621392e-01
9.619238476953907713e-02 1.090807950474755317e-01
9.919839679358717632e-02 1.139600546411168314e-01
1.022044088176352755e-01 1.194704263720387100e-01
1.052104208416833608e-01 1.249807981029605469e-01
1.082164328657314600e-01 1.305137272596542664e-01
1.112224448897795592e-01 1.365779363339780783e-01
1.142284569138276584e-01 1.426421454083018625e-01
1.172344689378757437e-01 1.487275213737352941e-01
1.202404809619238429e-01 1.552446984148534714e-01
1.232464929859719421e-01 1.617618754559716210e-01
1.262525050100200275e-01 1.683085823213146259e-01
1.292585170340681266e-01 1.753822748391372643e-01
1.322645290581162258e-01 1.824559673569598750e-01
1.352705410821643250e-01 1.895827397915155754e-01
1.382765531062124242e-01 1.975501138419077374e-01
1.412825651302605234e-01 2.055174878922998993e-01
1.442885771543086226e-01 2.135818849823239440e-01
1.472945891783567218e-01 2.230329127399283962e-01
1.503006012024048210e-01 2.324839404975328205e-01
1.533066132264528925e-01 2.420953554189779755e-01
1.563126252505009917e-01 2.537928698026722940e-01
1.593186372745490909e-01 2.654903841863666125e-01
1.623246492985971901e-01 2.774241733732199511e-01
1.653306613226452892e-01 2.921614781758879453e-01
1.683366733466933884e-01 3.068987829785558841e-01
1.713426853707414876e-01 3.219232572302763162e-01
1.743486973947895868e-01 3.400768057761328622e-01
1.773547094188376860e-01 3.582303543219896302e-01
1.803607214428857575e-01 3.766546279186888113e-01
1.833667334669338567e-01 3.978142285502975217e-01
1.863727454909819559e-01 4.189738291819061766e-01
1.893787575150300551e-01 4.402829939846784613e-01
1.923847695390781543e-01 4.629995816157006505e-01
1.953907815631262535e-01 4.857161692467227843e-01
1.983967935871743526e-01 5.083573273963177819e-01
2.014028056112224518e-01 5.303372462415494315e-01
2.044088176352705510e-01 5.523171650867810811e-01
2.074148296593186225e-01 5.739546056346236380e-01
2.104208416833667217e-01 5.927749168429085058e-01
2.134268537074148209e-01 6.115952280511933736e-01
2.164328657314629201e-01 6.298820038999690674e-01
2.194388777555110193e-01 6.440517698101276833e-01
2.224448897795591185e-01 6.582215357202859662e-01
2.254509018036072177e-01 6.718362746902851734e-01
2.284569138276553169e-01 6.814212387685991690e-01
2.314629258517034160e-01 6.910062028469132756e-01
2.344689378757514875e-01 7.001919940877424642e-01
2.374749498997995867e-01 7.066352997306583061e-01
2.404809619238476859e-01 7.130786053735742591e-01
2.434869739478957851e-01 7.194012880153963785e-01
2.464929859719438843e-01 7.249380491356696155e-01
2.494989979959919835e-01 7.304748102559430745e-01
2.525050100200400549e-01 7.362183862176100435e-01
2.555110220440881541e-01 7.432388538609902007e-01
2.585170340681362533e-01 7.502593215043704689e-01
2.615230460921843525e-01 7.577791198915082571e-01
2.645290581162324517e-01 7.682339946753584670e-01
2.675350701402805509e-01 7.786888694592085658e-01
2.705410821643286501e-01 7.898793903579972575e-01
2.735470941883767493e-01 8.051828675207737263e-01
2.765531062124248485e-01 8.204863446835499730e-01
2.795591182364729477e-01 8.366829131261137587e-01
2.825651302605210469e-01 8.576487819015489178e-01
2.855711422845691461e-01 8.786146506769840769e-01
2.885771543086172453e-01 9.005204789402038168e-01
2.915831663326653445e-01 9.272158515910495780e-01
2.945891783567134437e-01 9.539112242418954501e-01
2.975951903807615428e-01 9.814495664720027657e-01
3.006012024048096420e-01 1.013092272743990829e+00
3.036072144288576857e-01 1.044734979015977894e+00
3.066132264529057849e-01 1.076906830313326013e+00
3.096192384769538841e-01 1.111549417673820539e+00
3.126252505010019833e-01 1.146192005034314843e+00
3.156312625250500825e-01 1.180811307974534818e+00
3.186372745490981817e-01 1.215326464017352670e+00
3.216432865731462809e-01 1.249841620060170300e+00
3.246492985971943801e-01 1.283659430767148724e+00
3.276553106212424793e-01 1.314479480785002652e+00
3.306613226452905785e-01 1.345299530802856580e+00
3.336673346693386777e-01 1.374764573992971473e+00
3.366733466933867769e-01 1.398625926653204843e+00
3.396793587174348761e-01 1.422487279313437991e+00
3.426853707414829753e-01 1.444549736242717541e+00
3.456913827655310745e-01 1.459463762657495556e+00
3.486973947895791737e-01 1.474377789072273126e+00
3.517034068136272729e-01 1.487325246662904110e+00
3.547094188376753721e-01 1.492741418295127742e+00
3.577154308617234157e-01 1.498157589927352040e+00
3.607214428857715149e-01 1.501767876083920816e+00
3.637274549098196141e-01 1.498721075292117400e+00
3.667334669338677133e-01 1.495674274500314205e+00
3.697394789579158125e-01 1.491277864275574849e+00
3.727454909819639117e-01 1.482079324850599233e+00
3.757515030060120109e-01 1.472880785425624062e+00
3.787575150300601101e-01 1.463011638921735136e+00
3.817635270541082093e-01 1.450842121915841831e+00
3.847695390781563085e-01 1.438672604909948971e+00
3.877755511022044077e-01 1.426563934418730195e+00
3.907815631262525069e-01 1.414656628101278679e+00
3.937875751503006061e-01 1.402749321783827607e+00
3.967935871743487053e-01 1.391536940178813131e+00
3.997995991983968045e-01 1.382548847782843815e+00
4.028056112224449037e-01 1.373560755386874055e+00
4.058116232464930029e-01 1.365565886040523536e+00
4.088176352705411021e-01 1.360641972724061510e+00
4.118236472945892013e-01 1.355718059407599707e+00
4.148296593186372450e-01 1.351648425802790543e+00
4.178356713426853442e-01 1.350136381603657121e+00
4.208416833667334433e-01 1.348624337404523921e+00
4.238476953907815425e-01 1.347477519562033876e+00
4.268537074148296417e-01 1.347390000321399661e+00
4.298597194388777409e-01 1.347302481080765446e+00
4.328657314629258401e-01 1.347056050757116097e+00
4.358717434869739393e-01 1.346363656760031002e+00
4.388777555110220385e-01 1.345671262762946130e+00
4.418837675350701377e-01 1.344434883594358476e+00
4.448897795591182369e-01 1.341718112662763307e+00
4.478957915831663361e-01 1.339001341731168804e+00
4.509018036072144353e-01 1.335742855160503506e+00
4.539078156312625345e-01 1.331056567271736490e+00
4.569138276553106337e-01 1.326370279382969253e+00
4.599198396793587329e-01 1.321508764912391110e+00
4.629258517034068321e-01 1.316199742923165772e+00
4.659318637274549313e-01 1.310890720933940434e+00
4.689378757515029750e-01 1.305965905955085882e+00
4.719438877755510742e-01 1.301993801793326355e+00
4.749498997995991734e-01 1.298021697631566385e+00
4.779559118236472726e-01 1.294916852167951049e+00
4.809619238476953718e-01 1.293897466505093741e+00
4.839679358717434710e-01 1.292878080842236432e+00
4.869739478957915702e-01 1.293043457451690692e+00
4.899799599198396693e-01 1.295977030281597386e+00
4.929859719438877685e-01 1.298910603111504081e+00
4.959919839679358677e-01 1.303045026518033112e+00
4.989979959919839669e-01 1.309906601792333758e+00
5.020040080160320661e-01 1.316768177066634626e+00
5.050100200400801098e-01 1.324722785925511070e+00
5.080160320641282645e-01 1.335087135082598353e+00
5.110220440881763082e-01 1.345451484239685414e+00
5.140280561122244629e-01 1.356556344395513758e+00
5.170340681362725066e-01 1.369246560278409630e+00
5.200400801603206613e-01 1.381936776161305946e+00
5.230460921843687050e-01 1.394846330740001417e+00
5.260521042084168597e-01 1.408212723468002636e+00
5.290581162324649034e-01 1.421579116196003412e+00
5.320641282565130581e-01 1.434518641517855686e+00
5.350701402805611018e-01 1.446594286752108660e+00
5.380761523046092565e-01 1.458669931986362300e+00
5.410821643286573002e-01 1.469725526908508328e+00
5.440881763527054549e-01 1.478771739651898676e+00
5.470941883767534986e-01 1.487817952395288357e+00
5.501002004008015422e-01 1.495460171752647005e+00
5.531062124248496970e-01 1.500409685449122899e+00
5.561122244488977406e-01 1.505359199145598792e+00
5.591182364729458953e-01 1.508957319464659053e+00
5.621242484969939390e-01 1.510035156140294488e+00
5.651302605210420937e-01 1.511112992815930367e+00
5.681362725450901374e-01 1.511236967417984189e+00
5.711422845691382921e-01 1.509628216796250699e+00
5.741482965931863358e-01 1.508019466174516543e+00
5.771543086172344905e-01 1.506087659379860666e+00
5.801603206412825342e-01 1.503584954015578123e+00
5.831663326653306889e-01 1.501082248651296247e+00
5.861723446893787326e-01 1.498841694260745649e+00
5.891783567134268873e-01 1.497052560471292537e+00
5.921843687374749310e-01 1.495263426681839869e+00
5.951903807615230857e-01 1.494131678509024619e+00
5.981963927855711294e-01 1.494101617988166986e+00
6.012024048096192841e-01 1.494071557467309352e+00
6.042084168336673278e-01 1.494844392094136332e+00
6.072144288577153715e-01 1.496928819810003919e+00
6.102204408817635262e-01 1.499013247525871728e+00
6.132264529058115698e-01 1.502052073110021535e+00
6.162324649298597246e-01 1.506608752352353697e+00
6.192384769539077682e-01 1.511165431594685193e+00
6.222444889779559229e-01 1.516761973208420988e+00
6.252505010020039666e-01 1.523968816081117783e+00
6.282565130260521213e-01 1.531175658953814578e+00
6.312625250501001650e-01 1.539381814127680492e+00
6.342685370741483197e-01 1.549097117923881717e+00
6.372745490981963634e-01 1.558812421720082497e+00
6.402805611222445181e-01 1.569089482545683367e+00
6.432865731462925618e-01 1.580192836933089540e+00
6.462925851703407165e-01 1.591296191320495712e+00
6.492985971943887602e-01 1.601997523684092206e+00
6.523046092184369149e-01 1.612122030036693854e+00
6.553106212424849586e-01 1.622246536389295057e+00
6.583166332665331133e-01 1.630605434429204914e+00
6.613226452905811570e-01 1.636496294499916848e+00
6.643286573146292007e-01 1.642387154570628560e+00
6.673346693386773554e-01 1.645229438182938209e+00
6.703406813627253991e-01 1.643913977230200274e+00
6.733466933867735538e-01 1.642598516277461895e+00
6.763527054108215975e-01 1.637503165206185329e+00
6.793587174348697522e-01 1.627384459879756218e+00
6.823647294589177958e-01 1.617265754553327772e+00
6.853707414829659506e-01 1.603620225904530017e+00
6.883767535070139942e-01 1.585400857879073477e+00
6.913827655310621489e-01 1.567181489853616272e+00
6.943887775551101926e-01 1.546519282616665825e+00
6.973947895791583473e-01 1.522769467104500229e+00
7.004008016032063910e-01 1.499019651592335967e+00
7.034068136272545457e-01 1.474312501228233208e+00
7.064128256513025894e-01 1.448424380665737088e+00
7.094188376753507441e-01 1.422536260103240080e+00
7.124248496993987878e-01 1.396952223121071146e+00
7.154308617234468315e-01 1.371734322231008329e+00
7.184368737474949862e-01 1.346516421340944403e+00
7.214428857715430299e-01 1.322325002459295851e+00
7.244488977955911846e-01 1.299338390171123958e+00
7.274549098196392283e-01 1.276351777882953398e+00
7.304609218436873830e-01 1.254476289863261762e+00
7.334669338677354267e-01 1.233873859766490666e+00
7.364729458917835814e-01 1.213271429669719348e+00
7.394789579158316251e-01 1.193603005692847496e+00
7.424849699398797798e-01 1.174977840975314436e+00
7.454909819639278235e-01 1.156352676257782486e+00
7.484969939879759782e-01 1.138395112080301752e+00
7.515030060120240218e-01 1.121165513176978878e+00
7.545090180360721765e-01 1.103935914273655339e+00
7.575150300601202202e-01 1.087344945278474251e+00
7.605210420841683749e-01 1.071432909571226277e+00
7.635270541082164186e-01 1.055520873863979192e+00
7.665330661322645733e-01 1.040420996996754388e+00
7.695390781563126170e-01 1.026164045888865006e+00
7.725450901803606607e-01 1.011907094780975847e+00
7.755511022044088154e-01 9.989295863923330909e-01
7.785571142284568591e-01 9.872467698963791616e-01
7.815631262525050138e-01 9.755639534004243441e-01
7.845691382765530575e-01 9.655341593444064507e-01
7.875751503006012122e-01 9.571352498168151923e-01
7.905811623246492559e-01 9.487363402892242670e-01
7.935871743486974106e-01 9.421824202220270283e-01
7.965931863727454543e-01 9.374056067064970854e-01
7.995991983967936090e-01 9.326287931909671425e-01
8.026052104208416527e-01 9.295376990692417740e-01
8.056112224448898074e-01 9.280296629395562436e-01
8.086172344689378511e-01 9.265216268098707131e-01
8.116232464929860058e-01 9.261917514867964440e-01
8.146292585170340494e-01 9.269420118473474801e-01
8.176352705410822042e-01 9.276922722078985162e-01
8.206412825651302478e-01 9.288382562774827322e-01
8.236472945891784025e-01 9.303379422624857842e-01
8.266533066132264462e-01 9.318376282474885031e-01
8.296593186372744899e-01 9.329174709667690246e-01
8.326653306613226446e-01 9.336309866079699482e-01
8.356713426853706883e-01 9.343445022491705387e-01
8.386773547094188430e-01 9.338438439660988744e-01
8.416833667334668867e-01 9.323104233965779919e-01
8.446893787575150414e-01 9.307770028270571094e-01
8.476953907815630851e-01 9.275720573053168883e-01
8.507014028056112398e-01 9.229793014294412901e-01
8.537074148296592835e-01 9.183865455535656919e-01
8.567134268537074382e-01 9.120606266055930611e-01
8.597194388777554819e-01 9.043320666931247143e-01
8.627254509018036366e-01 8.966035067806559233e-01
8.657314629258516803e-01 8.874481307939801056e-01
8.687374749498998350e-01 8.771657626317715950e-01
8.717434869739478787e-01 8.668833944695631955e-01
8.747494989979960334e-01 8.556666404322089692e-01
8.777555110220440771e-01 8.437296172869319655e-01
8.807615230460921207e-01 8.317925941416549618e-01
8.837675350701402754e-01 8.194853611341190724e-01
8.867735470941883191e-01 8.069000230684374442e-01
8.897795591182364738e-01 7.943146850027553718e-01
8.927855711422845175e-01 7.818632750645601037e-01
8.957915831663326722e-01 7.695100344619154598e-01
8.987975951903807159e-01 7.571567938592712599e-01
9.018036072144288706e-01 7.452499709918374293e-01
9.048096192384769143e-01 7.336619742070509265e-01
9.078156312625250690e-01 7.220739774222638685e-01
9.108216432865731127e-01 7.109850841683119649e-01
9.138276553106212674e-01 7.002439346164329725e-01
9.168336673346693111e-01 6.895027850645544243e-01
9.198396793587174658e-01 6.791801772087717737e-01
9.228456913827655095e-01 6.691416332712968318e-01
9.258517034068136642e-01 6.591030893338212238e-01
9.288577154308617079e-01 6.492875798355428607e-01
9.318637274549098626e-01 6.396197101315936884e-01
9.348697394789579063e-01 6.299518404276451822e-01
9.378757515030059499e-01 6.203692764089900891e-01
9.408817635270541047e-01 6.108417047243781539e-01
9.438877755511021483e-01 6.013141330397668849e-01
9.468937875751503030e-01 5.918177867350840060e-01
9.498997995991983467e-01 5.823410405318572014e-01
9.529058116232465014e-01 5.728642943286299527e-01
9.559118236472945451e-01 5.634865716935859581e-01
9.589178356713426998e-01 5.541694470379801007e-01
9.619238476953907435e-01 5.448523223823745765e-01
9.649298597194388982e-01 5.357564703516332072e-01
9.679358717434869419e-01 5.267924230319208645e-01
9.709418837675350966e-01 5.178283757122079667e-01
9.739478957915831403e-01 5.093151375960778271e-01
9.769539078156312950e-01 5.010636098016285622e-01
9.799599198396793387e-01 4.928120820071796304e-01
9.829659318637274934e-01 4.851781943242043926e-01
9.859719438877755371e-01 4.778931940972781511e-01
9.889779559118236918e-01 4.706081938703515211e-01
9.919839679358717355e-01 4.640147537020561375e-01
9.949899799599197792e-01 4.578018897457385994e-01
9.979959919839679339e-01 4.515890257894209503e-01
1.001002004008016089e+00 4.459403065912995179e-01
1.004008016032064132e+00 4.405935419481086246e-01
1.007014028056112176e+00 4.352467773049176758e-01
1.010020040080160220e+00 4.301387526953660556e-01
1.013026052104208485e+00 4.251551666227649795e-01
1.016032064128256529e+00 4.201715805501641809e-01
1.019038076152304573e+00 4.150369558565266126e-01
1.022044088176352616e+00 4.098257975629820971e-01
1.025050100200400882e+00 4.046146392694369709e-01
1.028056112224448926e+00 3.989988400261215706e-01
1.031062124248496970e+00 3.931834652633406924e-01
1.034068136272545013e+00 3.873680905005597586e-01
1.037074148296593279e+00 3.811017594701570643e-01
1.040080160320641323e+00 3.746189888480669916e-01
1.043086172344689366e+00 3.681362182259768634e-01
1.046092184368737410e+00 3.614443027729941638e-01
1.049098196392785454e+00 3.546548807657811664e-01
1.052104208416833719e+00 3.478654587585677249e-01
1.055110220440881763e+00 3.412020904167735735e-01
1.058116232464929807e+00 3.345957899496527221e-01
1.061122244488977850e+00 3.279894894825318152e-01
1.064128256513026116e+00 3.218001820405075875e-01
1.067134268537074160e+00 3.157944239789623464e-01
1.070140280561122204e+00 3.097886659174170498e-01
1.073146292585170247e+00 3.043581926547651584e-01
1.076152304609218513e+00 2.991738467973504845e-01
1.079158316633266557e+00 2.939895009399361991e-01
1.082164328657314600e+00 2.894666117139441663e-01
1.085170340681362644e+00 2.852182540712512870e-01
1.088176352705410910e+00 2.809698964285581857e-01
1.091182364729458953e+00 2.773739432336190802e-01
1.094188376753506997e+00 2.740405654763073962e-01
1.097194388777555041e+00 2.707071877189956566e-01
1.100200400801603084e+00 2.679427833346518795e-01
1.103206412825651350e+00 2.654007168414221907e-01
1.106212424849699394e+00 2.628586503481926129e-01
1.109218436873747438e+00 2.607664492640002774e-01
1.112224448897795481e+00 2.588445799638428579e-01
1.115230460921843747e+00 2.569227106636853275e-01
1.118236472945891791e+00 2.552614860186173673e-01
1.121242484969939834e+00 2.536960008935151833e-01
1.124248496993987878e+00 2.521305157684129994e-01
1.127254509018036144e+00 2.504683490743903618e-01
1.130260521042084187e+00 2.487717451691193182e-01
1.133266533066132231e+00 2.470751412638482192e-01
1.136272545090180275e+00 2.447783430126417026e-01
1.139278557114228541e+00 2.422746914532780960e-01
1.142284569138276584e+00 2.397710398939147114e-01
1.145290581162324628e+00 2.361194988484763002e-01
1.148296593186372672e+00 2.320853769493971541e-01
1.151302605210420937e+00 2.280512550503177860e-01
1.154308617234468981e+00 2.224947118278372549e-01
1.157314629258517025e+00 2.164468690370915105e-01
1.160320641282565068e+00 2.103990262463456828e-01
1.163326653306613112e+00 2.027322506384316991e-01
1.166332665330661378e+00 1.945598910120367453e-01
1.169338677354709422e+00 1.863875313856423743e-01
1.172344689378757465e+00 1.768612686759839236e-01
1.175350701402805509e+00 1.669268327352944614e-01
1.178356713426853775e+00 1.569923967946042498e-01
1.181362725450901818e+00 1.463715740621377437e-01
1.184368737474949862e+00 1.355511225765799188e-01
1.187374749498997906e+00 1.247306710910221078e-01
1.190380761523046171e+00 1.141621086992002099e-01
1.193386773547094215e+00 1.036643068041794985e-01
1.196392785571142259e+00 9.316650490915882876e-02
1.199398797595190302e+00 8.373601847459856418e-02
1.202404809619238568e+00 7.459493442897022208e-02
1.205410821643286612e+00 6.545385038334253225e-02
1.208416833667334656e+00 5.784894098712227428e-02
1.211422845691382699e+00 5.064497173705808514e-02
1.214428857715430743e+00 4.344100248699388211e-02
1.217434869739479009e+00 3.788873357345848986e-02
1.220440881763527052e+00 3.275105655312108427e-02
1.223446893787575096e+00 2.761337953278369950e-02
1.226452905811623140e+00 2.393499018573574250e-02
1.229458917835671405e+00 2.060929456153183514e-02
1.232464929859719449e+00 1.728359893732817759e-02
1.235470941883767493e+00 1.503900226740031987e-02
1.238476953907815536e+00 1.304576826410197912e-02
1.241482965931863802e+00 1.105253426080349613e-02
1.244488977955911846e+00 9.842946522430468664e-03
1.247494989979959890e+00 8.808081608366716969e-03
1.250501002004007933e+00 7.773216694302964407e-03
1.253507014028056199e+00 7.271286871155625137e-03
1.256513026052104243e+00 6.883172146306307249e-03
1.259519038076152286e+00 6.495057421456990228e-03
1.262525050100200330e+00 6.419381500359577601e-03
1.265531062124248374e+00 6.407689998748140013e-03
1.268537074148296639e+00 6.395998497136704160e-03
1.271543086172344683e+00 6.508896679373294726e-03
1.274549098196392727e+00 6.646173057955968161e-03
1.277555110220440771e+00 6.783449436538639861e-03
1.280561122244489036e+00 6.940983063045901361e-03
1.283567134268537080e+00 7.102307858314594290e-03
1.286573146292585124e+00 7.263632653583286351e-03
1.289579158316633167e+00 7.373112984895472712e-03
1.292585170340681433e+00 7.473325855850652781e-03
1.295591182364729477e+00 7.573538726805825912e-03
1.298597194388777520e+00 7.596951675416101744e-03
1.301603206412825564e+00 7.607307005414802939e-03
1.304609218436873830e+00 7.617662335413505001e-03
1.307615230460921874e+00 7.551806651063361527e-03
1.310621242484969917e+00 7.473649296833809880e-03
1.313627254509017961e+00 7.395491942604259968e-03
1.316633266533066227e+00 7.268394042355689338e-03
1.319639278557114270e+00 7.133789710071460587e-03
1.322645290581162314e+00 6.999185377787230967e-03
1.325651302605210358e+00 6.851153215669051645e-03
1.328657314629258401e+00 6.701167952139476698e-03
1.331663326653306667e+00 6.551182688609888741e-03
1.334669338677354711e+00 6.414709504162376119e-03
1.337675350701402754e+00 6.280090214179260590e-03
1.340681362725450798e+00 6.145470924196145927e-03
1.343687374749499064e+00 6.048434448597441414e-03
1.346693386773547108e+00 5.956248851301047809e-03
1.349699398797595151e+00 5.864063254004654203e-03
1.352705410821643195e+00 5.825784414981976383e-03
1.355711422845691461e+00 5.794053865187924306e-03
1.358717434869739504e+00 5.762323315393873963e-03
1.361723446893787548e+00 5.785464849026418326e-03
1.364729458917835592e+00 5.814860624506603369e-03
1.367735470941883857e+00 5.844256399986789280e-03
1.370741482965931901e+00 5.886335340891889721e-03
1.373747494989979945e+00 5.929760918305796921e-03
1.376753507014027988e+00 5.973186495719704121e-03
1.379759519038076032e+00 5.988025878668412454e-03
1.382765531062124298e+00 6.000050087011422201e-03
1.385771543086172342e+00 6.012074295354430213e-03
1.388777555110220385e+00 5.976046179713950801e-03
1.391783567134268429e+00 5.935631479449951335e-03
1.394789579158316695e+00 5.895216779185948400e-03
1.397795591182364738e+00 5.787939362914115184e-03
1.400801603206412782e+00 5.675032861637958025e-03
1.403807615230460826e+00 5.562126360361799131e-03
1.406813627254509091e+00 5.374456981584259732e-03
1.409819639278557135e+00 5.181046140640777585e-03
1.412825651302605179e+00 4.987635299697294571e-03
1.415831663326653223e+00 4.753333240867274254e-03
1.418837675350701488e+00 4.516189131880151211e-03
1.421843687374749532e+00 4.279045022893046384e-03
1.424849699398797576e+00 4.047219879872118210e-03
1.427855711422845619e+00 3.815728147965669233e-03
1.430861723446893663e+00 3.584236416059219821e-03
1.433867735470941929e+00 3.392321459800372047e-03
1.436873747494989972e+00 3.202606172610693303e-03
1.439879759519038016e+00 3.012890885421014558e-03
1.442885771543086060e+00 2.873486480259432232e-03
1.445891783567134325e+00 2.736544107464052456e-03
1.448897795591182369e+00 2.599601734668682222e-03
1.451903807615230413e+00 2.511034667805451658e-03
1.454909819639278457e+00 2.424517555880818971e-03
1.457915831663326722e+00 2.338000443956179779e-03
1.460921843687374766e+00 2.291805623037970231e-03
1.463927855711422810e+00 2.247043874011326204e-03
1.466933867735470853e+00 2.202282124984682610e-03
1.469939879759519119e+00 2.184147136219729071e-03
1.472945891783567163e+00 2.166778835279829091e-03
1.475951903807615206e+00 2.149410534339928677e-03
1.478957915831663250e+00 2.147395331798589331e-03
1.481963927855711516e+00 2.145725302862059886e-03
1.484969939879759560e+00 2.144055273925531743e-03
1.487975951903807603e+00 2.149287809106859362e-03
1.490981963927855647e+00 2.154632495557801900e-03
1.493987975951903691e+00 2.159977182008744438e-03
1.496993987975951956e+00 2.165983503674899328e-03
1.500000000000000000e+00 2.171996275932210063e-03
