6.999999999999999556e-01 3.891974275032410668e-04
7.022044088176352394e-01 4.048848124830973431e-04
7.044088176352705233e-01 4.206117211885426299e-04
7.066132264529058071e-01 4.363781536195769271e-04
7.088176352705410910e-01 4.521841097762000720e-04
7.110220440881762638e-01 4.680295896584115226e-04
7.132264529058115476e-01 4.839145932662126883e-04
7.154308617234468315e-01 4.998391205996028644e-04
7.176352705410821153e-01 5.158031716585819966e-04
7.198396793587173992e-01 5.318067464431500309e-04
7.220440881763526830e-01 5.478498449533071839e-04
7.242484969939879669e-01 5.639324671890531306e-04
7.264529058116232507e-01 5.800546131503881960e-04
7.286573146292584235e-01 5.962162828373114044e-04
7.308617234468937074e-01 6.124174762498243822e-04
7.330661322645289912e-01 6.286581933879263704e-04
7.352705410821642751e-01 6.449384342516172606e-04
7.374749498997995589e-01 6.612581988408972695e-04
7.396793587174348428e-01 6.776174871557660720e-04
7.418837675350701266e-01 6.940162991962238849e-04
7.440881763527054105e-01 7.104546349622707082e-04
7.462925851703406943e-01 7.269324944539064335e-04
7.484969939879758671e-01 7.434498776711305186e-04
7.507014028056111510e-01 7.600067846139441563e-04
7.529058116232464348e-01 7.766032152823469127e-04
7.551102204408817187e-01 7.932391696763385711e-04
7.573146292585170025e-01 8.099146477959192399e-04
7.595190380761522864e-01 8.267082793752526413e-04
7.617234468937875702e-01 8.435551867756442774e-04
7.639278557114228541e-01 8.604450047234500848e-04
7.661322645290580269e-01 8.773777332186699553e-04
7.683366733466933107e-01 8.943533722613050815e-04
7.705410821643285946e-01 9.113719218513549212e-04
7.727454909819638784e-01 9.284333819888192577e-04
7.749498997995991623e-01 9.455377526736984161e-04
7.771543086172344461e-01 9.626850339059919628e-04
7.793587174348697300e-01 9.798752256857004399e-04
7.815631262525050138e-01 9.971083280128235221e-04
7.837675350701402976e-01 1.014384340887360993e-03
7.859719438877754705e-01 1.031703264309312635e-03
7.881763527054107543e-01 1.049065098278679315e-03
7.903807615230460382e-01 1.066469842795461035e-03
7.925851703406813220e-01 1.083917497859657143e-03
7.947895791583166059e-01 1.101408063471267856e-03
7.969939879759518897e-01 1.118941539630293174e-03
7.991983967935871735e-01 1.136517926336733314e-03
8.014028056112224574e-01 1.140709954902524191e-03
8.036072144288577412e-01 1.137226165725564210e-03
8.058116232464929141e-01 1.133729060809227432e-03
8.080160320641281979e-01 1.130218640153513423e-03
8.102204408817634818e-01 1.126694903758422399e-03
8.124248496993987656e-01 1.123157851623953927e-03
8.146292585170340494e-01 1.119607483750108658e-03
8.168336673346693333e-01 1.116043800136886158e-03
8.190380761523046171e-01 1.112466800784286860e-03
8.212424849699397900e-01 1.108876485692310331e-03
8.234468937875751848e-01 1.105272854860956354e-03
8.256513026052103577e-01 1.101655908290225796e-03
8.278557114228456415e-01 1.098025645980117791e-03
8.300601202404809253e-01 1.094382067930632771e-03
8.322645290581162092e-01 1.090725174141770736e-03
8.344689378757514930e-01 1.087054964613531471e-03
8.366733466933867769e-01 1.083371439345915191e-03
8.388777555110220607e-01 1.079674598338921897e-03
8.410821643286572336e-01 1.075964441592551371e-03
8.432865731462926284e-01 1.072240969106803832e-03
8.454909819639278012e-01 1.068504180881679278e-03
8.476953907815630851e-01 1.064754076917177493e-03
8.498997995991983689e-01 1.060990657213298693e-03
8.521042084168336528e-01 1.057213921770042662e-03
8.543086172344689366e-01 1.053423870587409618e-03
8.565130260521042205e-01 1.049620503665399341e-03
8.587174348697395043e-01 1.045803821004012268e-03
8.609218436873746771e-01 1.041973822603247963e-03
8.631262525050099610e-01 1.038130508463106644e-03
8.653306613226452448e-01 1.034273878583588093e-03
8.675350701402805287e-01 1.030403932964692529e-03
8.697394789579158125e-01 1.026520671606419516e-03
8.719438877755510964e-01 1.022624094508769706e-03
8.741482965931863802e-01 1.018714201671742882e-03
8.763527054108215530e-01 1.014790993095339260e-03
8.785571142284569479e-01 1.010854468779557756e-03
8.807615230460921207e-01 1.006904628724399888e-03
8.829659318637274046e-01 1.002941472929864356e-03
8.851703406813626884e-01 9.989650013959522432e-04
8.873747494989979723e-01 9.949752141226626823e-04
8.895791583166332561e-01 9.909721111099961070e-04
8.917835671342685400e-01 9.869556923579523005e-04
8.939879759519038238e-01 9.829259578665314797e-04
8.961923847695389966e-01 9.788829076357338614e-04
8.983967935871743915e-01 9.748265416655590120e-04
9.006012024048095643e-01 9.717400553157867988e-04
9.028056112224448482e-01 9.712678749908409005e-04
9.050100200400801320e-01 9.707914420959498376e-04
9.072144288577154159e-01 9.703107566311128512e-04
9.094188376753506997e-01 9.698388587590266651e-04
9.116232464929859836e-01 9.694371505063887869e-04
9.138276553106212674e-01 9.690308823623186921e-04
9.160320641282564402e-01 9.686200543268162723e-04
9.182364729458918351e-01 9.682046663998815274e-04
9.204408817635270079e-01 9.677847185815144576e-04
9.226452905811622918e-01 9.673602108717147376e-04
9.248496993987975756e-01 9.669311432704830178e-04
9.270541082164328595e-01 9.664975157778189730e-04
9.292585170340681433e-01 9.660593283937226033e-04
9.314629258517034271e-01 9.656165811181935833e-04
9.336673346693387110e-01 9.651692739512324551e-04
9.358717434869738838e-01 9.647174068928393272e-04
9.380761523046091677e-01 9.642609799430133322e-04
9.402805611222444515e-01 9.637999931017551206e-04
9.424849699398797354e-01 9.633344463690645841e-04
9.446893787575150192e-01 9.628643397449419394e-04
9.468937875751503030e-01 9.623896732293866444e-04
9.490981963927855869e-01 9.619104468223991329e-04
9.513026052104207597e-01 9.614266605239795132e-04
9.535070140280561546e-01 9.609383143341270264e-04
9.557114228456913274e-01 9.604454082528426483e-04
9.579158316633267223e-01 9.599479422801256200e-04
9.601202404809618951e-01 9.594459164159767003e-04
9.623246492985971789e-01 9.589393306603949136e-04
9.645290581162324628e-01 9.584281850133811271e-04
9.667334669338677466e-01 9.579124794749349072e-04
9.689378757515030305e-01 9.573922140450564708e-04
9.711422845691382033e-01 9.568673887237456009e-04
9.733466933867735982e-01 9.563380035110021892e-04
9.755511022044087710e-01 9.558040584068267778e-04
9.777555110220440548e-01 9.552655534112189329e-04
9.799599198396793387e-01 9.547224885241785463e-04
9.821643286573146225e-01 9.541748637457060514e-04
9.843687374749499064e-01 9.536226790758011232e-04
9.865731462925851902e-01 9.530659345144639784e-04
9.887775551102204741e-01 9.525046300616942917e-04
9.909819639278556469e-01 9.519387657174924969e-04
9.931863727454910418e-01 9.513683414818581603e-04
9.953907815631262146e-01 9.507933573547914987e-04
9.975951903807614984e-01 9.502138133362925121e-04
9.997995991983967823e-01 9.496297094263614173e-04
1.002004008016032177e+00 9.439586555824897203e-04
1.004208416833667350e+00 9.377612525937759286e-04
1.006412825651302523e+00 9.315450942145103112e-04
1.008617234468937918e+00 9.253101804446918922e-04
1.010821643286573090e+00 9.190565112843219727e-04
1.013026052104208485e+00 9.127840867333996853e-04
1.015230460921843658e+00 9.064929067919258975e-04
1.017434869739478831e+00 9.001829714599000670e-04
1.019639278557114226e+00 8.938542807373215434e-04
1.021843687374749621e+00 8.875068346241910856e-04
1.024048096192384794e+00 8.811406331205092358e-04
1.026252505010019966e+00 8.747556762262752349e-04
1.028456913827655361e+00 8.683519639414889746e-04
1.030661322645290534e+00 8.619294962661509969e-04
1.032865731462925929e+00 8.554882732002604346e-04
1.035070140280561102e+00 8.490282947438184801e-04
1.037274549098196275e+00 8.425495608968245915e-04
1.039478957915831669e+00 8.360520716592779013e-04
1.041683366733467064e+00 8.295358270311792770e-04
1.043887775551102237e+00 8.230008270125293689e-04
1.046092184368737410e+00 8.164470716033274183e-04
1.048296593186372805e+00 8.098745608035725577e-04
1.050501002004007978e+00 8.032832946132665219e-04
1.052705410821643373e+00 7.966732730324077930e-04
1.054909819639278545e+00 7.900444960609977803e-04
1.057114228456913718e+00 7.833969636990357251e-04
1.059318637274549113e+00 7.767306759465210852e-04
1.061523046092184508e+00 7.700700063303084339e-04
1.063727454909819681e+00 7.634239779922165608e-04
1.065931863727454854e+00 7.567580316503165440e-04
1.068136272545090248e+00 7.500721673046074076e-04
1.070340681362725421e+00 7.433663849550903443e-04
1.072545090180360816e+00 7.366406846017643784e-04
1.074749498997995989e+00 7.298950662446305939e-04
1.076953907815631162e+00 7.231295298836883404e-04
1.079158316633266557e+00 7.163440755189368590e-04
1.081362725450901729e+00 7.095387031503776675e-04
1.083567134268537124e+00 7.027134127780094650e-04
1.085771543086172297e+00 6.958682044018334439e-04
1.087975951903807692e+00 6.890030780218483033e-04
1.090180360721442865e+00 6.821180336380555610e-04
1.092384769539078260e+00 6.752130712504534824e-04
1.094589178356713433e+00 6.682881908590436936e-04
1.096793587174348605e+00 6.613433924638254359e-04
1.098997995991984000e+00 6.543786760647981671e-04
1.101202404809619173e+00 6.510819252344755923e-04
1.103406813627254568e+00 6.508518012599718173e-04
1.105611222444889741e+00 6.506189821100350585e-04
1.107815631262525136e+00 6.503834677846656413e-04
1.110020040080160308e+00 6.501452582838631320e-04
1.112224448897795703e+00 6.499043536076279642e-04
1.114428857715430876e+00 6.496607537559599211e-04
1.116633266533066049e+00 6.494144587288591111e-04
1.118837675350701444e+00 6.491654685263254258e-04
1.121042084168336617e+00 6.489137831483589736e-04
1.123246492985972012e+00 6.486594025949596462e-04
1.125450901803607184e+00 6.484023268661275518e-04
1.127655310621242579e+00 6.481425559618624738e-04
1.129859719438877752e+00 6.478800898821648457e-04
1.132064128256513147e+00 6.476149286270341254e-04
1.134268537074148320e+00 6.473470721964706383e-04
1.136472945891783493e+00 6.470765205904743843e-04
1.138677354709418887e+00 6.468032738090452550e-04
1.140881763527054060e+00 6.465273318521833588e-04
1.143086172344689455e+00 6.462486947198885874e-04
1.145290581162324628e+00 6.459673624121611574e-04
1.147494989979959801e+00 6.456833349290007438e-04
1.149699398797595196e+00 6.453966122704075633e-04
1.151903807615230590e+00 6.451071944363813990e-04
1.154108216432865763e+00 6.448150814269225763e-04
1.156312625250500936e+00 6.445202732420308783e-04
1.158517034068136331e+00 6.442227698817064134e-04
1.160721442885771504e+00 6.439225713459489648e-04
1.162925851703406899e+00 6.436196776347588577e-04
1.165130260521042072e+00 6.433140887481358754e-04
1.167334669338677244e+00 6.430058046860801261e-04
1.169539078156312639e+00 6.426948254485913932e-04
1.171743486973948034e+00 6.423811510356700017e-04
1.173947895791583207e+00 6.420647814473156266e-04
1.176152304609218380e+00 6.417457166835285930e-04
1.178356713426853775e+00 6.414239567443085757e-04
1.180561122244488947e+00 6.410995016296558999e-04
1.182765531062124342e+00 6.407723513395702404e-04
1.184969939879759515e+00 6.404425058740519225e-04
1.187174348697394688e+00 6.401099652331006208e-04
1.189378757515030083e+00 6.397747294167165522e-04
1.191583166332665478e+00 6.394367984248996084e-04
1.193787575150300651e+00 6.390961722576498976e-04
1.195991983967935823e+00 6.387528509149674200e-04
1.198196392785571218e+00 6.384068343968521755e-04
1.200400801603206391e+00 6.382135637282890890e-04
1.202605210420841786e+00 6.387182996084703364e-04
1.204809619238476959e+00 6.392224000407851657e-04
1.207014028056112132e+00 6.397258650252339021e-04
1.209218436873747526e+00 6.402286945618164372e-04
1.211422845691382921e+00 6.407308886505325542e-04
1.213627254509018094e+00 6.412607402861317078e-04
1.215831663326653267e+00 6.418030473305343835e-04
1.218036072144288440e+00 6.423446846128190056e-04
1.220240480961923835e+00 6.428856521329857909e-04
1.222444889779559229e+00 6.434259498910345227e-04
1.224649298597194402e+00 6.439655778869649841e-04
1.226853707414829575e+00 6.445045361207777171e-04
1.229058116232464970e+00 6.450428245924721797e-04
1.231262525050100365e+00 6.455804433020488056e-04
1.233466933867735538e+00 6.461173922495071610e-04
1.235671342685370711e+00 6.466536714348476798e-04
1.237875751503005883e+00 6.471892808580701449e-04
1.240080160320641278e+00 6.477242205191744481e-04
1.242284569138276673e+00 6.482584904181609145e-04
1.244488977955911846e+00 6.487920905550293273e-04
1.246693386773547019e+00 6.493250209297794697e-04
1.248897795591182414e+00 6.498572815424118838e-04
1.251102204408817808e+00 6.503888723929261359e-04
1.253306613226452981e+00 6.509197934813224428e-04
1.255511022044088154e+00 6.514500448076005878e-04
1.257715430861723327e+00 6.519796263717607876e-04
1.259919839679358722e+00 6.525085381738029338e-04
1.262124248496994117e+00 6.530367802137270264e-04
1.264328657314629289e+00 6.535643524915330654e-04
1.266533066132264462e+00 6.540912550072212677e-04
1.268737474949899857e+00 6.546174877607913081e-04
1.270941883767535252e+00 6.551430507522434032e-04
1.273146292585170425e+00 6.556679439815772279e-04
1.275350701402805598e+00 6.561921674487933244e-04
1.277555110220440771e+00 6.567157211538911504e-04
1.279759519038076165e+00 6.572386050968710312e-04
1.281963927855711560e+00 6.577608192777330753e-04
1.284168336673346733e+00 6.582823636964767406e-04
1.286372745490981906e+00 6.588032383531025691e-04
1.288577154308617301e+00 6.593234432476104525e-04
1.290781563126252696e+00 6.598429783800001738e-04
1.292985971943887868e+00 6.603618437502718416e-04
1.295190380761523041e+00 6.608800393584255643e-04
1.297394789579158214e+00 6.613975652044612333e-04
1.299599198396793609e+00 6.619144212883788488e-04
1.301803607214429004e+00 6.559587035886308218e-04
1.304008016032064177e+00 6.485468567860342174e-04
1.306212424849699349e+00 6.411153559295603918e-04
1.308416833667334744e+00 6.336642010192084775e-04
1.310621242484970139e+00 6.261933920549791251e-04
1.312825651302605312e+00 6.187029290368733104e-04
1.315030060120240485e+00 6.111928119648901659e-04
1.317234468937875658e+00 6.036630408390295834e-04
1.319438877755511053e+00 5.961136156592911290e-04
1.321643286573146447e+00 5.885445364256752365e-04
1.323847695390781620e+00 5.809558031381828816e-04
1.326052104208416793e+00 5.733474157968130886e-04
1.328256513026052188e+00 5.657193744015650986e-04
1.330460921843687361e+00 5.580716789524407546e-04
1.332665330661322756e+00 5.504043294494381051e-04
1.334869739478957928e+00 5.427173258925591017e-04
1.337074148296593101e+00 5.350106682818026602e-04
1.339278557114228496e+00 5.272843566171681300e-04
1.341482965931863891e+00 5.195383908986564870e-04
1.343687374749499064e+00 5.117727711262679479e-04
1.345891783567134237e+00 5.039874973000022960e-04
1.348096192384769632e+00 4.961825694198584470e-04
1.350300601202404804e+00 4.883579874858382441e-04
1.352505010020040199e+00 4.805137514979396815e-04
1.354709418837675372e+00 4.726498614561646565e-04
1.356913827655310545e+00 4.647663173605123561e-04
1.359118236472945940e+00 4.568631192109818585e-04
1.361322645290581335e+00 4.489402670075741397e-04
1.363527054108216507e+00 4.409977607502899044e-04
1.365731462925851680e+00 4.330583649370534495e-04
1.367935871743486853e+00 4.250995885747551944e-04
1.370140280561122248e+00 4.171202207078795890e-04
1.372344689378757643e+00 4.091202613364275549e-04
1.374549098196392816e+00 4.010997104604000136e-04
1.376753507014027988e+00 3.930585680797959352e-04
1.378957915831663383e+00 3.849968341946144522e-04
1.381162324649298778e+00 3.769145088048566489e-04
1.383366733466933951e+00 3.688115919105232842e-04
1.385571142284569124e+00 3.606880835116133281e-04
1.387775551102204297e+00 3.525439836081269976e-04
1.389979959919839692e+00 3.443792922000633709e-04
1.392184368737475086e+00 3.361940092874233154e-04
1.394388777555110259e+00 3.279881348702075360e-04
1.396593186372745432e+00 3.197616689484154904e-04
1.398797595190380827e+00 3.115146115220460946e-04
1.401002004008016222e+00 3.069062891640114395e-04
1.403206412825651395e+00 3.066825221621892082e-04
1.405410821643286567e+00 3.064573517440739143e-04
1.407615230460921740e+00 3.062307779096654493e-04
1.409819639278557135e+00 3.060028006589638676e-04
1.412024048096192530e+00 3.057734199919692232e-04
1.414228456913827703e+00 3.055426359086814078e-04
1.416432865731462876e+00 3.053104484091005840e-04
1.418637274549098271e+00 3.050768574932265350e-04
1.420841683366733665e+00 3.048418631610594776e-04
1.423046092184368838e+00 3.046054654125993034e-04
1.425250501002004011e+00 3.043676642478459582e-04
1.427454909819639184e+00 3.041284596667994961e-04
1.429659318637274579e+00 3.038878516694600257e-04
1.431863727454909974e+00 3.036458402558273842e-04
1.434068136272545146e+00 3.034024254259016801e-04
1.436272545090180319e+00 3.031576071796828593e-04
1.438476953907815714e+00 3.029113855171708131e-04
1.440681362725451109e+00 3.026637604383658128e-04
1.442885771543086282e+00 3.024147319432676415e-04
1.445090180360721455e+00 3.021643000318764076e-04
1.447294589178356627e+00 3.019124647041920026e-04
1.449498997995992022e+00 3.016592259602145351e-04
1.451703406813627417e+00 3.014045837999438965e-04
1.453907815631262590e+00 3.011485382233801953e-04
1.456112224448897763e+00 3.008910892305234315e-04
1.458316633266533158e+00 3.006322368213734967e-04
1.460521042084168553e+00 3.003719809959304451e-04
1.462725450901803725e+00 3.001103217541943309e-04
1.464929859719438898e+00 2.998472590961650999e-04
1.467134268537074071e+00 2.995827930218428062e-04
1.469338677354709466e+00 2.993169235312273958e-04
1.471543086172344861e+00 2.990496506243187059e-04
1.473747494989980034e+00 2.987809743011170618e-04
1.475951903807615206e+00 2.985108945616223009e-04
1.478156312625250601e+00 2.982394114058344774e-04
1.480360721442885996e+00 2.979665248337534287e-04
1.482565130260521169e+00 2.976922348453793173e-04
1.484769539078156342e+00 2.974165414407121976e-04
1.486973947895791515e+00 2.971394446197519069e-04
1.489178356713426910e+00 2.968609443824984451e-04
1.491382765531062304e+00 2.965810407289519207e-04
1.493587174348697477e+00 2.962997336591122795e-04
1.495791583166332650e+00 2.960170231729795215e-04
1.497995991983968045e+00 2.957329092705537552e-04
1.500200400801603218e+00 2.953666827019112563e-04
1.502404809619238613e+00 2.941908647611359093e-04
1.504609218436873785e+00 2.930116350669583619e-04
1.506813627254508958e+00 2.918289936193786682e-04
1.509018036072144353e+00 2.906429404183966114e-04
1.511222444889779748e+00 2.894534754640123542e-04
1.513426853707414921e+00 2.882605987562260048e-04
1.515631262525050094e+00 2.870673003498778976e-04
1.517835671342685488e+00 2.858812506595780913e-04
1.520040080160320661e+00 2.846916437063291816e-04
1.522244488977956056e+00 2.834984794901310059e-04
1.524448897795591229e+00 2.823017580109837268e-04
1.526653306613226402e+00 2.811014792688872358e-04
1.528857715430861797e+00 2.798976432638414246e-04
1.531062124248497192e+00 2.786902499958465100e-04
1.533266533066132364e+00 2.774792994649024377e-04
1.535470941883767537e+00 2.762647916710092620e-04
1.537675350701402710e+00 2.750467266141668203e-04
1.539879759519038105e+00 2.738251042943750583e-04
1.542084168336673500e+00 2.725999247116341387e-04
1.544288577154308673e+00 2.713711878659441699e-04
1.546492985971943845e+00 2.701388937573049893e-04
1.548697394789579240e+00 2.689030423857164342e-04
1.550901803607214635e+00 2.676636337511787214e-04
1.553106212424849808e+00 2.664206678536920137e-04
1.555310621242484981e+00 2.651741446932560399e-04
1.557515030060120154e+00 2.639240642698709627e-04
1.559719438877755548e+00 2.626704265835364026e-04
1.561923847695390943e+00 2.614132316342527933e-04
1.564128256513026116e+00 2.601524794220200806e-04
1.566332665330661289e+00 2.588881699468381561e-04
1.568537074148296684e+00 2.576203032087069655e-04
1.570741482965932079e+00 2.563488792076265631e-04
1.572945891783567252e+00 2.550738979435970572e-04
1.575150300601202424e+00 2.537953594166183937e-04
1.577354709418837597e+00 2.525132636266904642e-04
1.579559118236472992e+00 2.512276105738133771e-04
1.581763527054108387e+00 2.499384002579869697e-04
1.583967935871743560e+00 2.486456326792115131e-04
1.586172344689378733e+00 2.473493078374868989e-04
1.588376753507014127e+00 2.460494257328129102e-04
1.590581162324649522e+00 2.447459863651898181e-04
1.592785571142284695e+00 2.434389897346176225e-04
1.594989979959919868e+00 2.421284358410962152e-04
1.597194388777555041e+00 2.408143246846256231e-04
1.599398797595190436e+00 2.394966562652057107e-04
1.601603206412825831e+00 2.375933250916615442e-04
1.603807615230461003e+00 2.354666001108975918e-04
1.606012024048096176e+00 2.333345266213022291e-04
1.608216432865731571e+00 2.311971046228752664e-04
1.610420841683366966e+00 2.290543341156168393e-04
1.612625250501002139e+00 2.269062150995272459e-04
1.614829659318637312e+00 2.247527475746063507e-04
1.617034068136272484e+00 2.225939315408538826e-04
1.619238476953907879e+00 2.204297669982699230e-04
1.621442885771543274e+00 2.182602539468544989e-04
1.623647294589178447e+00 2.160853923866078272e-04
1.625851703406813620e+00 2.139051823175298537e-04
1.628056112224449015e+00 2.117196237396201718e-04
1.630260521042084410e+00 2.095287166528791067e-04
1.632464929859719582e+00 2.073324610573069025e-04
1.634669338677354755e+00 2.051308569529032067e-04
1.636873747494989928e+00 2.029239043396681278e-04
1.639078156312625323e+00 2.007116032176014218e-04
1.641282565130260718e+00 1.984939535867033327e-04
1.643486973947895891e+00 1.962709554469740231e-04
1.645691382765531063e+00 1.940426087984133846e-04
1.647895791583166458e+00 1.918089136410210376e-04
1.650100200400801631e+00 1.895698699747975244e-04
1.652304609218437026e+00 1.873254777997423841e-04
1.654509018036072199e+00 1.850757371158560504e-04
1.656713426853707372e+00 1.828206479231383064e-04
1.658917835671342766e+00 1.805602102215889083e-04
1.661122244488978161e+00 1.782944240112081271e-04
1.663326653306613334e+00 1.760232892919962066e-04
1.665531062124248507e+00 1.737468060639528217e-04
1.667735470941883902e+00 1.714684436841676179e-04
1.669939879759519075e+00 1.691882659241205266e-04
1.672144288577154470e+00 1.669025334882959612e-04
1.674348697394789642e+00 1.646112463766944095e-04
1.676553106212424815e+00 1.623144045893156005e-04
1.678757515030060210e+00 1.600120081261592359e-04
1.680961923847695605e+00 1.577040569872256953e-04
1.683166332665330778e+00 1.553905511725151142e-04
1.685370741482965951e+00 1.530714906820272757e-04
1.687575150300601345e+00 1.507468755157619360e-04
1.689779559118236518e+00 1.484167056737196371e-04
1.691983967935871913e+00 1.460809811558998097e-04
1.694188376753507086e+00 1.437397019623029690e-04
1.696392785571142259e+00 1.413928680929288980e-04
1.698597194388777654e+00 1.390404795477773257e-04
1.700801603206412826e+00 1.370229070357701045e-04
1.703006012024048221e+00 1.355968398859383115e-04
1.705210420841683394e+00 1.341672879630954581e-04
1.707414829659318789e+00 1.327342512672412462e-04
1.709619238476953962e+00 1.312977297983760011e-04
1.711823647294589357e+00 1.298577235564993976e-04
1.714028056112224530e+00 1.284142325416117608e-04
1.716232464929859702e+00 1.269672567537129010e-04
1.718436873747495097e+00 1.255167961928026828e-04
1.720641282565130270e+00 1.240628508588814314e-04
1.722845691382765665e+00 1.226054207519488215e-04
1.725050100200400838e+00 1.211445058720051783e-04
1.727254509018036233e+00 1.196801062190501903e-04
1.729458917835671405e+00 1.182122217930841419e-04
1.731663326653306800e+00 1.167408525941067215e-04
1.733867735470941973e+00 1.152659986221182679e-04
1.736072144288577146e+00 1.137876598771186048e-04
1.738276553106212541e+00 1.123058363591076240e-04
1.740480961923847714e+00 1.108205280680855557e-04
1.742685370741483109e+00 1.093317350040521561e-04
1.744889779559118281e+00 1.078394571670077232e-04
1.747094188376753676e+00 1.063436945569519183e-04
1.749298597194388849e+00 1.048444471738850531e-04
1.751503006012024244e+00 1.033417150178068565e-04
1.753707414829659417e+00 1.018354980887176267e-04
1.755911823647294590e+00 1.003257963866171739e-04
1.758116232464929984e+00 9.881260991150537620e-05
1.760320641282565157e+00 9.729593866338251819e-05
1.762525050100200552e+00 9.577578264224831525e-05
1.764729458917835725e+00 9.425214184810307909e-05
1.766933867735471120e+00 9.272501628094645734e-05
1.769138276553106293e+00 9.119440594077882949e-05
1.771342685370741687e+00 8.966031082759981605e-05
1.773547094188376860e+00 8.812273094140976940e-05
1.775751503006012033e+00 8.658166628220854044e-05
1.777955911823647428e+00 8.503711684999592591e-05
1.780160320641282601e+00 8.348908264477227816e-05
1.782364729458917996e+00 8.193756366653728548e-05
1.784569138276553169e+00 8.038255991529124603e-05
1.786773547094188563e+00 7.882407139103383455e-05
1.788977955911823736e+00 7.726209809376538985e-05
1.791182364729458909e+00 7.569664002348574930e-05
1.793386773547094304e+00 7.412769718019475028e-05
1.795591182364729477e+00 7.255526956389271804e-05
1.797795591182364872e+00 7.097935717457931376e-05
1.800000000000000044e+00 6.939996001225487627e-05
