# ells_clbb
1.934943398536429756e-06
0.000000000000000000e+00
1.938605877165401810e-06
0.000000000000000000e+00
1.944840969149210212e-06
1.947833438587104552e-06
1.955265593457068891e-06
1.958625695295361140e-06
1.966274320193885145e-06
1.972393955773987945e-06
1.980539315055420441e-06
1.987952145225945412e-06
1.994772349267361197e-06
2.002678758550709196e-06
2.015139911465184167e-06
2.039967544478005210e-06
2.083466875756095756e-06
2.149024247372311277e-06
2.219965286093046138e-06
2.249360429483912822e-06
2.179830806042027251e-06
1.984469579286531013e-06
1.751334705735539556e-06
1.614983240572491543e-06
1.512182710400947138e-06
1.255853837600610583e-06
1.012064380338085979e-06
8.344002960179673908e-07
5.883505830666483058e-07
4.253278886991038569e-07
2.744786486840399582e-07
1.649716084980659185e-07
9.203974270918479316e-08
4.679738714568168600e-08
2.189958147123115609e-08
