0.000000000000000000e+00 0.000000000000000000e+00
2.605210420841683194e-02 1.137365109345571910e-02
5.210420841683366389e-02 2.270343642338211801e-02
7.815631262525049583e-02 3.397224096598484150e-02
1.042084168336673278e-01 4.516458359820324509e-02
1.302605210420841597e-01 5.626652143024334085e-02
1.563126252505009917e-01 6.723492313002181475e-02
1.823647294589178236e-01 7.792497972391443373e-02
2.084168336673346555e-01 8.844498662235161790e-02
2.344689378757514875e-01 9.878913043067409638e-02
2.605210420841683194e-01 1.089526079692330757e-01
2.865731462925851236e-01 1.189315415425592076e-01
3.126252505010019833e-01 1.286213645421731000e-01
3.386773547094188430e-01 1.379252731650179586e-01
3.647294589178356472e-01 1.470078203007100792e-01
3.907815631262524514e-01 1.558705940486156405e-01
4.168336673346693111e-01 1.645156084415288489e-01
4.428857715430861708e-01 1.729452510145621513e-01
4.689378757515029750e-01 1.809810863068459785e-01
4.949899799599197792e-01 1.886463894071429837e-01
5.210420841683366389e-01 1.960887237210668099e-01
5.470941883767534986e-01 2.033133344234559214e-01
5.731462925851702472e-01 2.103255030925364200e-01
5.991983967935871069e-01 2.171305259875069005e-01
6.252505010020039666e-01 2.234846367046001703e-01
6.513026052104208263e-01 2.295458681157186986e-01
6.773547094188376860e-01 2.354085407998729451e-01
7.034068136272544347e-01 2.410789701279411057e-01
7.294589178356712944e-01 2.465633126160514388e-01
7.555110220440881541e-01 2.518675638911473946e-01
7.815631262525049028e-01 2.566999018374135910e-01
8.076152304609217625e-01 2.613359736260095767e-01
8.336673346693386222e-01 2.658075011948332622e-01
8.597194388777554819e-01 2.701204605207873088e-01
8.857715430861723416e-01 2.742806051792127109e-01
9.118236472945890903e-01 2.782623370430123977e-01
9.378757515030059499e-01 2.818370433750264081e-01
9.639278557114228096e-01 2.852763148465746190e-01
9.899799599198395583e-01 2.885854264051667117e-01
1.016032064128256529e+00 2.917694263795452825e-01
1.042084168336673278e+00 2.948331468772745212e-01
1.068136272545090026e+00 2.977041170882793741e-01
1.094188376753506997e+00 3.002762002060743174e-01
1.120240480961923746e+00 3.027444652669520897e-01
1.146292585170340494e+00 3.051130977813523160e-01
1.172344689378757465e+00 3.073860916924620601e-01
1.198396793587174214e+00 3.095672592472112350e-01
1.224448897795591185e+00 3.115483761424356346e-01
1.250501002004007933e+00 3.133231138617549316e-01
1.276553106212424682e+00 3.150203675100093914e-01
1.302605210420841653e+00 3.166433135361626516e-01
1.328657314629258401e+00 3.181949793223005640e-01
1.354709418837675372e+00 3.196782512069543114e-01
1.380761523046092121e+00 3.209590480859521588e-01
1.406813627254508869e+00 3.221089106577788574e-01
1.432865731462925840e+00 3.232023285675958424e-01
1.458917835671342589e+00 3.242416357396756266e-01
1.484969939879759337e+00 3.252290560177471535e-01
1.511022044088176308e+00 3.261667091571917032e-01
1.537074148296593057e+00 3.269027005096160066e-01
1.563126252505009806e+00 3.275675670188458177e-01
1.589178356713426776e+00 3.281923748658867601e-01
1.615230460921843525e+00 3.287787930786426616e-01
1.641282565130260496e+00 3.293284124274660218e-01
1.667334669338677244e+00 3.298385776954013693e-01
1.693386773547093993e+00 3.301583217887562038e-01
1.719438877755510964e+00 3.304493430659562470e-01
1.745490981963927712e+00 3.307128602543178419e-01
1.771543086172344683e+00 3.309500351673270169e-01
1.797595190380761432e+00 3.311619757600954284e-01
1.823647294589178181e+00 3.313196531030488945e-01
1.849699398797595151e+00 3.313429357410275222e-01
1.875751503006011900e+00 3.313474056602582207e-01
1.901803607214428649e+00 3.313338839809286118e-01
1.927855711422845619e+00 3.313031539894926158e-01
1.953907815631262368e+00 3.312559631222460887e-01
1.979959919839679117e+00 3.311430901490515222e-01
2.006012024048096087e+00 3.309405020406578912e-01
2.032064128256513058e+00 3.307265409461038752e-01
2.058116232464929585e+00 3.305017360936307047e-01
2.084168336673346555e+00 3.302665925887071086e-01
2.110220440881763526e+00 3.300215926429233004e-01
2.136272545090180053e+00 3.297022115349214633e-01
2.162324649298597024e+00 3.293286408221443029e-01
2.188376753507013994e+00 3.289492415288931548e-01
2.214428857715430521e+00 3.285643312229643564e-01
2.240480961923847492e+00 3.281742130113174394e-01
2.266533066132264462e+00 3.277791762525152919e-01
2.292585170340680989e+00 3.273032338299852739e-01
2.318637274549097960e+00 3.268013017597002912e-01
2.344689378757514930e+00 3.262976426835305088e-01
2.370741482965931901e+00 3.257924223720192192e-01
2.396793587174348428e+00 3.252857988307385484e-01
2.422845691382765398e+00 3.247779226676331121e-01
2.448897795591182369e+00 3.241843532860255728e-01
2.474949899799598896e+00 3.235871518651951551e-01
2.501002004008015867e+00 3.229912316209699874e-01
2.527054108216432837e+00 3.223966507133412263e-01
2.553106212424849364e+00 3.218034641005216301e-01
2.579158316633266335e+00 3.212011345775470650e-01
2.605210420841683305e+00 3.205308900502590319e-01
2.631262525050099832e+00 3.198641253789298311e-01
2.657314629258516803e+00 3.192008236459661918e-01
2.683366733466933773e+00 3.185409677838359488e-01
2.709418837675350744e+00 3.178845405724952111e-01
2.735470941883767271e+00 3.172085618357763370e-01
2.761523046092184241e+00 3.164871243817726221e-01
2.787575150300601212e+00 3.157707785954591562e-01
2.813627254509017739e+00 3.150594538654773458e-01
2.839679358717434710e+00 3.143530815072531071e-01
2.865731462925851680e+00 3.136515946686647682e-01
2.891783567134268207e+00 3.129220743289994888e-01
2.917835671342685178e+00 3.121654726805365709e-01
2.943887775551102148e+00 3.114150865339859187e-01
2.969939879759518675e+00 3.106708095063605568e-01
2.995991983967935646e+00 3.099325384369032710e-01
3.022044088176352616e+00 3.092001732403484304e-01
3.048096192384769143e+00 3.084328859353373531e-01
3.074148296593186114e+00 3.076535744324121469e-01
3.100200400801603084e+00 3.068812355098657907e-01
3.126252505010019611e+00 3.061157399425880055e-01
3.152304609218436582e+00 3.053569624845999808e-01
3.178356713426853553e+00 3.046047816956792276e-01
3.204408817635270523e+00 3.038121103554213276e-01
3.230460921843687050e+00 3.030197602264786960e-01
3.256513026052104021e+00 3.022348646326755706e-01
3.282565130260520991e+00 3.014572807866540138e-01
3.308617234468937518e+00 3.006868702696728901e-01
3.334669338677354489e+00 2.999209396601750788e-01
3.360721442885771459e+00 2.991151642782663433e-01
3.386773547094187986e+00 2.983172740275262802e-01
3.412825651302604957e+00 2.975271144706331805e-01
3.438877755511021928e+00 2.967445358739488892e-01
3.464929859719438454e+00 2.959693930146168883e-01
3.490981963927855425e+00 2.951908153393066891e-01
3.517034068136272396e+00 2.943851724885794829e-01
3.543086172344689366e+00 2.935875398927205171e-01
3.569138276553105893e+00 2.927977608700755852e-01
3.595190380761522864e+00 2.920156834141648394e-01
3.621242484969939834e+00 2.912411600080757057e-01
3.647294589178356361e+00 2.904565384001029371e-01
3.673346693386773332e+00 2.896556080134394251e-01
3.699398797595190302e+00 2.888626961919062430e-01
3.725450901803606829e+00 2.880776473763745904e-01
3.751503006012023800e+00 2.873003105457633821e-01
3.777555110220440771e+00 2.865305390423847909e-01
3.803607214428857297e+00 2.857450645980211812e-01
3.829659318637274268e+00 2.849523454825229618e-01
3.855711422845691239e+00 2.841675677464637340e-01
3.881763527054107765e+00 2.833905792480784225e-01
3.907815631262524736e+00 2.826212321802060168e-01
3.933867735470941707e+00 2.818593829083877456e-01
3.959919839679358233e+00 2.810771236757700908e-01
3.985971943887775204e+00 2.802952634786097796e-01
4.012024048096192175e+00 2.795212057387162496e-01
4.038076152304609145e+00 2.787548032497805806e-01
4.064128256513026116e+00 2.779959128993231832e-01
4.090180360721442199e+00 2.772443955201566168e-01
4.116232464929859169e+00 2.764685240883955064e-01
4.142284569138276140e+00 2.756994992807216271e-01
4.168336673346693111e+00 2.749380943002621147e-01
4.194388777555110082e+00 2.741841678332625487e-01
4.220440881763527052e+00 2.734375824013475231e-01
4.246492985971944023e+00 2.726934661150753336e-01
4.272545090180360106e+00 2.719311776049380680e-01
4.298597194388777076e+00 2.711764348242571843e-01
4.324649298597194047e+00 2.704290992053465792e-01
4.350701402805611018e+00 2.696890358808923804e-01
4.376753507014027988e+00 2.689561135559676575e-01
4.402805611222444959e+00 2.682206456707974529e-01
4.428857715430861042e+00 2.674739066816614330e-01
4.454909819639278012e+00 2.667344740905835399e-01
4.480961923847694983e+00 2.660022163139497686e-01
4.507014028056111954e+00 2.652770051970234633e-01
4.533066132264528925e+00 2.645587158985098775e-01
4.559118236472945895e+00 2.638335626170803527e-01
4.585170340681361978e+00 2.631030827576132936e-01
4.611222444889778949e+00 2.623796580497234077e-01
4.637274549098195919e+00 2.616631639463095071e-01
4.663326653306612890e+00 2.609534790681162231e-01
4.689378757515029861e+00 2.602504850998569319e-01
4.715430861723446831e+00 2.595369103204562822e-01
4.741482965931863802e+00 2.588231324542282774e-01
4.767535070140279885e+00 2.581161526031804931e-01
4.793587174348696855e+00 2.574158531644942793e-01
4.819639278557113826e+00 2.567221194559033970e-01
4.845691382765530797e+00 2.560348396223521839e-01
4.871743486973947768e+00 2.553337829820205296e-01
4.897795591182364738e+00 2.546369401831673485e-01
4.923847695390780821e+00 2.539466368661961737e-01
4.949899799599197792e+00 2.532627621824085073e-01
4.975951903807614762e+00 2.525852079718232113e-01
5.002004008016031733e+00 2.519122372485516625e-01
5.028056112224448704e+00 2.512260083459621485e-01
5.054108216432865675e+00 2.505461692146153663e-01
5.080160320641282645e+00 2.498726129546798846e-01
5.106212424849698728e+00 2.492052352174607688e-01
5.132264529058115698e+00 2.485439341272915881e-01
5.158316633266532669e+00 2.478834398455970756e-01
5.184368737474949640e+00 2.472144135437902013e-01
5.210420841683366611e+00 2.465515183322264936e-01
5.236472945891783581e+00 2.458946537252441056e-01
5.262525050100199664e+00 2.452437215806982651e-01
5.288577154308616635e+00 2.445986260299212178e-01
5.314629258517033605e+00 2.439510273229279769e-01
5.340681362725450576e+00 2.432990379664457248e-01
5.366733466933867547e+00 2.426529274266983616e-01
5.392785571142284518e+00 2.420126013005796384e-01
5.418837675350701488e+00 2.413779673374223944e-01
5.444889779559117571e+00 2.407489353761700646e-01
5.470941883767534542e+00 2.401144997453444063e-01
5.496993987975951512e+00 2.394793040293648201e-01
5.523046092184368483e+00 2.388497424775679057e-01
5.549098196392785454e+00 2.382257264296187005e-01
5.575150300601202424e+00 2.376071692022783677e-01
5.601202404809618507e+00 2.369939860330109449e-01
5.627254509018035478e+00 2.363728585229040724e-01
5.653306613226452448e+00 2.357541543603421663e-01
5.679358717434869419e+00 2.351408481323032096e-01
5.705410821643286390e+00 2.345328565823288913e-01
5.731462925851703361e+00 2.339300982704894671e-01
5.757515030060119443e+00 2.333324935227268360e-01
5.783567134268536414e+00 2.327247205247972017e-01
5.809619238476953385e+00 2.321221621316438555e-01
5.835671342685370355e+00 2.315247743555123583e-01
5.861723446893787326e+00 2.309324790120487747e-01
5.887775551102204297e+00 2.303451995866027113e-01
5.913827655310621267e+00 2.297602274193374372e-01
5.939879759519037350e+00 2.291684098980366346e-01
5.965931863727454321e+00 2.285816198519505515e-01
5.991983967935871291e+00 2.279997822704021848e-01
6.018036072144288262e+00 2.274228237206520342e-01
6.044088176352705233e+00 2.268506723055377095e-01
6.070140280561122204e+00 2.262782670862037437e-01
6.096192384769538286e+00 2.257020319657193352e-01
6.122244488977955257e+00 2.251306108365754566e-01
6.148296593186372228e+00 2.245639332598381999e-01
6.174348697394789198e+00 2.240019302478307717e-01
6.200400801603206169e+00 2.234445342259975542e-01
6.226452905811623140e+00 2.228846086509457258e-01
6.252505010020039222e+00 2.223235326862894323e-01
6.278557114228456193e+00 2.217670667149603536e-01
6.304609218436873164e+00 2.212151445675668571e-01
6.330661322645290134e+00 2.206677014104411472e-01
6.356713426853707105e+00 2.201246737112661778e-01
6.382765531062124076e+00 2.195770945582161404e-01
6.408817635270541047e+00 2.190307464532916804e-01
6.434869739478957129e+00 2.184888136587070373e-01
6.460921843687374100e+00 2.179512339896663153e-01
6.486973947895791071e+00 2.174179464917286031e-01
6.513026052104208041e+00 2.168888914097901188e-01
6.539078156312625012e+00 2.163534891445825781e-01
6.565130260521041983e+00 2.158214344615653479e-01
6.591182364729458065e+00 2.152936094801822242e-01
6.617234468937875036e+00 2.147699557326860909e-01
6.643286573146292007e+00 2.142504158855677576e-01
6.669338677354708977e+00 2.137338143315992145e-01
6.695390781563125948e+00 2.132115104038809772e-01
6.721442885771542919e+00 2.126933154277579063e-01
6.747494989979959890e+00 2.121791733294882409e-01
6.773547094188375972e+00 2.116690291079794672e-01
6.799599198396792943e+00 2.111628288086688510e-01
6.825651302605209914e+00 2.106575578617141120e-01
6.851703406813626884e+00 2.101488553456178632e-01
6.877755511022043855e+00 2.096440901051780659e-01
6.903807615230460826e+00 2.091432093821027349e-01
6.929859719438876908e+00 2.086461614082001648e-01
6.955911823647293879e+00 2.081528953817346206e-01
6.981963927855710850e+00 2.076587534875435070e-01
7.008016032064127820e+00 2.071632201484135127e-01
7.034068136272544791e+00 2.066714607558607086e-01
7.060120240480961762e+00 2.061834256420497224e-01
7.086172344689378733e+00 2.056990660538870475e-01
7.112224448897794815e+00 2.052183341315898801e-01
7.138276553106211786e+00 2.047351042377581476e-01
7.164328657314628757e+00 2.042523160810931493e-01
7.190380761523045727e+00 2.037731465212212767e-01
7.216432865731462698e+00 2.032975487716016383e-01
7.242484969939879669e+00 2.028254768915939421e-01
7.268537074148295751e+00 2.023568857670088317e-01
7.294589178356712722e+00 2.018843393618703630e-01
7.320641282565129693e+00 2.014138819802359093e-01
7.346693386773546663e+00 2.009468954551029973e-01
7.372745490981963634e+00 2.004833356869786809e-01
7.398797595190380605e+00 2.000231593593370105e-01
7.424849699398796687e+00 1.995661275070623741e-01
7.450901803607213658e+00 1.991042243693617875e-01
7.476953907815630629e+00 1.986456939252994602e-01
7.503006012024047600e+00 1.981904938402552774e-01
7.529058116232464570e+00 1.977385825215221549e-01
7.555110220440881541e+00 1.972899191017817022e-01
7.581162324649298512e+00 1.968428014868291165e-01
7.607214428857714594e+00 1.963925687173512791e-01
7.633266533066131565e+00 1.959455726334116965e-01
7.659318637274548536e+00 1.955017732941742581e-01
7.685370741482965506e+00 1.950611314465150181e-01
7.711422845691382477e+00 1.946236085099772584e-01
7.737474949899799448e+00 1.941861815428464200e-01
7.763527054108215530e+00 1.937472315860908623e-01
7.789579158316632501e+00 1.933113889997548074e-01
7.815631262525049472e+00 1.928786160771869540e-01
7.841683366733466443e+00 1.924488757498036273e-01
7.867735470941883413e+00 1.920221315733718348e-01
7.893787575150300384e+00 1.915941684692603897e-01
7.919839679358716467e+00 1.911661261011149138e-01
7.945891783567133437e+00 1.907410681315601375e-01
7.971943887775550408e+00 1.903189589402480841e-01
7.997995991983967379e+00 1.898997634993853101e-01
8.024048096192384349e+00 1.894834473612123371e-01
8.050100200400800432e+00 1.890647198649530458e-01
8.076152304609218291e+00 1.886472222955491718e-01
8.102204408817634373e+00 1.882325921604739993e-01
8.128256513026052232e+00 1.878207957892426838e-01
8.154308617234468315e+00 1.874118000598065381e-01
8.180360721442884397e+00 1.870055723930003633e-01
8.206412825651302256e+00 1.865958521959565353e-01
8.232464929859718339e+00 1.861885490529528175e-01
8.258517034068136198e+00 1.857840020665629810e-01
8.284569138276552280e+00 1.853821793879973368e-01
8.310621242484970139e+00 1.849830496809009295e-01
8.336673346693386222e+00 1.845857696824227678e-01
8.362725450901802304e+00 1.841856420097329194e-01
8.388777555110220163e+00 1.837881952277467534e-01
8.414829659318636246e+00 1.833933987052396852e-01
8.440881763527054105e+00 1.830012222979906233e-01
8.466933867735470187e+00 1.826116363389539698e-01
8.492985971943888046e+00 1.822227212852778888e-01
8.519038076152304129e+00 1.818322264677808275e-01
8.545090180360720211e+00 1.814443101048904550e-01
8.571142284569138070e+00 1.810589431940635152e-01
8.597194388777554153e+00 1.806760971864981302e-01
8.623246492985972012e+00 1.802957439781252835e-01
8.649298597194388094e+00 1.799149842710528746e-01
8.675350701402804177e+00 1.795338033331761451e-01
8.701402805611222036e+00 1.791551033314998653e-01
8.727454909819638118e+00 1.787788567882754032e-01
8.753507014028055977e+00 1.784050366488757200e-01
8.779559118236472059e+00 1.780336162735290662e-01
8.805611222444889918e+00 1.776608046876821390e-01
8.831663326653306001e+00 1.772886305251823447e-01
8.857715430861722083e+00 1.769188444293484375e-01
8.883767535070139942e+00 1.765514203508691538e-01
8.909819639278556025e+00 1.761863326353422798e-01
8.935871743486973884e+00 1.758235560156789778e-01
8.961923847695389966e+00 1.754584882802273094e-01
8.987975951903807825e+00 1.750950253329748019e-01
9.014028056112223908e+00 1.747338619776868940e-01
9.040080160320639990e+00 1.743749735040740767e-01
9.066132264529057849e+00 1.740183355707361490e-01
9.092184368737473932e+00 1.736636746350528615e-01
9.118236472945891791e+00 1.733063994605233415e-01
9.144288577154307873e+00 1.729513633640093750e-01
9.170340681362723956e+00 1.725985425397758011e-01
9.196392785571141815e+00 1.722479135335382161e-01
9.222444889779557897e+00 1.718994532358824878e-01
9.248496993987975756e+00 1.715520003286464534e-01
9.274549098196391839e+00 1.712029600660279482e-01
9.300601202404809698e+00 1.708560772889617385e-01
9.326653306613225780e+00 1.705113293933097351e-01
9.352705410821641863e+00 1.701686941036748835e-01
9.378757515030059722e+00 1.698281494673388736e-01
9.404809619238475804e+00 1.694877201682194467e-01
9.430861723446893663e+00 1.691466479600477746e-01
9.456913827655309746e+00 1.688076554339603685e-01
9.482965931863727604e+00 1.684707211140219485e-01
9.509018036072143687e+00 1.681358238320460330e-01
9.535070140280559770e+00 1.678029427220030512e-01
9.561122244488977628e+00 1.674693562319891638e-01
9.587174348697393711e+00 1.671359955160011124e-01
9.613226452905811570e+00 1.668046402615819546e-01
9.639278557114227652e+00 1.664752700527686313e-01
9.665330661322645511e+00 1.661478647619270832e-01
9.691382765531061594e+00 1.658224045445847727e-01
9.717434869739477676e+00 1.654954838966717634e-01
9.743486973947895535e+00 1.651695880205295008e-01
9.769539078156311618e+00 1.648456267744424497e-01
9.795591182364729477e+00 1.645235807389589799e-01
9.821643286573145559e+00 1.642034307649662406e-01
9.847695390781561642e+00 1.638851579689184212e-01
9.873747494989979501e+00 1.635647301836458678e-01
9.899799599198395583e+00 1.632460620237705384e-01
9.925851703406813442e+00 1.629292608689213440e-01
9.951903807615229525e+00 1.626143082370851978e-01
9.977955911823647384e+00 1.623011858999159618e-01
1.000400801603206347e+01 1.619892607428776166e-01
1.003006012024047955e+01 1.616757720729731507e-01
1.005611222444889741e+01 1.613641036597710521e-01
1.008216432865731349e+01 1.610542376613066928e-01
1.010821643286573135e+01 1.607461564779902041e-01
1.013426853707414743e+01 1.604398427484341749e-01
1.016032064128256529e+01 1.601339803468276313e-01
1.018637274549098137e+01 1.598273348043149356e-01
1.021242484969939746e+01 1.595224469555451552e-01
1.023847695390781531e+01 1.592192998043719387e-01
1.026452905811623140e+01 1.589178765823597017e-01
1.029058116232464926e+01 1.586181607449173026e-01
1.031663326653306534e+01 1.583182061172119515e-01
1.034268537074148142e+01 1.580181901800660205e-01
1.036873747494989928e+01 1.577198721436577356e-01
1.039478957915831536e+01 1.574232358088080153e-01
1.042084168336673322e+01 1.571282651904264693e-01
1.044689378757514930e+01 1.568349445139262943e-01
1.047294589178356716e+01 1.565407465069446613e-01
1.049899799599198325e+01 1.562471548828865964e-01
1.052505010020039933e+01 1.559552039901618004e-01
1.055110220440881719e+01 1.556648783809903014e-01
1.057715430861723327e+01 1.553761628090170599e-01
1.060320641282565113e+01 1.550890422259843804e-01
1.062925851703406721e+01 1.548004535351468758e-01
1.065531062124248507e+01 1.545130888172589478e-01
1.068136272545090115e+01 1.542273101472236840e-01
1.070741482965931723e+01 1.539431027861273837e-01
1.073346693386773509e+01 1.536604521846993143e-01
1.075951903807615118e+01 1.533790967859426646e-01
1.078557114228456904e+01 1.530962211481894930e-01
1.081162324649298512e+01 1.528148934825682703e-01
1.083767535070140298e+01 1.525350995377040830e-01
1.086372745490981906e+01 1.522568252438253611e-01
1.088977955911823514e+01 1.519800567098322508e-01
1.091583166332665300e+01 1.517039540892113902e-01
1.094188376753506908e+01 1.514269836178013529e-01
1.096793587174348694e+01 1.511515103834611962e-01
1.099398797595190302e+01 1.508775207772608540e-01
1.102004008016031911e+01 1.506050013614453620e-01
1.104609218436873697e+01 1.503339388667077337e-01
1.107214428857715305e+01 1.500629571367737281e-01
1.109819639278557091e+01 1.497917139807075360e-01
1.112424849699398699e+01 1.495219194817981878e-01
1.115030060120240485e+01 1.492535606381365232e-01
1.117635270541082093e+01 1.489866246092661772e-01
1.120240480961923701e+01 1.487210987136443896e-01
1.122845691382765487e+01 1.484551094748262079e-01
1.125450901803607096e+01 1.481894225230493134e-01
1.128056112224448881e+01 1.479251376933313211e-01
1.130661322645290490e+01 1.476622425576455400e-01
1.133266533066132276e+01 1.474007248403469694e-01
1.135871743486973884e+01 1.471405724158059980e-01
1.138476953907815492e+01 1.468794507203082522e-01
1.141082164328657278e+01 1.466191553118449120e-01
1.143687374749498886e+01 1.463602174312736981e-01
1.146292585170340672e+01 1.461026251934307019e-01
1.148897795591182280e+01 1.458463668570636473e-01
1.151503006012023889e+01 1.455914308226249065e-01
1.154108216432865675e+01 1.453350551285541303e-01
1.156713426853707283e+01 1.450799927749377438e-01
1.159318637274549069e+01 1.448262451981349730e-01
1.161923847695390677e+01 1.445738010267901830e-01
1.164529058116232463e+01 1.443226490255446748e-01
1.167134268537074071e+01 1.440722968828004047e-01
1.169739478957915679e+01 1.438210302105234206e-01
1.172344689378757465e+01 1.435710483302195806e-01
1.174949899799599073e+01 1.433223402265552948e-01
1.177555110220440859e+01 1.430748950147518184e-01
1.180160320641282468e+01 1.428287019386268453e-01
1.182765531062124253e+01 1.425828087231489627e-01
1.185370741482965862e+01 1.423365153999034960e-01
1.187975951903807470e+01 1.420914670643836919e-01
1.190581162324649256e+01 1.418476531693493858e-01
1.193186372745490864e+01 1.416050632910621498e-01
1.195791583166332650e+01 1.413636871274543128e-01
1.198396793587174258e+01 1.411221438688384233e-01
1.201002004008015867e+01 1.408806807699375385e-01
1.203607214428857652e+01 1.406404244610304499e-01
1.206212424849699261e+01 1.404013648385574187e-01
1.208817635270541047e+01 1.401634919158570858e-01
1.211422845691382655e+01 1.399267958214537866e-01
1.214028056112224441e+01 1.396894965413633116e-01
1.216633266533066049e+01 1.394527257994785940e-01
1.219238476953907657e+01 1.392171251776104235e-01
1.221843687374749443e+01 1.389826849929627628e-01
1.224448897795591051e+01 1.387493956734515699e-01
1.227054108216432837e+01 1.385172477561023574e-01
1.229659318637274446e+01 1.382840894080745731e-01
1.232264529058116231e+01 1.380518781874962297e-01
1.234869739478957840e+01 1.378208018704160376e-01
1.237474949899799448e+01 1.375908511732769901e-01
1.240080160320641234e+01 1.373620169174348815e-01
1.242685370741482842e+01 1.371340622283088451e-01
1.245290581162324628e+01 1.369051724337861375e-01
1.247895791583166236e+01 1.366773927150417567e-01
1.250501002004007844e+01 1.364507140666249563e-01
1.253106212424849630e+01 1.362251275839886921e-01
1.255711422845691239e+01 1.360006244620590443e-01
1.258316633266533024e+01 1.357765705992931282e-01
1.260921843687374633e+01 1.355520217791133519e-01
1.263527054108216419e+01 1.353285501535169133e-01
1.266132264529058027e+01 1.351061470822367827e-01
1.268737474949899635e+01 1.348848040207138721e-01
1.271342685370741421e+01 1.346645125187553860e-01
1.273947895791583029e+01 1.344442668567976673e-01
1.276553106212424815e+01 1.342239387442550613e-01
1.279158316633266423e+01 1.340046562179639800e-01
1.281763527054108209e+01 1.337864109846262084e-01
1.284368737474949818e+01 1.335691948417731811e-01
1.286973947895791426e+01 1.333529996765060732e-01
1.289579158316633212e+01 1.331364721403347495e-01
1.292184368737474820e+01 1.329202487568458269e-01
1.294789579158316606e+01 1.327050405640071984e-01
1.297394789579158214e+01 1.324908395983467047e-01
1.300000000000000000e+01 1.322776379826366699e-01
