# f_z
4.921956184052397321e-01
4.981966948809852802e-01
5.041559454616995062e-01
5.100724389459405650e-01
5.159452711434513450e-01
5.217735642595944245e-01
5.275564886205268422e-01
5.332932617721648505e-01
5.389831475822902673e-01
5.446254553434727308e-01
5.502195219836765183e-01
5.557647419327376159e-01
5.612605899964353551e-01
5.667065431699058742e-01
5.721021213526646942e-01
5.774468862378350220e-01
5.827404402096562075e-01
5.879824252484296965e-01
5.931725218423089530e-01
5.983104345339209651e-01
6.033959102629862237e-01
6.084287718376610865e-01
6.134088390580372252e-01
6.183359662761273023e-01
6.232100412183749771e-01
6.280309838249005239e-01
6.327987451053950219e-01
6.375133060116674466e-01
6.421746763269395863e-01
6.467828791119827336e-01
6.513379761765369924e-01
6.558400845885190567e-01
6.602893156823448351e-01
6.646858052468910261e-01
6.690297124384487759e-01
6.733212187180037667e-01
6.775605268127885550e-01
6.817478597020600883e-01
6.858834596270650952e-01
6.899675871251631509e-01
6.940005139201163020e-01
6.979825106585488825e-01
7.019139272957074516e-01
7.057950858277224349e-01
7.096263226894969911e-01
7.134079878816756981e-01
7.171404441247888339e-01
7.208240660402193134e-01
7.244592393576281264e-01
7.280463601484723490e-01
7.315858340852341435e-01
7.350780757259731679e-01
7.385235078238041595e-01
7.419225606608884638e-01
7.452756416386673299e-01
7.485832240247731750e-01
7.518457641912447142e-01
7.550637147686088957e-01
7.582375332797701706e-01
7.613676815852591373e-01
7.644546253516582013e-01
7.674988335426177199e-01
7.705007779318865380e-01
7.734609326377708260e-01
7.763797736784483483e-01
7.792577785475605090e-01
7.820954258095115241e-01
7.848931947139076160e-01
7.876515648285725701e-01
7.903710156905805473e-01
7.930520058068604161e-01
7.956950265973052883e-01
7.983005691046167751e-01
8.008691085473826909e-01
8.034011187974758883e-01
8.058970721149393279e-01
8.083574388979788417e-01
8.107826874475071444e-01
8.131732837457092966e-01
8.155296912481009297e-01
8.178523706885674205e-01
8.201417798968858586e-01
8.223983736282368673e-01
8.246226034042333231e-01
8.268149173650027883e-01
8.289757601318687996e-01
8.311055726801925836e-01
8.332047922219518732e-01
8.352738520976341619e-01
8.373131816770487124e-01
8.393231907328554398e-01
8.413043095346214306e-01
8.432569651051162740e-01
8.451815695552474805e-01
8.470785307255850327e-01
8.489482521277466054e-01
8.507911328925050753e-01
8.526075677242902495e-01
8.543979468617677320e-01
8.561626560441903955e-01
8.579020764832270274e-01
8.596165848399863751e-01
8.613065532069641428e-01
8.629723490946471509e-01
8.646143354225291899e-01
8.662328705142899876e-01
8.678283080969079188e-01
8.694009973034826366e-01
8.709512826795519080e-01
8.724795052088064606e-01
8.739860010424428394e-01
8.754711610991240400e-01
8.769351633404437463e-01
8.783784189302674683e-01
8.798012448635921245e-01
8.812039537054536797e-01
8.825868536164890310e-01
8.839502483805404820e-01
8.852944374341574774e-01
8.866197158978605941e-01
8.879263746090325649e-01
8.892147001563176500e-01
8.904849749154053473e-01
8.917374770860880817e-01
8.929724807304846301e-01
8.941902558123272504e-01
8.953910682372150376e-01
8.965751798937414696e-01
8.977428486954079911e-01
8.988943286232411456e-01
9.000298697690345406e-01
9.011497183791399301e-01
9.022541168987374682e-01
9.033433040165188554e-01
9.044175147097183176e-01
9.054769802894340192e-01
9.065219284461807359e-01
9.075525832956227168e-01
9.085691654244364424e-01
9.095718919362538735e-01
9.105609764976445586e-01
9.115366293840925227e-01
9.124990575259301906e-01
9.134484645541918191e-01
9.143850508463513549e-01
9.153090135719144094e-01
9.162205467378311541e-01
9.171198412337049355e-01
9.180070848575364595e-01
9.188824622441494894e-01
9.197461554527079919e-01
9.205983433340776401e-01
9.214392018465183964e-01
9.222689040989329179e-01
9.230876203937752322e-01
9.238955182696043655e-01
9.246927625432654896e-01
9.254795153516889306e-01
9.262559361932918289e-01
9.270221819689729026e-01
9.277784070226893220e-01
9.285247631816073710e-01
9.292613997958182326e-01
9.299884637776127949e-01
9.307060996403069275e-01
9.314144495366142307e-01
9.321136532965594856e-01
9.328038484649301409e-01
9.334851703382613941e-01
9.341577520013524261e-01
9.348217243633124562e-01
9.354772161931331764e-01
9.361243541547885627e-01
9.367632628418600671e-01
9.373940648116872998e-01
9.380168806190450903e-01
9.386318288493474826e-01
9.392390261513791083e-01
9.398385872695557142e-01
9.404306250757169527e-01
9.410152506004509920e-01
9.415925730639561619e-01
9.421626999064393049e-01
9.427257368180570474e-01
9.432817883653679125e-01
9.438309578135543054e-01
9.443733439849951727e-01
9.449090458766243872e-01
9.454381608773432255e-01
9.459607847952790083e-01
9.464770118846110858e-01
9.469869348719714974e-01
9.474906449824210819e-01
9.479882319650081435e-01
9.484797841179131161e-01
9.489653883131842216e-01
9.494451300210678957e-01
9.499190933339399789e-01
9.503873609898420005e-01
9.508500143956266637e-01
9.513071336497191943e-01
9.517587975644972165e-01
9.522050836882960390e-01
9.526460683270434604e-01
9.530818265655290888e-01
9.535124322883133940e-01
9.539379582002814884e-01
9.543584758468462992e-01
9.547740556338067952e-01
9.551847668468658181e-01
9.555906776708120720e-01
9.559918552083725984e-01
9.563883654987390681e-01
9.567802735357733290e-01
9.571676432858986505e-01
9.575505377056787726e-01
9.579290187590910888e-01
9.583031474345001799e-01
9.586729837613324756e-01
9.590385868264614810e-01
9.594000147903049003e-01
9.597573249026387643e-01
9.601105735181352241e-01
9.604598165389236497e-01
9.608051101456337451e-01
9.611465058836370368e-01
9.614840566938819277e-01
9.618178146948743734e-01
9.621478311966635832e-01
9.624741567145796983e-01
9.627968409827286633e-01
9.631159329672480673e-01
9.634314808793277285e-01
9.637435321880002403e-01
9.640521336327030344e-01
9.643573312356187310e-01
9.646591703137961105e-01
9.649576954910549231e-01
9.652529507096798689e-01
9.655449792419066313e-01
9.658338237012027427e-01
9.661195260533492757e-01
9.664021276273239147e-01
9.666816691259914052e-01
9.669581906366030433e-01
9.672317316411102039e-01
9.675023310262931275e-01
9.677700270937108495e-01
9.680348575694730506e-01
9.682968596138384898e-01
9.685560698306427962e-01
9.688125242765582845e-01
9.690662584701896787e-01
9.693173074010075219e-01
9.695657055381231570e-01
9.698114868389082766e-01
9.700546847574602616e-01
9.702953322529188629e-01
9.705334617976335565e-01
9.707691053851875695e-01
9.710022945382791315e-01
9.712330603164623932e-01
9.714614333237525656e-01
9.716874437160955003e-01
9.719111212087057083e-01
9.721324950832739287e-01
9.723515941950485741e-01
9.725684469797908349e-01
9.727830831940466050e-01
9.729955290118851297e-01
9.732058112001028549e-01
9.734139565948239925e-01
9.736199916450389846e-01
9.738239424188713800e-01
9.740258346097350195e-01
9.742256935423825315e-01
9.744235441788492436e-01
9.746194111242912905e-01
9.748133186327223587e-01
9.750052906126500663e-01
9.751953506326135335e-01
9.753835219266244749e-01
9.755698273995135894e-01
9.757542896321833581e-01
9.759369308867693604e-01
9.761177731117123280e-01
9.762968379467419355e-01
9.764741467277732179e-01
9.766497204917193864e-01
9.768235799812207132e-01
9.769957456492907033e-01
9.771662376638837744e-01
9.773350759123824449e-01
9.775022800060080286e-01
9.776678692841545004e-01
9.778318628186492001e-01
9.779942794179384835e-01
9.781551376312027646e-01
9.783144557524009466e-01
9.784722518242444655e-01
9.786285436421047201e-01
9.787833487578526670e-01
9.789366844836334680e-01
9.790885678955764115e-01
9.792390158374416620e-01
9.793880449242057251e-01
9.795356715455844077e-01
9.796819118694976014e-01
9.798267818454746703e-01
9.799702972080018837e-01
9.801124734798135618e-01
9.802533259751281536e-01
9.803928698028288036e-01
9.805311198695908503e-01
9.806680908829565890e-01
9.808037973543589638e-01
9.809382536020931909e-01
9.810714737542400865e-01
9.812034717515396576e-01
9.813342619890870200e-01
9.814638584560668733e-01
9.815922733790831689e-01
9.817195199842170261e-01
9.818456113235386473e-01
9.819705602777124565e-01
9.820943795585604930e-01
9.822170817115817298e-01
9.823386791184306466e-01
9.824591839993551678e-01
9.825786084155930800e-01
9.826969642717303666e-01
9.828142633180201315e-01
9.829305171526633300e-01
9.830457372240521963e-01
9.831599348329772559e-01
9.832731211347975897e-01
9.833853071415762370e-01
9.834965037241802932e-01
9.836067216143474790e-01
9.837159714067181815e-01
9.838242635608350772e-01
9.839316084031105580e-01
9.840380161287615168e-01
9.841434968037133801e-01
9.842480603664732763e-01
9.843517166299734500e-01
9.844544752833834789e-01
9.845563458938957346e-01
9.846573379084797573e-01
9.847574606556102061e-01
9.848567233469665005e-01
9.849551350791049265e-01
9.850527048351048753e-01
9.851494414861884374e-01
9.852453537933137939e-01
9.853404504087440730e-01
9.854347398775907818e-01
9.855282306393329250e-01
9.856209310293122527e-01
9.857128492802044173e-01
9.858039935234673701e-01
9.858943717907671100e-01
9.859839920153801174e-01
9.860728620335749151e-01
9.861609895859707597e-01
9.862483823188763488e-01
9.863350477856065446e-01
9.864209934477791153e-01
9.865062266765908250e-01
9.865907547540740952e-01
9.866745848743341263e-01
9.867577241447663683e-01
9.868401795872554505e-01
9.869219581393557927e-01
9.870030666554531207e-01
9.870835119079094389e-01
9.871633005881889078e-01
9.872424393079676230e-01
9.873209346002251863e-01
9.873987929203207337e-01
9.874760217299478615e-01
9.875526264288330136e-01
9.876286129932422275e-01
9.877039875822434256e-01
9.877787562822613054e-01
9.878529251080617746e-01
9.879265000037209532e-01
9.879994868435788558e-01
9.880718914331801939e-01
9.881437195101993032e-01
9.882149767453520806e-01
9.882856687432939324e-01
9.883558010435042895e-01
9.884253791211577989e-01
9.884944083879823040e-01
9.885628941931038360e-01
9.886308418238801687e-01
9.886982565067198303e-01
9.887651434078910118e-01
9.888315076343168197e-01
9.888973542343597600e-01
9.889626881985944529e-01
9.890275144605679136e-01
9.890918378975500636e-01
9.891556633312720281e-01
9.892189955286542213e-01
9.892818392025232166e-01
9.893441990123182928e-01
9.894060795647877660e-01
9.894674854146748855e-01
9.895284210653939594e-01
9.895888909696959335e-01
9.896488995303251990e-01
9.897084511006662977e-01
9.897675499853809677e-01
9.898262004410368631e-01
9.898844066767259475e-01
9.899421728546747845e-01
9.899995030908459448e-01
9.900564014555303105e-01
9.901128719739310524e-01
9.901689186267393916e-01
9.902245453507021455e-01
9.902797560391800591e-01
9.903345545427002516e-01
9.903889446694983389e-01
9.904429301860546708e-01
9.904965148176220202e-01
9.905497022487460557e-01
9.906024961237779314e-01
9.906549000473805489e-01
9.907069175850269360e-01
9.907585522634915209e-01
9.908098075713347441e-01
9.908606869593807875e-01
9.909111938411887532e-01
9.909613315935165145e-01
9.910111035567790161e-01
9.910605130354994685e-01
9.911095632987544368e-01
9.911582575806127116e-01
9.912065990805680737e-01
9.912545909639658426e-01
9.913022363624239830e-01
9.913495383742475520e-01
9.913965000648381487e-01
9.914431244670974808e-01
9.914894145818249349e-01
9.915353733781103740e-01
9.915810037937208277e-01
9.916263087354821870e-01
9.916712910796557923e-01
9.917159542592735022e-01
9.917603008611696191e-01
9.918043332688508684e-01
9.918480542419551016e-01
9.918914665112922302e-01
9.919345727791917255e-01
9.919773757198458997e-01
9.920198779796485233e-01
9.920620821775278930e-01
9.921039909052771222e-01
9.921456067278782154e-01
9.921869321838228117e-01
9.922279697854283764e-01
9.922687220191497293e-01
9.923091913458871316e-01
9.923493802012897103e-01
9.923892909960545516e-01
9.924289261162226872e-01
9.924682879234700827e-01
9.925073787553957416e-01
9.925462009258050333e-01
9.925847567249899139e-01
9.926230484200051496e-01
9.926610782549408762e-01
9.926988484511917177e-01
9.927363612077220179e-01
9.927736187013278535e-01
9.928106230868954940e-01
9.928473764976564198e-01
9.928838810454391206e-01
9.929201388209171197e-01
9.929561518938548881e-01
9.929919223133486517e-01
9.930274521080663108e-01
9.930627432864821413e-01
9.930977978371098303e-01
9.931326177287319590e-01
9.931672049106264888e-01
9.932015613127901377e-01
9.932356888461597588e-01
9.932695894028293893e-01
9.933032648562656330e-01
9.933367170615201580e-01
9.933699478554387508e-01
9.934029590568683732e-01
9.934357524668614436e-01
9.934683298688770092e-01
9.935006930289802529e-01
9.935328436960383369e-01
9.935647836019145807e-01
9.935965144616599742e-01
9.936280379737018054e-01
9.936593558200308429e-01
9.936904696663848569e-01
9.937213811624309168e-01
9.937520919419450260e-01
9.937826036229889803e-01
9.938129178080861159e-01
9.938430360843933942e-01
9.938729600238724871e-01
9.939026911834583089e-01
9.939322311052254388e-01
9.939615813165523228e-01
9.939907433302834772e-01
9.940197186448900268e-01
9.940485087446274681e-01
9.940771150996923211e-01
9.941055391663765617e-01
9.941337823872195001e-01
9.941618461911586602e-01
9.941897319936781052e-01
9.942174411969558756e-01
9.942449751900082067e-01
9.942723353488331917e-01
9.942995230365520021e-01
9.943265396035485537e-01
9.943533863876079515e-01
9.943800647140518256e-01
9.944065758958738899e-01
9.944329212338723911e-01
9.944591020167813378e-01
9.944851195214007289e-01
9.945109750127241188e-01
9.945366697440656267e-01
9.945622049571847256e-01
9.945875818824101433e-01
9.946128017387612097e-01
9.946378660059499444e-01
9.946627760173761823e-01
9.946875325231882004e-01
9.947121366993327829e-01
9.947365897110080901e-01
9.947608927127766787e-01
9.947850468486787445e-01
9.948090532523428120e-01
9.948329130470962012e-01
9.948566273460726084e-01
9.948801972523202419e-01
9.949036238589075154e-01
9.949269082490275196e-01
9.949500514961019393e-01
9.949730546638825279e-01
9.949959188065531368e-01
9.950186449688286361e-01
9.950412341860540577e-01
9.950636874843019619e-01
9.950860058804685826e-01
9.951081903823693064e-01
9.951302419888324868e-01
9.951521616897925915e-01
9.951739504663819069e-01
9.951956092910215768e-01
9.952171391275108636e-01
9.952385409311165221e-01
9.952598156486598402e-01
9.952809642186035699e-01
9.953019875711374143e-01
9.953228866282627374e-01
9.953436623038761644e-01
9.953643155038524037e-01
9.953848471261256270e-01
9.954052580607704037e-01
9.954255491900818598e-01
9.954457213886539479e-01
9.954657755234580518e-01
9.954857124539197022e-01
9.955055330319951823e-01
9.955252381022463570e-01
9.955448285019157240e-01
9.955643050609995770e-01
9.955836686023210591e-01
9.956029199416023268e-01
9.956220598875349381e-01
9.956410892418512404e-01
9.956600087993929815e-01
9.956788193481806992e-01
9.956975216694812225e-01
9.957161165378751733e-01
9.957346047213233575e-01
9.957529869812322687e-01
9.957712640725195907e-01
9.957894367436773697e-01
9.958075057368367400e-01
9.958254717878297635e-01
9.958433356262521574e-01
9.958610979755241344e-01
9.958787595529514647e-01
9.958963210697855395e-01
9.959137832312823235e-01
9.959311467367615300e-01
9.959484122796644634e-01
9.959655805476109736e-01
9.959826522224572987e-01
9.959996279803509101e-01
9.960165084917870226e-01
9.960332944216629958e-01
9.960499864293327343e-01
9.960665851686603123e-01
9.960830912880732635e-01
9.960995054306148733e-01
9.961158282339961367e-01
9.961320603306476062e-01
9.961482023477692405e-01
9.961642549073816966e-01
9.961802186263752912e-01
9.961960941165596273e-01
9.962118819847117779e-01
9.962275828326249139e-01
9.962431972571553773e-01
9.962587258502700882e-01
9.962741691990928405e-01
9.962895278859505988e-01
9.963048024884189058e-01
9.963199935793669582e-01
9.963351017270020149e-01
9.963501274949138065e-01
9.963650714421180554e-01
9.963799341230993312e-01
9.963947160878541265e-01
9.964094178819328240e-01
9.964240400464817737e-01
9.964385831182841491e-01
9.964530476298012474e-01
9.964674341092127907e-01
9.964817430804570053e-01
9.964959750632701452e-01
9.965101305732255721e-01
9.965242101217728354e-01
9.965382142162757528e-01
9.965521433600503798e-01
9.965659980524026462e-01
9.965797787886655490e-01
9.965934860602356782e-01
9.966071203546099655e-01
9.966206825164413141e-01
9.966341727678609264e-01
9.966475914664315594e-01
9.966609390848517602e-01
9.966742160920855076e-01
9.966874229533965179e-01
9.967005601303826623e-01
9.967136280810086069e-01
9.967266272596398968e-01
9.967395581170753749e-01
9.967524211005800439e-01
9.967652166539167080e-01
9.967779452173785026e-01
9.967906072278202023e-01
9.968032031186891961e-01
9.968157333200564629e-01
9.968281982586476575e-01
9.968405983578724205e-01
9.968529340378553538e-01
9.968652057154648860e-01
9.968774138043428046e-01
9.968895587149336768e-01
9.969016408545130492e-01
9.969136606272163137e-01
9.969256184340663518e-01
9.969375146730019566e-01
9.969493497389052550e-01
9.969611240236286864e-01
9.969728379160225362e-01
9.969844918019612479e-01
9.969960860643700684e-01
9.970076210832513608e-01
9.970190972357104719e-01
9.970305148959812680e-01
9.970418744354517804e-01
9.970531762226892969e-01
9.970644206234653417e-01
9.970756080007801003e-01
9.970867387148871774e-01
9.970978131233173558e-01
9.971088315809029101e-01
9.971197944398013657e-01
9.971307020495182583e-01
9.971415547569313365e-01
9.971523529063127667e-01
9.971630968393522254e-01
9.971737868951793260e-01
9.971844234103862670e-01
9.971950067190492595e-01
9.972055371527510648e-01
9.972160150406021994e-01
9.972264407092626959e-01
9.972368144829630854e-01
9.972471366835256035e-01
9.972574076303846180e-01
9.972676276406078344e-01
9.972777970289163907e-01
9.972879161077048416e-01
9.972979851870614754e-01
9.973080045747880762e-01
9.973179745764196857e-01
9.973278954952433661e-01
9.973377676323184060e-01
9.973475912864945281e-01
9.973573667544313182e-01
9.973670943306165437e-01
9.973767743073849168e-01
9.973864069749363015e-01
9.973959926213535887e-01
9.974055315326212368e-01
9.974150239926427020e-01
9.974244702832578691e-01
9.974338706842610369e-01
9.974432254734176828e-01
9.974525349264818930e-01
9.974617993172131269e-01
9.974710189173933150e-01
9.974801939968431785e-01
9.974893248234385501e-01
9.974984116631272490e-01
9.975074547799449576e-01
9.975164544360307639e-01
9.975254108916438156e-01
9.975343244051784186e-01
9.975431952331801355e-01
9.975520236303604404e-01
9.975608098496125953e-01
9.975695541420264156e-01
9.975782567569037029e-01
9.975869179417723442e-01
9.975955379424016334e-01
9.976041170028165928e-01
9.976126553653121842e-01
9.976211532704680751e-01
9.976296109571621828e-01
9.976380286625851079e-01
9.976464066222539007e-01
9.976547450700258279e-01
9.976630442381119179e-01
9.976713043570905048e-01
9.976795256559204406e-01
9.976877083619546394e-01
9.976958527009530675e-01
9.977039588970953998e-01
9.977120271729946754e-01
9.977200577497091771e-01
9.977280508467555320e-01
9.977360066821212570e-01
9.977439254722770823e-01
9.977518074321892749e-01
9.977596527753314071e-01
9.977674617136973456e-01
9.977752344578120214e-01
9.977829712167445297e-01
9.977906721981186777e-01
9.977983376081254185e-01
9.978059676515340648e-01
9.978135625317038349e-01
9.978211224505949550e-01
9.978286476087798729e-01
9.978361382054548034e-01
9.978435944384501655e-01
9.978510165042416835e-01
9.978584045979612682e-01
9.978657589134078965e-01
9.978730796430578254e-01
9.978803669780751395e-01
9.978876211083224090e-01
9.978948422223711257e-01
9.979020305075114727e-01
9.979091861497628724e-01
9.979163093338835333e-01
9.979234004570716188e-01
9.979304595864620930e-01
9.979374867963816120e-01
9.979444822668381843e-01
9.979514461766243461e-01
9.979583787033259323e-01
9.979652800233324017e-01
9.979721503118456072e-01
9.979789897428892331e-01
9.979857984893181211e-01
9.979925767228274847e-01
9.979993246139617913e-01
9.980060423321236440e-01
9.980127300455831074e-01
9.980193879214860342e-01
9.980260161258631690e-01
9.980326148236384753e-01
9.980391841786382390e-01
9.980457243535990619e-01
9.980522355101764109e-01
9.980587178089531664e-01
9.980651714094479487e-01
9.980715964701228904e-01
9.980779931483924061e-01
9.980843616006307428e-01
9.980907019821800841e-01
9.980970144473588768e-01
9.981032991494690476e-01
9.981095562408044408e-01
9.981157858726581455e-01
9.981219881953300455e-01
9.981281633581348123e-01
9.981343115094092333e-01
9.981404327965195389e-01
9.981465273658690629e-01
9.981525953629052372e-01
9.981586369321271413e-01
9.981646522170927183e-01
9.981706413604256589e-01
9.981766045038228397e-01
9.981825417880606510e-01
9.981884533530029913e-01
9.981943393376073725e-01
9.982001998799319153e-01
9.982060351171422319e-01
9.982118451855183094e-01
9.982176302204606166e-01
9.982233903564975419e-01
9.982291257272910556e-01
9.982348364656438156e-01
9.982405227035054951e-01
9.982461845719788895e-01
9.982518222013264664e-01
9.982574357209768046e-01
9.982630252595304787e-01
9.982685909447662764e-01
9.982741329036476374e-01
9.982796512623282048e-01
9.982851461461584863e-01
9.982906176796911835e-01
9.982960659866872977e-01
9.983014911901223476e-01
9.983068934121916982e-01
9.983122727743166669e-01
9.983176293971498527e-01
9.983229634005812425e-01
9.983282749037436510e-01
9.983335640250181608e-01
9.983388308820396739e-01
9.983440755917027953e-01
9.983492982701667184e-01
9.983544990328607760e-01
9.983596779944898802e-01
9.983648352690399630e-01
9.983699709697829716e-01
9.983750852092819761e-01
9.983801780993966091e-01
9.983852497512882840e-01
9.983903002754248579e-01
9.983953297815860717e-01
9.984003383788681019e-01
9.984053261756891118e-01
9.984102932797935814e-01
9.984152397982577476e-01
9.984201658374938226e-01
9.984250715032553236e-01
9.984299569006414021e-01
9.984348221341018403e-01
9.984396673074417139e-01
9.984444925238259438e-01
9.984492978857839596e-01
9.984540834952140287e-01
9.984588494533880310e-01
9.984635958609561213e-01
9.984683228179506154e-01
9.984730304237909859e-01
9.984777187772878593e-01
9.984823879766475674e-01
9.984870381194762556e-01
9.984916693027844348e-01
9.984962816229908666e-01
9.985008751759272272e-01
9.985054500568417701e-01
9.985100063604037679e-01
9.985145441807077304e-01
9.985190636112770690e-01
9.985235647450685370e-01
9.985280476744758937e-01
9.985325124913341233e-01
9.985369592869232092e-01
9.985413881519724644e-01
9.985457991766635288e-01
9.985501924506351434e-01
9.985545680629864806e-01
9.985589261022809193e-01
9.985632666565501525e-01
9.985675898132974071e-01
9.985718956595014406e-01
9.985761842816203160e-01
9.985804557655947322e-01
9.985847101968517991e-01
9.985889476603087012e-01
9.985931682403759169e-01
9.985973720209612159e-01
9.986015590854727675e-01
9.986057295168228043e-01
9.986098833974308420e-01
9.986140208092274539e-01
9.986181418336572690e-01
9.986222465516827462e-01
9.986263350437868391e-01
9.986304073899773259e-01
9.986344636697888077e-01
9.986385039622872606e-01
9.986425283460722557e-01
9.986465368992807345e-01
9.986505296995898950e-01
9.986545068242205225e-01
9.986584683499399873e-01
9.986624143530654640e-01
9.986663449094670408e-01
9.986702600945702724e-01
9.986741599833602878e-01
9.986780446503834563e-01
9.986819141697516056e-01
9.986857686151441316e-01
9.986896080598111070e-01
9.986934325765767229e-01
9.986972422378415093e-01
9.987010371155854438e-01
9.987048172813710600e-01
9.987085828063456683e-01
9.987123337612450191e-01
9.987160702163950798e-01
9.987197922417158091e-01
9.987234999067230445e-01
9.987271932805317221e-01
9.987308724318584296e-01
9.987345374290241828e-01
9.987381883399568672e-01
9.987418252321939027e-01
9.987454481728851308e-01
9.987490572287951451e-01
9.987526524663059568e-01
9.987562339514195475e-01
9.987598017497605341e-01
9.987633560838835578e-01
9.987668969061502811e-01
9.987704242321062686e-01
9.987739381259705951e-01
9.987774386515962943e-01
9.987809258724721362e-01
9.987843998517256239e-01
9.987878606521248814e-01
9.987913083360816513e-01
9.987947429656530707e-01
9.987981646025442251e-01
9.988015733081108127e-01
9.988049691433606991e-01
9.988083521689571365e-01
9.988117224452200960e-01
9.988150800321293765e-01
9.988184249893261590e-01
9.988217573761157819e-01
9.988250772514695175e-01
9.988283846740270144e-01
9.988316797020984072e-01
9.988349623936664257e-01
9.988382328063886151e-01
9.988414909975994460e-01
9.988447370243123125e-01
9.988479709432219744e-01
9.988511928107058901e-01
9.988544026828273248e-01
9.988576006153364606e-01
9.988607866636729504e-01
9.988639608829678052e-01
9.988671233280453921e-01
9.988702740534254332e-01
9.988734131133248928e-01
9.988765405616600868e-01
9.988796564520484589e-01
9.988827608378108014e-01
9.988858537719726982e-01
9.988889353072668564e-01
9.988920054961348827e-01
9.988950643907290594e-01
9.988981120429141214e-01
9.989011485042694760e-01
9.989041738260907577e-01
9.989071880593913821e-01
9.989101912549050999e-01
9.989131834630871065e-01
9.989161647341160410e-01
9.989191351178957623e-01
9.989220946640574583e-01
9.989250434219604236e-01
9.989279814406950564e-01
9.989309087690835254e-01
9.989338254556819896e-01
9.989367315487821530e-01
9.989396270964129299e-01
9.989425121463423318e-01
9.989453867460786896e-01
9.989482509428727619e-01
9.989511047837190683e-01
9.989539483153574428e-01
9.989567815842749221e-01
9.989596046367074100e-01
9.989624175186405663e-01
9.989652202758123600e-01
9.989680129537139575e-01
9.989707955975912768e-01
9.989735682524469862e-01
9.989763309630415034e-01
9.989790837738951046e-01
9.989818267292888132e-01
9.989845598732661758e-01
9.989872832496349275e-01
9.989899969019681025e-01
9.989927008736056990e-01
9.989953952076562338e-01
9.989980799469979633e-01
9.990007551342805492e-01
9.990034208119260573e-01
9.990060770221309561e-01
9.990087238068671160e-01
9.990113612078833638e-01
9.990139892667065924e-01
9.990166080246436486e-01
9.990192175227823324e-01
9.990218178019927286e-01
9.990244089029285401e-01
9.990269908660288634e-01
9.990295637315187438e-01
9.990321275394113965e-01
9.990346823295087608e-01
9.990372281414029443e-01
9.990397650144778874e-01
9.990422929879104741e-01
9.990448121006714199e-01
9.990473223915269374e-01
9.990498238990401791e-01
9.990523166615717932e-01
9.990548007172818101e-01
9.990572761041304206e-01
9.990597428598797514e-01
9.990622010220941984e-01
9.990646506281426475e-01
9.990670917151988073e-01
9.990695243202429854e-01
9.990719484800628658e-01
9.990743642312549522e-01
9.990767716102254559e-01
9.990791706531918503e-01
9.990815613961836483e-01
9.990839438750437340e-01
9.990863181254291403e-01
9.990886841828128251e-01
9.990910420824841154e-01
9.990933918595504837e-01
9.990957335489377700e-01
9.990980671853921802e-01
9.991003928034807302e-01
9.991027104375926893e-01
9.991050201219403570e-01
9.991073218905603959e-01
9.991096157773147191e-01
9.991119018158917120e-01
9.991141800398068984e-01
9.991164504824042725e-01
9.991187131768575203e-01
9.991209681561703526e-01
9.991232154531783927e-01
9.991254551005492868e-01
9.991276871307845919e-01
9.991299115762201088e-01
9.991321284690268811e-01
9.991343378412127496e-01
9.991365397246225744e-01
9.991387341509399000e-01
9.991409211516874000e-01
9.991431007582279866e-01
9.991452730017659212e-01
9.991474379133472583e-01
9.991495955238616222e-01
9.991517458640422067e-01
9.991538889644674404e-01
9.991560248555613200e-01
9.991581535675947423e-01
9.991602751306862817e-01
9.991623895748027451e-01
9.991644969297607259e-01
9.991665972252268269e-01
9.991686904907191025e-01
9.991707767556075037e-01
9.991728560491148770e-01
9.991749284003178522e-01
9.991769938381476202e-01
9.991790523913912647e-01
9.991811040886915407e-01
9.991831489585487613e-01
9.991851870293212423e-01
9.991872183292259679e-01
9.991892428863394793e-01
9.991912607285990955e-01
9.991932718838030247e-01
9.991952763796116965e-01
9.991972742435485388e-01
9.991992655030003112e-01
9.992012501852185480e-01
9.992032283173196694e-01
9.992051999262863138e-01
9.992071650389678927e-01
9.992091236820813682e-01
9.992110758822118077e-01
9.992130216658136055e-01
9.992149610592108155e-01
9.992168940885980399e-01
9.992188207800412059e-01
9.992207411594783428e-01
9.992226552527202488e-01
9.992245630854510452e-01
9.992264646832292874e-01
9.992283600714884084e-01
9.992302492755376075e-01
9.992321323205620720e-01
9.992340092316245315e-01
9.992358800336651470e-01
9.992377447515028432e-01
9.992396034098354196e-01
9.992414560332405493e-01
9.992433026461766676e-01
9.992451432729833050e-01
9.992469779378816419e-01
9.992488066649757306e-01
9.992506294782526055e-01
9.992524464015833940e-01
9.992542574587235382e-01
9.992560626733136830e-01
9.992578620688804536e-01
9.992596556688367881e-01
9.992614434964828263e-01
9.992632255750064640e-01
9.992650019274839090e-01
9.992667725768803466e-01
9.992685375460506059e-01
9.992702968577399369e-01
9.992720505345841220e-01
9.992737985991106964e-01
9.992755410737392818e-01
9.992772779807818084e-01
9.992790093424438469e-01
9.992807351808249416e-01
9.992824555179186108e-01
9.992841703756140115e-01
9.992858797756953848e-01
9.992875837633736769e-01
9.992892824408414754e-01
9.992909757233797707e-01
9.992926636323923306e-01
9.992943461891808932e-01
9.992960234149459442e-01
9.992976953307870502e-01
9.992993619577037467e-01
9.993010233165959821e-01
9.993026794282644509e-01
9.993043303134113708e-01
9.993059759926409269e-01
9.993076164864600486e-01
9.993092518152784098e-01
9.993108819994096503e-01
9.993125070590713754e-01
9.993141270143857113e-01
9.993157418853804153e-01
9.993173516919885424e-01
9.993189564540495562e-01
9.993205561913097723e-01
9.993221509234225808e-01
9.993237406699492231e-01
9.993253254503593475e-01
9.993269052840311195e-01
9.993284801902521108e-01
9.993300501882197429e-01
9.993316152970416200e-01
9.993331755357361956e-01
9.993347309232328834e-01
9.993362814783731674e-01
9.993378272199106016e-01
9.993393681665112549e-01
9.993409043367545985e-01
9.993424357491336174e-01
9.993439624220554762e-01
9.993454843738416304e-01
9.993470016227289365e-01
9.993485141868694299e-01
9.993500220843313242e-01
9.993515253330989001e-01
9.993530239510737267e-01
9.993545179560742175e-01
9.993560073658369625e-01
9.993574921980162840e-01
9.993589724701854582e-01
9.993604481998366040e-01
9.993619194043815712e-01
9.993633861011519404e-01
9.993648483073996891e-01
9.993663060402976361e-01
9.993677593169397744e-01
9.993692081543416039e-01
9.993706525694409093e-01
9.993720925790977594e-01
9.993735282000952846e-01
9.993749594491395660e-01
9.993763863428607452e-01
9.993778088978129137e-01
9.993792271304745567e-01
9.993806410572493304e-01
9.993820506944660620e-01
9.993834560583791937e-01
9.993848571651694490e-01
9.993862540309439435e-01
9.993876466717366291e-01
9.993890351035087383e-01
9.993904193421494497e-01
9.993917994034754448e-01
9.993931753032323506e-01
9.993945470570941847e-01
9.993959146806644656e-01
9.993972781894759905e-01
9.993986375989916127e-01
9.993999929246043523e-01
9.994013441816380627e-01
9.994026913853474303e-01
9.994040345509186407e-01
9.994053736934697119e-01
9.994067088280503830e-01
9.994080399696432249e-01
9.994093671331634177e-01
9.994106903334595282e-01
9.994120095853131769e-01
9.994133249034403699e-01
9.994146363024908331e-01
9.994159437970492332e-01
9.994172474016349561e-01
9.994185471307025503e-01
9.994198429986421717e-01
9.994211350197798049e-01
9.994224232083779302e-01
9.994237075786353008e-01
9.994249881446876094e-01
9.994262649206078208e-01
9.994275379204063947e-01
9.994288071580318400e-01
9.994300726473706042e-01
9.994313344022477397e-01
9.994325924364271252e-01
9.994338467636116885e-01
9.994350973974440722e-01
9.994363443515064116e-01
9.994375876393210012e-01
9.994388272743505164e-01
9.994400632699984577e-01
9.994412956396091507e-01
9.994425243964683014e-01
9.994437495538031069e-01
9.994449711247828105e-01
9.994461891225187022e-01
9.994474035600647843e-01
9.994486144504176606e-01
9.994498218065170914e-01
9.994510256412462157e-01
9.994522259674317732e-01
9.994534227978444374e-01
9.994546161451991484e-01
9.994558060221554463e-01
9.994569924413176931e-01
9.994581754152350728e-01
9.994593549564024793e-01
9.994605310772600726e-01
9.994617037901941670e-01
9.994628731075373418e-01
9.994640390415684417e-01
9.994652016045131315e-01
9.994663608085441187e-01
9.994675166657811527e-01
9.994686691882918028e-01
9.994698183880913467e-01
9.994709642771431035e-01
9.994721068673587672e-01
9.994732461705985171e-01
9.994743821986714627e-01
9.994755149633357538e-01
9.994766444762990254e-01
9.994777707492183971e-01
9.994788937937010287e-01
9.994800136213037867e-01
9.994811302435344658e-01
9.994822436718511227e-01
9.994833539176627424e-01
9.994844609923295708e-01
9.994855649071628934e-01
9.994866656734258115e-01
9.994877633023333541e-01
9.994888578050524774e-01
9.994899491927025093e-01
9.994910374763552596e-01
9.994921226670353542e-01
9.994932047757206783e-01
9.994942838133420437e-01
9.994953597907839660e-01
9.994964327188845532e-01
9.994975026084360614e-01
9.994985694701846723e-01
9.994996333148311596e-01
9.995006941530308886e-01
9.995017519953940388e-01
9.995028068524859366e-01
9.995038587348272774e-01
9.995049076528941256e-01
9.995059536171183590e-01
9.995069966378877790e-01
9.995080367255465559e-01
9.995090738903950056e-01
9.995101081426901457e-01
9.995111394926458059e-01
9.995121679504330725e-01
9.995131935261798439e-01
9.995142162299718303e-01
9.995152360718523310e-01
9.995162530618223462e-01
9.995172672098413535e-01
9.995182785258265312e-01
9.995192870196540902e-01
9.995202927011586080e-01
9.995212955801336951e-01
9.995222956663319946e-01
9.995232929694654045e-01
9.995242874992055215e-01
9.995252792651834195e-01
9.995262682769899820e-01
9.995272545441765688e-01
9.995282380762542385e-01
9.995292188826951918e-01
9.995301969729315505e-01
9.995311723563569117e-01
9.995321450423256815e-01
9.995331150401532971e-01
9.995340823591167823e-01
9.995350470084549688e-01
9.995360089973680529e-01
9.995369683350184831e-01
9.995379250305309604e-01
9.995388790929921052e-01
9.995398305314514564e-01
9.995407793549210274e-01
9.995417255723758609e-01
9.995426691927540297e-01
9.995436102249566357e-01
9.995445486778484767e-01
9.995454845602577132e-01
9.995464178809765343e-01
9.995473486487607140e-01
9.995482768723303879e-01
9.995492025603699426e-01
9.995501257215280155e-01
9.995510463644182719e-01
9.995519644976186280e-01
9.995528801296724719e-01
9.995537932690879979e-01
9.995547039243386500e-01
9.995556121038636777e-01
9.995565178160675801e-01
9.995574210693208839e-01
9.995583218719598095e-01
9.995592202322870490e-01
9.995601161585710992e-01
9.995610096590473725e-01
9.995619007419175306e-01
9.995627894153501503e-01
9.995636756874805018e-01
9.995645595664112149e-01
9.995654410602119455e-01
9.995663201769195982e-01
9.995671969245389921e-01
9.995680713110423055e-01
9.995689433443696315e-01
9.995698130324289776e-01
9.995706803830965992e-01
9.995715454042169990e-01
9.995724081036031494e-01
9.995732684890363817e-01
9.995741265682670518e-01
9.995749823490143182e-01
9.995758358389661424e-01
9.995766870457799547e-01
9.995775359770822099e-01
9.995783826404690542e-01
9.995792270435061022e-01
9.995800691937286597e-01
9.995809090986421674e-01
9.995817467657217570e-01
9.995825822024129170e-01
9.995834154161313823e-01
9.995842464142633554e-01
9.995850752041653964e-01
9.995859017931653101e-01
9.995867261885610366e-01
9.995875483976222053e-01
9.995883684275889136e-01
9.995891862856730592e-01
9.995900019790575630e-01
9.995908155148970353e-01
9.995916269003176646e-01
9.995924361424174398e-01
9.995932432482661500e-01
9.995940482249060510e-01
9.995948510793508657e-01
9.995956518185873385e-01
9.995964504495741254e-01
9.995972469792425708e-01
9.995980414144969295e-01
9.995988337622139230e-01
9.995996240292434054e-01
9.996004122224082522e-01
9.996011983485043606e-01
9.996019824143013155e-01
9.996027644265417234e-01
9.996035443919418784e-01
9.996043223171917624e-01
9.996050982089551562e-01
9.996058720738697501e-01
9.996066439751830623e-01
9.996074138822946820e-01
9.996081817813822212e-01
9.996089476789910000e-01
9.996097115816409140e-01
9.996104734958261018e-01
9.996112334280154998e-01
9.996119913846528426e-01
9.996127473721564405e-01
9.996135013969197347e-01
9.996142534653114087e-01
9.996150035836750547e-01
9.996157517583298402e-01
9.996164979955700636e-01
9.996172423016658204e-01
9.996179846828626703e-01
9.996187251453820810e-01
9.996194636954213175e-01
9.996202003391534419e-01
9.996209350827279794e-01
9.996216679322701415e-01
9.996223988938820471e-01
9.996231279736416120e-01
9.996238551776036596e-01
9.996245805117995875e-01
9.996253039822372566e-01
9.996260255949016571e-01
9.996267453557545757e-01
9.996274632707349284e-01
9.996281793457585385e-01
9.996288935867185810e-01
9.996296059994858041e-01
9.996303165899081966e-01
9.996310253638110987e-01
9.996317323269978683e-01
9.996324374852494365e-01
9.996331408443246413e-01
9.996338424099600051e-01
9.996345421878705118e-01
9.996352401837489410e-01
9.996359364032665340e-01
9.996366308520727717e-01
9.996373235357955966e-01
9.996380144600413020e-01
9.996387036303951978e-01
9.996393910524209447e-01
9.996400767316611091e-01
9.996407606736373852e-01
9.996414428838501509e-01
9.996421233677790230e-01
9.996428021308828571e-01
9.996434791785997476e-01
9.996441545163471387e-01
9.996448281495219357e-01
9.996455000835005045e-01
9.996461703236391161e-01
9.996468388752736134e-01
9.996475057437196332e-01
9.996481709342727173e-01
9.996488344522085345e-01
9.996494963027827696e-01
9.996501564912311233e-01
9.996508150227699785e-01
9.996514719025955120e-01
9.996521271358848049e-01
9.996527807277952871e-01
9.996534326834650708e-01
9.996540830080126172e-01
9.996547317065377358e-01
9.996553787841206962e-01
9.996560242458227830e-01
