# d_l
# unit = Mpc
1.573645059699648700e+05
1.564827250568737509e+05
1.556012768470552110e+05
1.547201637332198734e+05
1.538393881368658040e+05
1.529589525087660877e+05
1.520788593294672610e+05
1.511991111098013353e+05
1.503197103914053587e+05
1.494406597472558205e+05
1.485619617822126893e+05
1.476836191335778567e+05
1.468056344716642343e+05
1.459280105003794888e+05
1.450507499578213901e+05
1.441738556168890791e+05
1.432973302859062387e+05
1.424211768092605344e+05
1.415453980680571985e+05
1.406699969807869347e+05
1.397949765040127386e+05
1.389203396330695832e+05
1.380460894027823815e+05
1.371722288882020512e+05
1.362987612053574121e+05
1.354256895120269910e+05
1.345530170085288410e+05
1.336807469385301229e+05
1.328088825898766809e+05
1.319374272954426706e+05
1.310663844340023061e+05
1.301957574311232456e+05
1.293255497600817762e+05
1.284557649428025470e+05
1.275864065508214117e+05
1.267174782062731392e+05
1.258489835829056246e+05
1.249809264071189536e+05
1.241133104590327566e+05
1.232461395735816623e+05
1.223794176416395494e+05
1.215131486111733830e+05
1.206473364884289476e+05
1.197819853391479992e+05
1.189170992898179538e+05
1.180526825289576227e+05
1.171887393084358337e+05
1.163252739448287321e+05
1.154622908208134613e+05
1.145997943866020360e+05
1.137377891614145774e+05
1.128762798202588456e+05
1.120152708498455613e+05
1.111547670757538581e+05
1.102947733088278765e+05
1.094352944369482138e+05
1.085763354267804971e+05
1.077179013255756581e+05
1.068599972630240372e+05
1.060026284531647543e+05
1.051458001963530696e+05
1.042895178812874365e+05
1.034337869870987488e+05
1.025786130855041556e+05
1.017240018430276250e+05
1.008699590232900082e+05
1.000164904893718922e+05
9.916360220625059446e+04
9.831130024331616005e+04
9.745959077696768509e+04
9.660848009329468186e+04
9.575797459084581351e+04
9.490808078348907293e+04
9.405880530336780066e+04
9.321015490395415691e+04
9.236213646320768748e+04
9.151475698684029339e+04
9.066802361169349751e+04
8.982194360923270870e+04
8.897652438916359097e+04
8.813177350317554374e+04
8.728769864881757530e+04
8.644430767351409304e+04
8.560160857872373890e+04
8.475960952425198047e+04
8.391831883271962579e+04
8.307774499419843778e+04
8.223789667101969826e+04
8.139878270276353578e+04
8.056041211143866531e+04
7.972279410686049960e+04
7.888593809223803692e+04
7.804985366997898382e+04
7.721455064772433252e+04
7.638003904462287028e+04
7.554632909785873198e+04
7.471343126944388496e+04
7.388135625328937022e+04
7.305011498256925552e+04
7.221971863739332184e+04
7.139017865280358819e+04
7.056150672711254447e+04
6.973371483060160244e+04
6.890681521459820215e+04
6.808082042095343058e+04
6.725574329194190796e+04
6.643159698060693336e+04
6.560839496157752001e+04
6.478615104238241474e+04
6.396487937529168266e+04
6.314459446971547004e+04
6.232531120519337128e+04
6.150704484501003753e+04
6.068981105047445453e+04
5.987362589590402786e+04
5.905850588435694226e+04
5.824446796416054713e+04
5.743152954628537555e+04
5.661970852262007247e+04
5.580902328520627634e+04
5.499949274649636209e+04
5.419113636070286157e+04
5.338397414631425636e+04
5.257802670985653094e+04
5.177331527098867082e+04
5.096986168902523059e+04
5.016768849098979990e+04
4.936681890130950342e+04
4.856727687327314925e+04
4.776908712238388398e+04
4.697227516175169876e+04
4.617686733968208864e+04
4.538289090763573040e+04
4.459037394744035555e+04
4.379934559480688040e+04
4.300983596500033309e+04
4.222187623601658561e+04
4.143549870360765635e+04
4.065073684012474405e+04
3.986762535751298856e+04
3.908620027482722799e+04
3.830649899067819206e+04
3.752856036106220563e+04
3.675242478307904094e+04
3.597813428509817459e+04
3.520573262399803207e+04
3.443526539017655887e+04
3.366678012111207499e+04
3.290032642434903391e+04
3.213595611088881196e+04
3.137372334008781399e+04
3.061368477730507220e+04
2.985589976570012732e+04
2.910043051376581570e+04
2.834734230039056274e+04
2.759670369948767984e+04
2.684858682650868286e+04
2.610306760948097872e+04
2.536022608758589558e+04
2.462014674072699199e+04
2.388291885404531422e+04
2.314863692192678354e+04
2.241740109673491679e+04
2.168931768830504734e+04
2.096449972117711877e+04
2.024306755764624177e+04
1.952514959600370275e+04
1.881088305486145327e+04
1.810041485623913832e+04
1.739390263076588599e+04
1.669151580869331883e+04
1.599343695655969350e+04
1.529986318839028536e+04
1.461100783197388046e+04
1.392710231820000809e+04
1.324839834241983226e+04
1.257517034180739756e+04
1.190771833991633684e+04
1.124637121781177666e+04
1.059149048028696416e+04
9.943474595621079061e+03
9.302763997797359480e+03
8.669846850504307440e+03
8.045265681597185903e+03
7.429625003396566171e+03
6.823600035754817327e+03
6.227946641504908257e+03
5.643512562335889015e+03
5.071249999817258868e+03
4.512229511211587123e+03
3.967655070234674440e+03
3.438879964313472101e+03
2.927422947123728591e+03
2.434983726837154336e+03
1.963456445745609699e+03
1.514939316275573901e+03
1.091738077694257754e+03
6.963605321922312896e+02
3.314992695387889512e+02
0.000000000000000000e+00
