# d_m
# unit = Mpc
9.835281623122806195e+03
9.826463327963989286e+03
9.817582147293591333e+03
9.808637331287274719e+03
9.799628117553233096e+03
9.790553730860228825e+03
9.781413382858430850e+03
9.772206271792942061e+03
9.762931582209421322e+03
9.753588484651987528e+03
9.744176135352778147e+03
9.734693675913214975e+03
9.725140232976425978e+03
9.715514917890772267e+03
9.705816826363974542e+03
9.696045038107782602e+03
9.686198616472604044e+03
9.676276608071986630e+03
9.666278042396494129e+03
9.656201931416559091e+03
9.646047269174250687e+03
9.635813031363139089e+03
9.625498174896178170e+03
9.615101637461151768e+03
9.604622337063075975e+03
9.594059171553355554e+03
9.583411018145039634e+03
9.572676732913816522e+03
9.561855150284176489e+03
9.550945082500214994e+03
9.539945319080636182e+03
9.528854626257274504e+03
9.517671746396552408e+03
9.506395397403388415e+03
9.495024272106755234e+03
9.483557037626309466e+03
9.471992334719448991e+03
9.460328777107901260e+03
9.448564950783289532e+03
9.436699413290785742e+03
9.424730692990044190e+03
9.412657288292528392e+03
9.400477666874456190e+03
9.388190264864299024e+03
9.375793486003873113e+03
9.363285700782211279e+03
9.350665245540791148e+03
9.337930421549383027e+03
9.325079494051087750e+03
9.312110691275544013e+03
9.299022203418859135e+03
9.285812188603353206e+03
9.272478743394038247e+03
9.259019944778157878e+03
9.245433819905960263e+03
9.231718352247857183e+03
9.217871480345273085e+03
9.203891096517629194e+03
9.189775045523674635e+03
9.175521123175201865e+03
9.161127074901165543e+03
9.146590594260114813e+03
9.131909321398692555e+03
9.117080841453920584e+03
9.102102682896807892e+03
9.086972315814718968e+03
9.071687150129902875e+03
9.056244533751201743e+03
9.040641750656153818e+03
9.024876018900218696e+03
9.008944488549972448e+03
8.992844239536723762e+03
8.976572279426962268e+03
8.960125541105886441e+03
8.943500880369758306e+03
8.926695073423181384e+03
8.909704814276527031e+03
8.892526712038938058e+03
8.875157288101941958e+03
8.857592973208382318e+03
8.839830104401176868e+03
8.821864921845963181e+03
8.803693565521651180e+03
8.785312071772061245e+03
8.766716369712134110e+03
8.747902277480987323e+03
8.728865498334471340e+03
8.709601616568877944e+03
8.690106093267138931e+03
8.670374261858461978e+03
8.650401323481592044e+03
8.630182342141490153e+03
8.609712239648459217e+03
8.588985790328195435e+03
8.567997615490390672e+03
8.546742177642916431e+03
8.525213774437692337e+03
8.503406532333479845e+03
8.481314399959908769e+03
8.458931141166140151e+03
8.436250327736292093e+03
8.413265331752783823e+03
8.389969317587496334e+03
8.366355233499110909e+03
8.342415802813875416e+03
8.318143514665283874e+03
8.293530614266486737e+03
8.268569092687730517e+03
8.243250676108760672e+03
8.217566814514555517e+03
8.191508669800116877e+03
8.165067103247848536e+03
8.138232662338430600e+03
8.110995566853202035e+03
8.083345694223135069e+03
8.055272564076101844e+03
8.026765321930713981e+03
7.997812721980959395e+03
7.968403108911877098e+03
7.938524398681951425e+03
7.908164058202874003e+03
7.877309083842125801e+03
7.845945978668048156e+03
7.814060728350597856e+03
7.781638775624431219e+03
7.748664993213155867e+03
7.715123655105850048e+03
7.680998406067702490e+03
7.646272229257403524e+03
7.610927411812965147e+03
7.574945508256554604e+03
7.538307301555977574e+03
7.500992766295275032e+03
7.462981005500951142e+03
7.424250232850569773e+03
7.384777702359850991e+03
7.344539659936453063e+03
7.303511286109765024e+03
7.261666634815820544e+03
7.218978567920914429e+03
7.175418685138948604e+03
7.130957248966286897e+03
7.085563104223318987e+03
7.039203591754311674e+03
6.991844455795447175e+03
6.943449744475331499e+03
6.893981702862309248e+03
6.843400657917572971e+03
6.791664894652965813e+03
6.738730522725894843e+03
6.684551332631129299e+03
6.629078640569869094e+03
6.572261120989299343e+03
6.514044625691110923e+03
6.454371988304029401e+03
6.393182812803316665e+03
6.330413244638896686e+03
6.265995722903154274e+03
6.199858711829966524e+03
6.131926409768049780e+03
6.062118433616094080e+03
5.990349476545423386e+03
5.916528936671417796e+03
5.840560514171454088e+03
5.762341774190948854e+03
5.681763672738507921e+03
5.598710042658122802e+03
5.513057036697245167e+03
5.424672524686127872e+03
5.333415444564579047e+03
5.239135088217619341e+03
5.141670362448108790e+03
5.040848964386866101e+03
4.936486517084554180e+03
4.828385646902093868e+03
4.716335009197758154e+03
4.600108268418514854e+03
4.479463042804066390e+03
4.354139829464093054e+03
4.223860933020252560e+03
4.088329430844204126e+03
3.947228220813804910e+03
3.800219214207835194e+03
3.646942757717175482e+03
3.487017395462067725e+03
3.320040115196109127e+03
3.145587263095118942e+03
2.963216358587973446e+03
2.772469093306688137e+03
2.572875853097724757e+03
2.363962152624851115e+03
2.145257407204956053e+03
1.916306468676388249e+03
1.676684296334234205e+03
1.426013987968526862e+03
1.163988123315981511e+03
8.903929404145790159e+02
6.051342615993626168e+02
3.082633394309299320e+02
0.000000000000000000e+00
