# h
# unit = Mpc/c
8.578130542482560392e-03
8.517533611237431204e-03
8.457081142249175953e-03
8.396773474467742610e-03
8.336610949333796844e-03
8.276593910809657353e-03
8.216722705410774152e-03
8.156997682237782793e-03
8.097419193009127575e-03
8.037987592094281500e-03
7.978703236547552563e-03
7.919566486142524953e-03
7.860577703407124750e-03
7.801737253659337019e-03
7.743045505043581224e-03
7.684502828567775327e-03
7.626109598141088582e-03
7.567866190612409019e-03
7.509772985809555143e-03
7.451830366579218802e-03
7.394038718827692161e-03
7.336398431562368358e-03
7.278909896934073094e-03
7.221573510280207206e-03
7.164389670168753131e-03
7.107358778443136592e-03
7.050481240268007682e-03
6.993757464175927481e-03
6.937187862114999222e-03
6.880772849497485653e-03
6.824512845249389170e-03
6.768408271861093596e-03
6.712459555439027718e-03
6.656667125758436443e-03
6.601031416317216204e-03
6.545552864390942124e-03
6.490231911089040968e-03
6.435069001412174056e-03
6.380064584310849232e-03
6.325219112745339087e-03
6.270533043746878525e-03
6.216006838480231042e-03
6.161640962307638435e-03
6.107435884854210337e-03
6.053392080074775257e-03
5.999510026322256440e-03
5.945790206417614181e-03
5.892233107721395365e-03
5.838839222206940530e-03
5.785609046535312647e-03
5.732543082131978836e-03
5.679641835265320481e-03
5.626905817127020315e-03
5.574335543914390664e-03
5.521931536914693149e-03
5.469694322591519241e-03
5.417624432673329680e-03
5.365722404244167507e-03
5.313988779836653978e-03
5.262424107527340252e-03
5.211028941034498083e-03
5.159803839818398116e-03
5.108749369184213684e-03
5.057866100387603016e-03
5.007154610743071339e-03
4.956615483735229977e-03
4.906249309133009669e-03
4.856056683107000740e-03
4.806038208349965209e-03
4.756194494200691701e-03
4.706526156771271251e-03
4.657033819077950956e-03
4.607718111175704290e-03
4.558579670296620395e-03
4.509619140992294530e-03
4.460837175280368827e-03
4.412234432795370843e-03
4.363811580944025950e-03
4.315569295065226595e-03
4.267508258594840571e-03
4.219629163235546522e-03
4.171932709131921310e-03
4.124419605050978765e-03
4.077090568568391381e-03
4.029946326260640428e-03
3.982987613903350363e-03
3.936215176676044307e-03
3.889629769373653678e-03
3.843232156625022225e-03
3.797023113118759650e-03
3.751003423836734088e-03
3.705173884295600260e-03
3.659535300796684654e-03
3.614088490684644068e-03
3.568834282615296078e-03
3.523773516833071575e-03
3.478907045458533038e-03
3.434235732786460743e-03
3.389760455595018217e-03
3.345482103466559422e-03
3.301401579120646218e-03
3.257519798759916669e-03
3.213837692429443414e-03
3.170356204390308540e-03
3.127076293508136533e-03
3.083998933657369854e-03
3.041125114142164028e-03
2.998455840134788691e-03
2.955992133132524704e-03
2.913735031434080795e-03
2.871685590636641715e-03
2.829844884154746141e-03
2.788214003762263301e-03
2.746794060158808375e-03
2.705586183562114569e-03
2.664591524327871493e-03
2.623811253598774557e-03
2.583246563984564759e-03
2.542898670275032125e-03
2.502768810188096566e-03
2.462858245155230379e-03
2.423168261146680519e-03
2.383700169539146492e-03
2.344455308028790905e-03
2.305435041592662684e-03
2.266640763501940378e-03
2.228073896390603791e-03
2.189735893383534197e-03
2.151628239288326180e-03
2.113752451855524343e-03
2.076110083112359811e-03
2.038702720775582324e-03
2.001531989749452938e-03
1.964599553715533093e-03
1.927907116821533321e-03
1.891456425477182693e-03
1.855249270265829685e-03
1.819287487981345380e-03
1.783572963800840331e-03
1.748107633604779583e-03
1.712893486457214192e-03
1.677932567260198050e-03
1.643226979597890670e-03
1.608778888787506861e-03
1.574590525156076238e-03
1.540664187564058435e-03
1.507002247199129346e-03
1.473607151666072755e-03
1.440481429401591290e-03
1.407627694446133898e-03
1.375048651608526060e-03
1.342747102063343925e-03
1.310725949425664387e-03
1.278988206353122957e-03
1.247537001731206276e-03
1.216375588504486904e-03
1.185507352224165990e-03
1.154935820390980356e-03
1.124664672682358212e-03
1.094697752163830513e-03
1.065039077597296040e-03
1.035692856972972135e-03
1.006663502407949750e-03
9.779556465723856628e-04
9.495741608247828657e-04
9.215241752606541424e-04
8.938111009044439779e-04
8.664406543029111191e-04
8.394188848094808700e-04
8.127522048831879167e-04
7.864474237625918712e-04
7.605117849138887240e-04
7.349530076923946765e-04
7.097793336960073586e-04
6.849995783256024057e-04
6.606231880966859527e-04
6.366603042632077748e-04
6.131218333098203445e-04
5.900195248309574514e-04
5.673660572268156548e-04
5.451751314838215083e-04
5.234615730376213907e-04
5.022414412954765654e-04
4.815321457627064401e-04
4.613525667967041861e-04
4.417231777030122299e-04
4.226661630693389921e-04
4.042055257635222202e-04
3.863671717486180223e-04
3.691789576543046060e-04
3.526706808089507422e-04
3.368739852366871681e-04
3.218221502687046887e-04
3.075497216375055087e-04
2.940919395644155956e-04
2.814839165609039581e-04
2.697595224439466150e-04
2.589499490170004727e-04
2.490819554039222722e-04
2.401758388689997057e-04
