# rho
# unit = KG/M^3
1.236645062112422237e-23
1.219249562493927121e-23
1.202017950379371071e-23
1.184949488643548866e-23
1.168043358258454816e-23
1.151298822098883848e-23
1.134715061136830273e-23
1.118291338247088870e-23
1.102026834401653950e-23
1.085920894378121052e-23
1.069972535342883261e-23
1.054181102073536263e-23
1.038545857444874542e-23
1.023065982428892704e-23
1.007740657997584914e-23
9.925692289285467100e-24
9.775507942909717912e-24
9.626846169596549357e-24
9.479698779065906026e-24
9.334059219093741828e-24
9.189918480371993756e-24
9.047270010676617189e-24
8.906104800699549119e-24
8.766416298216743457e-24
8.628195493920137194e-24
8.491435835585687179e-24
8.356128313905328935e-24
8.222266376655016372e-24
8.089841833554694081e-24
7.958846494324303712e-24
7.829272987711794518e-24
7.701113123437111088e-24
7.574360349276205862e-24
7.449005655921017303e-24
7.325041672119493191e-24
7.202461026619584245e-24
7.081255529141232119e-24
6.961416989404378463e-24
6.842938855184981596e-24
6.725812117174975571e-24
6.610029813636311968e-24
6.495584163802939177e-24
6.382466977394798850e-24
6.270670883159839502e-24
6.160187690818004255e-24
6.051010029117243094e-24
5.943130117291500000e-24
5.836540174574722628e-24
5.731232420200855695e-24
5.627198663889843057e-24
5.524431943903636294e-24
5.422924069962177792e-24
5.322666851785411407e-24
5.223653327635287985e-24
5.125875307231751382e-24
5.029325419322750113e-24
4.933995064114224235e-24
4.839877279868126062e-24
4.746964285818400312e-24
4.655247891684990105e-24
4.564720726215845426e-24
4.475374599130908662e-24
4.387202139178129063e-24
4.300195156077449016e-24
4.214346688090820100e-24
4.129648135424183108e-24
4.046092126825486554e-24
3.963670881528675890e-24
3.882376618767698036e-24
3.802201557776498444e-24
3.723137917789022563e-24
3.645178327553220380e-24
3.568314187275030482e-24
3.492538535216405918e-24
3.417843385854290239e-24
3.344220753665628467e-24
3.271663062641367952e-24
3.200162532015454145e-24
3.129711381021833599e-24
3.060302033651453297e-24
2.991926299624256362e-24
2.924577012445193207e-24
2.858245777077205055e-24
2.792925427025242321e-24
2.728607772009248126e-24
2.665285236020169820e-24
2.602950038291953590e-24
2.541594398058544886e-24
2.481210534553889527e-24
2.421790871768935598e-24
2.363327424180627019e-24
2.305812615779911139e-24
2.249238461043732612e-24
2.193597383963038789e-24
2.138881603771775856e-24
2.085083339703889263e-24
2.032194810993325197e-24
1.980208236874029476e-24
1.929116041336949450e-24
1.878910238859029773e-24
1.829583253431217428e-24
1.781127099530457437e-24
1.733534201147696782e-24
1.686796777516881649e-24
1.640907047871957673e-24
1.595857231446871040e-24
1.551639547475567385e-24
1.508246419948994241e-24
1.465669863344096262e-24
1.423902199273319849e-24
1.382935646970610821e-24
1.342762528048416130e-24
1.303375061740681593e-24
1.264765467281353029e-24
1.226925963904376441e-24
1.189848770843697830e-24
1.153526209711763781e-24
1.117950499742520112e-24
1.083113860169912826e-24
1.049008612606388506e-24
1.015626873907392390e-24
9.829608633068704783e-25
9.510030047957701223e-25
9.197454152295365579e-25
8.891803138421156036e-25
8.593000222459538437e-25
8.300967596749972804e-25
8.015627453631919158e-25
7.736902497337339513e-25
7.464714920205692972e-25
7.198986914576439556e-25
6.939641184681542197e-25
6.686600434752961993e-25
6.439786345237656051e-25
6.199122132260090216e-25
5.964529988159724511e-25
5.735931593383514206e-25
5.513250675948428977e-25
5.296408404408920266e-25
5.085327994889456673e-25
4.879931639729495464e-25
4.680142043160999571e-25
4.485880885630925186e-25
4.297071383263739070e-25
4.113635216506396498e-25
3.935495345537112316e-25
3.762573962695345169e-25
3.594793772213057988e-25
3.432076966429710795e-25
3.274345737684761774e-25
3.121523046156426233e-25
2.973530828237911818e-25
2.830291788161180543e-25
2.691728118265692429e-25
2.557762522783409951e-25
2.428317194053792210e-25
2.303314580362550225e-25
2.182677129995395472e-25
2.066327291238038509e-25
1.954187512376190815e-25
1.846180241695563176e-25
1.742227671535614696e-25
1.642252506128308307e-25
1.546177065786229300e-25
1.453923670821962733e-25
1.365414769521219396e-25
1.280572938142836723e-25
1.199320369026273357e-25
1.121579638430366733e-25
1.047273194640827638e-25
9.763233579702412486e-26
9.086525767043186964e-26
8.441832351422077909e-26
7.828377815696198941e-26
7.245386642722657943e-26
6.692083315358566240e-26
6.167691036729775581e-26
5.671434289693396143e-26
5.202537877039352423e-26
4.760225641759125960e-26
4.343721746777012035e-26
3.952250355017305933e-26
3.585035629404303511e-26
3.241301732862300627e-26
2.920273148248406882e-26
2.621173878520511550e-26
2.343228086602909338e-26
2.085660095386303839e-26
1.847694067794990048e-26
1.628554006786856664e-26
1.427464395219013863e-26
1.243649396015757072e-26
1.076333012134974845e-26
9.247395664673697684e-27
7.880932219372378436e-27
6.656182214520780772e-27
5.565387279361861113e-27
4.600789443054593778e-27
3.754630734757953807e-27
3.019152983672905851e-27
