# clg_lenses_ratio
1.255569473627370714e-05
1.404800843864854805e-05
1.548105846606671803e-05
1.672349626650963247e-05
1.761842636083038247e-05
1.798901885712028562e-05
1.764020124881888305e-05
1.652491116086143483e-05
1.475942394739640319e-05
1.271842420776567829e-05
1.082166579079264229e-05
9.212201056149821589e-06
7.633634809371926680e-06
6.003335472899602890e-06
4.603718312184659963e-06
3.461972508875338104e-06
2.631621143449137599e-06
1.940873686316619611e-06
1.454960738693229476e-06
1.089820210697597034e-06
8.319899998641652181e-07
6.460257694027215234e-07
5.105117187889822540e-07
4.092615638126341504e-07
3.305253964964002811e-07
2.672229891501148547e-07
2.144491817332315147e-07
1.697765502964829532e-07
