# clkappa_cmb_ratio
1.395136735662310625e-07
1.410179586005419978e-07
1.425310696982249349e-07
1.440519288850678785e-07
1.455788790113333478e-07
1.471103265517269967e-07
1.486451893675456376e-07
1.501440035167821947e-07
1.516834539724024240e-07
1.532294843384187103e-07
1.547818023167106605e-07
1.563991205233667109e-07
1.575952825059195643e-07
1.591146386232941336e-07
1.611520191266962787e-07
1.626628004287228357e-07
1.642306146198022104e-07
1.657968759855825057e-07
1.673607476930750685e-07
1.690943315201832368e-07
1.706067223950378075e-07
1.721127014507387110e-07
1.736121607356403106e-07
1.751045009565983180e-07
1.765889293180233651e-07
1.784748597986101182e-07
1.801345421277638004e-07
1.800889832147364675e-07
1.825602317971730203e-07
1.841331144415793603e-07
1.856405181250170732e-07
1.871239966978322103e-07
1.885923826588802298e-07
1.900509551119106890e-07
1.914833384238613252e-07
1.928999457629629147e-07
1.940541198605640140e-07
1.957340387615184628e-07
1.969880299596215355e-07
1.983296086501027209e-07
1.996567957509461616e-07
2.009683182672779829e-07
2.023314771951224537e-07
2.036553367281172315e-07
2.049492500358040807e-07
2.052928394827916100e-07
2.073422681258899516e-07
2.085119274607941632e-07
2.096623033400371967e-07
2.107943029656077513e-07
2.119050833751295054e-07
2.132438748487025217e-07
2.141692252385200170e-07
2.150498762413101412e-07
2.158906776170903460e-07
2.166981261661013938e-07
2.176811547963426625e-07
2.185350736966516355e-07
2.193455929922674000e-07
2.201123519161563765e-07
2.208362354645500171e-07
2.215182858749569371e-07
2.221585785232996304e-07
2.227908750074008671e-07
2.233019225634213075e-07
2.237926907146911015e-07
2.243167326383532154e-07
2.247353118734969798e-07
2.251355121138493163e-07
2.254730120777238894e-07
2.254375890558958909e-07
2.258150421833391508e-07
2.260698556124971099e-07
2.262498812947938786e-07
2.263086175783898095e-07
2.263241012573668628e-07
2.262838954952974663e-07
2.261869902127066780e-07
2.260327439496293801e-07
2.258207202986415935e-07
2.255507281089538730e-07
2.253319361127580600e-07
2.249490169643369949e-07
2.243739383867233027e-07
2.238843028583602975e-07
2.233461436219793996e-07
2.227336055096084633e-07
2.220623723114029740e-07
2.213318446081721471e-07
2.205410565792096598e-07
2.196889399711365021e-07
2.187753677839922089e-07
2.178011352836199753e-07
2.166838758012646401e-07
2.155430620484642868e-07
2.145191929653676571e-07
2.133044791485831109e-07
2.120361042427521124e-07
2.107699762323310720e-07
2.088390064680177881e-07
2.079311551992148343e-07
2.064452199634756455e-07
2.049042296901578164e-07
2.033088553155531655e-07
2.016600468412467083e-07
1.999592264337230055e-07
1.982314995827752182e-07
1.964323892288077956e-07
1.945815004419584730e-07
1.926817672193592785e-07
1.909163401046606379e-07
1.886929917001098694e-07
1.866783592839608384e-07
1.846797740082195919e-07
1.825793780816182465e-07
1.804407640718965918e-07
1.782644339414820407e-07
1.760668946994506086e-07
1.738367846383046870e-07
1.715737776277194777e-07
1.692640720237930985e-07
1.668235718914133090e-07
1.643836063605471691e-07
1.622443789831923304e-07
1.598527945803009645e-07
1.574350018363598393e-07
1.550575581153702244e-07
1.518345428035077248e-07
1.501752691149083071e-07
1.477333174654245159e-07
1.452857842629090266e-07
1.428333233840096390e-07
1.403763729042125800e-07
1.379172484434228362e-07
1.354594417018160112e-07
1.330487592409785326e-07
1.307734306083656124e-07
1.281243001268018837e-07
1.257030627219282561e-07
1.231881536296413889e-07
1.209071010955713175e-07
1.185326191871603481e-07
1.161741140634574934e-07
1.138054892546798242e-07
1.114957062269781750e-07
1.094892776495810382e-07
1.070345773986180256e-07
1.046994671708274773e-07
1.024736572997989156e-07
1.002690297067293333e-07
9.812910231011928022e-08
9.576239756583676754e-08
9.373297312814622920e-08
9.169833468762674530e-08
8.963319174251971976e-08
8.760314482549454045e-08
8.560777393998536858e-08
8.364515569831440831e-08
8.171107865897863760e-08
7.994396406533909534e-08
7.791930369404004157e-08
7.610490897767135752e-08
7.422153373535250137e-08
7.231405432952504464e-08
7.050529105922477378e-08
6.890834156908533599e-08
6.716771283203802606e-08
6.545921646329689300e-08
6.378512244960564849e-08
6.214650732641882925e-08
6.054101226543940294e-08
5.896588545484664720e-08
5.741854407893716400e-08
5.562601438186979170e-08
5.411812893913228523e-08
5.289164101999866903e-08
5.141347556558631985e-08
4.995082477231258951e-08
4.850656097671839405e-08
4.708737011515794963e-08
4.570090545866216643e-08
4.459836748664210819e-08
4.325268170110645965e-08
4.171245654914662986e-08
4.047312255484866114e-08
3.923265108134254187e-08
3.801129534316086016e-08
3.681024825586398655e-08
3.563357909397807533e-08
3.448564150984587634e-08
3.336985957201293486e-08
3.227537733005553376e-08
3.121110685128505404e-08
3.019644337495776234e-08
2.935413553012554520e-08
2.841344926118419275e-08
2.739416428301246118e-08
2.651916985656056744e-08
2.566315175172479480e-08
2.482266499401656166e-08
2.394089523540737889e-08
2.314443158430064857e-08
2.243585122990674358e-08
2.169274423060637645e-08
2.097904234583627543e-08
2.029502724497183739e-08
1.963418614193151613e-08
1.898924593561091894e-08
1.838249985100025007e-08
1.775336934982541327e-08
1.713351849476797357e-08
1.652802985302357799e-08
1.594406203496846510e-08
1.538158968015166713e-08
1.482533729751527391e-08
1.431164001667408388e-08
1.381723944664127115e-08
1.333719936786293102e-08
1.287016975078343842e-08
1.241313866798561511e-08
1.196432251805756357e-08
1.152940939019384333e-08
1.112319585443850903e-08
1.073482528141671958e-08
1.036164114082227493e-08
1.000161932818411662e-08
9.651106296163848000e-09
9.308860536296951013e-09
8.976399571593488268e-09
8.655576592543031875e-09
8.346520949985008730e-09
8.047208390779734805e-09
7.756806581989929667e-09
7.475921476019451739e-09
7.205499007163944186e-09
6.945643338901292807e-09
6.695787065308742423e-09
6.455790164787740396e-09
6.225386902419661686e-09
6.004070314105847729e-09
5.790634649887653697e-09
5.583927339804054882e-09
5.383626046765107898e-09
5.189910867822173104e-09
5.003140366935114623e-09
4.823184923647892436e-09
4.649851038557064595e-09
4.482882466362449034e-09
4.322302276220569262e-09
4.167929750334055672e-09
