# clkappag_kappacmb_ratio
5.575542619868239278e-08
5.594349239969007018e-08
5.624250680124328990e-08
5.641667734526262125e-08
5.658340367239318039e-08
5.674148354883342664e-08
5.688956745775660211e-08
5.702661795834167793e-08
5.711156444634408646e-08
5.722322169800470319e-08
5.733059469693957119e-08
5.744703732174291073e-08
5.755534596846860891e-08
5.765402266314447176e-08
5.774150631648971476e-08
5.781584347652206098e-08
5.782664414697367418e-08
5.786199815086311746e-08
5.788436404504621892e-08
5.789329565333292917e-08
5.788825069366847582e-08
5.786841298280403513e-08
5.783302486791102578e-08
5.778173036339401628e-08
5.771469566611604333e-08
5.763255552386455067e-08
5.753623957949004690e-08
5.742613878476736190e-08
5.730211514566929128e-08
5.716414175706152135e-08
5.701291815288240210e-08
5.684933142637457257e-08
5.667337218678574688e-08
5.648489647574412065e-08
5.628676553764292774e-08
5.606298385776888640e-08
5.582485418036242962e-08
5.557116632507823038e-08
5.535339864968143779e-08
5.508408482884392628e-08
5.479925339831618908e-08
5.449889510359762866e-08
5.402947502200640845e-08
5.369506468631778862e-08
5.335152889009646160e-08
5.299945775636597188e-08
5.275610702525955191e-08
5.236171598680079618e-08
5.195367857114947217e-08
5.153261812371075636e-08
5.109916291927345433e-08
5.071190739664478802e-08
5.026185876918033399e-08
4.979534564230216991e-08
4.931311470618739181e-08
4.881626574701374863e-08
4.827498737210507401e-08
4.777001095846346019e-08
4.725485429857836786e-08
4.672927544818848475e-08
4.619285945939496302e-08
4.564544289879911904e-08
4.508709338083865095e-08
4.451805073715679756e-08
4.391941592006827810e-08
4.331546917903520508e-08
4.270708186154257784e-08
4.215831863881484643e-08
4.155496336527618421e-08
4.096639399390456320e-08
4.036972609892079786e-08
3.976632954481270591e-08
3.915615579858442603e-08
3.849916244105318389e-08
3.788052162138404148e-08
3.725990550324242106e-08
3.663780922923870944e-08
3.601421596550078824e-08
3.538933803144651043e-08
3.476365883485041282e-08
3.413787661658362933e-08
3.351281822957005453e-08
3.288967059780326265e-08
3.237032815703427368e-08
3.175156317156259439e-08
3.112996465703176740e-08
3.050638403369393036e-08
2.984419921387893567e-08
2.925578549555295146e-08
2.867521132013146832e-08
2.809829112022590570e-08
2.752420649263596849e-08
2.695193149588502302e-08
2.638158716808847876e-08
2.581470070198398485e-08
2.525275900452509202e-08
2.469753984403300718e-08
2.415108521277187681e-08
2.363321985183118468e-08
2.313493535055943228e-08
2.264143673997401856e-08
2.207232639452354044e-08
2.157810484871966758e-08
2.109242465775746034e-08
2.061449567085590182e-08
2.014356664409737804e-08
1.967822714999817163e-08
1.921763939014002493e-08
1.876107179219777581e-08
1.830811522259835386e-08
1.785980303636906939e-08
1.741737255193999846e-08
1.698248268452866146e-08
1.655614923160985419e-08
1.611563500034671074e-08
1.571963405229882206e-08
1.533233435891506589e-08
1.494045291632702383e-08
1.455644826136478786e-08
1.417804716137189934e-08
1.380341261522988773e-08
1.343177848765711660e-08
1.306357867435305509e-08
1.270001393538062315e-08
1.236029304896372412e-08
1.199823268142464757e-08
1.164311056094134306e-08
1.131383586698989543e-08
1.098908548132875592e-08
1.067284794686008627e-08
1.036471563461318166e-08
1.006414833376656903e-08
9.769992338918495438e-09
9.481076125427054020e-09
9.197491485489050837e-09
8.920231318351995249e-09
8.649894822448757945e-09
8.416793645033830705e-09
8.156792118333685445e-09
7.902035462374779891e-09
7.655311240613298846e-09
7.428609758016052195e-09
7.208853018599952342e-09
6.994957093869050947e-09
6.786039182057795341e-09
6.570117381304974161e-09
6.381390273337443183e-09
6.191717445169301837e-09
6.005312701619573575e-09
5.825204495101388325e-09
5.651835860230394161e-09
5.484571048184127353e-09
5.322006571756583100e-09
5.163227905734957666e-09
5.008359330027600509e-09
4.857364683625637706e-09
4.699178433152796977e-09
4.560873993244468693e-09
4.428926955076101556e-09
4.301434396257126284e-09
4.176543463254455101e-09
4.052973065218182349e-09
3.930305959340110091e-09
3.809484342359156598e-09
3.692576215894161020e-09
3.582196179738245973e-09
3.475756511384184974e-09
3.373127571049972657e-09
3.274228702912872038e-09
3.178904490768451407e-09
3.086699953436660083e-09
3.000685278914558680e-09
2.914042314452594694e-09
2.829021362258335914e-09
2.745707163259794084e-09
2.664709841457848862e-09
2.587110848777987919e-09
2.513592596744365799e-09
2.443728476152072060e-09
2.376260107064980479e-09
2.309159312140072937e-09
2.244167803020703370e-09
2.181571632944768324e-09
2.122145235463125323e-09
2.062118477094884366e-09
2.004371194402882951e-09
1.949269699121378823e-09
1.896581471690012103e-09
1.845739102323615688e-09
1.796190660302835187e-09
1.747725517584170239e-09
1.700348048609269947e-09
1.654235149765567059e-09
1.609599619731694525e-09
1.566548997147054713e-09
1.525062607617271658e-09
1.484946844856755513e-09
1.445958796666542439e-09
1.407881388028066240e-09
1.370696379838586081e-09
1.334515753105043233e-09
1.299468239914532885e-09
1.265559271205414920e-09
1.232668283555751497e-09
1.200656850832220517e-09
1.169459552311431394e-09
1.139066056728142614e-09
1.109470633608707161e-09
1.080666169285968029e-09
1.052639818011241521e-09
1.025376178319848909e-09
9.988444650116361282e-10
9.729932366587370155e-10
9.477709674463465260e-10
9.231619703559838274e-10
8.991678758862517027e-10
8.757868607423856083e-10
8.529986712363601035e-10
8.307696772896052432e-10
8.090675870448350121e-10
7.878798515696096710e-10
7.671985618404388062e-10
7.470125640108872423e-10
7.273077096548638297e-10
7.080668394953582034e-10
6.892727799332649459e-10
6.709150864711450828e-10
6.529828449087285917e-10
6.354627960245296086e-10
6.183445064156013996e-10
6.016170093470533563e-10
5.852688152924419311e-10
5.692919338945791375e-10
5.536773766645728582e-10
5.384151709430660094e-10
5.234983796150883787e-10
5.089195165573155135e-10
4.946700773142291857e-10
4.807437989244539707e-10
4.671336419604238431e-10
4.538316918149398890e-10
4.408323740753675323e-10
4.281294846750721648e-10
4.157159846499149237e-10
4.035869182792400871e-10
3.917366335593091806e-10
3.801588115379923000e-10
3.688493188560136005e-10
3.578034487499212920e-10
3.470157772329934553e-10
