# ells_ratio
6.309573444801933384e+00
7.762471166286917246e+00
9.549925860214358408e+00
1.174897554939529165e+01
1.445439770745927177e+01
1.778279410038922848e+01
2.187761623949552003e+01
2.691534803926914066e+01
3.311311214825909133e+01
4.073802778041125805e+01
5.011872336272719508e+01
6.165950018614815775e+01
7.585775750291831798e+01
9.332543007969900373e+01
1.148153621496881698e+02
1.412537544622752534e+02
1.737800828749372783e+02
2.137962089502228196e+02
2.630267991895378827e+02
3.235936569296280823e+02
3.981071705534969283e+02
4.897788193684456246e+02
6.025595860743568437e+02
7.413102413009162319e+02
9.120108393559078195e+02
1.122018454301960674e+03
1.380384264602881103e+03
1.698243652461742613e+03
