# d_m
# unit = Mpc
1.044125357288835767e+04
1.043653513626841232e+04
1.043180209123743771e+04
1.042705436240450763e+04
1.042229187383350290e+04
1.041751454903808735e+04
1.041272231097654912e+04
1.040791508204660931e+04
1.040309278408020691e+04
1.039825533833815280e+04
1.039340266550477827e+04
1.038853468568250901e+04
1.038365131838637171e+04
1.037875248253842256e+04
1.037383809646213194e+04
1.036890807787672566e+04
1.036396234389139317e+04
1.035900081099949603e+04
1.035402339507268516e+04
1.034903001135491104e+04
1.034402057445642822e+04
1.033899499834771086e+04
1.033395319635324631e+04
1.032889508114531964e+04
1.032382056473771445e+04
1.031872955847929188e+04
1.031362197304752590e+04
1.030849771844201496e+04
1.030335670397779541e+04
1.029819883827869489e+04
1.029302402927050571e+04
1.028783218417419084e+04
1.028262321717341365e+04
1.027739701857715590e+04
1.027215350125842269e+04
1.026689256954840857e+04
1.026161412703787028e+04
1.025631807656979800e+04
1.025100432023188660e+04
1.024567275934905228e+04
1.024032329447573102e+04
1.023495582538818962e+04
1.022957025107665140e+04
1.022416646973738898e+04
1.021874437876468073e+04
1.021330387474271265e+04
1.020784485343732013e+04
1.020236720978765698e+04
1.019687083789780081e+04
1.019135563102815831e+04
1.018582148158687414e+04
1.018026828112104340e+04
1.017469592030784588e+04
1.016910428894561301e+04
1.016349327594466376e+04
1.015786276931819157e+04
1.015221265617287099e+04
1.014654282269945725e+04
1.014085315416322010e+04
1.013514353489425594e+04
1.012941384827770526e+04
1.012366397674378095e+04
1.011789380175777660e+04
1.011210320380980374e+04
1.010629206240454550e+04
1.010046025605074465e+04
1.009460766225066072e+04
1.008873415748932712e+04
1.008283961722368076e+04
1.007692391587157726e+04
1.007098692680061140e+04
1.006502852231686302e+04
1.005904857365339376e+04
1.005304695095871648e+04
1.004702352328499364e+04
1.004097815857618116e+04
1.003491072365590844e+04
1.002882108421530575e+04
1.002270910480061320e+04
1.001657464880058797e+04
1.001041757843385130e+04
1.000423775473592468e+04
9.998035037546238527e+03
9.991809285494842698e+03
9.985560355989005984e+03
9.979288105199608253e+03
9.972992388047383429e+03
9.966673058188885989e+03
9.960329968002401074e+03
9.953962968573538092e+03
9.947571909680671524e+03
9.941156639780218029e+03
9.934717005991673432e+03
9.928252854082418708e+03
9.921764028452351340e+03
9.915250372118332962e+03
9.908711726698340499e+03
9.902147932395457246e+03
9.895558827981620198e+03
9.888944250781150913e+03
9.882304036653998992e+03
9.875638019978876400e+03
9.868946033635989806e+03
9.862227908989658317e+03
9.855483475870616530e+03
9.848712562558102945e+03
9.841914995761653699e+03
9.835090600602667109e+03
9.828239200595678994e+03
9.821360617629419721e+03
9.814454671947523821e+03
9.807521182129012232e+03
9.800559965068461679e+03
9.793570835955943039e+03
9.786553608256568623e+03
9.779508093689844827e+03
9.772434102208635522e+03
9.765331441977905342e+03
9.758199919353026417e+03
9.751039338857917755e+03
9.743849503162744440e+03
9.736630213061298491e+03
9.729381267448117796e+03
9.722102463295188500e+03
9.714793595628298135e+03
9.707454457503125013e+03
9.700084839980832840e+03
9.692684532103419770e+03
9.685253320868607261e+03
9.677790991204394231e+03
9.670297325943227406e+03
9.662772105795731477e+03
9.655215109324126388e+03
9.647626112915089834e+03
9.640004890752392384e+03
9.632351214788954167e+03
9.624664854718530478e+03
9.616945577946973572e+03
9.609193149563037878e+03
9.601407332308677724e+03
9.593587886548977622e+03
9.585734570241538677e+03
9.577847138905395695e+03
9.569925345589483186e+03
9.561968940840532014e+03
9.553977672670545871e+03
9.545951286523693852e+03
9.537889525242684613e+03
9.529792129034640311e+03
9.521658835436373920e+03
9.513489379279191780e+03
9.505283492652975838e+03
9.497040904869889346e+03
9.488761342427313139e+03
9.480444528970252577e+03
9.472090185253213349e+03
9.463698029101266002e+03
9.455267775370672098e+03
9.446799135908706376e+03
9.438291819512944130e+03
9.429745531889744598e+03
9.421159975612194103e+03
9.412534850077190640e+03
9.403869851461966391e+03
9.395164672679775322e+03
9.386419003334856825e+03
9.377632529676717240e+03
9.368804934553520070e+03
9.359935897364783159e+03
9.351025094013242779e+03
9.342072196855866423e+03
9.333076874654088897e+03
9.324038792523146185e+03
9.314957611880585318e+03
9.305832990393837463e+03
9.296664581926899700e+03
9.287452036486143697e+03
9.278195000165102101e+03
9.268893115088345439e+03
9.259546019354402233e+03
9.250153346977567708e+03
9.240714727828801188e+03
9.231229787575577575e+03
9.221698147620581949e+03
9.212119425039380076e+03
9.202493232517008437e+03
9.192819178283371002e+03
9.183096866047484582e+03
9.173325894930587310e+03
9.163505859398024768e+03
9.153636349189862813e+03
9.143716949250265316e+03
9.133747239655656813e+03
9.123726795541446336e+03
9.113655187027507054e+03
9.103531979142238924e+03
9.093356731745250727e+03
9.083128999448656032e+03
9.072848331536766636e+03
9.062514271884490881e+03
9.052126358874040307e+03
9.041684125310164745e+03
9.031187098333804897e+03
9.020634799334020499e+03
9.010026743858394184e+03
8.999362441521603614e+03
8.988641395912365624e+03
8.977863104498481334e+03
8.967027058530235081e+03
8.956132742941725155e+03
8.945179636250482872e+03
8.934167210455048917e+03
8.923094930930554256e+03
8.911962256322354733e+03
8.900768638437479240e+03
8.889513522134029699e+03
8.878196345208378261e+03
8.866816538280134409e+03
8.855373524674874716e+03
8.843866720304442424e+03
8.832295533545009675e+03
8.820659365112558589e+03
8.808957607935988563e+03
8.797189647027573301e+03
8.785354859350838524e+03
8.773452613685778488e+03
8.761482270491313102e+03
8.749443181764958354e+03
8.737334690899557245e+03
8.725156132537194935e+03
8.712906832419947023e+03
8.700586107237706528e+03
8.688193264472676674e+03
8.675727602240793203e+03
8.663188409129717911e+03
8.650574964033472497e+03
8.637886535983616341e+03
8.625122383976799028e+03
8.612281756798727656e+03
8.599363892844346992e+03
8.586368019934210679e+03
8.573293355126872484e+03
8.560139104527306699e+03
8.546904463091152138e+03
8.533588614424752450e+03
8.520190730580839954e+03
8.506709971849739304e+03
8.493145486546040047e+03
8.479496410790614391e+03
8.465761868287736434e+03
8.451940970097406534e+03
8.438032814402455188e+03
8.424036486270655587e+03
8.409951057411375587e+03
8.395775585926830900e+03
8.381509116057723077e+03
8.367150677923154944e+03
8.352699287254632509e+03
8.338153950663228898e+03
8.323513642991660163e+03
8.308777340910202838e+03
8.293943999816372525e+03
8.279012559296095787e+03
8.263981942818874813e+03
8.248851057425919862e+03
8.233618793410969374e+03
8.218284023993663141e+03
8.202845604985219325e+03
8.187302374446227986e+03
8.171653152336356470e+03
8.155896740155702901e+03
8.140031920577621349e+03
8.124057457072754914e+03
8.107972093524017509e+03
8.091774553832306083e+03
8.075463541512674055e+03
8.059037739280684036e+03
8.042495808628684244e+03
8.025836389391713055e+03
8.009058099302743358e+03
7.992159533536966592e+03
7.975139264244807237e+03
7.957995840073315776e+03
7.940727785675681844e+03
7.923333601208437358e+03
7.905811761816065882e+03
7.888160717102606213e+03
7.870378890589918228e+03
7.852464679162165339e+03
7.834416452496208876e+03
7.816232552477367790e+03
7.797911292600259003e+03
7.779450957354163620e+03
7.760849801592532458e+03
7.742106049886154324e+03
7.723217895859452256e+03
7.704183501509500275e+03
7.685000996507140371e+03
7.665668477479756802e+03
7.646184007275099248e+03
7.626545614205610036e+03
7.606751291272675189e+03
7.586798995370191733e+03
7.566686646466783714e+03
7.546412126766112124e+03
7.525973279844516583e+03
7.505367909765366676e+03
7.484593780169367164e+03
7.463648613340128577e+03
7.442530089244220108e+03
7.421235844544870815e+03
7.399763471588677930e+03
7.378110517364246334e+03
7.356274482432112563e+03
7.334252819824962899e+03
7.312042933917208757e+03
7.289642179263059006e+03
7.267047859402026006e+03
7.244257225630904031e+03
7.221267475741149610e+03
7.198075752720634227e+03
7.174679143418601598e+03
7.151074677172756310e+03
7.127259324397197815e+03
7.103229995130120187e+03
7.078983537539933423e+03
7.054516736388504796e+03
7.029826311450260619e+03
7.004908915885698661e+03
6.979761134567960653e+03
6.954379482360975089e+03
6.928760402347659692e+03
6.902900264006685575e+03
6.876795361336186033e+03
6.850441910922773786e+03
6.823836049954225928e+03
6.796973834174072181e+03
6.769851235776364774e+03
6.742464141238756383e+03
6.714808349092108983e+03
6.686879567624658193e+03
6.658673412518801342e+03
6.630185404418559301e+03
6.601410966425574770e+03
6.572345421521720709e+03
6.542983989915998791e+03
6.513321786313748817e+03
6.483353817105848975e+03
6.453074977475740525e+03
6.422480048421971333e+03
6.391563693693975438e+03
6.360320456638795804e+03
6.328744756956386482e+03
6.296830887361141322e+03
6.264573010147354580e+03
6.231965153656185066e+03
6.199001208641838275e+03
6.165674924534648198e+03
6.131979905598726873e+03
6.097909606982008881e+03
6.063457330656468912e+03
6.028616221246408713e+03
5.993379261742831659e+03
5.957739269101984974e+03
5.921688892737883180e+03
5.885220597575596003e+03
5.848326678168346916e+03
5.810999240943523546e+03
5.773230202494220066e+03
5.735011284452863947e+03
5.696334008241296942e+03
5.657189689697472204e+03
5.617569433579331417e+03
5.577464127946958797e+03
5.536864438424619038e+03
5.495760802345082084e+03
5.454143422779172397e+03
5.412002262454466290e+03
5.369327037567885782e+03
5.326107211497990647e+03
5.282331988423954499e+03
5.237990306859402153e+03
5.193070833110815329e+03
5.147561954671748936e+03
5.101451773565817348e+03
5.054728099653442769e+03
5.007378443919498750e+03
4.959390011761268397e+03
4.910749696298951676e+03
4.861444071733703822e+03
4.811459386781465582e+03
4.760781558214373035e+03
4.709396164545347347e+03
4.657288439895784904e+03
4.604443268090828496e+03
4.550845177031853382e+03
4.496478333401311829e+03
4.441326537761087820e+03
4.385373220112187482e+03
4.328601435990612117e+03
4.270993863182032328e+03
4.212532799146319121e+03
4.153200159251779951e+03
4.092977475928943022e+03
4.031845898863738512e+03
3.969786196361380917e+03
3.906778758023779119e+03
3.842803598895947289e+03
3.777840365250056948e+03
3.711868342189596206e+03
3.644866463270557233e+03
3.576813322351552870e+03
3.507687187900041863e+03
3.437466019997553758e+03
3.366127490302441402e+03
3.293649005244219097e+03
3.220007732738659342e+03
3.145180632727144257e+03
3.069144491856804052e+03
2.991875962629486366e+03
2.913351607356661589e+03
2.833547947263619335e+03
2.752441517088844193e+03
2.670008925522349728e+03
2.586226921819189556e+03
2.501072468910174393e+03
2.414522823309765045e+03
2.326555622090109409e+03
2.237148977148714948e+03
2.146281576944029439e+03
2.053932795806837930e+03
1.960082810854474246e+03
1.864712726438173831e+03
1.767804705940398208e+03
1.669342110607718951e+03
1.569309644955515523e+03
1.467693508113208964e+03
1.364481550293735836e+03
1.259663433369685890e+03
1.153230794323307009e+03
1.045177410111508379e+03
9.354993622543993297e+02
8.241951992222317358e+02
7.112660944675055816e+02
5.967159977342340653e+02
4.805517770838795855e+02
3.627833489169271957e+02
2.434237931508866097e+02
1.224894506500524329e+02
0.000000000000000000e+00
