# h
# unit = Mpc/c
5.672928239968058270e-03
5.655436830753721687e-03
5.637963607524577696e-03
5.620508588943473605e-03
5.603071793733588671e-03
5.585653240678750686e-03
5.568252948623778585e-03
5.550870936474813777e-03
5.533507223199672295e-03
5.516161827828172659e-03
5.498834769452485421e-03
5.481526067227490522e-03
5.464235740371120760e-03
5.446963808164711346e-03
5.429710289953365056e-03
5.412475205146307852e-03
5.395258573217254043e-03
5.378060413704766236e-03
5.360880746212626571e-03
5.343719590410215756e-03
5.326576966032874755e-03
5.309452892882290768e-03
5.292347390826871931e-03
5.275260479802140225e-03
5.258192179811111387e-03
5.241142510924684354e-03
5.224111493282041982e-03
5.207099147091042227e-03
5.190105492628617131e-03
5.173130550241179619e-03
5.156174340345032886e-03
5.139236883426775461e-03
5.122318200043717538e-03
5.105418310824296445e-03
5.088537236468503380e-03
5.071674997748299753e-03
5.054831615508053461e-03
5.038007110664963900e-03
5.021201504209502585e-03
5.004414817205849429e-03
4.987647070792340306e-03
4.970898286181905934e-03
4.954168484662532443e-03
4.937457687597710670e-03
4.920765916426894128e-03
4.904093192665968243e-03
4.887439537907710060e-03
4.870804973822263559e-03
4.854189522157614095e-03
4.837593204740067189e-03
4.821016043474735113e-03
4.804458060346021749e-03
4.787919277418116980e-03
4.771399716835494562e-03
4.754899400823411719e-03
4.738418351688412217e-03
4.721956591818846777e-03
4.705514143685379617e-03
4.689091029841510605e-03
4.672687272924099140e-03
4.656302895653900188e-03
4.639937920836088164e-03
4.623592371360808577e-03
4.607266270203707118e-03
4.590959640426496915e-03
4.574672505177498037e-03
4.558404887692203006e-03
4.542156811293848392e-03
4.525928299393975132e-03
4.509719375493005319e-03
4.493530063180833749e-03
4.477360386137398639e-03
4.461210368133289653e-03
4.445080033030335970e-03
4.428969404782210836e-03
4.412878507435049127e-03
4.396807365128052765e-03
4.380756002094115219e-03
4.364724442660450343e-03
4.348712711249230756e-03
4.332720832378214940e-03
4.316748830661405571e-03
4.300796730809695705e-03
4.284864557631528834e-03
4.268952336033561556e-03
4.253060091021342720e-03
4.237187847699985625e-03
4.221335631274855844e-03
4.205503467052260774e-03
4.189691380440152199e-03
4.173899396948833190e-03
4.158127542191668476e-03
4.142375841885806084e-03
4.126644321852905063e-03
4.110933008019877072e-03
4.095241926419618435e-03
4.079571103191768217e-03
4.063920564583467163e-03
4.048290336950118376e-03
4.032680446756166208e-03
4.017090920575879485e-03
4.001521785094141678e-03
3.985973067107241932e-03
3.970444793523695594e-03
3.954936991365049989e-03
3.939449687766710152e-03
3.923982909978780166e-03
3.908536685366894095e-03
3.893111041413074239e-03
3.877706005716589823e-03
3.862321605994828259e-03
3.846957870084171185e-03
3.831614825940883942e-03
3.816292501642017630e-03
3.800990925386311600e-03
3.785710125495114590e-03
3.770450130413318009e-03
3.755210968710282708e-03
3.739992669080802624e-03
3.724795260346048468e-03
3.709618771454554782e-03
3.694463231483190949e-03
3.679328669638149991e-03
3.664215115255966410e-03
3.649122597804520165e-03
3.634051146884064061e-03
3.619000792228264148e-03
3.603971563705254434e-03
3.588963491318690729e-03
3.573976605208831377e-03
3.559010935653621893e-03
3.544066513069798682e-03
3.529143368013995356e-03
3.514241531183872475e-03
3.499361033419259859e-03
3.484501905703302812e-03
3.469664179163632622e-03
3.454847885073544008e-03
3.440053054853195978e-03
3.425279720070810961e-03
3.410527912443904724e-03
3.395797663840524963e-03
3.381089006280501175e-03
3.366401971936715774e-03
3.351736593136384317e-03
3.337092902362363920e-03
3.322470932254461239e-03
3.307870715610766905e-03
3.293292285389006011e-03
3.278735674707903332e-03
3.264200916848569375e-03
3.249688045255894227e-03
3.235197093539970026e-03
3.220728095477529921e-03
3.206281085013396558e-03
3.191856096261960936e-03
3.177453163508673403e-03
3.163072321211551560e-03
3.148713604002715064e-03
3.134377046689937763e-03
3.120062684258216763e-03
3.105770551871365331e-03
3.091500684873627058e-03
3.077253118791310402e-03
3.063027889334443612e-03
3.048825032398455679e-03
3.034644584065874628e-03
3.020486580608055301e-03
3.006351058486921891e-03
2.992238054356746030e-03
2.978147605065933554e-03
2.964079747658855939e-03
2.950034519377682605e-03
2.936011957664263518e-03
2.922012100162017442e-03
2.908034984717858349e-03
2.894080649384147413e-03
2.880149132420672768e-03
2.866240472296644869e-03
2.852354707692745205e-03
2.838491877503178037e-03
2.824652020837771157e-03
2.810835177024093544e-03
2.797041385609614662e-03
2.783270686363887615e-03
2.769523119280762648e-03
2.755798724580645325e-03
2.742097542712772489e-03
2.728419614357532452e-03
2.714764980428815977e-03
2.701133682076401962e-03
2.687525760688383013e-03
2.673941257893620947e-03
2.660380215564245657e-03
2.646842675818189116e-03
2.633328681021758402e-03
2.619838273792248623e-03
2.606371497000600085e-03
2.592928393774084073e-03
2.579509007499048920e-03
2.566113381823697300e-03
2.552741560660905587e-03
2.539393588191095688e-03
2.526069508865153284e-03
2.512769367407377726e-03
2.499493208818501320e-03
2.486241078378738107e-03
2.473013021650895520e-03
2.459809084483531583e-03
2.446629313014158508e-03
2.433473753672514388e-03
2.420342453183867409e-03
2.407235458572397260e-03
2.394152817164617742e-03
2.381094576592864866e-03
2.368060784798837418e-03
2.355051490037204757e-03
2.342066740879274016e-03
2.329106586216716287e-03
2.316171075265359598e-03
2.303260257569053008e-03
2.290374183003589248e-03
2.277512901780700660e-03
2.264676464452127988e-03
2.251864921913753360e-03
2.239078325409817830e-03
2.226316726537204849e-03
2.213580177249804392e-03
2.200868729862957320e-03
2.188182437057981274e-03
2.175521351886773765e-03
2.162885527776507201e-03
2.150275018534404583e-03
2.137689878352608871e-03
2.125130161813138657e-03
2.112595923892944452e-03
2.100087219969046931e-03
2.087604105823789250e-03
2.075146637650178687e-03
2.062714872057334111e-03
2.050308866076037961e-03
2.037928677164397087e-03
2.025574363213615038e-03
2.013245982553872777e-03
2.000943593960332993e-03
1.988667256659255866e-03
1.976417030334245810e-03
1.964192975132611832e-03
1.951995151671869497e-03
1.939823621046362799e-03
1.927678444834033051e-03
1.915559685103315497e-03
1.903467404420184023e-03
1.891401665855348309e-03
1.879362532991583250e-03
1.867350069931235758e-03
1.855364341303869903e-03
1.843405412274088133e-03
1.831473348549511214e-03
1.819568216388935990e-03
1.807690082610664004e-03
1.795839014601017690e-03
1.784015080323034805e-03
1.772218348325363011e-03
1.760448887751342017e-03
1.748706768348299960e-03
1.736992060477044516e-03
1.725304835121578865e-03
1.713645163899029300e-03
1.702013119069807016e-03
1.690408773547999758e-03
1.678832200911997653e-03
1.667283475415376644e-03
1.655762671998026094e-03
1.644269866297545920e-03
1.632805134660903932e-03
1.621368554156378972e-03
1.609960202585785293e-03
1.598580158496991626e-03
1.587228501196742518e-03
1.575905310763795180e-03
1.564610668062374000e-03
1.553344654755957691e-03
1.542107353321411217e-03
1.530898847063468134e-03
1.519719220129574612e-03
1.508568557525110558e-03
1.497446945129000820e-03
1.486354469709715844e-03
1.475291218941694087e-03
1.464257281422183142e-03
1.453252746688524309e-03
1.442277705235881034e-03
1.431332248535446133e-03
1.420416469053124766e-03
1.409530460268714836e-03
1.398674316695607813e-03
1.387848133901016913e-03
1.377052008526758213e-03
1.366286038310596425e-03
1.355550322108182645e-03
1.344844959915594482e-03
1.334170052892507839e-03
1.323525703386017275e-03
1.312912014955124225e-03
1.302329092395926487e-03
1.291777041767520028e-03
1.281255970418653011e-03
1.270765987015138546e-03
1.260307201568075389e-03
1.249879725462888511e-03
1.239483671489225542e-03
1.229119153871737488e-03
1.218786288301779066e-03
1.208485191970056416e-03
1.198215983600261656e-03
1.187978783483725721e-03
1.177773713515130457e-03
1.167600897229318811e-03
1.157460459839236046e-03
1.147352528275059035e-03
1.137277231224542891e-03
1.127234699174637419e-03
1.117225064454422387e-03
1.107248461279405861e-03
1.097305025797248043e-03
1.087394896134948139e-03
1.077518212447565798e-03
1.067675116968529615e-03
1.057865754061593395e-03
1.048090270274504819e-03
1.038348814394454353e-03
1.028641537505370568e-03
1.018968593047140780e-03
1.009330136876823367e-03
9.997263273319393750e-04
9.901573252959208152e-04
9.806232942658019581e-04
9.711244004222435071e-04
9.616608127019851682e-04
9.522327028728194221e-04
9.428402456111937288e-04
9.334836185825422109e-04
9.241630025244594636e-04
9.148785813328339130e-04
9.056305421510581384e-04
8.964190754624416042e-04
8.872443751859603479e-04
8.781066387754745978e-04
8.690060673225639401e-04
8.599428656631200041e-04
8.509172424878600578e-04
8.419294104569142751e-04
8.329795863186630761e-04
8.240679910329915068e-04
8.151948498991500687e-04
8.063603926884053367e-04
7.975648537816830029e-04
7.888084723124048989e-04
7.800914923147346698e-04
7.714141628774556607e-04
7.627767383037066399e-04
7.541794782768197368e-04
7.456226480325046490e-04
7.371065185376377005e-04
7.286313666759197541e-04
7.201974754406810768e-04
7.118051341351148325e-04
7.034546385802323710e-04
6.951462913308446498e-04
6.868804018998774831e-04
6.786572869913449048e-04
6.704772707423027611e-04
6.623406849741223217e-04
6.542478694534233736e-04
6.461991721630174282e-04
6.381949495832138410e-04
6.302355669838453304e-04
6.223213987273774027e-04
6.144528285834587131e-04
6.066302500552763280e-04
5.988540667180715068e-04
5.911246925701693460e-04
5.834425523968604470e-04
5.758080821474720118e-04
5.682217293259290156e-04
5.606839533951115274e-04
5.531952261952559173e-04
5.457560323766432473e-04
5.383668698467543876e-04
5.310282502320388780e-04
5.237406993543728849e-04
5.165047577222242527e-04
5.093209810364535258e-04
5.021899407105896111e-04
4.951122244053072965e-04
4.880884365767083986e-04
4.811191990378651411e-04
4.742051515329084583e-04
4.673469523227689231e-04
4.605452787814422969e-04
4.538008280014224974e-04
4.471143174066520977e-04
4.404864853710345669e-04
4.339180918401919066e-04
4.274099189537579379e-04
4.209627716650457584e-04
4.145774783544377783e-04
4.082548914322843103e-04
4.019958879264889972e-04
3.958013700492750094e-04
3.896722657368760045e-04
3.836095291550745004e-04
3.776141411626029488e-04
3.716871097234438663e-04
3.658294702579946238e-04
3.600422859219095002e-04
3.543266478001913327e-04
3.486836750027839959e-04
3.431145146465100818e-04
3.376203417067201126e-04
3.322023587204822213e-04
3.268617953215425783e-04
3.215999075856698078e-04
3.164179771633624221e-04
3.113173101752938435e-04
3.062992358443193913e-04
3.013651048364363516e-04
2.965162872817996183e-04
2.917541704458472408e-04
2.870801560198267739e-04
2.824956569996353172e-04
2.780020941219766640e-04
2.736008918275068457e-04
2.692934737219824159e-04
2.650812575085660303e-04
2.609656493674945561e-04
2.569480377633824347e-04
2.530297866656335600e-04
2.492122281738467994e-04
2.454966545478076060e-04
2.418843096506847221e-04
2.383763798244136433e-04
2.349739842278857169e-04
2.316781646813769878e-04
2.284898750744644832e-04
2.254099704092502802e-04
2.224391955657180277e-04
2.195781738910817680e-04
2.168273957295837077e-04
