# rho
# unit = KG/M^3
5.406010732130633777e-24
5.372737309885390321e-24
5.339601074831100683e-24
5.306600798425755669e-24
5.273736890183358346e-24
5.241009350103908711e-24
5.208417359159401373e-24
5.175960507835833265e-24
5.143638796133204388e-24
5.111452224051514009e-24
5.079399972562758201e-24
5.047482041666934760e-24
5.015698021850042828e-24
4.984047913112080933e-24
4.952530896425044417e-24
4.921147381302935610e-24
4.889896548717749118e-24
4.858778398669484205e-24
4.827792521644139277e-24
4.796938508127710535e-24
4.766216358120197979e-24
4.735625662107599279e-24
4.705166010575910636e-24
4.674837403525133520e-24
4.644639431441264131e-24
4.614571684810299406e-24
4.584634163632240079e-24
4.554826048879080020e-24
4.525147750064821561e-24
4.495598448161460776e-24
4.466178143168995461e-24
4.436886425573424021e-24
4.407723295374746457e-24
4.378687933544957374e-24
4.349780749598058367e-24
4.321000514992041712e-24
4.292348048754912805e-24
4.263822122344663920e-24
4.235423145275297388e-24
4.207150298518807080e-24
4.179003991589196060e-24
4.150982995944455869e-24
4.123087721098589574e-24
4.095317757537594108e-24
4.067672695747467142e-24
4.040152535728207208e-24
4.012756458451810379e-24
3.985484873432278987e-24
3.958336552127603838e-24
3.931312313565791060e-24
3.904411338718834525e-24
3.877633218072732638e-24
3.850977542113481601e-24
3.824444720355083741e-24
3.798033933769534401e-24
3.771745182356832846e-24
3.745577647088974416e-24
3.719531737479960707e-24
3.693606634501786323e-24
3.667802338154452001e-24
3.642118438923954676e-24
3.616554936810293612e-24
3.591111422299466481e-24
3.565787076363467888e-24
3.540582308516300163e-24
3.515496709243960242e-24
3.490529869032445795e-24
3.465681378367754492e-24
3.440951237249884864e-24
3.416338626650832252e-24
3.391844160841600885e-24
3.367466816037183469e-24
3.343206592237580004e-24
3.319063079928788161e-24
3.295036279110806838e-24
3.271125575512632540e-24
3.247330764377263368e-24
3.223651845704700056e-24
3.200088205223937641e-24
3.176639638177974958e-24
3.153305939809810841e-24
3.130086700605441860e-24
3.106981715807867216e-24
3.083990780660085010e-24
3.061113690405094078e-24
3.038349830771890191e-24
3.015698997003471448e-24
2.993161189099838584e-24
2.970735997546988168e-24
2.948423012830917870e-24
2.926222030194625424e-24
2.904132844881110399e-24
2.882155047376369363e-24
2.860288432923401151e-24
2.838532592008202333e-24
2.816887524630774009e-24
2.795352616520110850e-24
2.773927867676213221e-24
2.752612868585078427e-24
2.731407209732703769e-24
2.710310891119088882e-24
2.689323503230230700e-24
2.668444636552127261e-24
2.647674086327776298e-24
2.627011647800176647e-24
2.606456911455325610e-24
2.586009877293222820e-24
2.565669931042864416e-24
2.545436867947249232e-24
2.525310483249375002e-24
2.505290572192240928e-24
2.485376725261843579e-24
2.465568532944180991e-24
2.445865995239252432e-24
2.426268702633055570e-24
2.406776245611586974e-24
2.387388624174847012e-24
2.368105428808832986e-24
2.348926249999541832e-24
2.329850882989972018e-24
2.310879123023122380e-24
2.292010560584989852e-24
2.273244990918572904e-24
2.254582209266870736e-24
2.236021806115879550e-24
2.217563576708598917e-24
2.199207316288026569e-24
2.180952410583159011e-24
2.162799064350997042e-24
2.144746458563535267e-24
2.126794797977774851e-24
2.108943468322711932e-24
2.091192264841344978e-24
2.073541187533673622e-24
2.055989417371692470e-24
2.038537159112403053e-24
2.021183798484800776e-24
2.003929335488886006e-24
1.986773360610655678e-24
1.969715464336106729e-24
1.952755646665239524e-24
1.935893293327049836e-24
1.919128404321537297e-24
1.902460570134699577e-24
1.885889586009534777e-24
1.869415042432040199e-24
1.853036734645214313e-24
1.836754253135054419e-24
1.820567597901560520e-24
1.804476154673728385e-24
1.788479923451558014e-24
1.772578494721046343e-24
1.756771663725192208e-24
1.741059020949992911e-24
1.725440361638446553e-24
1.709915276276550436e-24
1.694483764864304562e-24
1.679145315509205650e-24
1.663899621075751218e-24
1.648746579185440868e-24
1.633685882702772118e-24
1.618717019735241688e-24
1.603839990282849395e-24
1.589054384831592541e-24
1.574359896245969013e-24
1.559756319768977278e-24
1.545243245886614455e-24
1.530820572220379962e-24
1.516487889256270735e-24
1.502244889858785026e-24
1.488091471649421701e-24
1.474027122735677483e-24
1.460051740739051420e-24
1.446164916145541000e-24
1.432366444198144506e-24
1.418656120139860590e-24
1.405033432078185790e-24
1.391498277634619338e-24
1.378050349673659120e-24
1.364689341059802839e-24
1.351414944657548747e-24
1.338226955709894944e-24
1.325124964702838917e-24
1.312108869257879716e-24
1.299178259861014829e-24
1.286332829376741772e-24
1.273572373048059198e-24
1.260896583739465176e-24
1.248305256693958173e-24
1.235797982397535125e-24
1.223374453714694285e-24
1.211034568266934704e-24
1.198777916540253499e-24
1.186604293777649508e-24
1.174513290465119481e-24
1.162504701845662438e-24
1.150578323162276478e-24
1.138733744900959273e-24
1.126970659926208341e-24
1.115288965859522914e-24
1.103688253186900481e-24
1.092168317151339325e-24
1.080728748238836749e-24
1.069369341692391222e-24
1.058089790376500811e-24
1.046889889534163802e-24
1.035769332029878263e-24
1.024727708349641313e-24
1.013764916114952188e-24
1.002880545811808188e-24
9.920743926832076002e-25
9.813461495936486755e-25
9.706955094076289324e-25
9.601222673681472062e-25
9.496260139612004324e-25
9.392065444297872626e-25
9.288635516384055822e-25
9.185968308300540427e-25
9.084059724907297635e-25
8.982908742419319784e-25
8.882510241911572244e-25
8.782863199599045518e-25
8.683964544126720295e-25
8.585810692247072519e-25
8.488399596390085031e-25
8.391727673308235610e-25
8.295792875431508934e-25
8.200591619512380946e-25
8.106121857980836322e-25
8.012380519481853919e-25
7.919364020767908760e-25
7.827070826161490271e-25
7.735497352415074395e-25
7.644641040066141980e-25
7.554498817759672798e-25
7.465067614140644785e-25
7.376345381639043539e-25
7.288329048899848830e-25
7.201015544568038596e-25
7.114402309181094603e-25
7.028486271383996623e-25
6.943264871714225503e-25
6.858735038816761018e-25
6.774893701336581101e-25
6.691738811703672270e-25
6.609267298563013377e-25
6.527476090559581440e-25
6.446362116338356232e-25
6.365923328329323349e-25
6.286156143284958734e-25
6.207058513635247065e-25
6.128626856132663366e-25
6.050858611314690321e-25
5.973751731611313527e-25
5.897302121882505095e-25
5.821507734558250623e-25
5.746365498283527128e-25
5.671872341703316219e-25
5.598026217247600738e-25
5.524824053561361376e-25
5.452262267397072238e-25
5.380338811184718921e-25
5.309050613569281197e-25
5.238395115088240832e-25
5.168369244386575764e-25
5.098970442001768675e-25
5.030195636578798421e-25
4.962041756762642937e-25
4.894506243090785826e-25
4.827586536100707936e-25
4.761279564437388121e-25
4.695582256745806155e-25
4.630492565455945796e-25
4.566006907320284824e-25
4.502122722876303168e-25
4.438837452661483513e-25
4.376147513428301801e-25
4.314051369499246540e-25
4.252544925734289844e-25
4.191625878617164932e-25
4.131291668685355410e-25
4.071538968637586379e-25
4.012365474957593357e-25
3.953767860344102365e-25
3.895743565334595628e-25
3.838290030466555831e-25
3.781403928438709454e-25
3.725082699788538722e-25
3.669323529107274404e-25
3.614123600986146353e-25
3.559480100016385336e-25
3.505390210789222124e-25
3.451851117895887027e-25
3.398859749981357980e-25
3.346413803529369584e-25
3.294509951238648777e-25
3.243145633646677785e-25
3.192318035344686459e-25
3.142024084977654112e-25
3.092261479029314885e-25
3.043026890198394799e-25
2.994317759022376538e-25
2.946131014146238956e-25
2.898464352053715735e-25
2.851314445443533814e-25
2.804678734853175419e-25
2.758554148927619403e-25
2.712938384150599448e-25
2.667828113220842493e-25
2.623220520729578849e-25
2.579113303160543114e-25
2.535502877266209854e-25
2.492387195476565125e-25
2.449762930490335406e-25
2.407627522845003382e-25
2.365977901185546990e-25
2.324811506049449371e-25
2.284125522027940379e-25
2.243916877765998866e-25
2.204183013801106599e-25
2.164920858778242893e-25
2.126127725261763783e-25
2.087800925816025770e-25
2.049937389086007246e-25
2.012534555609190438e-25
1.975589354030554200e-25
1.939099224887580299e-25
1.903061096825248047e-25
1.867472282407913253e-25
1.832330094199932415e-25
1.797631460846284386e-25
1.763373566938199249e-25
1.729553853013159227e-25
1.696169247716143405e-25
1.663217063611507591e-25
1.630694485290482556e-25
1.598598697344298608e-25
1.566926756391060331e-25
1.535675974995123992e-25
1.504843409774594173e-25
1.474426501266953100e-25
1.444422050144053440e-25
1.414827624916503375e-25
1.385640026256155804e-25
1.356856822673618678e-25
1.328474942813870393e-25
1.300491571268141948e-25
1.272904020600789381e-25
1.245709347429917045e-25
1.218904864319881667e-25
1.192487627888787370e-25
1.166454822727864924e-25
1.140803761401470366e-25
1.115531500527708508e-25
1.090635224697809661e-25
1.066112182489567228e-25
1.041959558494211520e-25
1.018174473316410213e-25
9.947541115473936159e-26
9.716957217649552485e-26
9.489964245737623272e-26
9.266534045650456214e-26
9.046639103165983052e-26
8.830249984465248461e-26
8.617339815191818563e-26
8.407879801392365525e-26
8.201841149113564958e-26
7.999196983998980686e-26
7.799918512095287173e-26
7.603976939449160028e-26
7.411345391704161931e-26
7.221994435041337556e-26
7.035896555238620940e-26
6.853022958342688842e-26
6.673346769997101644e-26
6.496837916517277678e-26
6.323470163412408260e-26
6.153214076863539213e-26
5.986041502782974789e-26
5.821924926948650172e-26
5.660835555407237529e-26
5.502745234071043406e-26
5.347626128785185227e-26
5.195450085461969537e-26
5.046188630080883396e-26
4.899813608554232776e-26
4.756297186727136823e-26
4.615610570646269424e-26
4.477725926156750298e-26
4.342615419103698015e-26
4.210250255533788185e-26
4.080602601292139378e-26
3.953643982358241525e-26
3.829346564577213197e-26
3.707681873928544323e-26
3.588622076257353473e-26
3.472138377610316259e-26
3.358203263765366718e-26
3.246788260701993059e-26
3.137865214332501253e-26
3.031405970569194404e-26
2.927382055391562442e-26
2.825765954577539404e-26
2.726528554240985434e-26
2.629642500126241729e-26
2.535079158246390199e-26
2.442810374513735381e-26
2.352808154806988973e-26
2.265044345038455224e-26
2.179490471187623778e-26
2.096118539133206619e-26
2.014900394787507424e-26
1.935807724096423857e-26
1.858812372972259881e-26
1.783886187327320034e-26
1.711001173040315726e-26
1.640128856090736886e-26
1.571241082390887767e-26
1.504309857819479777e-26
1.439306868322410293e-26
1.376203959811983281e-26
1.314972898217299696e-26
1.255585529450663789e-26
1.198013699424379953e-26
1.142229254050752297e-26
1.088203959258881632e-26
1.035909580977868630e-26
9.853179651200175417e-27
9.364010375808364832e-27
8.891304843062224018e-27
8.434781512084795478e-27
7.994158841999123151e-27
7.569154492096213738e-27
7.159486921499111178e-27
6.764874589330856539e-27
6.385035554798478012e-27
6.019687477192979429e-27
5.668548815637405446e-27
5.331338029254799285e-27
5.007772777336166929e-27
4.697571519004552318e-27
4.400452313466980771e-27
4.116133619846494075e-27
3.844333097434100368e-27
3.584769205352842869e-27
3.337159802851735797e-27
3.101223349053824525e-27
2.876677903166132580e-27
2.663241924311703541e-27
2.460633071781544470e-27
