# mu
5.025430261399910847e+01
5.024937620102524960e+01
5.024443944937220863e+01
5.023949231630659540e+01
5.023453475883154340e+01
5.022956673368461367e+01
5.022458819733552104e+01
5.021959910598400256e+01
5.021459941555757212e+01
5.020958908170922541e+01
5.020456805981523019e+01
5.019953630497279562e+01
5.019449377199774176e+01
5.018944041542218315e+01
5.018437618949213430e+01
5.017930104816512227e+01
5.017421494510777080e+01
5.016911783369334898e+01
5.016400966699931274e+01
5.015889039780478953e+01
5.015375997858807011e+01
5.014861836152406482e+01
5.014346549848169587e+01
5.013830134102131808e+01
5.013312584039209696e+01
5.012793894752931578e+01
5.012274061305172523e+01
5.011753078725880073e+01
5.011230942012798550e+01
5.010707646131195503e+01
5.010183186013578904e+01
5.009657556559412228e+01
5.009130752634830941e+01
5.008602769072349048e+01
5.008073600670570613e+01
5.007543242193888489e+01
5.007011688372189440e+01
5.006478933900550743e+01
5.005944973438931811e+01
5.005409801611868659e+01
5.004873413008156291e+01
5.004335802180538195e+01
5.003796963645383755e+01
5.003256891882364243e+01
5.002715581334128103e+01
5.002173026405969836e+01
5.001629221465498176e+01
5.001084160842292192e+01
5.000537838827565906e+01
4.999990249673821552e+01
4.999441387594499275e+01
4.998891246763622576e+01
4.998339821315444453e+01
4.997787105344085035e+01
4.997233092903164220e+01
4.996677778005434334e+01
4.996121154622406380e+01
4.995563216683972030e+01
4.995003958078019224e+01
4.994443372650049184e+01
4.993881454202782777e+01
4.993318196495764738e+01
4.992753593244965771e+01
4.992187638122375404e+01
4.991620324755592719e+01
4.991051646727413527e+01
4.990481597575410433e+01
4.989910170791508648e+01
4.989337359821557527e+01
4.988763158064895720e+01
4.988187558873913474e+01
4.987610555553607128e+01
4.987032141361129334e+01
4.986452309505335734e+01
4.985871053146323817e+01
4.985288365394966092e+01
4.984704239312441132e+01
4.984118667909754663e+01
4.983531644147257111e+01
4.982943160934157589e+01
4.982353211128025805e+01
4.981761787534294683e+01
4.981168882905752326e+01
4.980574489942029004e+01
4.979978601289083429e+01
4.979381209538669140e+01
4.978782307227810122e+01
4.978181886838260795e+01
4.977579940795959601e+01
4.976976461470479762e+01
4.976371441174471499e+01
4.975764872163094310e+01
4.975156746633449245e+01
4.974547056723994132e+01
4.973935794513963060e+01
4.973322952022769528e+01
4.972708521209405319e+01
4.972092493971832994e+01
4.971474862146369134e+01
4.970855617507060487e+01
4.970234751765050873e+01
4.969612256567944542e+01
4.968988123499151754e+01
4.968362344077241488e+01
4.967734909755266415e+01
4.967105811920098546e+01
4.966475041891742137e+01
4.965842590922645172e+01
4.965208450196998058e+01
4.964572610830028054e+01
4.963935063867277364e+01
4.963295800283879800e+01
4.962654810983821108e+01
4.962012086799194321e+01
4.961367618489445874e+01
4.960721396740603240e+01
4.960073412164506834e+01
4.959423655298016342e+01
4.958772116602219882e+01
4.958118786461623984e+01
4.957463655183333628e+01
4.956806712996228725e+01
4.956147950050119277e+01
4.955487356414894862e+01
4.954824922079664873e+01
4.954160636951880292e+01
4.953494490856449062e+01
4.952826473534839380e+01
4.952156574644166653e+01
4.951484783756271213e+01
4.950811090356786792e+01
4.950135483844184137e+01
4.949457953528816745e+01
4.948778488631946715e+01
4.948097078284749273e+01
4.947413711527318725e+01
4.946728377307650248e+01
4.946041064480608185e+01
4.945351761806884383e+01
4.944660457951938781e+01
4.943967141484925776e+01
4.943271800877604250e+01
4.942574424503235520e+01
4.941875000635462811e+01
4.941173517447172969e+01
4.940469963009349641e+01
4.939764325289900881e+01
4.939056592152475389e+01
4.938346751355261688e+01
4.937634790549765285e+01
4.936920697279575165e+01
4.936204458979110399e+01
4.935486062972340449e+01
4.934765496471498381e+01
4.934042746575769911e+01
4.933317800269963982e+01
4.932590644423160597e+01
4.931861265787345872e+01
4.931129650996017233e+01
4.930395786562780813e+01
4.929659658879911888e+01
4.928921254216909631e+01
4.928180558719020610e+01
4.927437558405740958e+01
4.926692239169298659e+01
4.925944586773116640e+01
4.925194586850238920e+01
4.924442224901751786e+01
4.923687486295160909e+01
4.922930356262762785e+01
4.922170819899979222e+01
4.921408862163666242e+01
4.920644467870405947e+01
4.919877621694757863e+01
4.919108308167501775e+01
4.918336511673832234e+01
4.917562216451545254e+01
4.916785406589178820e+01
4.916006066024138477e+01
4.915224178540781708e+01
4.914439727768481703e+01
4.913652697179657025e+01
4.912863070087765038e+01
4.912070829645270464e+01
4.911275958841578415e+01
4.910478440500935449e+01
4.909678257280293678e+01
4.908875391667145038e+01
4.908069825977313627e+01
4.907261542352723893e+01
4.906450522759119792e+01
4.905636748983754103e+01
4.904820202633035819e+01
4.904000865130143438e+01
4.903178717712597745e+01
4.902353741429785572e+01
4.901525917140460109e+01
4.900695225510180109e+01
4.899861647008722088e+01
4.899025161907438530e+01
4.898185750276577721e+01
4.897343391982555261e+01
4.896498066685177974e+01
4.895649753834829454e+01
4.894798432669593780e+01
4.893944082212342295e+01
4.893086681267762117e+01
4.892226208419340594e+01
4.891362642026290075e+01
4.890495960220423655e+01
4.889626140902979046e+01
4.888753161741378506e+01
4.887877000165943997e+01
4.886997633366542004e+01
4.886115038289177903e+01
4.885229191632528511e+01
4.884340069844407850e+01
4.883447649118177480e+01
4.882551905389087921e+01
4.881652814330553269e+01
4.880750351350365435e+01
4.879844491586830202e+01
4.878935209904842196e+01
4.878022480891881685e+01
4.877106278853943877e+01
4.876186577811387934e+01
4.875263351494714215e+01
4.874336573340261225e+01
4.873406216485822995e+01
4.872472253766185446e+01
4.871534657708579630e+01
4.870593400528045436e+01
4.869648454122720693e+01
4.868699790069021560e+01
4.867747379616750436e+01
4.866791193684100136e+01
4.865831202852565696e+01
4.864867377361757406e+01
4.863899687104117930e+01
4.862928101619531418e+01
4.861952590089833848e+01
4.860973121333211111e+01
4.859989663798495485e+01
4.859002185559339182e+01
4.858010654308285581e+01
4.857015037350713271e+01
4.856015301598663569e+01
4.855011413564551503e+01
4.854003339354736823e+01
4.852991044662981324e+01
4.851974494763763346e+01
4.850953654505462964e+01
4.849928488303407903e+01
4.848898960132774505e+01
4.847865033521345879e+01
4.846826671542125808e+01
4.845783836805789946e+01
4.844736491452989924e+01
4.843684597146491200e+01
4.842628115063153871e+01
4.841567005885735853e+01
4.840501229794533344e+01
4.839430746458835131e+01
4.838355515028206355e+01
4.837275494123574049e+01
4.836190641828134318e+01
4.835100915678052047e+01
4.834006272652972314e+01
4.832906669309174674e+01
4.831802061193873499e+01
4.830692403705411664e+01
4.829577651498196644e+01
4.828457758619441620e+01
4.827332678498355278e+01
4.826202363935088613e+01
4.825066767089432318e+01
4.823925839469266919e+01
4.822779531918745022e+01
4.821627794606214934e+01
4.820470577011861479e+01
4.819307827915072551e+01
4.818139495381505810e+01
4.816965526749871884e+01
4.815785868618397103e+01
4.814600466830981418e+01
4.813409266463031599e+01
4.812212211806958351e+01
4.811009246357336622e+01
4.809800312795710653e+01
4.808585352975042326e+01
4.807364307903785061e+01
4.806137117729574726e+01
4.804903721722531884e+01
4.803664058258155478e+01
4.802418064799802977e+01
4.801165677880740645e+01
4.799906833085751146e+01
4.798641465032296338e+01
4.797369507351199047e+01
4.796090892666855154e+01
4.794805552576947605e+01
4.793513417631643847e+01
4.792214417312275998e+01
4.790908480009473180e+01
4.789595533000742478e+01
4.788275502427464403e+01
4.786948313271305722e+01
4.785613889330016235e+01
4.784272153192593180e+01
4.782923026213801165e+01
4.781566428488019227e+01
4.780202278822390838e+01
4.778830494709274035e+01
4.777450992297939081e+01
4.776063686365522187e+01
4.774668490287180589e+01
4.773265316005449677e+01
4.771854073998757428e+01
4.770434673249080504e+01
4.769007021208702213e+01
4.767571023766056726e+01
4.766126585210617606e+01
4.764673608196802235e+01
4.763211993706865144e+01
4.761741641012733339e+01
4.760262447636760186e+01
4.758774309311354500e+01
4.757277119937447907e+01
4.755770771541759245e+01
4.754255154232817659e+01
4.752730156155693209e+01
4.751195663445400896e+01
4.749651560178922693e+01
4.748097728325799949e+01
4.746534047697250003e+01
4.744960395893744476e+01
4.743376648251009442e+01
4.741782677784366484e+01
4.740178355131382659e+01
4.738563548492739130e+01
4.736938123571279391e+01
4.735301943509141864e+01
4.733654868822928563e+01
4.731996757336825254e+01
4.730327464113595681e+01
4.728646841383368127e+01
4.726954738470134743e+01
4.725251001715871269e+01
4.723535474402185486e+01
4.721807996669397767e+01
4.720068405432954961e+01
4.718316534297068188e+01
4.716552213465467247e+01
4.714775269649154410e+01
4.712985525971041056e+01
4.711182801867329317e+01
4.709366912985520059e+01
4.707537671078900132e+01
4.705694883897359659e+01
4.703838355074400823e+01
4.701967884010159082e+01
4.700083265750282635e+01
4.698184290860493206e+01
4.696270745296629912e+01
4.694342410269999277e+01
4.692399062107815411e+01
4.690440472108518577e+01
4.688466406391747654e+01
4.686476625742731983e+01
4.684470885450842559e+01
4.682448935142052449e+01
4.680410518605024350e+01
4.678355373610531132e+01
4.676283231723907363e+01
4.674193818110204290e+01
4.672086851331717128e+01
4.669962043137505248e+01
4.667819098244547860e+01
4.665657714110122356e+01
4.663477580694983260e+01
4.661278380216892003e+01
4.659059786894041366e+01
4.656821466677847354e+01
4.654563076974604030e+01
4.652284266355432152e+01
4.649984674253924766e+01
4.647663930650871578e+01
4.645321655745384248e+01
4.642957459611734095e+01
4.640570941841133390e+01
4.638161691167679379e+01
4.635729285077609063e+01
4.633273289400975159e+01
4.630793257884773340e+01
4.628288731746525286e+01
4.625759239207224027e+01
4.623204295113968243e+01
4.620623399974668644e+01
4.618016040113726461e+01
4.615381686640792225e+01
4.612719794981097721e+01
4.610029804257548136e+01
4.607311136642296390e+01
4.604563196675998427e+01
4.601785370552778431e+01
4.598977025368826332e+01
4.596137508332381572e+01
4.593266145932696531e+01
4.590362243065403902e+01
4.587425082111498398e+01
4.584453921966969148e+01
4.581447997019849794e+01
4.578406516071239452e+01
4.575328661196558500e+01
4.572213586543017527e+01
4.569060417058942392e+01
4.565868247150262960e+01
4.562636139259086576e+01
4.559363122358820419e+01
4.556048190359910421e+01
4.552690300419674685e+01
4.549288371149222598e+01
4.545841280709782950e+01
4.542347864790109213e+01
4.538806914455872032e+01
4.535217173861127549e+01
4.531577337811020811e+01
4.527886049163868165e+01
4.524141896059653334e+01
4.520343408960676612e+01
4.516489057488745118e+01
4.512577247041694761e+01
4.508606315170322887e+01
4.504574527694838082e+01
4.500480074537785669e+01
4.496321065247914817e+01
4.492095524186740363e+01
4.487801385346419636e+01
4.483436486764090034e+01
4.478998564493814172e+01
4.474485246092835666e+01
4.469894043573707165e+01
4.465222345768081880e+01
4.460467410041327696e+01
4.455626353289554231e+01
4.450696142141980260e+01
4.445673582281601455e+01
4.440555306785654466e+01
4.435337763374116804e+01
4.430017200439158387e+01
4.424589651710640226e+01
4.419050919392026344e+01
4.413396555576860436e+01
4.407621841727570455e+01
4.401721765965010746e+01
4.395690997877814254e+01
4.389523860514042042e+01
4.383214299162304428e+01
4.376755846463534283e+01
4.370141583315574962e+01
4.363364094937776372e+01
4.356415421348009431e+01
4.349287001365343031e+01
4.341969609081878900e+01
4.334453281539305891e+01
4.326727236089524098e+01
4.318779775601321802e+01
4.310598179279561037e+01
4.302168576367315467e+01
4.293475799375246993e+01
4.284503212686449558e+01
4.275232511365361177e+01
4.265643483682893589e+01
4.255713729155819181e+01
4.245418321646055659e+01
4.234729404077081938e+01
4.223615697317835327e+01
4.212041900351380264e+01
4.199967951388380527e+01
4.187348109214044456e+01
4.174129799424206055e+01
4.160252149234509034e+01
4.145644103969199534e+01
4.130221972900621097e+01
4.113886183166527388e+01
4.096516913403269911e+01
4.077968107979634027e+01
4.058059092275598090e+01
4.036562533079163018e+01
4.013186647009761288e+01
3.987548006062640127e+01
3.959128262342609617e+01
3.927201828548403739e+01
3.890707438324228917e+01
3.848001550192110187e+01
3.796333084859797680e+01
3.730547937142075909e+01
3.639079863003150450e+01
3.485031176405547626e+01
-inf
