# rho
# unit = KG/M^3
5.048803133840116474e-24
5.021029894167097963e-24
4.993359032994791169e-24
4.965790140809193762e-24
4.938322808096301208e-24
4.910956625342111913e-24
4.883692002060628941e-24
4.856528528737848493e-24
4.829465795859768239e-24
4.802503803426388179e-24
4.775642551437707579e-24
4.748881220865722514e-24
4.722220630738436908e-24
4.695659552513843038e-24
4.669198395705943234e-24
4.642836750800735900e-24
4.616574617798219568e-24
4.590411996698394971e-24
4.564348068473255981e-24
4.538382833122802599e-24
4.512516700161038623e-24
4.486748850559957925e-24
4.461078874805556705e-24
4.435507591925841828e-24
4.410033773378804099e-24
4.384658238192449647e-24
4.359379757824769281e-24
4.334198741789766797e-24
4.309114780573438399e-24
4.284127874175784819e-24
4.259237613082802260e-24
4.234444406808495255e-24
4.209747026810853142e-24
4.185146292117883518e-24
4.160641383701579520e-24
4.136232301561941884e-24
4.111919045698969873e-24
4.087701206598660425e-24
4.063578374747011943e-24
4.039550959658026758e-24
4.015618142303698741e-24
3.991780332198030956e-24
3.968036710313018010e-24
3.944387686162662232e-24
3.920832850232960557e-24
3.897371793009911390e-24
3.874004924007516328e-24
3.850731014683767645e-24
3.827550884066670737e-24
3.804464122642222538e-24
3.781469911382417654e-24
3.758569069315262215e-24
3.735760367898746293e-24
3.713044626160876750e-24
3.690420615559644395e-24
3.667889155123055355e-24
3.645449425823104237e-24
3.623101427659790306e-24
3.600844751119111232e-24
3.578679805715069345e-24
3.556605362905656921e-24
3.534622651232881685e-24
3.512730032640732112e-24
3.490928326157215068e-24
3.469217122268326752e-24
3.447596011460064835e-24
3.426064993732428582e-24
3.404623659571415664e-24
3.383272008977026816e-24
3.362009837192258668e-24
3.340836939460111525e-24
3.319753111023583487e-24
3.298758147125673023e-24
3.277852047766380132e-24
3.257034198674700218e-24
3.236304804607635548e-24
3.215663660808183855e-24
3.195110357762342808e-24
3.174644895470112042e-24
3.154266864417489226e-24
3.133976469361475157e-24
3.113773096031065975e-24
3.093656744426261678e-24
3.073627209790060368e-24
3.053684287365461246e-24
3.033827977152464313e-24
3.014057869637066138e-24
2.994373760062265555e-24
2.974775648428062932e-24
2.955263125220455204e-24
2.935836190439442004e-24
2.916494434571021002e-24
2.897238062372192997e-24
2.878066459571954493e-24
2.858979626170305122e-24
2.839977357410243354e-24
2.821059653291769188e-24
2.802225899543878762e-24
2.783476300923572873e-24
2.764810447916849192e-24
2.746228340523707352e-24
2.727729569230145022e-24
2.709314134036161469e-24
2.690981830184755895e-24
2.672732248161925235e-24
2.654565387967669122e-24
2.636481249601988291e-24
2.618479218793878145e-24
2.600559295543338317e-24
2.582721479850369175e-24
2.564965362200968020e-24
2.547290737838132955e-24
2.529697606761864345e-24
2.512185559458159495e-24
2.494754595927018036e-24
2.477404306654437272e-24
2.460134691640416836e-24
2.442945750884957462e-24
2.425836870117054186e-24
2.408808049336707742e-24
2.391859083786915866e-24
2.374989973467679289e-24
2.358200104107993050e-24
2.341489885221860579e-24
2.324858497781276116e-24
2.308306146543240458e-24
2.291832626750753174e-24
2.275437528889810465e-24
2.259121057717414600e-24
2.242882598962560612e-24
2.226722152625248871e-24
2.210639513948478211e-24
2.194634478175246365e-24
2.178706840548552904e-24
2.162856601068397091e-24
2.147083350220776232e-24
2.131386883248689160e-24
2.115767200152135508e-24
2.100224096174114112e-24
2.084757161800622274e-24
2.069366397031659628e-24
2.054051597110225007e-24
2.038812557279316881e-24
2.023648868024932552e-24
2.008560734104073185e-24
1.993547950759737616e-24
1.978609903720921247e-24
1.963746797744625978e-24
1.948958223316848377e-24
1.934244180437588813e-24
1.919604259592844587e-24
1.905038460782615333e-24
1.890546579249899885e-24
1.876128205480695180e-24
1.861783544232002749e-24
1.847511981232818364e-24
1.833313721240143556e-24
1.819188354739975262e-24
1.805135676975311948e-24
1.791155483189152451e-24
1.777247773381497137e-24
1.763412342795343740e-24
1.749648781916689930e-24
1.735956885988534175e-24
1.722336859767877639e-24
1.708788088983716461e-24
1.695310573636050642e-24
1.681904211346379230e-24
1.668568592600699529e-24
1.655303717399011540e-24
1.642109380984313730e-24
1.628985276221103984e-24
1.615931300730881536e-24
1.602947249756645038e-24
1.590032918541393325e-24
1.577188204706625264e-24
1.564412801116838739e-24
1.551706605393533537e-24
1.539069412779707573e-24
1.526500916139859285e-24
1.514001115473988304e-24
1.501569703646592516e-24
1.489206578279171523e-24
1.476911432236222843e-24
1.464684163139245893e-24
1.452524566231239140e-24
1.440432539133702187e-24
1.428407672332631969e-24
1.416450068206529069e-24
1.404559214862890206e-24
1.392735214680215780e-24
1.380977760523004043e-24
1.369286647634253280e-24
1.357661671256962142e-24
1.346102626634129097e-24
1.334609513765754512e-24
1.323181923137835139e-24
1.311819752371870397e-24
1.300522796710858935e-24
1.289290953776299989e-24
1.278123916432691444e-24
1.267021582301532533e-24
1.255983644247321326e-24
1.245010102270057456e-24
1.234100649234238990e-24
1.223255080382864582e-24
1.212473190958932882e-24
1.201754980962443524e-24
1.191100040879393993e-24
1.180508268331283340e-24
1.169979458561110400e-24
1.159513406811873458e-24
1.149110010705072115e-24
1.138769065483704654e-24
1.128490264012269145e-24
1.118273606290765588e-24
1.108118682805190919e-24
1.098025493555545504e-24
1.087993731406326863e-24
1.078023293979034412e-24
1.068113976516666803e-24
1.058265574262222504e-24
1.048477780080199400e-24
1.038750696349098075e-24
1.029083811176415247e-24
1.019477124562150918e-24
1.009930534127804137e-24
1.000443630359372025e-24
9.910163108783541810e-25
9.816483709277490745e-25
9.723397081290557552e-25
9.630901177252730584e-25
9.538992925808988694e-25
9.447671303174322385e-25
9.356935285563725833e-25
9.266780777837170232e-25
9.177207779994657417e-25
9.088214244466170231e-25
8.999798123681697025e-25
8.911956346286216653e-25
8.824688912279725443e-25
8.737992750307205921e-25
8.651865812798640930e-25
8.566307587861529394e-25
8.481314492248345418e-25
8.396886014066586090e-25
8.313019081961228429e-25
8.229713184039769521e-25
8.146965248947189139e-25
8.064773741005975792e-25
7.983137124538617990e-25
7.902053351975103164e-25
7.821520375745415994e-25
7.741536148279542077e-25
7.662099645792475587e-25
7.583208308821697374e-25
7.504860089797193951e-25
7.427053453041453829e-25
7.349786350984464439e-25
7.273057247948713374e-25
7.196864096364187146e-25
7.121204336768367524e-25
7.046077457268751595e-25
6.971480386510317294e-25
6.897412100708058798e-25
6.823870040399456955e-25
6.750852669907001191e-25
6.678357941660678021e-25
6.606383808090473043e-25
6.534929245411379514e-25
6.463991182268374451e-25
6.393568594876452031e-25
6.323659435665598767e-25
6.254261657065798421e-25
6.185373723399542256e-25
6.116993587096814950e-25
6.049118688695098270e-25
5.981748004409386392e-25
5.914879486669663993e-25
5.848511599798421420e-25
5.782641272440636607e-25
5.717267992703805726e-25
5.652388689232908548e-25
5.588002850135440324e-25
5.524107404056380827e-25
5.460700815318218566e-25
5.397781036350939138e-25
5.335347043369535800e-25
5.273395765018987406e-25
5.211926177514287214e-25
5.150936233285419902e-25
5.090423884762371985e-25
5.030387596267631971e-25
4.970824808338683465e-25
4.911734497190517887e-25
4.853113591468115008e-25
4.794961579278971000e-25
4.737275901160567627e-25
4.680054509542891406e-25
4.623295868748430844e-25
4.566998443099675370e-25
4.511159161241603836e-25
4.455777511281713332e-25
4.400850421864981793e-25
4.346377381098905388e-25
4.292355061682211516e-25
4.238782439829893434e-25
4.185657212025684365e-25
4.132978098538325651e-25
4.080742539905299517e-25
4.028949256395347305e-25
3.977595944492202239e-25
3.926680812572103207e-25
3.876202069011286343e-25
3.826157922185990078e-25
3.776546324526200009e-25
3.727365228461901733e-25
3.678613354261836591e-25
3.630288142463486350e-25
3.582388057389340896e-25
3.534911307415637741e-25
3.487855844972362022e-25
3.441219878435752171e-25
3.395001360235792865e-25
3.349198498748722993e-25
3.303809758297030605e-25
3.258832579418198846e-25
3.214265682380968138e-25
3.170107019615324997e-25
3.126354543551254101e-25
3.083006718511246256e-25
3.040061240979034223e-25
2.997516319330855975e-25
2.955370417889200938e-25
2.913621489084054708e-25
2.872267485345402883e-25
2.831306615049483434e-25
2.790737086572533873e-25
2.750556852344539795e-25
2.710764120741738714e-25
2.671357356086620056e-25
2.632333998916665588e-25
2.593692769500617569e-25
2.555431620268460679e-25
2.517548503650180974e-25
2.480041628022015965e-25
2.442908945813951707e-25
2.406148921348477170e-25
2.369759763001830324e-25
2.333739167257744851e-25
2.298085342492458262e-25
2.262796753028459985e-25
2.227871095349484159e-25
2.193306577831767839e-25
2.159101664797800910e-25
2.125254052731317054e-25
2.091762205954805698e-25
2.058623948925126939e-25
2.025837617991644019e-25
1.993401293557468261e-25
1.961313056025711909e-25
1.929570985799486058e-25
1.898173163281902951e-25
1.867117924822325598e-25
1.836403222850739825e-25
1.806027265743383375e-25
1.775988133903367801e-25
1.746283907733804657e-25
1.716912795610931685e-25
1.687872877937860210e-25
1.659162235117702475e-25
1.630779075526695533e-25
1.602721479567951167e-25
1.574987527644580931e-25
1.547575428132822568e-25
1.520483133462661903e-25
1.493708979983462176e-25
1.467251048098335172e-25
1.441107290237266487e-25
1.415276042749619819e-25
1.389755258065380767e-25
1.364543144560786840e-25
1.339637910612075782e-25
1.315037508649233189e-25
1.290740019075370844e-25
1.266743778239851988e-25
1.243046866545788404e-25
1.219647236423165919e-25
1.196543224221348002e-25
1.173732782370320250e-25
1.151214119246320175e-25
1.128985315252459790e-25
1.107044578764976148e-25
1.085389862213855535e-25
1.064019437961898096e-25
1.042931386412215615e-25
1.022123851954482627e-25
1.001594914991810799e-25
9.813426559273119155e-26
9.613652831372233740e-26
9.416609410112198222e-26
9.222276459658500650e-26
9.030636063773514997e-26
8.841668386622729312e-26
8.655356151834148503e-26
8.471679523573259473e-26
8.290619945736808700e-26
8.112158862221542664e-26
7.936277077058575759e-26
7.762956674010285400e-26
7.592177817242158490e-26
7.423921950650940360e-26
7.258170518133378637e-26
7.094904963586217503e-26
6.934106730906203438e-26
6.775755984258824492e-26
6.619834807406454636e-26
6.466324004380211709e-26
6.315205019076842191e-26
6.166459295393090263e-26
6.020067637360074912e-26
5.876010849008910535e-26
5.734271014101973396e-26
5.594829576536009976e-26
5.457666700476507177e-26
5.322764149753024651e-26
5.190103368262311171e-26
5.059665160035479985e-26
4.931430968969279293e-26
4.805381919027640107e-26
4.681499454107308332e-26
4.559764378239400083e-26
4.440158455253476735e-26
4.322662489180654404e-26
4.207257603984865248e-26
4.093925563495668920e-26
3.982647171744182109e-26
3.873403552694337548e-26
3.766176150242879421e-26
3.660946408286554780e-26
3.557695130856480316e-26
3.456403761849401934e-26
3.357053105296435751e-26
3.259625244959957459e-26
3.164100664938269430e-26
3.070460809128116995e-26
2.978686801493432312e-26
2.888760085930960712e-26
2.800661786404633206e-26
2.714373026878381952e-26
2.629875091282545697e-26
2.547149263547462323e-26
2.466176667637063703e-26
2.386938587481688295e-26
2.309416147045267395e-26
2.233590790224547197e-26
2.159443481017051550e-26
2.086955663319526361e-26
2.016108301129496053e-26
1.946882838343706245e-26
1.879260558892495681e-26
1.813222266806980766e-26
1.748749725916722872e-26
1.685823740252838116e-26
1.624425753712072402e-26
1.564536730291950157e-26
1.506138273855624445e-26
1.449211348400619403e-26
1.393737237857273489e-26
1.339697146172721869e-26
1.287072357277303143e-26
1.235843995134948754e-26
1.185993343675997158e-26
1.137501606847583664e-26
1.090349988596843008e-26
1.044519772854113933e-26
9.999920835833277368e-27
9.567482846980267453e-27
9.147694201789388194e-27
8.740368539396059970e-27
8.345317099439598629e-27
7.962351921391352951e-27
7.591286644386746185e-27
7.231932508065092743e-27
6.884102351729777204e-27
6.547607015104096083e-27
6.222259737407454728e-27
5.907872958027220535e-27
5.604257916602706482e-27
5.311227852353318637e-27
5.028594404834388595e-27
4.756170013433284469e-27
4.493766717621355040e-27
4.241196556869951954e-27
3.998271970566443327e-27
3.764805398098196554e-27
3.540608878936562566e-27
3.325494452552890860e-27
3.119274358376540599e-27
2.921761035794880256e-27
