# h
# unit = Mpc/c
8.439332714005227248e-03
8.379715109718795935e-03
8.320239676167363527e-03
8.260906746831777128e-03
8.201716657646190498e-03
8.142669747028577834e-03
8.083766355911799206e-03
8.025006827775212417e-03
7.966391508676878147e-03
7.907920747286321939e-03
7.849594894917905075e-03
7.791414305564806943e-03
7.733379335933624095e-03
7.675490345479632839e-03
7.617747696442676332e-03
7.560151753883747293e-03
7.502702885722262009e-03
7.445401462774016953e-03
7.388247858789900868e-03
7.331242450495330243e-03
7.274385617630441114e-03
7.217677742991086658e-03
7.161119212470599786e-03
7.104710415102420511e-03
7.048451743103526478e-03
6.992343591918750816e-03
6.936386360265982091e-03
6.880580450182270658e-03
6.824926267070878690e-03
6.769424219749294730e-03
6.714074720498211003e-03
6.658878185111545035e-03
6.603835032947481289e-03
6.548945686980598736e-03
6.494210573855073963e-03
6.439630123939045665e-03
6.385204771380114525e-03
6.330934954162064331e-03
6.276821114162779193e-03
6.222863697213459194e-03
6.169063153159123208e-03
6.115419935920448323e-03
6.061934503556982295e-03
6.008607318331801034e-03
5.955438846777603296e-03
5.902429559764321536e-03
5.849579932568281862e-03
5.796890444942973813e-03
5.744361581191443841e-03
5.691993830240421777e-03
5.639787685716170750e-03
5.587743646022154224e-03
5.535862214418585218e-03
5.484143899103869832e-03
5.432589213298060458e-03
5.381198675328350764e-03
5.329972808716698304e-03
5.278912142269623353e-03
5.228017210170276749e-03
5.177288552072843546e-03
5.126726713199368339e-03
5.076332244439075124e-03
5.026105702450268421e-03
4.976047649764922358e-03
4.926158654896027091e-03
4.876439292447813136e-03
4.826890143228928197e-03
4.777511794368715682e-03
4.728304839436654750e-03
4.679269878565131026e-03
4.630407518575612585e-03
4.581718373108389919e-03
4.533203062756018670e-03
4.484862215200568353e-03
4.436696465354860071e-03
4.388706455507842413e-03
4.340892835474246050e-03
4.293256262748711312e-03
4.245797402664544008e-03
4.198516928557324140e-03
4.151415521933501940e-03
4.104493872644259661e-03
4.057752679064800458e-03
4.011192648279318478e-03
3.964814496271890434e-03
3.918618948123540197e-03
3.872606738215722284e-03
3.826778610440553004e-03
3.781135318418041204e-03
3.735677625720648220e-03
3.690406306105513574e-03
3.645322143754695966e-03
3.600425933523789500e-03
3.555718481199308511e-03
3.511200603765269029e-03
3.466873129679387110e-03
3.422736899159371966e-03
3.378792764479793959e-03
3.335041590280069142e-03
3.291484253884089002e-03
3.248121645632113825e-03
3.204954669225540311e-03
3.161984242085198304e-03
3.119211295723922552e-03
3.076636776134115091e-03
3.034261644191133499e-03
2.992086876073348119e-03
2.950113463699788070e-03
2.908342415186368751e-03
2.866774755321734296e-03
2.825411526063829979e-03
2.784253787058434040e-03
2.743302616180906192e-03
2.702559110102531470e-03
2.662024384882973396e-03
2.621699576590373875e-03
2.581585841950862718e-03
2.541684359029267471e-03
2.501996327943038865e-03
2.462522971611501299e-03
2.423265536542748132e-03
2.384225293660655488e-03
2.345403539174695587e-03
2.306801595495476098e-03
2.268420812199122786e-03
2.230262567043937195e-03
2.192328267043011300e-03
2.154619349596823691e-03
2.117137283690178392e-03
2.079883571158238579e-03
2.042859748026815570e-03
2.006067385932573058e-03
1.969508093629291842e-03
1.933183518586910170e-03
1.897095348690723765e-03
1.861245314048779039e-03
1.825635188916311562e-03
1.790266793746904351e-03
1.755141997381040164e-03
1.720262719383750449e-03
1.685630932544273384e-03
1.651248665551947013e-03
1.617118005864043046e-03
1.583241102782909559e-03
1.549620170761619722e-03
1.516257492959411594e-03
1.483155425070518604e-03
1.450316399452600442e-03
1.417742929583902306e-03
1.385437614881582062e-03
1.353403145917328985e-03
1.321642310070597929e-03
1.290157997664470460e-03
1.258953208634482025e-03
1.228031059786738365e-03
1.197394792708436281e-03
1.167047782401533368e-03
1.136993546718979321e-03
1.107235756692670579e-03
1.077778247853350413e-03
1.048625032655101357e-03
1.019780314131138932e-03
9.912485009234215782e-04
9.630342238463469309e-04
9.351423541646948848e-04
9.075780237881928003e-04
8.803466476097005161e-04
8.534539482412070201e-04
8.269059834315226976e-04
8.007091764816256802e-04
7.748703500076756061e-04
7.493967634370374839e-04
7.242961546580429155e-04
6.995767862777333909e-04
6.752474969705524058e-04
6.513177584205161663e-04
6.277977383634394341e-04
6.046983702152447212e-04
5.820314297143478702e-04
5.598096188926827413e-04
5.380466574963409330e-04
5.167573816694633537e-04
4.959578492488947270e-04
4.756654503329782176e-04
4.558990208095684850e-04
4.366789551608214444e-04
4.180273129918467018e-04
3.999679112290104206e-04
3.825263906725646684e-04
3.657302414637670957e-04
3.496087670086902351e-04
3.341929601109533887e-04
3.195152588917982779e-04
3.056091443246929107e-04
2.925085372755825567e-04
2.802469529262608490e-04
2.688563771686048763e-04
2.583658461522024877e-04
2.487997393313589527e-04
2.401758388689997057e-04
