# rho
# unit = KG/M^3
1.196753320261582953e-23
1.179918936729787571e-23
1.163243198922694824e-23
1.146725369715099342e-23
1.130364548176195119e-23
1.114160160986378011e-23
1.098111389117642478e-23
1.082217413541982684e-23
1.066477579036994168e-23
1.050891148477471708e-23
1.035457302835409762e-23
1.020175304985603110e-23
1.005044417802846675e-23
9.900638222591346235e-24
9.752329450348631057e-24
9.605508851992259678e-24
9.460169056270178412e-24
9.316302691930337976e-24
9.173902387720686152e-24
9.032960772389170721e-24
8.893469655655737742e-24
8.755422485296338187e-24
8.618811071030918115e-24
8.483628860635429967e-24
8.349866844801812204e-24
8.217518471306018736e-24
8.086575549867994154e-24
7.957032347291695557e-24
7.828879035241056748e-24
7.702109061492033106e-24
7.576715873820577071e-24
7.452690462918625635e-24
7.330026276562135646e-24
7.208715124471048758e-24
7.088750454421320347e-24
6.970123257104885939e-24
6.852827799325707040e-24
6.736855481289724442e-24
6.622198931744884456e-24
6.508850779439139271e-24
6.396803243606432870e-24
6.286049362508716831e-24
6.176580945865934276e-24
6.068391031940036785e-24
5.961472249478974343e-24
5.855816408202688601e-24
5.751416546373131140e-24
5.648264883224248879e-24
5.546354047503990335e-24
5.445676258446300958e-24
5.346224554313132329e-24
5.247990744824428302e-24
5.150967868242139724e-24
5.055148553314215844e-24
4.960524609760599049e-24
4.867089075843241653e-24
4.774834170796089843e-24
4.683752523367091399e-24
4.593836352790193242e-24
4.505078697327346215e-24
4.417471366698493442e-24
4.331007808679590301e-24
4.245679423476576113e-24
4.161479249351402460e-24
4.078399915052018590e-24
3.996433639812370690e-24
3.915573052380406540e-24
3.835810781504075391e-24
3.757138636903320364e-24
3.679550066354096103e-24
3.603036879576345729e-24
3.527591705318017758e-24
3.453207581841063770e-24
3.379876114108425721e-24
3.307590340382054823e-24
3.236342684652898795e-24
3.166125570911904620e-24
3.096931627907021180e-24
3.028753074872194661e-24
2.961582540555373580e-24
2.895412653704506817e-24
2.830235838310541725e-24
2.766044313607424121e-24
2.702830913100104420e-24
2.640588060779529606e-24
2.579308180636647396e-24
2.518983901419406674e-24
2.459607442361752523e-24
2.401171636968636092e-24
2.343668499717001301e-24
2.287091068868800096e-24
2.231431563657978296e-24
2.176682408075483252e-24
2.122836230869263846e-24
2.069885456030267062e-24
2.017822507549440618e-24
1.966640218931734560e-24
1.916330604654093176e-24
1.866886498221467247e-24
1.818300323624803390e-24
1.770564300098048157e-24
1.723671465903152762e-24
1.677613733138561274e-24
1.632383935309223927e-24
1.587974496406087701e-24
1.544377942798600715e-24
1.501586698477710686e-24
1.459593289812865364e-24
1.418390140795012099e-24
1.377969880172099958e-24
1.338324829556575157e-24
1.299447617696386764e-24
1.261330668582481944e-24
1.223966610962809582e-24
1.187347664071315678e-24
1.151466559034449515e-24
1.116315719843158626e-24
1.081887570488390363e-24
1.048174739718093240e-24
1.015169651523214792e-24
9.828647298947023701e-25
9.512525012020040900e-25
9.203254918145678850e-25
8.900762281018418719e-25
8.604971340547734012e-25
8.315806848535602983e-25
8.033194580569006957e-25
7.757059288449925107e-25
7.487325212087830019e-25
7.223917615177202861e-25
6.966761249520020050e-25
6.715781890703266584e-25
6.470903266743912138e-25
6.232051153228940790e-25
5.999150301960328959e-25
5.772125464740053981e-25
5.550901905262597022e-25
5.335403863437430671e-25
5.125556602959037011e-25
4.921285387521894455e-25
4.722514457035479264e-25
4.529169587086772760e-25
4.341175017585250288e-25
4.158456012225392095e-25
3.980937322809174139e-25
3.808543957084826591e-25
3.641200666854326328e-25
3.478832715812153139e-25
3.321364599814032903e-25
3.168721838500698245e-25
3.020828671781621751e-25
2.877610363351284587e-25
2.738991920957916007e-25
2.604898096403491967e-25
2.475253897436242179e-25
2.349984331804394976e-25
2.229014151309928153e-25
2.112268107754817669e-25
1.999671592806670649e-25
1.891149230294338011e-25
1.786626027966048779e-25
1.686026865596906015e-25
1.589276622962012095e-25
1.496300307809596272e-25
1.407022927887887336e-25
1.321369107025736438e-25
1.239264108917624055e-25
1.160632685365527294e-25
1.085399716144548990e-25
1.013490209002918049e-25
9.448290437157374208e-26
8.793411640446730344e-26
8.169515137513905880e-26
7.575849726109931460e-26
7.011664843851466365e-26
6.476209288489537796e-26
5.968733137506435971e-26
5.488485188653189236e-26
5.034714239680826513e-26
4.606670048138821978e-26
4.203601731711020020e-26
3.824758408081263881e-26
3.469389194933397947e-26
3.136743529884080356e-26
2.826070850549970963e-26
2.536619794715690955e-26
2.267640119930713935e-26
2.018380783912476845e-26
1.788090904344823212e-26
1.576020078810819480e-26
1.381417265027902304e-26
1.203531660663119220e-26
1.041612543366721780e-26
8.949092707721649666e-27
7.626708805800891596e-27
6.441466504407457640e-27
5.385858580043861851e-27
4.452376609464562429e-27
3.633513369172072710e-27
2.921761035794880256e-27
