# bb
1.134969352278858423e-06
2.270468485221499577e-06
3.785273065659566782e-06
5.680079084413591772e-06
7.955736691656056792e-06
1.061324928741669282e-05
1.365376738249324262e-05
1.707858064037282020e-05
2.088910150632727891e-05
2.508685793145559728e-05
2.967348336824215949e-05
3.465069312369450927e-05
4.002028799732215703e-05
4.578411608235910535e-05
5.194408367970027030e-05
5.850212255609221756e-05
6.546017539221793413e-05
7.282018486876040697e-05
8.058408275246620178e-05
8.875376079231500626e-05
9.733108163345605135e-05
1.063178133335895836e-04
1.157156948465853930e-04
1.255263341590762138e-04
1.357512519462034106e-04
1.463918888475745916e-04
1.574495108798146248e-04
1.689252967480570078e-04
1.808202796382829547e-04
1.931353035615757108e-04
2.058711106656119227e-04
2.190282975789159536e-04
2.326072280993685126e-04
2.466081932652741671e-04
2.610312658362090588e-04
2.758764021564275026e-04
2.911433693952858448e-04
3.068318183068186045e-04
3.229412250220775604e-04
3.394708910491317511e-04
3.564201178960502148e-04
3.737879451364278793e-04
3.915734414476901293e-04
4.097753844689577818e-04
4.283926391508430243e-04
4.474239540286362171e-04
4.668680194299668074e-04
4.867233510594815016e-04
5.069886683486402035e-04
5.276625161059200764e-04
5.487434100359678268e-04
5.702300113625824451e-04
5.921208648942410946e-04
6.144147482700645924e-04
6.371102645061910152e-04
6.602063076570630074e-04
6.837016553618013859e-04
7.075953762978315353e-04
7.318865391425788403e-04
7.565743871964514256e-04
7.816581637598574162e-04
8.071374613791704178e-04
8.330119890160858631e-04
8.592812810093164444e-04
8.859455701895058155e-04
9.130048565566539764e-04
9.404594893567264080e-04
9.683099924586713314e-04
9.965569479390978813e-04
1.025201170705258846e-03
1.054243883118033409e-03
1.083686132915318012e-03
1.113529317080974579e-03
1.143774832598865032e-03
1.174424658529460430e-03
1.205480657517910004e-03
1.236944459378719330e-03
1.268818625248968601e-03
1.301105367019772530e-03
1.333807129412889481e-03
1.366926357150077820e-03
1.400465844199061394e-03
1.434428384527564049e-03
1.468816655687987804e-03
1.503634033724665642e-03
1.538883079774677753e-03
1.574567053467035294e-03
1.610689447261393070e-03
1.647253055125474930e-03
1.684261485934257507e-03
1.721717882901430130e-03
1.759625622071325779e-03
1.797988079488277435e-03
1.836808980442583561e-03
1.876091235317289829e-03
1.915838685818016529e-03
1.956054940819740295e-03
1.996743027120828629e-03
2.037907019257545471e-03
2.079549944028258324e-03
2.121675759553909302e-03
2.164288191124796867e-03
2.207390498369932175e-03
2.250986639410257339e-03
2.295080106705427170e-03
2.339675091207027435e-03
2.384775318205356598e-03
2.430384512990713120e-03
2.476506866514682770e-03
2.523146569728851318e-03
2.570307347923517227e-03
2.617994090542197227e-03
2.666210755705833435e-03
2.714962232857942581e-03
2.764252712950110435e-03
2.814087551087141037e-03
2.864471403881907463e-03
2.915409393608570099e-03
2.966907108202576637e-03
3.018969204276800156e-03
3.071602201089262962e-03
3.124811220914125443e-03
3.178602783009409904e-03
3.232982708141207695e-03
3.287957282736897469e-03
3.343533258885145187e-03
3.399716923013329506e-03
3.456515725702047348e-03
3.513935953378677368e-03
3.571985522285103798e-03
3.630671650171279907e-03
3.690001321956515312e-03
3.749982221052050591e-03
3.810622729361057281e-03
3.871930064633488655e-03
3.933912608772516251e-03
3.996577113866806030e-03
4.059933591634035110e-03
4.123988095670938492e-03
4.188750404864549637e-03
4.254227504134178162e-03
4.320427309721708298e-03
4.387358669191598892e-03
4.455029033124446869e-03
4.523446317762136459e-03
4.592617508023977280e-03
4.662550985813140869e-03
4.733253270387649536e-03
4.804732277989387512e-03
4.876994993537664413e-03
4.950047004967927933e-03
5.023895762860774994e-03
5.098546389490365982e-03
5.174005869776010513e-03
5.250278860330581665e-03
5.327370949089527130e-03
5.405286792665719986e-03
5.484030582010746002e-03
5.563606508076190948e-03
5.644017830491065979e-03
5.725267808884382248e-03
5.807359702885150909e-03
5.890295840799808502e-03
5.974077153950929642e-03
6.058706436306238174e-03
6.144183222204446793e-03
6.230509839951992035e-03
6.317684892565011978e-03
6.405708845704793930e-03
6.494580768048763275e-03
6.584299262613058090e-03
6.674863863736391068e-03
6.766270846128463745e-03
6.858519278466701508e-03
6.951605435460805893e-03
7.045526988804340363e-03
7.140279281884431839e-03
7.235860452055931091e-03
7.332264445722103119e-03
7.429487537592649460e-03
7.527525071054697037e-03
7.626371458172798157e-03
7.726021576672792435e-03
7.826469838619232178e-03
7.927710190415382385e-03
8.029736578464508057e-03
8.132543414831161499e-03
8.236123248934745789e-03
8.340471424162387848e-03
8.445577695965766907e-03
8.551437407732009888e-03
8.658042177557945251e-03
8.765387348830699921e-03
8.873461745679378510e-03
8.982259780168533325e-03
9.091774001717567444e-03
9.201995097100734711e-03
9.312916547060012817e-03
9.424529969692230225e-03
9.536826051771640778e-03
9.649798274040222168e-03
9.763435460627079010e-03
9.877732023596763611e-03
9.992675855755805969e-03
1.010826043784618378e-02
1.022447645664215088e-02
1.034131273627281189e-02
1.045876089483499527e-02
1.057681161910295486e-02
1.069545373320579529e-02
1.081467699259519577e-02
1.093447301536798477e-02
1.105482876300811768e-02
1.117573305964469910e-02
1.129717659205198288e-02
1.141914632171392441e-02
1.154162921011447906e-02
1.166461501270532608e-02
1.178809069097042084e-02
1.191204320639371872e-02
1.203645765781402588e-02
1.216132286936044693e-02
1.228662207722663879e-02
1.241234224289655685e-02
1.253846753388643265e-02
1.266498491168022156e-02
1.279187668114900589e-02
1.291912700980901718e-02
1.304672006517648697e-02
1.317463908344507217e-02
1.330286636948585510e-02
1.343138329684734344e-02
1.356017403304576874e-02
1.368921995162963867e-02
1.381850335747003555e-02
1.394800283014774323e-02
1.407770067453384399e-02
1.420757733285427094e-02
1.433761324733495712e-02
1.446778886020183563e-02
1.459808368235826492e-02
1.472847815603017807e-02
1.485895179212093353e-02
1.498948317021131516e-02
1.512005366384983063e-02
1.525063998997211456e-02
1.538122352212667465e-02
1.551178470253944397e-02
1.564230024814605713e-02
1.577275060117244720e-02
1.590311713516712189e-02
1.603337563574314117e-02
1.616351120173931122e-02
1.629349961876869202e-02
1.642332412302494049e-02
1.655296236276626587e-02
1.668239757418632507e-02
1.681160926818847656e-02
1.694057881832122803e-02
1.706928946077823639e-02
1.719772256910800934e-02
1.732585951685905457e-02
1.745368354022502899e-02
1.758117787539958954e-02
1.770832575857639313e-02
1.783511228859424591e-02
1.796152070164680481e-02
1.808753423392772675e-02
1.821313984692096710e-02
1.833832263946533203e-02
1.846306957304477692e-02
1.858736574649810791e-02
1.871119812130928040e-02
1.883455179631710052e-02
1.895741745829582214e-02
1.907978206872940063e-02
1.920163258910179138e-02
1.932295970618724823e-02
1.944374851882457733e-02
1.956399157643318176e-02
1.968367956578731537e-02
1.980279758572578430e-02
1.992134004831314087e-02
2.003929391503334045e-02
2.015665359795093536e-02
2.027340792119503021e-02
2.038954757153987885e-02
2.050506509840488434e-02
2.061994932591915131e-02
2.073419652879238129e-02
2.084779553115367889e-02
2.096073888242244720e-02
2.107302099466323853e-02
2.118463069200515747e-02
2.129556238651275635e-02
2.140580862760543823e-02
2.151536382734775543e-02
2.162422053515911102e-02
2.173237316310405731e-02
2.183981239795684814e-02
2.194653265178203583e-02
2.205253019928932190e-02
2.215779758989810944e-02
2.226232923567295074e-02
2.236611768603324890e-02
2.246916294097900391e-02
2.257145568728446960e-02
2.267299219965934753e-02
2.277376875281333923e-02
2.287378348410129547e-02
2.297302708029747009e-02
2.307150140404701233e-02
2.316920273005962372e-02
2.326612733304500580e-02
2.336227335035800934e-02
2.345764078199863434e-02
2.355222590267658234e-02
2.364603057503700256e-02
2.373905293643474579e-02
2.383129484951496124e-02
2.392275445163249969e-02
2.401343546807765961e-02
2.410334162414073944e-02
2.419247291982173920e-02
2.428083308041095734e-02
2.436842769384384155e-02
2.445525862276554108e-02
2.454133331775665283e-02
2.462665550410747528e-02
2.471123449504375458e-02
2.479507401585578918e-02
2.487818524241447449e-02
2.496057562530040741e-02
2.504225075244903564e-02
2.512322552502155304e-02
2.520350553095340729e-02
2.528310380876064301e-02
2.536203153431415558e-02
2.544030174612998962e-02
2.551792562007904053e-02
2.559491433203220367e-02
2.567128650844097137e-02
2.574705332517623901e-02
2.582222782075405121e-02
2.589682675898075104e-02
2.597086504101753235e-02
2.604435756802558899e-02
2.611732296645641327e-02
2.618977427482604980e-02
2.626173011958599091e-02
2.633320540189743042e-02
2.640422061085700989e-02
2.647479064762592316e-02
2.654493227601051331e-02
2.661466784775257111e-02
2.668400667607784271e-02
2.675297670066356659e-02
2.682158537209033966e-02
2.688986063003540039e-02
2.695781551301479340e-02
2.702546678483486176e-02
2.709283307194709778e-02
2.715993486344814301e-02
2.722678706049919128e-02
2.729341015219688416e-02
2.735981903970241547e-02
2.742603234946727753e-02
2.749207057058811188e-02
2.755794674158096313e-02
2.762367948889732361e-02
2.768928557634353638e-02
2.775478549301624298e-02
2.782019041478633881e-02
2.788552269339561462e-02
2.795079536736011505e-02
2.801602706313133240e-02
2.808123454451560974e-02
2.814643085002899170e-02
2.821163833141326904e-02
2.827686630189418793e-02
2.834213897585868835e-02
2.840746566653251648e-02
2.847286500036716461e-02
2.853835374116897583e-02
2.860394865274429321e-02
2.866966091096401215e-02
2.873551286756992340e-02
2.880151942372322083e-02
2.886769548058509827e-02
2.893405780196189880e-02
2.900061942636966705e-02
2.906740456819534302e-02
2.913442067801952362e-02
2.920168824493885040e-02
2.926922775804996490e-02
2.933704666793346405e-02
2.940516732633113861e-02
2.947360649704933167e-02
2.954238094389438629e-02
2.961150556802749634e-02
2.968099713325500488e-02
2.975087426602840424e-02
2.982115373015403748e-02
2.989184856414794922e-02
2.996298111975193024e-02
3.003456443548202515e-02
3.010661713778972626e-02
3.017915226519107819e-02
3.025219030678272247e-02
3.032574616372585297e-02
3.039983473718166351e-02
3.047447279095649719e-02
3.054967895150184631e-02
3.062546253204345703e-02
3.070184588432312012e-02
3.077883832156658173e-02
3.085645660758018494e-02
3.093471936881542206e-02
3.101363033056259155e-02
3.109321370720863342e-02
3.117347694933414459e-02
3.125443309545516968e-02
3.133609518408775330e-02
3.141847252845764160e-02
3.150158002972602844e-02
3.158542886376380920e-02
3.167002275586128235e-02
3.175537660717964172e-02
3.184149786829948425e-02
3.192839026451110840e-02
3.201606869697570801e-02
3.210453689098358154e-02
3.219379857182502747e-02
3.228386119008064270e-02
3.237472847104072571e-02
3.246641159057617188e-02
3.255889937281608582e-02
3.265221044421195984e-02
3.274633735418319702e-02
3.284128010272979736e-02
3.293704986572265625e-02
3.303363919258117676e-02
3.313104808330535889e-02
3.322927653789520264e-02
3.332832083106040955e-02
3.342818468809127808e-02
3.352886065840721130e-02
3.363034501671791077e-02
3.373263776302337646e-02
3.383572772145271301e-02
3.393962234258651733e-02
3.404429927468299866e-02
3.414976969361305237e-02
3.425601497292518616e-02
3.436303511261940002e-02
3.447082266211509705e-02
3.457936644554138184e-02
3.468866646289825439e-02
3.479870781302452087e-02
3.490948677062988281e-02
3.502098843455314636e-02
3.513321280479431152e-02
3.524614498019218445e-02
3.535978123545646667e-02
3.547410666942596436e-02
3.558911383152008057e-02
3.570479527115821838e-02
3.582113981246948242e-02
3.593813255429267883e-02
3.605576977133750916e-02
3.617403283715248108e-02
3.629292175173759460e-02
3.641242161393165588e-02
3.653251752257347107e-02
3.665319830179214478e-02
3.677446022629737854e-02
3.689628466963768005e-02
3.701866418123245239e-02
3.714158013463020325e-02
3.726502880454063416e-02
3.738899156451225281e-02
3.751346096396446228e-02
3.763841465115547180e-02
3.776384890079498291e-02
3.788974508643150330e-02
3.801609203219413757e-02
3.814287483692169189e-02
3.827007487416267395e-02
3.839768096804618835e-02
3.852568194270133972e-02
3.865405544638633728e-02
3.878279030323028564e-02
3.891186416149139404e-02
3.904126584529876709e-02
3.917097672820091248e-02
3.930097818374633789e-02
3.943125531077384949e-02
3.956178575754165649e-02
3.969255462288856506e-02
3.982353955507278442e-02
3.995472565293312073e-02
4.008609056472778320e-02
4.021761193871498108e-02
4.034927114844322205e-02
4.048104584217071533e-02
4.061291739344596863e-02
4.074486345052719116e-02
4.087686166167259216e-02
4.100888967514038086e-02
4.114092886447906494e-02
4.127295315265655518e-02
4.140493646264076233e-02
4.153686016798019409e-02
4.166870191693305969e-02
4.180043563246726990e-02
4.193204268813133240e-02
4.206349700689315796e-02
4.219476878643035889e-02
4.232584685087203979e-02
4.245669767260551453e-02
4.258730262517929077e-02
4.271763563156127930e-02
4.284767806529998779e-02
4.297740384936332703e-02
4.310679063200950623e-02
4.323581606149673462e-02
4.336445778608322144e-02
4.349269345402717590e-02
4.362049698829650879e-02
4.374785348773002625e-02
4.387474432587623596e-02
4.400113597512245178e-02
4.412701725959777832e-02
4.425236955285072327e-02
4.437716677784919739e-02
4.450139403343200684e-02
4.462502896785736084e-02
4.474805295467376709e-02
4.487045481801033020e-02
4.499220848083496094e-02
4.511329904198646545e-02
4.523371160030364990e-02
4.535342752933502197e-02
4.547243192791938782e-02
4.559070989489555359e-02
4.570824280381202698e-02
4.582501947879791260e-02
4.594102501869201660e-02
4.605624452233314514e-02
4.617066308856010437e-02
4.628427326679229736e-02
4.639705643057823181e-02
4.650900140404701233e-02
4.662009701132774353e-02
4.673032835125923157e-02
4.683968797326087952e-02
4.694816470146179199e-02
4.705574363470077515e-02
4.716241732239723206e-02
4.726817458868026733e-02
4.737300425767898560e-02
4.747690260410308838e-02
4.757984727621078491e-02
4.768183827400207520e-02
4.778286442160606384e-02
4.788292199373245239e-02
4.798199236392974854e-02
4.808006808161735535e-02
4.817714914679527283e-02
4.827322065830230713e-02
4.836827889084815979e-02
4.846231266856193542e-02
4.855531454086303711e-02
4.864728078246116638e-02
4.873820021748542786e-02
4.882807284593582153e-02
4.891688376665115356e-02
4.900463297963142395e-02
4.909130930900573730e-02
4.917691275477409363e-02
4.926143586635589600e-02
4.934487491846084595e-02
4.942721873521804810e-02
4.950847476720809937e-02
4.958862811326980591e-02
4.966768249869346619e-02
4.974563047289848328e-02
4.982247576117515564e-02
4.989821091294288635e-02
4.997283592820167542e-02
5.004635080695152283e-02
5.011875182390213013e-02
5.019004270434379578e-02
5.026022344827651978e-02
5.032929778099060059e-02
5.039725825190544128e-02
5.046411976218223572e-02
5.052987486124038696e-02
5.059453099966049194e-02
5.065809190273284912e-02
5.072056502103805542e-02
5.078195407986640930e-02
5.084226280450820923e-02
5.090149864554405212e-02
5.095967650413513184e-02
5.101679265499114990e-02
5.107286199927330017e-02
5.112789198756217957e-02
5.118189379572868347e-02
5.123487487435340881e-02
5.128685012459754944e-02
5.133782699704170227e-02
5.138782039284706116e-02
5.143684521317481995e-02
5.148490518331527710e-02
5.153202265501022339e-02
5.157820507884025574e-02
5.162347480654716492e-02
5.166784301400184631e-02
5.171131715178489685e-02
5.175392329692840576e-02
5.179567262530326843e-02
5.183658376336097717e-02
5.187667161226272583e-02
5.191595107316970825e-02
5.195444077253341675e-02
5.199215933680534363e-02
5.202912539243698120e-02
5.206534639000892639e-02
5.210085585713386536e-02
5.213565751910209656e-02
5.216977745294570923e-02
5.220323055982589722e-02
5.223603546619415283e-02
5.226821452379226685e-02
5.229977518320083618e-02
5.233074724674224854e-02
5.236114189028739929e-02
5.239098146557807922e-02
5.242028087377548218e-02
5.244905874133110046e-02
5.247733741998672485e-02
5.250512808561325073e-02
5.253245308995246887e-02
5.255933105945587158e-02
5.258577689528465271e-02
5.261181294918060303e-02
5.263745412230491638e-02
5.266271531581878662e-02
5.268762260675430298e-02
5.271218717098236084e-02
5.273643136024475098e-02
5.276036635041236877e-02
5.278401449322700500e-02
5.280739441514015198e-02
5.283052846789360046e-02
5.285342037677764893e-02
5.287609994411468506e-02
5.289858207106590271e-02
5.292088538408279419e-02
5.294302105903625488e-02
5.296501889824867249e-02
5.298688635230064392e-02
5.300865322351455688e-02
5.303032323718070984e-02
5.305192619562149048e-02
5.307347327470779419e-02
5.309499427676200867e-02
5.311648920178413391e-02
5.313799157738685608e-02
5.315950885415077209e-02
5.318107455968856812e-02
5.320269614458084106e-02
5.322439223527908325e-02
5.324618518352508545e-02
5.326809361577033997e-02
5.329013615846633911e-02
5.331233143806457520e-02
5.333469435572624207e-02
5.335724726319313049e-02
5.338000878691673279e-02
5.340300127863883972e-02
5.342623591423034668e-02
5.344973877072334290e-02
5.347351729869842529e-02
5.349759384989738464e-02
5.352199822664260864e-02
5.354673042893409729e-02
5.357181653380393982e-02
5.359727889299392700e-02
5.362312495708465576e-02
5.364936962723731995e-02
5.367603898048400879e-02
5.370314419269561768e-02
5.373070016503334045e-02
5.375872179865837097e-02
5.378723144531250000e-02
5.381623655557632446e-02
5.384574830532073975e-02
5.387578532099723816e-02
5.390636622905731201e-02
5.393749102950096130e-02
5.396917462348937988e-02
5.400143563747406006e-02
5.403427779674530029e-02
5.406771972775459290e-02
5.410176888108253479e-02
5.413642898201942444e-02
5.417171120643615723e-02
5.420763418078422546e-02
5.424419045448303223e-02
5.428139120340347290e-02
5.431925132870674133e-02
5.435777455568313599e-02
5.439696088433265686e-02
5.443681776523590088e-02
5.447735264897346497e-02
5.451856181025505066e-02
5.456046387553215027e-02
5.460304766893386841e-02
5.464632064104080200e-02
5.469029396772384644e-02
5.473495274782180786e-02
5.478030815720558167e-02
5.482636019587516785e-02
5.487310513854026794e-02
5.492055416107177734e-02
5.496869236230850220e-02
5.501752346754074097e-02
5.506705492734909058e-02
5.511728674173355103e-02
5.516820028424263000e-02
5.521980300545692444e-02
5.527208745479583740e-02
5.532506853342056274e-02
5.537872388958930969e-02
5.543305724859237671e-02
5.548806861042976379e-02
5.554374307394027710e-02
5.560008808970451355e-02
5.565709620714187622e-02
5.571475997567176819e-02
5.577307939529418945e-02
5.583204329013824463e-02
5.589165911078453064e-02
5.595190078020095825e-02
5.601277574896812439e-02
5.607427656650543213e-02
5.613639578223228455e-02
5.619913339614868164e-02
5.626247450709342957e-02
5.632640421390533447e-02
5.639093369245529175e-02
5.645604431629180908e-02
5.652173236012458801e-02
5.658797919750213623e-02
5.665479600429534912e-02
5.672215297818183899e-02
5.679005756974220276e-02
5.685848742723464966e-02
5.692744255065917969e-02
5.699690803885459900e-02
5.706686899065971375e-02
5.713732168078422546e-02
5.720825493335723877e-02
5.727965384721755981e-02
5.735150352120399475e-02
5.742380023002624512e-02
5.749651789665222168e-02
5.756966024637222290e-02
5.764320492744445801e-02
5.771712958812713623e-02
5.779143050312995911e-02
5.786609277129173279e-02
5.794109776616096497e-02
5.801643431186676025e-02
5.809208005666732788e-02
5.816802382469177246e-02
5.824424698948860168e-02
5.832073092460632324e-02
5.839746072888374329e-02
5.847442150115966797e-02
5.855158343911170959e-02
5.862894654273986816e-02
5.870647728443145752e-02
5.878416821360588074e-02
5.886199325323104858e-02
5.893993005156517029e-02
5.901796743273735046e-02
5.909607931971549988e-02
5.917425453662872314e-02
5.925246328115463257e-02
5.933069810271263123e-02
5.940892174839973450e-02
5.948712676763534546e-02
5.956528708338737488e-02
5.964338779449462891e-02
5.972140654921531677e-02
5.979932472109794617e-02
5.987711995840072632e-02
5.995476618409156799e-02
6.003224849700927734e-02
6.010955944657325745e-02
6.018665805459022522e-02
6.026353687047958374e-02
6.034016981720924377e-02
6.041654944419860840e-02
6.049264222383499146e-02
6.056842952966690063e-02
6.064390018582344055e-02
6.071903556585311890e-02
6.079381331801414490e-02
6.086821854114532471e-02
6.094222888350486755e-02
6.101582944393157959e-02
6.108900159597396851e-02
6.116172671318054199e-02
6.123398616909980774e-02
6.130576878786087036e-02
6.137705221772193909e-02
6.144782155752182007e-02
6.151805818080902100e-02
6.158775091171264648e-02
6.165688112378120422e-02
6.172543391585350037e-02
6.179339438676834106e-02
6.186074391007423401e-02
6.192747130990028381e-02
6.199355423450469971e-02
6.205899268388748169e-02
6.212376058101654053e-02
6.218785047531127930e-02
6.225124001502990723e-02
6.231392174959182739e-02
6.237588450312614441e-02
6.243710219860076904e-02
6.249757111072540283e-02
6.255728751420974731e-02
6.261622160673141479e-02
6.267436593770980835e-02
6.273171305656433105e-02
6.278824061155319214e-02
6.284394860267639160e-02
6.289881467819213867e-02
6.295282393693923950e-02
6.300599128007888794e-02
6.305827200412750244e-02
6.310967355966567993e-02
6.316017359495162964e-02
6.320977956056594849e-02
6.325845420360565186e-02
6.330621987581253052e-02
6.335303932428359985e-02
6.339891254901885986e-02
6.344382464885711670e-02
6.348778307437896729e-02
6.353075802326202393e-02
6.357275694608688354e-02
6.361375749111175537e-02
6.365375965833663940e-02
6.369275599718093872e-02
6.373074650764465332e-02
6.376770138740539551e-02
6.380363553762435913e-02
6.383853405714035034e-02
6.387239694595336914e-02
6.390520930290222168e-02
6.393697857856750488e-02
6.396768987178802490e-02
6.399734318256378174e-02
6.402593106031417847e-02
6.405345350503921509e-02
6.407991051673889160e-02
6.410529464483261108e-02
6.412961333990097046e-02
6.415285915136337280e-02
6.417501717805862427e-02
6.419611722230911255e-02
6.421614438295364380e-02
6.423509120941162109e-02
6.425296515226364136e-02
6.426976621150970459e-02
6.428550928831100464e-02
6.430018693208694458e-02
6.431379914283752441e-02
6.432635337114334106e-02
6.433786451816558838e-02
6.434831023216247559e-02
6.435772031545639038e-02
6.436609476804733276e-02
6.437343358993530273e-02
6.437973678112030029e-02
6.438503414392471313e-02
6.438931077718734741e-02
6.439258903264999390e-02
6.439486145973205566e-02
6.439615041017532349e-02
6.439645588397979736e-02
6.439579278230667114e-02
6.439416855573654175e-02
6.439157575368881226e-02
6.438805162906646729e-02
6.438359618186950684e-02
6.437821686267852783e-02
6.437192112207412720e-02
6.436472386121749878e-02
6.435663998126983643e-02
6.434766948223114014e-02
6.433782726526260376e-02
6.432713568210601807e-02
6.431559473276138306e-02
6.430321931838989258e-02
6.429001688957214355e-02
6.427601724863052368e-02
6.426121294498443604e-02
6.424561887979507446e-02
6.422925740480422974e-02
6.421212852001190186e-02
6.419426202774047852e-02
6.417566537857055664e-02
6.415633857250213623e-02
6.413630396127700806e-02
6.411557644605636597e-02
6.409416347742080688e-02
6.407208740711212158e-02
6.404935568571090698e-02
6.402599066495895386e-02
6.400198489427566528e-02
6.397737562656402588e-02
6.395217031240463257e-02
6.392637640237808228e-02
6.390000879764556885e-02
6.387308984994888306e-02
6.384563446044921875e-02
6.381765007972717285e-02
6.378915160894393921e-02
6.376015394926071167e-02
6.373068690299987793e-02
6.370075047016143799e-02
6.367035955190658569e-02
6.363953649997711182e-02
6.360829621553421021e-02
6.357665359973907471e-02
6.354462355375289917e-02
6.351222097873687744e-02
6.347946822643280029e-02
6.344637274742126465e-02
6.341294944286346436e-02
6.337922811508178711e-02
6.334520876407623291e-02
6.331092864274978638e-02
6.327638775110244751e-02
6.324160844087600708e-02
6.320661306381225586e-02
6.317140907049179077e-02
6.313600391149520874e-02
6.310044229030609131e-02
6.306472420692443848e-02
6.302887201309204102e-02
6.299289315938949585e-02
6.295680999755859375e-02
6.292064487934112549e-02
6.288440525531768799e-02
6.284811347723007202e-02
6.281179189682006836e-02
6.277544796466827393e-02
6.273909658193588257e-02
6.270276010036468506e-02
6.266645342111587524e-02
6.263018399477005005e-02
6.259398162364959717e-02
6.255786120891571045e-02
6.252182275056838989e-02
6.248590350151062012e-02
6.245009973645210266e-02
6.241443008184432983e-02
6.237891688942909241e-02
6.234356760978698730e-02
6.230840086936950684e-02
6.227342784404754639e-02
6.223865970969200134e-02
6.220411509275436401e-02
6.216980516910552979e-02
6.213574111461639404e-02
6.210193410515785217e-02
6.206839531660079956e-02
6.203514337539672852e-02
6.200218573212623596e-02
6.196953728795051575e-02
6.193720176815986633e-02
6.190519034862518311e-02
6.187352165579795837e-02
6.184219941496849060e-02
6.181123107671737671e-02
6.178063526749610901e-02
6.175041571259498596e-02
6.172057986259460449e-02
6.169113516807556152e-02
6.166210025548934937e-02
6.163346767425537109e-02
6.160525605082511902e-02
6.157747283577919006e-02
6.155012175440788269e-02
6.152321398258209229e-02
6.149674579501152039e-02
6.147073954343795776e-02
6.144518777728080750e-02
6.142011284828186035e-02
6.139549985527992249e-02
6.137137487530708313e-02
6.134772673249244690e-02
6.132457032799720764e-02
6.130190938711166382e-02
6.127974763512611389e-02
6.125808879733085632e-02
6.123694032430648804e-02
6.121629849076271057e-02
6.119617819786071777e-02
6.117658317089080811e-02
6.115750223398208618e-02
6.113895401358604431e-02
6.112093850970268250e-02
6.110345572233200073e-02
6.108650937676429749e-02
6.107009947299957275e-02
6.105423346161842346e-02
6.103890389204025269e-02
6.102412566542625427e-02
6.100989505648612976e-02
6.099620461463928223e-02
6.098306924104690552e-02
6.097047775983810425e-02
6.095843762159347534e-02
6.094694882631301880e-02
6.093600392341613770e-02
6.092561408877372742e-02
6.091576814651489258e-02
6.090646982192993164e-02
6.089771538972854614e-02
6.088950112462043762e-02
6.088183447718620300e-02
6.087470427155494690e-02
6.086810678243637085e-02
6.086204573512077332e-02
6.085651367902755737e-02
6.085150688886642456e-02
6.084702163934707642e-02
6.084305420517921448e-02
6.083959341049194336e-02
6.083664670586585999e-02
6.083419919013977051e-02
6.083224341273307800e-02
6.083077564835548401e-02
6.082979217171669006e-02
6.082928925752639771e-02
6.082925200462341309e-02
6.082967296242713928e-02
6.083054840564727783e-02
6.083186343312263489e-02
6.083362177014350891e-02
6.083580479025840759e-02
6.083840504288673401e-02
6.084141880273818970e-02
6.084483116865158081e-02
6.084863096475601196e-02
6.085281074047088623e-02
6.085736304521560669e-02
6.086227297782897949e-02
6.086752936244010925e-02
6.087312474846839905e-02
6.087904796004295349e-02
6.088527664542198181e-02
6.089181825518608093e-02
6.089865416288375854e-02
6.090576574206352234e-02
6.091314926743507385e-02
6.092078983783721924e-02
6.092867255210876465e-02
6.093678995966911316e-02
6.094512343406677246e-02
6.095367297530174255e-02
6.096241623163223267e-02
6.097134202718734741e-02
6.098044291138648987e-02
6.098969653248786926e-02
6.099910661578178406e-02
6.100864335894584656e-02
6.101830303668975830e-02
6.102807074785232544e-02
6.103793531656265259e-02
6.104788556694984436e-02
6.105791404843330383e-02
6.106799840927124023e-02
6.107812374830245972e-02
6.108829006552696228e-02
6.109848245978355408e-02
6.110867857933044434e-02
6.111887469887733459e-02
6.112905964255332947e-02
6.113921105861663818e-02
6.114932894706726074e-02
6.115939840674400330e-02
6.116940081119537354e-02
6.117932498455047607e-02
6.118916347622871399e-02
6.119890883564949036e-02
6.120853126049041748e-02
6.121803820133209229e-02
6.122741103172302246e-02
6.123663112521171570e-02
6.124569475650787354e-02
6.125458702445030212e-02
6.126329302787780762e-02
6.127180904150009155e-02
6.128011271357536316e-02
6.128820031881332397e-02
6.129606068134307861e-02
6.130367890000343323e-02
6.131104379892349243e-02
6.131814420223236084e-02
6.132496148347854614e-02
6.133149936795234680e-02
6.133773177862167358e-02
6.134365499019622803e-02
6.134926155209541321e-02
6.135452911257743835e-02
6.135945394635200500e-02
6.136402115225791931e-02
6.136823445558547974e-02
6.137206032872200012e-02
6.137549877166748047e-02
6.137854233384132385e-02
6.138117983937263489e-02
6.138339638710021973e-02
6.138518452644348145e-02
6.138653308153152466e-02
6.138743087649345398e-02
6.138787791132926941e-02
6.138785183429718018e-02
6.138734892010688782e-02
6.138636171817779541e-02
6.138488277792930603e-02
6.138289347290992737e-02
6.138039380311965942e-02
6.137738004326820374e-02
6.137383729219436646e-02
6.136975064873695374e-02
6.136513128876686096e-02
6.135994940996170044e-02
6.135422363877296448e-02
6.134792044758796692e-02
6.134105473756790161e-02
6.133360788226127625e-02
6.132558360695838928e-02
6.131696701049804688e-02
6.130775809288024902e-02
6.129794940352439880e-02
6.128753349184989929e-02
6.127651780843734741e-02
6.126488745212554932e-02
6.125263869762420654e-02
6.123976409435272217e-02
6.122627481818199158e-02
6.121215969324111938e-02
6.119741126894950867e-02
6.118202582001686096e-02
6.116601452231407166e-02
6.114936619997024536e-02
6.113208085298538208e-02
6.111415475606918335e-02
6.109559163451194763e-02
6.107638031244277954e-02
6.105653569102287292e-02
6.103604659438133240e-02
6.101490929722785950e-02
6.099313870072364807e-02
6.097072362899780273e-02
6.094766780734062195e-02
6.092397123575210571e-02
6.089963018894195557e-02
6.087465211749076843e-02
6.084904074668884277e-02
6.082279235124588013e-02
6.079591065645217896e-02
6.076839938759803772e-02
6.074025481939315796e-02
6.071149185299873352e-02
6.068209558725357056e-02
6.065207719802856445e-02
6.062144786119461060e-02
6.059019640088081360e-02
6.055834144353866577e-02
6.052586808800697327e-02
6.049279868602752686e-02
6.045912206172943115e-02
6.042485684156417847e-02
6.038999184966087341e-02
6.035454198718070984e-02
6.031851097941398621e-02
6.028189882636070251e-02
6.024470925331115723e-02
6.020695716142654419e-02
6.016863882541656494e-02
6.012976169586181641e-02
6.009033322334289551e-02
6.005036085844039917e-02
6.000984087586402893e-02
5.996879190206527710e-02
5.992721766233444214e-02
5.988511443138122559e-02
5.984250083565711975e-02
5.979937687516212463e-02
5.975575000047683716e-02
5.971163138747215271e-02
5.966703221201896667e-02
5.962194502353668213e-02
5.957639217376708984e-02
5.953037366271018982e-02
5.948390066623687744e-02
5.943698436021804810e-02
5.938962474465370178e-02
5.934183299541473389e-02
5.929362401366233826e-02
5.924499779939651489e-02
5.919597297906875610e-02
5.914655327796936035e-02
5.909674614667892456e-02
5.904656648635864258e-02
5.899602547287940979e-02
5.894512310624122620e-02
5.889387428760528564e-02
5.884229019284248352e-02
5.879038199782371521e-02
5.873814970254898071e-02
5.868561565876007080e-02
5.863279476761817932e-02
5.857968330383300781e-02
5.852629989385604858e-02
5.847264453768730164e-02
5.841874703764915466e-02
5.836460366845130920e-02
5.831023305654525757e-02
5.825563520193099976e-02
5.820083618164062500e-02
5.814583599567413330e-02
5.809064581990242004e-02
5.803528055548667908e-02
5.797975137829780579e-02
5.792406573891639709e-02
5.786823853850364685e-02
5.781227722764015198e-02
5.775619298219680786e-02
5.770000442862510681e-02
5.764371156692504883e-02
5.758732929825782776e-02
5.753086879849433899e-02
5.747434496879577637e-02
5.741775780916213989e-02
5.736112594604492188e-02
5.730446428060531616e-02
5.724777281284332275e-02
5.719106644392013550e-02
5.713435262441635132e-02
5.707764625549316406e-02
5.702095851302146912e-02
5.696429684758186340e-02
5.690766498446464539e-02
5.685108155012130737e-02
5.679455772042274475e-02
5.673808977007865906e-02
5.668169632554054260e-02
5.662539601325988770e-02
5.656918138265609741e-02
5.651306360960006714e-02
5.645706877112388611e-02
5.640118941664695740e-02
5.634543299674987793e-02
5.628982186317443848e-02
5.623435601592063904e-02
5.617903918027877808e-02
5.612389743328094482e-02
5.606891587376594543e-02
5.601411685347557068e-02
5.595950409770011902e-02
5.590509623289108276e-02
5.585088208317756653e-02
5.579688400030136108e-02
5.574310570955276489e-02
5.568955093622207642e-02
5.563623085618019104e-02
5.558315292000770569e-02
5.553031712770462036e-02
5.547774583101272583e-02
5.542542785406112671e-02
5.537338554859161377e-02
5.532161518931388855e-02
5.527012422680854797e-02
5.521892011165618896e-02
5.516801029443740845e-02
5.511740595102310181e-02
5.506710708141326904e-02
5.501711741089820862e-02
5.496744066476821899e-02
5.491809174418449402e-02
5.486907064914703369e-02
5.482038483023643494e-02
5.477203056216239929e-02
5.472402274608612061e-02
5.467636138200759888e-02
5.462904646992683411e-02
5.458210036158561707e-02
5.453550070524215698e-02
5.448927357792854309e-02
5.444340780377388000e-02
5.439791828393936157e-02
5.435280129313468933e-02
5.430806055665016174e-02
5.426370352506637573e-02
5.421972274780273438e-02
5.417613685131072998e-02
5.413293093442916870e-02
5.409011617302894592e-02
5.404770001769065857e-02
5.400567129254341125e-02
5.396404117345809937e-02
5.392280593514442444e-02
5.388196930289268494e-02
5.384152755141258240e-02
5.380148813128471375e-02
5.376184731721878052e-02
5.372260510921478271e-02
5.368376523256301880e-02
5.364532396197319031e-02
5.360728129744529724e-02
5.356963351368904114e-02
5.353239178657531738e-02
5.349554121494293213e-02
5.345909297466278076e-02
5.342303216457366943e-02
5.338736623525619507e-02
5.335209518671035767e-02
5.331721156835556030e-02
5.328271165490150452e-02
5.324859544634819031e-02
5.321486294269561768e-02
5.318151414394378662e-02
5.314853787422180176e-02
5.311594158411026001e-02
5.308370664715766907e-02
5.305184423923492432e-02
5.302034690976142883e-02
5.298921093344688416e-02
5.295842513442039490e-02
5.292798951268196106e-02
5.289790779352188110e-02
5.286817625164985657e-02
5.283877253532409668e-02
5.280971154570579529e-02
5.278097465634346008e-02
5.275256931781768799e-02
5.272448062896728516e-02
5.269670858979225159e-02
5.266924947500228882e-02
5.264209210872650146e-02
5.261523649096488953e-02
5.258867889642715454e-02
5.256240442395210266e-02
5.253641679883003235e-02
5.251070857048034668e-02
5.248526483774185181e-02
5.246009305119514465e-02
5.243517830967903137e-02
5.241051688790321350e-02
5.238610506057739258e-02
5.236193165183067322e-02
5.233799293637275696e-02
5.231428146362304688e-02
5.229078978300094604e-02
5.226751789450645447e-02
5.224444717168807983e-02
5.222158506512641907e-02
5.219891294836997986e-02
5.217642709612846375e-02
5.215412378311157227e-02
5.213199183344841003e-02
5.211002752184867859e-02
5.208822339773178101e-02
5.206656828522682190e-02
5.204506218433380127e-02
5.202369019389152527e-02
5.200244486331939697e-02
5.198132619261741638e-02
5.196031928062438965e-02
5.193942412734031677e-02
5.191862210631370544e-02
5.189791694283485413e-02
5.187729746103286743e-02
5.185675248503684998e-02
5.183627456426620483e-02
5.181585997343063354e-02
5.179549753665924072e-02
5.177518352866172791e-02
5.175491049885749817e-02
5.173466354608535767e-02
5.171443894505500793e-02
5.169422924518585205e-02
5.167402699589729309e-02
5.165382474660873413e-02
5.163361132144927979e-02
5.161338672041893005e-02
5.159313231706619263e-02
5.157284811139106750e-02
5.155253037810325623e-02
5.153216049075126648e-02
5.151173472404479980e-02
5.149124562740325928e-02
5.147068947553634644e-02
5.145005509257316589e-02
5.142933502793312073e-02
5.140852183103561401e-02
5.138760805130004883e-02
5.136658996343612671e-02
5.134545639157295227e-02
5.132419988512992859e-02
5.130281299352645874e-02
5.128129199147224426e-02
5.125962570309638977e-02
5.123781412839889526e-02
5.121583864092826843e-02
5.119370296597480774e-02
5.117139592766761780e-02
5.114891380071640015e-02
5.112624913454055786e-02
5.110339075326919556e-02
5.108033493161201477e-02
5.105707794427871704e-02
5.103361234068870544e-02
5.100993439555168152e-02
5.098602920770645142e-02
5.096190422773361206e-02
5.093754455447196960e-02
5.091294646263122559e-02
5.088810622692108154e-02
5.086301639676094055e-02
5.083767324686050415e-02
5.081206932663917542e-02
5.078620091080665588e-02
5.076006427407264709e-02
5.073365569114685059e-02
5.070696771144866943e-02
5.068000033497810364e-02
5.065274238586425781e-02
5.062519386410713196e-02
5.059734731912612915e-02
5.056920647621154785e-02
5.054076388478279114e-02
5.051200836896896362e-02
5.048294365406036377e-02
5.045356974005699158e-02
5.042387917637825012e-02
5.039386451244354248e-02
5.036352947354316711e-02
5.033286660909652710e-02
5.030187964439392090e-02
5.027055367827415466e-02
5.023889988660812378e-02
5.020691081881523132e-02
5.017458274960517883e-02
5.014191195368766785e-02
5.010890588164329529e-02
5.007554963231086731e-02
5.004185065627098083e-02
5.000780895352363586e-02
4.997341334819793701e-02
4.993867129087448120e-02
4.990357905626296997e-02
4.986813664436340332e-02
4.983234032988548279e-02
4.979619383811950684e-02
4.975969716906547546e-02
4.972284287214279175e-02
4.968563094735145569e-02
4.964807257056236267e-02
4.961016029119491577e-02
4.957189038395881653e-02
4.953327029943466187e-02
4.949429631233215332e-02
4.945496842265129089e-02
4.941529035568237305e-02
4.937526211142539978e-02
4.933488368988037109e-02
4.929415509104728699e-02
4.925308004021644592e-02
4.921165853738784790e-02
4.916989058256149292e-02
4.912777990102767944e-02
4.908532649278640747e-02
4.904253408312797546e-02
4.899940639734268188e-02
4.895593598484992981e-02
4.891213774681091309e-02
4.886800423264503479e-02
4.882353916764259338e-02
4.877875372767448425e-02
4.873363673686981201e-02
4.868820682168006897e-02
4.864245280623435974e-02
4.859637841582298279e-02
4.854999482631683350e-02
4.850330576300621033e-02
4.845630750060081482e-02
4.840900376439094543e-02
4.836140200495719910e-02
4.831350967288017273e-02
4.826531931757926941e-02
4.821684211492538452e-02
4.816808551549911499e-02
4.811904206871986389e-02
4.806972667574882507e-02
4.802013933658599854e-02
4.797028377652168274e-02
4.792016372084617615e-02
4.786978662014007568e-02
4.781915619969367981e-02
4.776827245950698853e-02
4.771715030074119568e-02
4.766578599810600281e-02
4.761418700218200684e-02
4.756236448884010315e-02
4.751031100749969482e-02
4.745804145932197571e-02
4.740555584430694580e-02
4.735286533832550049e-02
4.729996994137763977e-02
4.724687710404396057e-02
4.719359427690505981e-02
4.714012145996093750e-02
4.708647355437278748e-02
4.703264683485031128e-02
4.697865247726440430e-02
4.692449420690536499e-02
4.687018319964408875e-02
4.681571200489997864e-02
4.676110297441482544e-02
4.670635238289833069e-02
4.665146395564079285e-02
4.659645259380340576e-02
4.654131829738616943e-02
4.648606851696968079e-02
4.643070697784423828e-02
4.637524485588073730e-02
4.631968215107917786e-02
4.626403003931045532e-02
4.620829224586486816e-02
4.615247249603271484e-02
4.609658196568489075e-02
4.604062438011169434e-02
4.598460346460342407e-02
4.592852666974067688e-02
4.587240144610404968e-02
4.581623151898384094e-02
4.576002433896064758e-02
4.570378735661506653e-02
4.564752057194709778e-02
4.559123888611793518e-02
4.553493857383728027e-02
4.547863081097602844e-02
4.542232304811477661e-02
4.536601155996322632e-02
4.530971497297286987e-02
4.525342956185340881e-02
4.519716650247573853e-02
4.514092579483985901e-02
4.508471488952636719e-02
4.502854123711585999e-02
4.497241228818893433e-02
4.491632431745529175e-02
4.486029222607612610e-02
4.480431973934173584e-02
4.474840685725212097e-02
4.469256475567817688e-02
4.463679343461990356e-02
4.458110034465789795e-02
4.452549293637275696e-02
4.446996748447418213e-02
4.441453889012336731e-02
4.435921087861061096e-02
4.430398344993591309e-02
4.424886405467987061e-02
4.419386014342308044e-02
4.413896799087524414e-02
4.408419877290725708e-02
4.402955621480941772e-02
4.397504776716232300e-02
4.392066970467567444e-02
4.386643320322036743e-02
4.381234198808670044e-02
4.375839978456497192e-02
4.370461031794548035e-02
4.365097358822822571e-02
4.359750077128410339e-02
4.354419186711311340e-02
4.349105432629585266e-02
4.343808442354202271e-02
4.338529333472251892e-02
4.333268478512763977e-02
4.328025877475738525e-02
4.322801530361175537e-02
4.317596927285194397e-02
4.312411323189735413e-02
4.307245463132858276e-02
4.302099347114562988e-02
4.296974092721939087e-02
4.291869327425956726e-02
4.286785423755645752e-02
4.281723126769065857e-02
4.276681691408157349e-02
4.271662235260009766e-02
4.266664758324623108e-02
4.261689633131027222e-02
4.256737232208251953e-02
4.251806810498237610e-02
4.246899858117103577e-02
4.242015630006790161e-02
4.237154498696327209e-02
4.232317209243774414e-02
4.227502644062042236e-02
4.222712293267250061e-02
4.217946156859397888e-02
4.213203117251396179e-02
4.208484664559364319e-02
4.203790053725242615e-02
4.199119657278060913e-02
4.194473475217819214e-02
4.189851880073547363e-02
4.185254499316215515e-02
4.180681705474853516e-02
4.176133126020431519e-02
4.171609133481979370e-02
4.167109355330467224e-02
4.162634164094924927e-02
4.158183187246322632e-02
4.153756797313690186e-02
4.149354994297027588e-02
4.144976660609245300e-02
4.140623286366462708e-02
4.136293753981590271e-02
4.131988435983657837e-02
4.127707332372665405e-02
4.123449698090553284e-02
4.119215905666351318e-02
4.115005582571029663e-02
4.110819473862648010e-02
4.106656089425086975e-02
4.102516174316406250e-02
4.098399728536605835e-02
4.094305634498596191e-02
4.090234637260437012e-02
4.086186736822128296e-02
4.082160815596580505e-02
4.078157618641853333e-02
4.074176028370857239e-02
4.070216417312622070e-02
4.066278785467147827e-02
4.062362760305404663e-02
4.058467596769332886e-02
4.054594039916992188e-02
4.050740972161293030e-02
4.046909138560295105e-02
4.043097048997879028e-02
4.039305448532104492e-02
4.035533592104911804e-02
4.031781852245330811e-02
4.028049483895301819e-02
4.024336114525794983e-02
4.020641744136810303e-02
4.016966000199317932e-02
4.013308510184288025e-02
4.009669646620750427e-02
4.006048291921615601e-02
4.002444446086883545e-02
3.998858109116554260e-02
3.995288163423538208e-02
3.991735354065895081e-02
3.988198563456535339e-02
3.984677791595458984e-02
3.981173038482666016e-02
3.977683186531066895e-02
3.974208608269691467e-02
3.970748558640480042e-02
3.967303037643432617e-02
3.963871300220489502e-02
3.960453346371650696e-02
3.957048431038856506e-02
3.953656554222106934e-02
3.950277343392372131e-02
3.946910053491592407e-02
3.943554684519767761e-02
3.940210491418838501e-02
3.936877101659774780e-02
3.933554515242576599e-02
3.930242359638214111e-02
3.926939889788627625e-02
3.923646733164787292e-02
3.920362144708633423e-02
3.917086496949195862e-02
3.913819044828414917e-02
3.910559043288230896e-02
3.907306492328643799e-02
3.904060646891593933e-02
3.900821506977081299e-02
3.897588327527046204e-02
3.894360736012458801e-02
3.891138359904289246e-02
3.887920826673507690e-02
3.884707391262054443e-02
3.881497681140899658e-02
3.878292068839073181e-02
3.875089064240455627e-02
3.871888667345046997e-02
3.868690878152847290e-02
3.865494951605796814e-02
3.862300142645835876e-02
3.859106823801994324e-02
3.855913877487182617e-02
3.852720931172370911e-02
3.849527984857559204e-02
3.846334666013717651e-02
3.843140229582786560e-02
3.839944675564765930e-02
3.836746886372566223e-02
3.833547607064247131e-02
3.830345720052719116e-02
3.827141225337982178e-02
3.823933377861976624e-02
3.820722177624702454e-02
3.817507252097129822e-02
3.814287856221199036e-02
3.811064362525939941e-02
3.807835653424263000e-02
3.804602101445198059e-02
3.801362961530685425e-02
3.798118233680725098e-02
3.794867545366287231e-02
3.791610151529312134e-02
3.788346424698829651e-02
3.785075992345809937e-02
3.781798109412193298e-02
3.778512403368949890e-02
3.775219619274139404e-02
3.771918639540672302e-02
3.768609091639518738e-02
3.765291348099708557e-02
3.761964663863182068e-02
3.758629038929939270e-02
3.755284100770950317e-02
3.751929476857185364e-02
3.748565539717674255e-02
3.745191171765327454e-02
3.741806745529174805e-02
3.738412261009216309e-02
3.735006973147392273e-02
3.731590881943702698e-02
3.728163614869117737e-02
3.724725171923637390e-02
3.721275180578231812e-02
3.717814013361930847e-02
3.714340180158615112e-02
3.710855171084403992e-02
3.707357496023178101e-02
3.703847527503967285e-02
3.700325265526771545e-02
3.696789965033531189e-02
3.693241998553276062e-02
3.689680993556976318e-02
3.686106577515602112e-02
3.682519122958183289e-02
3.678917884826660156e-02
3.675303235650062561e-02
3.671675175428390503e-02
3.668032959103584290e-02
3.664376959204673767e-02
3.660706430673599243e-02
3.657022118568420410e-02
3.653323650360107422e-02
3.649610653519630432e-02
3.645883128046989441e-02
3.642141446471214294e-02
3.638385236263275146e-02
3.634614497423171997e-02
3.630828857421875000e-02
3.627028688788414001e-02
3.623213618993759155e-02
3.619384020566940308e-02
3.615540266036987305e-02
3.611681237816810608e-02
3.607807680964469910e-02
3.603919222950935364e-02
3.600016236305236816e-02
3.596098721027374268e-02
3.592166677117347717e-02
3.588220104575157166e-02
3.584258630871772766e-02
3.580283373594284058e-02
3.576293587684631348e-02
3.572289645671844482e-02
3.568271547555923462e-02
3.564239293336868286e-02
3.560193255543708801e-02
3.556133806705474854e-02
3.552060201764106750e-02
3.547973185777664185e-02
3.543873131275177002e-02
3.539759293198585510e-02
3.535632789134979248e-02
3.531492874026298523e-02
3.527340292930603027e-02
3.523175418376922607e-02
3.518997877836227417e-02
3.514808416366577148e-02
3.510606661438941956e-02
3.506392613053321838e-02
3.502167388796806335e-02
3.497930243611335754e-02
3.493682295083999634e-02
3.489422798156738281e-02
3.485152125358581543e-02
3.480871394276618958e-02
3.476579859852790833e-02
3.472278267145156860e-02
3.467966243624687195e-02
3.463644534349441528e-02
3.459312766790390015e-02
3.454972431063652039e-02
3.450622409582138062e-02
3.446263074874877930e-02
3.441895544528961182e-02
3.437519073486328125e-02
3.433134406805038452e-02
3.428741544485092163e-02
3.424340859055519104e-02
3.419932723045349121e-02
3.415516763925552368e-02
3.411094099283218384e-02
3.406664356589317322e-02
3.402228280901908875e-02
3.397785127162933350e-02
3.393336385488510132e-02
3.388881310820579529e-02
3.384420648217201233e-02
3.379954397678375244e-02
3.375482931733131409e-02
3.371006622910499573e-02
3.366525843739509583e-02
3.362040221691131592e-02
3.357550501823425293e-02
3.353057056665420532e-02
3.348559886217117310e-02
3.344059363007545471e-02
3.339555859565734863e-02
3.335049375891685486e-02
3.330540284514427185e-02
3.326028957962989807e-02
3.321515396237373352e-02
3.317000716924667358e-02
3.312484174966812134e-02
3.307966142892837524e-02
3.303447738289833069e-02
3.298928961157798767e-02
3.294409811496734619e-02
3.289890289306640625e-02
3.285371139645576477e-02
3.280852735042572021e-02
3.276335820555686951e-02
3.271819651126861572e-02
3.267304599285125732e-02
3.262791782617568970e-02
3.258280828595161438e-02
3.253772482275962830e-02
3.249267116189002991e-02
3.244764357805252075e-02
3.240264952182769775e-02
3.235769271850585938e-02
3.231277689337730408e-02
3.226790204644203186e-02
3.222306817770004272e-02
3.217828646302223206e-02
3.213354945182800293e-02
3.208886831998825073e-02
3.204424679279327393e-02
3.199968114495277405e-02
3.195517510175704956e-02
3.191073611378669739e-02
3.186636418104171753e-02
3.182205930352210999e-02
3.177782893180847168e-02
3.173366934061050415e-02
3.168959170579910278e-02
3.164559230208396912e-02
3.160167112946510315e-02
3.155783563852310181e-02
3.151408582925796509e-02
3.147042542695999146e-02
3.142685443162918091e-02
3.138337656855583191e-02
3.133999183773994446e-02
3.129670396447181702e-02
3.125351667404174805e-02
3.121042810380458832e-02
3.116744384169578552e-02
3.112456016242504120e-02
3.108178637921810150e-02
3.103911690413951874e-02
3.099655732512474060e-02
3.095410764217376709e-02
3.091177158057689667e-02
3.086954914033412933e-02
3.082744404673576355e-02
3.078545071184635162e-02
3.074358031153678894e-02
3.070182539522647858e-02
3.066019155085086823e-02
3.061868436634540558e-02
3.057729452848434448e-02
3.053603135049343109e-02
3.049489483237266541e-02
3.045388311147689819e-02
3.041300177574157715e-02
3.037224523723125458e-02
3.033162094652652740e-02
3.029113076627254486e-02
3.025077097117900848e-02
3.021053969860076904e-02
3.017044812440872192e-02
3.013048693537712097e-02
3.009066358208656311e-02
3.005097433924674988e-02
3.001142293214797974e-02
2.997201122343540192e-02
2.993273735046386719e-02
2.989360131323337555e-02
2.985460869967937469e-02
2.981575205922126770e-02
2.977703884243965149e-02
2.973846718668937683e-02
2.970003709197044373e-02
2.966175042092800140e-02
2.962360717356204987e-02
2.958560734987258911e-02
2.954775094985961914e-02
2.951003797352313995e-02
2.947247028350830078e-02
2.943504229187965393e-02
2.939776517450809479e-02
2.936062775552272797e-02
2.932363934814929962e-02
2.928679063916206360e-02
2.925008907914161682e-02
2.921353094279766083e-02
2.917711809277534485e-02
2.914085052907466888e-02
2.910472266376018524e-02
2.906874194741249084e-02
2.903290092945098877e-02
2.899720333516597748e-02
2.896164916455745697e-02
2.892623282968997955e-02
2.889095991849899292e-02
2.885582484304904938e-02
2.882083132863044739e-02
2.878597192466259003e-02
2.875125221908092499e-02
2.871667034924030304e-02
2.868222445249557495e-02
2.864791080355644226e-02
2.861373312771320343e-02
2.857968583703041077e-02
2.854576893150806427e-02
2.851198427379131317e-02
2.847832813858985901e-02
2.844479680061340332e-02
2.841139584779739380e-02
2.837811782956123352e-02
2.834496274590492249e-02
2.831192873418331146e-02
2.827901951968669891e-02
2.824622951447963715e-02
2.821355499327182770e-02
2.818099409341812134e-02
2.814855240285396576e-02
2.811622060835361481e-02
2.808400429785251617e-02
2.805189602077007294e-02
2.801989577710628510e-02
2.798800170421600342e-02
2.795621566474437714e-02
2.792453207075595856e-02
2.789294905960559845e-02
2.786146849393844604e-02
2.783008478581905365e-02
2.779879793524742126e-02
2.776760607957839966e-02
2.773651294410228729e-02
2.770550549030303955e-02
2.767459116876125336e-02
2.764376439154148102e-02
2.761302515864372253e-02
2.758237160742282867e-02
2.755180001258850098e-02
2.752131037414073944e-02
2.749090269207954407e-02
2.746057324111461639e-02
2.743031829595565796e-02
2.740013785660266876e-02
2.737003192305564880e-02
2.733999677002429962e-02
2.731003239750862122e-02
2.728013508021831512e-02
2.725030295550823212e-02
2.722053602337837219e-02
2.719083055853843689e-02
2.716118656098842621e-02
2.713160216808319092e-02
2.710207365453243256e-02
2.707260288298130035e-02
2.704318240284919739e-02
2.701381221413612366e-02
2.698449604213237762e-02
2.695522829890251160e-02
2.692600339651107788e-02
2.689682506024837494e-02
2.686768956482410431e-02
2.683859318494796753e-02
2.680953592061996460e-02
2.678051404654979706e-02
2.675152942538261414e-02
2.672257833182811737e-02
2.669365517795085907e-02
2.666476368904113770e-02
2.663590200245380402e-02
2.660706266760826111e-02
2.657824754714965820e-02
2.654945664107799530e-02
2.652068622410297394e-02
2.649192884564399719e-02
2.646319195628166199e-02
2.643447183072566986e-02
2.640576288104057312e-02
2.637706324458122253e-02
2.634837292134761810e-02
2.631969191133975983e-02
2.629101648926734924e-02
2.626234479248523712e-02
2.623367495834827423e-02
2.620500698685646057e-02
2.617633715271949768e-02
2.614766545593738556e-02
2.611899003386497498e-02
2.609030902385711670e-02
2.606162056326866150e-02
2.603292278945446014e-02
2.600421383976936340e-02
2.597549557685852051e-02
2.594676427543163300e-02
2.591801621019840240e-02
2.588925324380397797e-02
2.586047351360321045e-02
2.583167515695095062e-02
2.580285817384719849e-02
2.577401883900165558e-02
2.574515901505947113e-02
2.571627311408519745e-02
2.568736486136913300e-02
2.565843239426612854e-02
2.562947198748588562e-02
2.560048364102840424e-02
2.557146921753883362e-02
2.554242312908172607e-02
2.551334723830223083e-02
2.548424154520034790e-02
2.545510046184062958e-02
2.542592957615852356e-02
2.539672330021858215e-02
2.536748349666595459e-02
2.533821016550064087e-02
2.530889771878719330e-02
2.527954988181591034e-02
2.525016665458679199e-02
2.522074431180953979e-02
2.519128285348415375e-02
2.516178414225578308e-02
2.513224445283412933e-02
2.510266564786434174e-02
2.507304772734642029e-02
2.504338696599006653e-02
2.501368522644042969e-02
2.498394250869750977e-02
2.495415695011615753e-02
2.492433041334152222e-02
2.489445917308330536e-02
2.486454695463180542e-02
2.483459189534187317e-02
2.480459213256835938e-02
2.477454952895641327e-02
2.474446035921573639e-02
2.471432834863662720e-02
2.468415349721908569e-02
2.465393394231796265e-02
2.462366968393325806e-02
2.459336258471012115e-02
2.456300891935825348e-02
2.453261055052280426e-02
2.450216934084892273e-02
2.447168156504631042e-02
2.444115094840526581e-02
2.441057562828063965e-02
2.437995746731758118e-02
2.434929460287094116e-02
2.431858703494071960e-02
2.428783476352691650e-02
2.425704151391983032e-02
2.422620542347431183e-02
2.419532649219036102e-02
2.416440472006797791e-02
2.413344010710716248e-02
2.410243637859821320e-02
2.407138794660568237e-02
2.404030226171016693e-02
2.400917559862136841e-02
2.397800609469413757e-02
2.394680120050907135e-02
2.391555532813072205e-02
2.388427406549453735e-02
2.385295368731021881e-02
2.382159605622291565e-02
2.379020303487777710e-02
2.375877276062965393e-02
2.372731082141399384e-02
2.369581349194049835e-02
2.366428263485431671e-02
2.363272011280059814e-02
2.360112592577934265e-02
2.356950193643569946e-02
2.353784441947937012e-02
2.350616268813610077e-02
2.347444929182529449e-02
2.344270981848239899e-02
2.341094613075256348e-02
2.337915450334548950e-02
2.334733866155147552e-02
2.331550046801567078e-02
2.328364178538322449e-02
2.325175888836383820e-02
2.321985736489295959e-02
2.318793535232543945e-02
2.315599657595157623e-02
2.312404103577136993e-02
2.309206873178482056e-02
2.306008152663707733e-02
2.302807942032814026e-02
2.299606613814830780e-02
2.296404168009757996e-02
2.293200790882110596e-02
2.289996296167373657e-02
2.286791056394577026e-02
2.283585071563720703e-02
2.280378527939319611e-02
2.277171798050403595e-02
2.273964509367942810e-02
2.270757034420967102e-02
2.267549373209476471e-02
2.264341898262500763e-02
2.261134423315525055e-02
2.257927507162094116e-02
2.254720591008663177e-02
2.251514419913291931e-02
2.248308993875980377e-02
2.245104126632213593e-02
2.241900190711021423e-02
2.238697372376918793e-02
2.235495485365390778e-02
2.232294902205467224e-02
2.229095809161663055e-02
2.225898206233978271e-02
2.222702279686927795e-02
2.219507843255996704e-02
2.216315455734729767e-02
2.213124930858612061e-02
2.209936454892158508e-02
2.206750400364398956e-02
2.203566581010818481e-02
2.200385369360446930e-02
2.197206579148769379e-02
2.194030582904815674e-02
2.190857380628585815e-02
2.187687158584594727e-02
2.184519916772842407e-02
2.181356027722358704e-02
2.178195118904113770e-02
2.175037749111652374e-02
2.171883918344974518e-02
2.168733812868595123e-02
2.165587246417999268e-02
2.162444591522216797e-02
2.159305848181247711e-02
2.156171388924121857e-02
2.153040841221809387e-02
2.149914577603340149e-02
2.146792598068714142e-02
2.143675461411476135e-02
2.140562608838081360e-02
2.137454412877559662e-02
2.134351246058940887e-02
2.131252549588680267e-02
2.128159068524837494e-02
2.125070802867412567e-02
2.121987380087375641e-02
2.118909358978271484e-02
2.115836553275585175e-02
2.112769335508346558e-02
2.109707519412040710e-02
2.106651291251182556e-02
2.103600837290287018e-02
2.100555971264839172e-02
2.097517251968383789e-02
2.094484306871891022e-02
2.091457322239875793e-02
2.088436298072338104e-02
2.085421606898307800e-02
2.082413248717784882e-02
2.079411037266254425e-02
2.076415345072746277e-02
2.073426172137260437e-02
2.070443145930767059e-02
2.067467011511325836e-02
2.064497582614421844e-02
2.061534859240055084e-02
2.058578841388225555e-02
2.055629715323448181e-02
2.052687481045722961e-02
2.049752324819564819e-02
2.046824060380458832e-02
2.043903060257434845e-02
2.040989324450492859e-02
2.038082480430603027e-02
2.035182900726795197e-02
2.032290771603584290e-02
2.029405906796455383e-02
2.026528678834438324e-02
2.023658528923988342e-02
2.020796015858650208e-02
2.017941139638423920e-02
2.015093713998794556e-02
2.012253738939762115e-02
2.009421586990356445e-02
2.006597071886062622e-02
2.003780193626880646e-02
2.000970952212810516e-02
1.998169533908367157e-02
1.995375752449035645e-02
1.992589607834815979e-02
1.989811472594738007e-02
1.987040974199771881e-02
1.984278298914432526e-02
1.981523446738719940e-02
1.978776417672634125e-02
1.976037211716175079e-02
1.973305642604827881e-02
1.970581896603107452e-02
1.967866159975528717e-02
1.965157873928546906e-02
1.962457410991191864e-02
1.959764957427978516e-02
1.957079954445362091e-02
1.954402774572372437e-02
1.951733231544494629e-02
1.949071325361728668e-02
1.946417056024074554e-02
1.943770423531532288e-02
1.941131241619586945e-02
1.938499696552753448e-02
1.935875788331031799e-02
1.933259330689907074e-02
1.930650137364864349e-02
1.928048394620418549e-02
1.925454288721084595e-02
1.922867074608802795e-02
1.920287311077117920e-02
1.917714811861515045e-02
1.915149576961994171e-02
1.912591233849525452e-02
1.910040155053138733e-02
1.907496154308319092e-02
1.904959045350551605e-02
1.902428828179836273e-02
1.899905689060688019e-02
1.897389441728591919e-02
1.894879899919033051e-02
1.892377063632011414e-02
1.889880932867527008e-02
1.887391693890094757e-02
1.884908974170684814e-02
1.882432773709297180e-02
1.879962906241416931e-02
1.877499744296073914e-02
1.875042915344238281e-02
1.872592605650424957e-02
1.870148442685604095e-02
1.867710426449775696e-02
1.865278743207454681e-02
1.862853206694126129e-02
1.860433816909790039e-02
1.858020387589931488e-02
1.855612918734550476e-02
1.853211410343647003e-02
1.850816048681735992e-02
1.848426088690757751e-02
1.846042089164257050e-02
1.843663863837718964e-02
1.841291226446628571e-02
1.838923990726470947e-02
1.836562529206275940e-02
1.834206283092498779e-02
1.831855624914169312e-02
1.829510182142257690e-02
1.827169954776763916e-02
1.824834942817687988e-02
1.822504960000514984e-02
1.820180192589759827e-02
1.817860081791877747e-02
1.815545000135898590e-02
1.813234575092792511e-02
1.810928992927074432e-02
1.808628067374229431e-02
1.806331612169742584e-02
1.804039627313613892e-02
1.801751926541328430e-02
1.799468509852886200e-02
1.797189190983772278e-02
1.794914156198501587e-02
1.792643032968044281e-02
1.790375821292400360e-02
1.788112521171569824e-02
1.785852946341037750e-02
1.783596910536289215e-02
1.781344413757324219e-02
1.779095269739627838e-02
1.776849478483200073e-02
1.774607039988040924e-02
1.772367767989635468e-02
1.770131476223468781e-02
1.767898164689540863e-02
1.765667647123336792e-02
1.763440109789371490e-02
1.761215180158615112e-02
1.758992858231067657e-02
1.756773144006729126e-02
1.754555851221084595e-02
1.752340793609619141e-02
1.750127971172332764e-02
1.747917570173740387e-02
1.745709218084812164e-02
1.743502728641033173e-02
1.741298474371433258e-02
1.739095896482467651e-02
1.736895367503166199e-02
1.734696514904499054e-02
1.732499338686466217e-02
1.730303838849067688e-02
1.728110015392303467e-02
1.725917682051658630e-02
1.723726838827133179e-02
1.721537485718727112e-02
1.719349436461925507e-02
1.717162877321243286e-02
1.714977435767650604e-02
1.712793298065662384e-02
1.710610650479793549e-02
1.708428747951984406e-02
1.706248335540294647e-02
1.704068854451179504e-02
1.701890490949153900e-02
1.699713058769702911e-02
1.697536744177341461e-02
1.695361547172069550e-02
1.693186908960342407e-02
1.691013574600219727e-02
1.688840799033641815e-02
1.686668954789638519e-02
1.684497855603694916e-02
1.682327501475811005e-02
1.680158078670501709e-02
1.677989214658737183e-02
1.675820909440517426e-02
1.673653349280357361e-02
1.671486347913742065e-02
1.669319905340671539e-02
1.667154021561145782e-02
1.664988324046134949e-02
1.662823371589183807e-02
1.660658605396747589e-02
1.658494397997856140e-02
1.656330376863479614e-02
1.654166541993618011e-02
1.652002893388271332e-02
1.649839431047439575e-02
1.647675968706607819e-02
1.645512692630290985e-02
1.643349602818489075e-02
1.641186326742172241e-02
1.639022864401340485e-02
1.636859588325023651e-02
1.634696125984191895e-02
1.632532104849815369e-02
1.630368083715438843e-02
1.628203876316547394e-02
1.626039296388626099e-02
1.623874343931674957e-02
1.621708832681179047e-02
1.619543135166168213e-02
1.617376692593097687e-02
1.615210063755512238e-02
1.613042689859867096e-02
1.610874943435192108e-02
1.608706451952457428e-02
1.606537587940692902e-02
1.604368165135383606e-02
1.602198183536529541e-02
1.600027270615100861e-02
1.597856171429157257e-02
1.595684140920639038e-02
1.593511924147605896e-02
1.591338776051998138e-02
1.589165069162845612e-02
1.586990803480148315e-02
1.584816351532936096e-02
1.582640968263149261e-02
1.580465398728847504e-02
1.578289270401000977e-02
1.576112583279609680e-02
1.573935709893703461e-02
1.571758277714252472e-02
1.569580845534801483e-02
1.567402854561805725e-02
1.565224677324295044e-02
1.563046500086784363e-02
1.560868229717016220e-02
1.558689773082733154e-02
1.556511223316192627e-02
1.554332766681909561e-02
1.552154403179883957e-02
1.549976132810115814e-02
1.547798141837120056e-02
1.545620243996381760e-02
1.543442718684673309e-02
1.541265472769737244e-02
1.539088599383831024e-02
1.536912284791469574e-02
1.534736342728137970e-02
1.532560773193836212e-02
1.530385948717594147e-02
1.528211683034896851e-02
1.526038069278001785e-02
1.523865107446908951e-02
1.521692890673875809e-02
1.519521325826644897e-02
1.517350692301988602e-02
1.515180710703134537e-02
1.513011660426855087e-02
1.510843262076377869e-02
1.508675981312990189e-02
1.506509445607662201e-02
1.504343748092651367e-02
1.502179075032472610e-02
1.500015240162611008e-02
1.497852336615324020e-02
1.495690364390611649e-02
1.493529509752988815e-02
1.491369400173425674e-02
1.489210408180952072e-02
1.487052254378795624e-02
1.484895311295986176e-02
1.482739206403493881e-02
1.480584125965833664e-02
1.478430069983005524e-02
1.476277038455009460e-02
1.474125124514102936e-02
1.471974235028028488e-02
1.469824463129043579e-02
1.467675715684890747e-02
1.465528085827827454e-02
1.463381759822368622e-02
1.461236458271741867e-02
1.459092460572719574e-02
1.456949487328529358e-02
1.454808004200458527e-02
1.452667731791734695e-02
1.450528856366872787e-02
1.448391471058130264e-02
1.446255482733249664e-02
1.444121077656745911e-02
1.441988162696361542e-02
1.439856924116611481e-02
1.437727361917495728e-02
1.435599569231271744e-02
1.433473639190196991e-02
1.431349571794271469e-02
1.429227553308010101e-02
1.427107676863670349e-02
1.424989756196737289e-02
1.422874163836240768e-02
1.420760899782180786e-02
1.418650057166814804e-02
1.416541542857885361e-02
1.414435636252164841e-02
1.412332337349653244e-02
1.410231925547122955e-02
1.408134121447801590e-02
1.406039390712976456e-02
1.403947453945875168e-02
1.401858683675527573e-02
1.399772893637418747e-02
1.397690363228321075e-02
1.395610999315977097e-02
1.393535081297159195e-02
1.391462516039609909e-02
1.389393396675586700e-02
1.387327723205089569e-02
1.385265588760375977e-02
1.383206993341445923e-02
1.381152216345071793e-02
1.379100978374481201e-02
1.377053465694189072e-02
1.375009678304195404e-02
1.372969616204500198e-02
1.370933372527360916e-02
1.368900947272777557e-02
1.366872247308492661e-02
1.364847552031278610e-02
1.362826395779848099e-02
1.360809151083230972e-02
1.358795817941427231e-02
1.356786303222179413e-02
1.354780420660972595e-02
1.352778356522321701e-02
1.350780203938484192e-02
1.348785683512687683e-02
1.346794888377189636e-02
1.344807725399732590e-02
1.342824380844831467e-02
1.340844854712486267e-02
1.338868681341409683e-02
1.336896326392889023e-02
1.334927417337894440e-02
1.332962326705455780e-02
1.331000681966543198e-02
1.329042669385671616e-02
1.327088288962841034e-02
1.325137354433536530e-02
1.323189958930015564e-02
1.321246102452278137e-02
1.319305785000324249e-02
1.317369006574153900e-02
1.315435767173767090e-02
1.313506066799163818e-02
1.311579998582601547e-02
1.309657562524080276e-02
1.307738665491342545e-02
1.305823307484388351e-02
1.303911674767732620e-02
1.302003767341375351e-02
1.300099678337574005e-02
1.298199221491813660e-02
1.296302583068609238e-02
1.294409856200218201e-02
1.292521040886640549e-02
1.290636043995618820e-02
1.288755144923925400e-02
1.286878343671560287e-02
1.285005547106266022e-02
1.283136848360300064e-02
1.281272433698177338e-02
1.279412303119897842e-02
1.277556456625461578e-02
1.275704894214868546e-02
1.273857802152633667e-02
1.272015180438756943e-02
1.270176935940980911e-02
1.268343348056077957e-02
1.266514230519533157e-02
1.264689862728118896e-02
1.262870058417320251e-02
1.261054817587137222e-02
1.259244419634342194e-02
1.257438585162162781e-02
1.255637500435113907e-02
1.253841165453195572e-02
1.252049487084150314e-02
1.250262558460235596e-02
1.248480286449193954e-02
1.246702764183282852e-02
1.244929805397987366e-02
1.243161410093307495e-02
1.241397764533758163e-02
1.239638589322566986e-02
1.237883977591991425e-02
1.236133743077516556e-02
1.234387978911399841e-02
1.232646498829126358e-02
1.230909395962953568e-02
1.229176390916109085e-02
1.227447669953107834e-02
1.225722953677177429e-02
1.224002242088317871e-02
1.222285442054271698e-02
1.220572460442781448e-02
1.218863297253847122e-02
1.217157859355211258e-02
1.215455960482358932e-02
1.213757600635290146e-02
1.212062686681747437e-02
1.210371218621730804e-02
1.208683010190725327e-02
1.206998061388731003e-02
1.205316279083490372e-02
1.203637570142745972e-02
1.201961934566497803e-02
1.200289279222488403e-02
1.198619510978460312e-02
1.196952722966670990e-02
1.195288822054862976e-02
1.193627528846263885e-02
1.191969215869903564e-02
1.190313510596752167e-02
1.188660599291324615e-02
1.187010388821363449e-02
1.185362879186868668e-02
1.183718070387840271e-02
1.182075962424278259e-02
1.180436462163925171e-02
1.178799755871295929e-02
1.177165750414133072e-02
1.175534445792436600e-02
1.173905842006206512e-02
1.172280125319957733e-02
1.170657202601432800e-02
1.169037073850631714e-02
1.167419832199811935e-02
1.165805477648973465e-02
1.164194010198116302e-02
1.162585616111755371e-02
1.160980015993118286e-02
1.159377582371234894e-02
1.157778128981590271e-02
1.156181842088699341e-02
1.154588628560304642e-02
1.152998488396406174e-02
1.151411607861518860e-02
1.149827893823385239e-02
1.148247253149747849e-02
1.146669872105121613e-02
1.145095657557249069e-02
1.143524609506130219e-02
1.141956821084022522e-02
1.140392106026411057e-02
1.138830650597810745e-02
1.137272268533706665e-02
1.135716866701841354e-02
1.134164631366729736e-02
1.132615376263856888e-02
1.131069101393222809e-02
1.129525713622570038e-02
1.127985212951898575e-02
1.126447413116693497e-02
1.124912314116954803e-02
1.123379915952682495e-02
1.121849939227104187e-02
1.120322570204734802e-02
1.118797436356544495e-02
1.117274630814790726e-02
1.115754060447216034e-02
1.114235538989305496e-02
1.112719066441059113e-02
1.111204363405704498e-02
1.109691523015499115e-02
1.108180359005928040e-02
1.106670778244733810e-02
1.105162780731916428e-02
1.103656087070703506e-02
1.102150790393352509e-02
1.100646704435348511e-02
1.099143736064434052e-02
1.097641885280609131e-02
1.096141058951616287e-02
1.094641070812940598e-02
1.093142013996839523e-02
1.091643702238798141e-02
1.090146135538816452e-02
1.088649407029151917e-02
1.087153237313032150e-02
1.085657719522714615e-02
1.084162853658199310e-02
1.082668639719486237e-02
1.081174984574317932e-02
1.079681888222694397e-02
1.078189443796873093e-02
1.076697651296854019e-02
1.075206417590379715e-02
1.073715928941965103e-02
1.072226092219352722e-02
1.070737093687057495e-02
1.069248840212821960e-02
1.067761331796646118e-02
1.066274754703044891e-02
1.064789108932018280e-02
1.063304394483566284e-02
1.061820704489946365e-02
1.060338225215673447e-02
1.058856956660747528e-02
1.057376805692911148e-02
1.055897958576679230e-02
1.054420508444309235e-02
1.052944455295801163e-02
1.051469892263412476e-02
1.049996912479400635e-02
1.048525422811508179e-02
1.047055609524250031e-02
1.045587379485368729e-02
1.044120918959379196e-02
1.042656227946281433e-02
1.041193213313817978e-02
1.039732061326503754e-02
1.038272678852081299e-02
1.036815159022808075e-02
1.035359408706426620e-02
1.033905427902936935e-02
1.032453309744596481e-02
1.031002867966890335e-02
1.029554195702075958e-02
1.028107292950153351e-02
1.026661973446607590e-02
1.025218237191438675e-02
1.023776084184646606e-02
1.022335421293973923e-02
1.020896155387163162e-02
1.019458379596471786e-02
1.018021907657384872e-02
1.016586553305387497e-02
1.015152223408222198e-02
1.013719104230403900e-02
1.012287009507417679e-02
1.010855659842491150e-02
1.009425148367881775e-02
1.007995288819074631e-02
1.006566174328327179e-02
1.005137618631124496e-02
1.003709342330694199e-02
1.002281624823808670e-02
1.000854186713695526e-02
9.994270280003547668e-03
9.979999624192714691e-03
9.965730831027030945e-03
9.951462969183921814e-03
9.937195107340812683e-03
9.922928176820278168e-03
9.908660314977169037e-03
9.894392453134059906e-03
9.880123659968376160e-03
9.865853004157543182e-03
9.851583279669284821e-03
9.837312623858451843e-03
9.823041036725044250e-03
9.808770380914211273e-03
9.794499725103378296e-03
9.780229069292545319e-03
9.765960276126861572e-03
9.751694276928901672e-03
9.737430140376091003e-03
9.723168797791004181e-03
9.708913043141365051e-03
9.694661013782024384e-03
9.680415503680706024e-03
9.666176512837409973e-03
9.651945903897285461e-03
9.637722745537757874e-03
9.623510763049125671e-03
9.609309025108814240e-03
9.595119394361972809e-03
9.580942802131175995e-03
9.566779248416423798e-03
9.552631527185440063e-03
9.538499638438224792e-03
9.524384513497352600e-03
9.510287083685398102e-03
9.496207349002361298e-03
9.482148103415966034e-03
9.468108415603637695e-03
9.454090148210525513e-03
9.440092369914054871e-03
9.426116943359375000e-03
9.412163868546485901e-03
9.398233145475387573e-03
9.384325705468654633e-03
9.370441548526287079e-03
9.356579743325710297e-03
9.342742152512073517e-03
9.328926913440227509e-03
9.315134026110172272e-03
9.301365353167057037e-03
9.287617169320583344e-03
9.273892268538475037e-03
9.260188788175582886e-03
9.246505796909332275e-03
9.232842363417148590e-03
9.219199419021606445e-03
9.205576032400131226e-03
9.191970340907573700e-03
9.178381413221359253e-03
9.164809249341487885e-03
9.151252917945384979e-03
9.137711487710475922e-03
9.124183095991611481e-03
9.110669605433940887e-03
9.097167290747165680e-03
9.083676151931285858e-03
9.070196188986301422e-03
9.056725539267063141e-03
9.043264202773571014e-03
9.029812179505825043e-03
9.016366675496101379e-03
9.002930484712123871e-03
8.989498950541019440e-03
8.976075798273086548e-03
8.962658233940601349e-03
8.949247188866138458e-03
8.935841731727123260e-03
8.922440931200981140e-03
8.909047581255435944e-03
8.895659819245338440e-03
8.882278576493263245e-03
8.868903852999210358e-03
8.855535648763179779e-03
8.842175826430320740e-03
8.828824386000633240e-03
8.815481327474117279e-03
8.802148513495922089e-03
8.788826875388622284e-03
8.775515481829643250e-03
8.762217126786708832e-03
8.748932741582393646e-03
8.735661394894123077e-03
8.722407743334770203e-03
8.709169924259185791e-03
8.695950731635093689e-03
8.682750165462493896e-03
8.669570088386535645e-03
8.656412363052368164e-03
8.643276989459991455e-03
8.630165830254554749e-03
8.617078885436058044e-03
8.604018948972225189e-03
8.590985089540481567e-03
8.577981032431125641e-03
8.565004914999008179e-03
8.552059531211853027e-03
8.539143949747085571e-03
8.526260033249855042e-03
8.513407781720161438e-03
8.500588126480579376e-03
8.487801067531108856e-03
8.475048467516899109e-03
8.462327532470226288e-03
8.449640125036239624e-03
8.436986245214939117e-03
8.424365893006324768e-03
8.411778137087821960e-03
8.399222977459430695e-03
8.386699482798576355e-03
8.374208584427833557e-03
8.361746557056903839e-03
8.349317125976085663e-03
8.336915634572505951e-03
8.324543014168739319e-03
8.312199264764785767e-03
8.299880661070346832e-03
8.287588134407997131e-03
8.275319822132587433e-03
8.263075724244117737e-03
8.250853046774864197e-03
8.238652721047401428e-03
8.226471021771430969e-03
8.214308880269527435e-03
8.202163502573966980e-03
8.190034888684749603e-03
8.177923038601875305e-03
8.165824227035045624e-03
8.153740316629409790e-03
8.141668513417243958e-03
8.129608817398548126e-03
8.117560297250747681e-03
8.105521090328693390e-03
8.093493059277534485e-03
8.081473410129547119e-03
8.069463074207305908e-03
8.057462051510810852e-03
8.045468479394912720e-03
8.033484220504760742e-03
8.021508343517780304e-03
8.009541779756546021e-03
7.997583597898483276e-03
7.985634729266166687e-03
7.973695173859596252e-03
7.961767725646495819e-03
7.949850521981716156e-03
7.937944494187831879e-03
7.926051504909992218e-03
7.914172485470771790e-03
7.902307435870170593e-03
7.890459150075912476e-03
7.878626696765422821e-03
7.866812869906425476e-03
7.855017669498920441e-03
7.843242958188056946e-03
7.831489667296409607e-03
7.819759659469127655e-03
7.808052469044923782e-03
7.796370889991521835e-03
7.784715853631496429e-03
7.773087825626134872e-03
7.761489134281873703e-03
7.749918382614850998e-03
7.738379295915365219e-03
7.726870477199554443e-03
7.715394254773855209e-03
7.703950628638267517e-03
7.692539598792791367e-03
7.681163027882575989e-03
7.669819984585046768e-03
7.658511400222778320e-03
7.647237274795770645e-03
7.635997142642736435e-03
7.624791469424962997e-03
7.613620255142450333e-03
7.602482568472623825e-03
7.591377478092908859e-03
7.580305915325880051e-03
7.569265551865100861e-03
7.558256853371858597e-03
7.547277491539716721e-03
7.536327932029962540e-03
7.525405380874872208e-03
7.514510769397020340e-03
7.503640837967395782e-03
7.492795586585998535e-03
7.481973618268966675e-03
7.471172139048576355e-03
7.460391614586114883e-03
7.449628785252571106e-03
7.438883651047945023e-03
7.428153883665800095e-03
7.417438551783561707e-03
7.406735792756080627e-03
7.396044675260782242e-03
7.385363336652517319e-03
7.374691311269998550e-03
7.364025805145502090e-03
7.353367283940315247e-03
7.342713885009288788e-03
7.332065608352422714e-03
7.321420125663280487e-03
7.310777902603149414e-03
7.300138007849454880e-03
7.289499510079622269e-03
7.278862874954938889e-03
7.268227171152830124e-03
7.257591933012008667e-03
7.246958091855049133e-03
7.236325647681951523e-03
7.225694134831428528e-03
7.215064484626054764e-03
7.204438094049692154e-03
7.193814031779766083e-03
7.183193694800138474e-03
7.172577548772096634e-03
7.161967456340789795e-03
7.151363883167505264e-03
7.140768226236104965e-03
7.130180951207876205e-03
7.119603920727968216e-03
7.109038066118955612e-03
7.098484784364700317e-03
7.087945472449064255e-03
7.077421993017196655e-03
7.066915277391672134e-03
7.056426256895065308e-03
7.045956328511238098e-03
7.035507820546627045e-03
7.025081198662519455e-03
7.014677394181489944e-03
7.004297804087400436e-03
6.993942894041538239e-03
6.983614526689052582e-03
6.973313633352518082e-03
6.963039748370647430e-03
6.952794734388589859e-03
6.942578125745058060e-03
6.932390853762626648e-03
6.922232452780008316e-03
6.912103854119777679e-03
6.902004592120647430e-03
6.891935132443904877e-03
6.881894078105688095e-03
6.871881429105997086e-03
6.861896254122257233e-03
6.851939018815755844e-03
6.842007394880056381e-03
6.832100916653871536e-03
6.822219584137201309e-03
6.812360137701034546e-03
6.802523508667945862e-03
6.792706437408924103e-03
6.782908458262681961e-03
6.773127708584070206e-03
6.763363722711801529e-03
6.753612775355577469e-03
6.743875332176685333e-03
6.734148599207401276e-03
6.724430713802576065e-03
6.714720744639635086e-03
6.705017294734716415e-03
6.695317570120096207e-03
6.685621105134487152e-03
6.675926037132740021e-03
6.666230969130992889e-03
6.656535435467958450e-03
6.646836642175912857e-03
6.637134589254856110e-03
6.627427879720926285e-03
6.617715582251548767e-03
6.607997696846723557e-03
6.598272826522588730e-03
6.588540505617856979e-03
6.578800734132528305e-03
6.569053512066602707e-03
6.559298373758792877e-03
6.549536250531673431e-03
6.539766676723957062e-03
6.529990117996931076e-03
6.520207505673170090e-03
6.510419305413961411e-03
6.500626914203166962e-03
6.490830797702074051e-03
6.481031887233257294e-03
6.471232045441865921e-03
6.461431272327899933e-03
6.451632827520370483e-03
6.441837176680564880e-03
6.432045251131057739e-03
6.422259844839572906e-03
6.412481889128684998e-03
6.402713246643543243e-03
6.392955314368009567e-03
6.383209954947233200e-03
6.373479031026363373e-03
6.363763939589262009e-03
6.354065611958503723e-03
6.344386376440525055e-03
6.334727630019187927e-03
6.325090769678354263e-03
6.315476261079311371e-03
6.305885966867208481e-03
6.296320352703332901e-03
6.286780349910259247e-03
6.277267355471849442e-03
6.267781369388103485e-03
6.258322857320308685e-03
6.248892750591039658e-03
6.239490583539009094e-03
6.230116356164216995e-03
6.220770534127950668e-03
6.211451720446348190e-03
6.202160380780696869e-03
6.192894652485847473e-03
6.183655932545661926e-03
6.174441426992416382e-03
6.165250204503536224e-03
6.156081799417734146e-03
6.146934814751148224e-03
6.137807387858629227e-03
6.128698587417602539e-03
6.119605619460344315e-03
6.110528483986854553e-03
6.101464387029409409e-03
6.092412397265434265e-03
6.083369720727205276e-03
6.074335426092147827e-03
6.065306719392538071e-03
6.056283134967088699e-03
6.047261878848075867e-03
6.038242019712924957e-03
6.029220763593912125e-03
6.020198110491037369e-03
6.011171732097864151e-03
6.002139765769243240e-03
5.993102211505174637e-03
5.984057206660509109e-03
5.975004285573959351e-03
5.965941119939088821e-03
5.956869106739759445e-03
5.947786383330821991e-03
5.938692949712276459e-03
5.929588340222835541e-03
5.920473020523786545e-03
5.911346990615129471e-03
5.902210716158151627e-03
5.893063731491565704e-03
5.883908364921808243e-03
5.874743685126304626e-03
5.865572020411491394e-03
5.856393370777368546e-03
5.847210064530372620e-03
5.838022567331790924e-03
5.828833207488059998e-03
5.819642916321754456e-03
5.810453556478023529e-03
5.801266990602016449e-03
5.792085547000169754e-03
5.782910622656345367e-03
5.773744080215692520e-03
5.764587782323360443e-03
5.755444522947072983e-03
5.746315233409404755e-03
5.737202242016792297e-03
5.728107411414384842e-03
5.719032604247331619e-03
5.709979683160781860e-03
5.700950045138597488e-03
5.691945087164640427e-03
5.682966671884059906e-03
5.674015730619430542e-03
5.665093194693326950e-03
5.656200461089611053e-03
5.647338461130857468e-03
5.638507194817066193e-03
5.629708059132099152e-03
5.620941054075956345e-03
5.612205713987350464e-03
5.603502970188856125e-03
5.594831891357898712e-03
5.586192011833190918e-03
5.577583331614732742e-03
5.569004453718662262e-03
5.560454912483692169e-03
5.551933310925960541e-03
5.543438717722892761e-03
5.534969270229339600e-03
5.526524037122726440e-03
5.518100690096616745e-03
5.509698763489723206e-03
5.501314997673034668e-03
5.492947995662689209e-03
5.484596826136112213e-03
5.476257763803005219e-03
5.467929877340793610e-03
5.459610838443040848e-03
5.451298784464597702e-03
5.442991852760314941e-03
5.434687715023756027e-03
5.426384974271059036e-03
5.418081302195787430e-03
5.409775301814079285e-03
5.401465576142072678e-03
5.393150262534618378e-03
5.384827964007854462e-03
5.376498214900493622e-03
5.368159152567386627e-03
5.359809845685958862e-03
5.351450759917497635e-03
5.343080498278141022e-03
5.334698595106601715e-03
5.326305516064167023e-03
5.317900795489549637e-03
5.309485364705324173e-03
5.301059223711490631e-03
5.292622372508049011e-03
5.284176673740148544e-03
5.275723058730363846e-03
5.267261527478694916e-03
5.258794873952865601e-03
5.250324495136737823e-03
5.241850856691598892e-03
5.233376286923885345e-03
5.224903114140033722e-03
5.216432735323905945e-03
5.207967478781938553e-03
5.199509207159280777e-03
5.191060248762369156e-03
5.182622931897640228e-03
5.174199119210243225e-03
5.165791139006614685e-03
5.157400853931903839e-03
5.149031057953834534e-03
5.140683148056268692e-03
5.132359452545642853e-03
5.124061834067106247e-03
5.115791689604520798e-03
5.107550881803035736e-03
5.099340807646512985e-03
5.091163329780101776e-03
5.083018913865089417e-03
5.074908956885337830e-03
5.066833924502134323e-03
5.058794282376766205e-03
5.050791427493095398e-03
5.042824894189834595e-03
5.034894216805696487e-03
5.026999861001968384e-03
5.019141826778650284e-03
5.011318251490592957e-03
5.003528669476509094e-03
4.995773546397686005e-03
4.988049622625112534e-03
4.980356898158788681e-03
4.972693044692277908e-03
4.965057130903005600e-03
4.957446828484535217e-03
4.949860274791717529e-03
4.942295607179403305e-03
4.934750497341156006e-03
4.927222616970539093e-03
4.919710569083690643e-03
4.912211094051599503e-03
4.904721863567829132e-03
4.897241480648517609e-03
4.889766685664653778e-03
4.882295615971088409e-03
4.874826874583959579e-03
4.867356736212968826e-03
4.859884735196828842e-03
4.852408077567815781e-03
4.844925366342067719e-03
4.837434738874435425e-03
4.829934798181056976e-03
4.822424612939357758e-03
4.814903251826763153e-03
4.807368852198123932e-03
4.799821414053440094e-03
4.792260006070137024e-03
4.784685093909502029e-03
4.777096677571535110e-03
4.769493825733661652e-03
4.761877469718456268e-03
4.754248540848493576e-03
4.746607970446348190e-03
4.738955758512020111e-03
4.731293302029371262e-03
4.723622929304838181e-03
4.715946037322282791e-03
4.708263091742992401e-03
4.700576886534690857e-03
4.692889284342527390e-03
4.685203079134225845e-03
4.677519202232360840e-03
4.669840447604656219e-03
4.662169609218835831e-03
4.654508084058761597e-03
4.646859597414731979e-03
4.639225546270608902e-03
4.631608258932828903e-03
4.624010529369115829e-03
4.616434220224618912e-03
4.608881659805774689e-03
4.601355642080307007e-03
4.593857098370790482e-03
4.586387891322374344e-03
4.578950814902782440e-03
4.571545869112014771e-03
4.564175382256507874e-03
4.556840751320123672e-03
4.549541510641574860e-03
4.542279988527297974e-03
4.535055253654718399e-03
4.527868237346410751e-03
4.520719405263662338e-03
4.513608291745185852e-03
4.506533965468406677e-03
4.499495960772037506e-03
4.492494277656078339e-03
4.485527053475379944e-03
4.478592891246080399e-03
4.471690393984317780e-03
4.464818630367517471e-03
4.457974806427955627e-03
4.451157525181770325e-03
4.444364923983812332e-03
4.437593743205070496e-03
4.430842120200395584e-03
4.424107726663351059e-03
4.417388234287500381e-03
4.410680849105119705e-03
4.403982777148485184e-03
4.397291690111160278e-03
4.390605725347995758e-03
4.383920691907405853e-03
4.377235658466815948e-03
4.370547365397214890e-03
4.363854415714740753e-03
4.357153549790382385e-03
4.350443836301565170e-03
4.343722481280565262e-03
4.336988553404808044e-03
4.330240190029144287e-03
4.323476459830999374e-03
4.316695965826511383e-03
4.309897776693105698e-03
4.303081892430782318e-03
4.296246916055679321e-03
4.289393313229084015e-03
4.282521083950996399e-03
4.275630693882703781e-03
4.268722608685493469e-03
4.261797759681940079e-03
4.254857078194618225e-03
4.247901495546102524e-03
4.240932874381542206e-03
4.233952611684799194e-03
4.226962570101022720e-03
4.219965077936649323e-03
4.212961997836828232e-03
4.205955192446708679e-03
4.198947921395301819e-03
4.191941581666469574e-03
4.184939898550510406e-03
4.177944734692573547e-03
4.170958884060382843e-03
4.163984674960374832e-03
4.157025367021560669e-03
4.150083288550376892e-03
4.143160767853260040e-03
4.136260133236646652e-03
4.129383713006973267e-03
4.122533835470676422e-03
4.115712828934192657e-03
4.108922090381383896e-03
4.102163482457399368e-03
4.095438867807388306e-03
4.088748712092638016e-03
4.082095343619585037e-03
4.075478296726942062e-03
4.068898502737283707e-03
4.062357358634471893e-03
4.055853467434644699e-03
4.049388226121664047e-03
4.042959772050380707e-03
4.036568105220794678e-03
4.030213225632905960e-03
4.023892804980278015e-03
4.017605911940336227e-03
4.011351615190505981e-03
4.005126655101776123e-03
3.998930566012859344e-03
3.992761019617319107e-03
3.986615221947431564e-03
3.980490844696760178e-03
3.974385559558868408e-03
3.968297038227319717e-03
3.962222021073102951e-03
3.956157714128494263e-03
3.950102254748344421e-03
3.944051917642354965e-03
3.938003908842802048e-03
3.931956831365823746e-03
3.925906494259834290e-03
3.919851034879684448e-03
3.913787659257650375e-03
3.907714504748582840e-03
3.901629243046045303e-03
3.895529545843601227e-03
3.889413783326745033e-03
3.883280791342258453e-03
3.877128474414348602e-03
3.870955901220440865e-03
3.864762373268604279e-03
3.858546959236264229e-03
3.852309193462133408e-03
3.846049075946211815e-03
3.839766373857855797e-03
3.833461785688996315e-03
3.827136009931564331e-03
3.820789279416203499e-03
3.814423689618706703e-03
3.808039706200361252e-03
3.801638958975672722e-03
3.795223776251077652e-03
3.788795787841081619e-03
3.782357322052121162e-03
3.775910241529345512e-03
3.769457340240478516e-03
3.763001644983887672e-03
0.000000000000000000e+00
0.000000000000000000e+00
0.000000000000000000e+00
0.000000000000000000e+00
0.000000000000000000e+00
0.000000000000000000e+00
0.000000000000000000e+00
0.000000000000000000e+00
0.000000000000000000e+00
0.000000000000000000e+00
0.000000000000000000e+00
0.000000000000000000e+00
0.000000000000000000e+00
0.000000000000000000e+00
0.000000000000000000e+00
0.000000000000000000e+00
0.000000000000000000e+00
0.000000000000000000e+00
0.000000000000000000e+00
0.000000000000000000e+00
0.000000000000000000e+00
0.000000000000000000e+00
0.000000000000000000e+00
0.000000000000000000e+00
0.000000000000000000e+00
0.000000000000000000e+00
0.000000000000000000e+00
0.000000000000000000e+00
0.000000000000000000e+00
0.000000000000000000e+00
0.000000000000000000e+00
0.000000000000000000e+00
0.000000000000000000e+00
0.000000000000000000e+00
0.000000000000000000e+00
0.000000000000000000e+00
0.000000000000000000e+00
0.000000000000000000e+00
0.000000000000000000e+00
0.000000000000000000e+00
0.000000000000000000e+00
0.000000000000000000e+00
0.000000000000000000e+00
0.000000000000000000e+00
0.000000000000000000e+00
0.000000000000000000e+00
0.000000000000000000e+00
0.000000000000000000e+00
0.000000000000000000e+00
0.000000000000000000e+00
0.000000000000000000e+00
0.000000000000000000e+00
0.000000000000000000e+00
0.000000000000000000e+00
0.000000000000000000e+00
0.000000000000000000e+00
0.000000000000000000e+00
0.000000000000000000e+00
0.000000000000000000e+00
0.000000000000000000e+00
0.000000000000000000e+00
0.000000000000000000e+00
0.000000000000000000e+00
0.000000000000000000e+00
0.000000000000000000e+00
0.000000000000000000e+00
0.000000000000000000e+00
0.000000000000000000e+00
0.000000000000000000e+00
0.000000000000000000e+00
0.000000000000000000e+00
0.000000000000000000e+00
0.000000000000000000e+00
0.000000000000000000e+00
0.000000000000000000e+00
0.000000000000000000e+00
0.000000000000000000e+00
0.000000000000000000e+00
0.000000000000000000e+00
0.000000000000000000e+00
0.000000000000000000e+00
0.000000000000000000e+00
0.000000000000000000e+00
0.000000000000000000e+00
0.000000000000000000e+00
0.000000000000000000e+00
0.000000000000000000e+00
0.000000000000000000e+00
0.000000000000000000e+00
0.000000000000000000e+00
0.000000000000000000e+00
0.000000000000000000e+00
0.000000000000000000e+00
0.000000000000000000e+00
0.000000000000000000e+00
0.000000000000000000e+00
0.000000000000000000e+00
0.000000000000000000e+00
0.000000000000000000e+00
0.000000000000000000e+00
