# ee
5.780889838933944702e-02
8.858598768711090088e-02
9.313932061195373535e-02
7.660683244466781616e-02
5.203416198492050171e-02
3.052287362515926361e-02
1.693991012871265411e-02
1.065737567842006683e-02
8.567862212657928467e-03
7.809275761246681213e-03
7.045431528240442276e-03
5.999982357025146484e-03
5.262797698378562927e-03
4.977279342710971832e-03
5.095966625958681107e-03
5.474823992699384689e-03
5.813347175717353821e-03
6.130444351583719254e-03
6.575724575668573380e-03
7.234895136207342148e-03
8.229030296206474304e-03
9.525130502879619598e-03
1.103356108069419861e-02
1.276351511478424072e-02
1.470419205725193024e-02
1.683020405471324921e-02
1.914032176136970520e-02
2.163008973002433777e-02
2.430237829685211182e-02
2.715323306620121002e-02
3.017457388341426849e-02
3.339693695306777954e-02
3.687038272619247437e-02
4.063611850142478943e-02
4.472291842103004456e-02
4.908608272671699524e-02
5.368341132998466492e-02
5.852805078029632568e-02
6.365255266427993774e-02
6.908776611089706421e-02
7.483765482902526855e-02
8.089928328990936279e-02
8.725486695766448975e-02
9.389701485633850098e-02
1.008233055472373962e-01
1.080379709601402283e-01
1.155538931488990784e-01
1.233616992831230164e-01
1.314445883035659790e-01
1.397801339626312256e-01
1.484497636556625366e-01
1.575962007045745850e-01
1.672061234712600708e-01
1.772512942552566528e-01
1.875833868980407715e-01
1.980936229228973389e-01
2.087909132242202759e-01
2.197138369083404541e-01
2.309158891439437866e-01
2.424908876419067383e-01
2.544264495372772217e-01
2.666837573051452637e-01
2.792758941650390625e-01
2.921788990497589111e-01
3.053256869316101074e-01
3.187148571014404297e-01
3.323836922645568848e-01
3.462878167629241943e-01
3.604643940925598145e-01
3.748992085456848145e-01
3.895646929740905762e-01
4.044262170791625977e-01
4.194715321063995361e-01
4.347106218338012695e-01
4.501436054706573486e-01
4.657605588436126709e-01
4.815863668918609619e-01
4.975640773773193359e-01
5.136961936950683594e-01
5.299309492111206055e-01
5.462889075279235840e-01
5.627440214157104492e-01
5.792922377586364746e-01
5.959073901176452637e-01
6.126005649566650391e-01
6.293392777442932129e-01
6.461358070373535156e-01
6.629726886749267578e-01
6.798101663589477539e-01
6.966385245323181152e-01
7.134412527084350586e-01
7.302098274230957031e-01
7.469058036804199219e-01
7.635280489921569824e-01
7.800603508949279785e-01
7.964866757392883301e-01
8.127982616424560547e-01
8.289569616317749023e-01
8.449613451957702637e-01
8.608697056770324707e-01
8.765321969985961914e-01
8.920220136642456055e-01
9.073377847671508789e-01
9.224041700363159180e-01
9.372940659523010254e-01
9.518578648567199707e-01
9.661684632301330566e-01
9.801505804061889648e-01
9.938028454780578613e-01
1.007198452949523926e+00
1.020262241363525391e+00
1.032993078231811523e+00
1.045315861701965332e+00
1.057378411293029785e+00
1.068956613540649414e+00
1.080124020576477051e+00
1.091028213500976562e+00
1.101519942283630371e+00
1.111449360847473145e+00
1.121112942695617676e+00
1.130212545394897461e+00
1.138821721076965332e+00
1.147013545036315918e+00
1.154713034629821777e+00
1.161993622779846191e+00
1.168705582618713379e+00
1.174996852874755859e+00
1.180717945098876953e+00
1.185867786407470703e+00
1.190594673156738281e+00
1.194750547409057617e+00
1.198410749435424805e+00
1.201576590538024902e+00
1.204174757003784180e+00
1.206206202507019043e+00
1.207746386528015137e+00
1.208722114562988281e+00
1.209282994270324707e+00
1.209207415580749512e+00
1.208570480346679688e+00
1.207447767257690430e+00
1.205840229988098145e+00
1.203674912452697754e+00
1.201101303100585938e+00
1.197897434234619141e+00
1.194287657737731934e+00
1.190124154090881348e+00
1.185482501983642578e+00
1.180437922477722168e+00
1.174917697906494141e+00
1.168850064277648926e+00
1.162386775016784668e+00
1.155530452728271484e+00
1.148284435272216797e+00
1.140651464462280273e+00
1.132634639739990234e+00
1.124311089515686035e+00
1.115535378456115723e+00
1.106458902359008789e+00
1.097159028053283691e+00
1.087489962577819824e+00
1.077529191970825195e+00
1.067353725433349609e+00
1.056892275810241699e+00
1.046296596527099609e+00
1.035346508026123047e+00
1.024416565895080566e+00
1.013212323188781738e+00
1.001959800720214844e+00
9.906617999076843262e-01
9.792470932006835938e-01
9.677184224128723145e-01
9.563760161399841309e-01
9.449255466461181641e-01
9.335931539535522461e-01
9.223095774650573730e-01
9.113031625747680664e-01
9.002818465232849121e-01
8.894740343093872070e-01
8.788849711418151855e-01
8.685944080352783203e-01
8.585332632064819336e-01
8.487811684608459473e-01
8.394921422004699707e-01
8.305301666259765625e-01
8.220418691635131836e-01
8.140175342559814453e-01
8.064996600151062012e-01
7.995455265045166016e-01
7.931827306747436523e-01
7.874386906623840332e-01
7.823632955551147461e-01
7.779915928840637207e-01
7.743658423423767090e-01
7.715284228324890137e-01
7.695291638374328613e-01
7.683955430984497070e-01
7.681698203086853027e-01
7.688870429992675781e-01
7.706117630004882812e-01
7.733566761016845703e-01
7.771864533424377441e-01
7.821286916732788086e-01
7.882333397865295410e-01
7.955426573753356934e-01
8.040841817855834961e-01
8.139151930809020996e-01
8.250632286071777344e-01
8.375854492187500000e-01
8.515167832374572754e-01
8.668920993804931641e-01
8.837612271308898926e-01
9.021220207214355469e-01
9.221724867820739746e-01
9.437323212623596191e-01
9.669626355171203613e-01
9.918684959411621094e-01
1.018455028533935547e+00
1.046875834465026855e+00
1.077062010765075684e+00
1.109166979789733887e+00
1.143121600151062012e+00
1.178930997848510742e+00
1.216748833656311035e+00
1.256580114364624023e+00
1.298429965972900391e+00
1.342303276062011719e+00
1.388279557228088379e+00
1.436363816261291504e+00
1.486635208129882812e+00
1.539024472236633301e+00
1.593759655952453613e+00
1.650697112083435059e+00
1.709916114807128906e+00
1.771421551704406738e+00
1.835292816162109375e+00
1.901609063148498535e+00
1.970226883888244629e+00
2.041225433349609375e+00
2.114758014678955078e+00
2.190681219100952148e+00
2.269148588180541992e+00
2.350090742111206055e+00
2.433587074279785156e+00
2.519642114639282227e+00
2.608186721801757812e+00
2.699597358703613281e+00
2.793358802795410156e+00
2.889921903610229492e+00
2.988992929458618164e+00
3.090793848037719727e+00
3.195099115371704102e+00
3.302203893661499023e+00
3.411808252334594727e+00
3.524281501770019531e+00
3.639175415039062500e+00
3.756859064102172852e+00
3.877181768417358398e+00
4.000140190124511719e+00
4.125658988952636719e+00
4.253957748413085938e+00
4.384811401367187500e+00
4.518292427062988281e+00
4.654323101043701172e+00
4.793124675750732422e+00
4.934323310852050781e+00
5.078288078308105469e+00
5.224719047546386719e+00
5.373688697814941406e+00
5.525120258331298828e+00
5.679308414459228516e+00
5.835656166076660156e+00
5.994756698608398438e+00
6.156086921691894531e+00
6.319866657257080078e+00
6.486094951629638672e+00
6.654694557189941406e+00
6.825589179992675781e+00
6.998775959014892578e+00
7.174328327178955078e+00
7.351944923400878906e+00
7.531847953796386719e+00
7.713960647583007812e+00
7.898280620574951172e+00
8.084656715393066406e+00
8.273086547851562500e+00
8.463569641113281250e+00
8.656028747558593750e+00
8.850312232971191406e+00
9.047162055969238281e+00
9.245460510253906250e+00
9.444835662841796875e+00
9.646770477294921875e+00
9.849777221679687500e+00
1.005533981323242188e+01
1.026122665405273438e+01
1.046966648101806641e+01
1.067991256713867188e+01
1.089047718048095703e+01
1.110284519195556641e+01
1.131625938415527344e+01
1.153145122528076172e+01
1.174841022491455078e+01
1.196563529968261719e+01
1.218385887145996094e+01
1.240306758880615234e+01
1.262473487854003906e+01
1.284587764739990234e+01
1.306722545623779297e+01
1.329099559783935547e+01
1.351420307159423828e+01
1.373832225799560547e+01
1.396334075927734375e+01
1.418776035308837891e+01
1.441305446624755859e+01
1.463772678375244141e+01
1.486399173736572266e+01
1.508960914611816406e+01
1.531530952453613281e+01
1.554182529449462891e+01
1.576691532135009766e+01
1.599205207824707031e+01
1.621796607971191406e+01
1.644093322753906250e+01
1.666539764404296875e+01
1.688912010192871094e+01
1.711134338378906250e+01
1.733354187011718750e+01
1.755422019958496094e+01
1.777410697937011719e+01
1.799393463134765625e+01
1.821220779418945312e+01
1.842965316772460938e+01
1.864477539062500000e+01
1.885905075073242188e+01
1.907246398925781250e+01
1.928351974487304688e+01
1.949443435668945312e+01
1.970296859741210938e+01
1.990911102294921875e+01
2.011507606506347656e+01
2.031788635253906250e+01
2.051901054382324219e+01
2.071769523620605469e+01
2.091541671752929688e+01
2.110993576049804688e+01
2.130198097229003906e+01
2.149228668212890625e+01
2.167935180664062500e+01
2.186465644836425781e+01
2.204744148254394531e+01
2.222695541381835938e+01
2.240392875671386719e+01
2.257835197448730469e+01
2.275021362304687500e+01
2.291876029968261719e+01
2.308323669433593750e+01
2.324511528015136719e+01
2.340438842773437500e+01
2.356030273437500000e+01
2.371284484863281250e+01
2.386274909973144531e+01
2.400777244567871094e+01
2.415013504028320312e+01
2.428908348083496094e+01
2.442311859130859375e+01
2.455446052551269531e+01
2.468235397338867188e+01
2.480604553222656250e+01
2.492552566528320312e+01
2.504152297973632812e+01
2.515328788757324219e+01
2.526154899597167969e+01
2.536555480957031250e+01
2.546603584289550781e+01
2.556149673461914062e+01
2.565266609191894531e+01
2.574028205871582031e+01
2.582432937622070312e+01
2.590108299255371094e+01
2.597573280334472656e+01
2.604529571533203125e+01
2.610976409912109375e+01
2.617135238647460938e+01
2.622782135009765625e+01
2.627915954589843750e+01
2.632610130310058594e+01
2.636640548706054688e+01
2.640526199340820312e+01
2.643820190429687500e+01
2.646818542480468750e+01
2.649223136901855469e+01
2.651181602478027344e+01
2.652618217468261719e+01
2.653606033325195312e+01
2.654144668579101562e+01
2.654157829284667969e+01
2.653719329833984375e+01
2.652828025817871094e+01
2.651408386230468750e+01
2.649460792541503906e+01
2.647134017944335938e+01
2.644279670715332031e+01
2.640898132324218750e+01
2.637138366699218750e+01
2.632851791381835938e+01
2.628112983703613281e+01
2.622997093200683594e+01
2.617280769348144531e+01
2.611187553405761719e+01
2.604643440246582031e+01
2.597648429870605469e+01
2.590203094482421875e+01
2.582381629943847656e+01
2.574035835266113281e+01
2.565314674377441406e+01
2.555995368957519531e+01
2.546375656127929688e+01
2.536380958557128906e+01
2.525937271118164062e+01
2.515045356750488281e+01
2.503704833984375000e+01
2.491990661621093750e+01
2.479828453063964844e+01
2.467366981506347656e+01
2.454458045959472656e+01
2.441176033020019531e+01
2.427521514892578125e+01
2.413568305969238281e+01
2.399168395996093750e+01
2.384395980834960938e+01
2.369400405883789062e+01
2.353958320617675781e+01
2.338293266296386719e+01
2.322256469726562500e+01
2.305848121643066406e+01
2.289142608642578125e+01
2.272214698791503906e+01
2.254915618896484375e+01
2.237319946289062500e+01
2.219427871704101562e+01
2.201313400268554688e+01
2.182977104187011719e+01
2.164196014404296875e+01
2.145341873168945312e+01
2.126265907287597656e+01
2.106819725036621094e+01
2.087226486206054688e+01
2.067486000061035156e+01
2.047450256347656250e+01
2.027268981933593750e+01
2.006944656372070312e+01
1.986404037475585938e+01
1.965723800659179688e+01
1.944831085205078125e+01
1.923876380920410156e+01
1.902787208557128906e+01
1.881639480590820312e+01
1.860286521911621094e+01
1.838878440856933594e+01
1.817343139648437500e+01
1.795830535888671875e+01
1.774268341064453125e+01
1.752658081054687500e+01
1.730927085876464844e+01
1.709226036071777344e+01
1.687556266784667969e+01
1.665771293640136719e+01
1.644095611572265625e+01
1.622530555725097656e+01
1.600929832458496094e+01
1.579368782043457031e+01
1.557923793792724609e+01
1.536447715759277344e+01
1.515165519714355469e+01
1.493929862976074219e+01
1.472742366790771484e+01
1.451753711700439453e+01
1.430890941619873047e+01
1.410155677795410156e+01
1.389624023437500000e+01
1.369223213195800781e+01
1.349029350280761719e+01
1.328969573974609375e+01
1.309194183349609375e+01
1.289630413055419922e+01
1.270205783843994141e+01
1.251070404052734375e+01
1.232225894927978516e+01
1.213599491119384766e+01
1.195267200469970703e+01
1.177081871032714844e+01
1.159342670440673828e+01
1.141827869415283203e+01
1.124687862396240234e+01
1.107849979400634766e+01
1.091241359710693359e+01
1.075086784362792969e+01
1.059164524078369141e+01
1.043699455261230469e+01
1.028618621826171875e+01
1.013849258422851562e+01
9.994672775268554688e+00
9.855485916137695312e+00
9.720352172851562500e+00
9.588992118835449219e+00
9.462457656860351562e+00
9.339800834655761719e+00
9.221705436706542969e+00
9.107890129089355469e+00
8.998816490173339844e+00
8.894275665283203125e+00
8.794581413269042969e+00
8.699674606323242188e+00
8.609645843505859375e+00
8.524658203125000000e+00
8.444579124450683594e+00
8.369647979736328125e+00
8.299803733825683594e+00
8.235138893127441406e+00
8.175890922546386719e+00
8.121926307678222656e+00
8.073261260986328125e+00
8.030059814453125000e+00
7.992338180541992188e+00
7.960111618041992188e+00
7.933396339416503906e+00
7.912504673004150391e+00
7.897230625152587891e+00
7.887516021728515625e+00
7.883671760559082031e+00
7.885566711425781250e+00
7.893291950225830078e+00
7.906936168670654297e+00
7.926368236541748047e+00
7.951677322387695312e+00
7.983029365539550781e+00
8.020142555236816406e+00
8.063479423522949219e+00
8.112610816955566406e+00
8.167774200439453125e+00
8.229062080383300781e+00
8.296341896057128906e+00
8.369629859924316406e+00
8.448720932006835938e+00
8.533852577209472656e+00
8.625042915344238281e+00
8.722309112548828125e+00
8.825665473937988281e+00
8.935130119323730469e+00
9.050701141357421875e+00
9.170894622802734375e+00
9.298681259155273438e+00
9.431832313537597656e+00
9.571091651916503906e+00
9.715712547302246094e+00
9.867183685302734375e+00
1.002327632904052734e+01
1.018473243713378906e+01
1.035229396820068359e+01
1.052596378326416016e+01
1.070425510406494141e+01
1.088939666748046875e+01
1.107841682434082031e+01
1.127354621887207031e+01
1.147329902648925781e+01
1.167916202545166016e+01
1.189039230346679688e+01
1.210624885559082031e+01
1.232747459411621094e+01
1.255332946777343750e+01
1.278381252288818359e+01
1.301966762542724609e+01
1.325941276550292969e+01
1.350453472137451172e+01
1.375429058074951172e+01
1.400793838500976562e+01
1.426696968078613281e+01
1.452989578247070312e+01
1.479672336578369141e+01
1.506819248199462891e+01
1.534356689453125000e+01
1.562284469604492188e+01
1.590603256225585938e+01
1.619238662719726562e+01
1.648339462280273438e+01
1.677757835388183594e+01
1.707567787170410156e+01
1.737621498107910156e+01
1.768141746520996094e+01
1.798831939697265625e+01
1.829989624023437500e+01
1.861391830444335938e+01
1.892964935302734375e+01
1.925006675720214844e+01
1.957071113586425781e+01
1.989530372619628906e+01
2.022236442565917969e+01
2.055189514160156250e+01
2.088389396667480469e+01
2.121686363220214844e+01
2.155301094055175781e+01
2.189008712768554688e+01
2.222881889343261719e+01
2.256918525695800781e+01
2.291116714477539062e+01
2.325474548339843750e+01
2.359841537475585938e+01
2.394290351867675781e+01
2.428893280029296875e+01
2.463648223876953125e+01
2.498182106018066406e+01
2.532938957214355469e+01
2.567619705200195312e+01
2.602445030212402344e+01
2.637265205383300781e+01
2.672077751159667969e+01
2.706955909729003906e+01
2.741599845886230469e+01
2.776305770874023438e+01
2.810922622680664062e+01
2.845374870300292969e+01
2.879734992980957031e+01
2.914000892639160156e+01
2.948171234130859375e+01
2.982169342041015625e+01
3.015994071960449219e+01
3.049643898010253906e+01
3.083116340637207031e+01
3.116410064697265625e+01
3.149449157714843750e+01
3.182380104064941406e+01
3.214904403686523438e+01
3.247317886352539062e+01
3.279543685913085938e+01
3.311283493041992188e+01
3.342906570434570312e+01
3.374114608764648438e+01
3.405128860473632812e+01
3.435798645019531250e+01
3.466047668457031250e+01
3.496097946166992188e+01
3.525576019287109375e+01
3.554777145385742188e+01
3.583625411987304688e+01
3.612044906616210938e+01
3.640108489990234375e+01
3.667665481567382812e+01
3.694789123535156250e+01
3.721625518798828125e+01
3.747950363159179688e+01
3.773687362670898438e+01
3.799058151245117188e+01
3.823986053466796875e+01
3.848395538330078125e+01
3.872284698486328125e+01
3.895725250244140625e+01
3.918642425537109375e+01
3.940959167480468750e+01
3.962748336791992188e+01
3.984082031250000000e+01
4.004884719848632812e+01
4.025006103515625000e+01
4.044592285156250000e+01
4.063642120361328125e+01
4.082078552246093750e+01
4.099974822998046875e+01
4.117255020141601562e+01
4.133916473388671875e+01
4.150106430053710938e+01
4.165525817871093750e+01
4.180470275878906250e+01
4.194714355468750000e+01
4.208331298828125000e+01
4.221318817138671875e+01
4.233674621582031250e+01
4.245322799682617188e+01
4.256410598754882812e+01
4.266861343383789062e+01
4.276599121093750000e+01
4.285621261596679688e+01
4.294149780273437500e+01
4.301810455322265625e+01
4.308898925781250000e+01
4.315264511108398438e+01
4.321053695678710938e+01
4.326041793823242188e+01
4.330375671386718750e+01
4.334127426147460938e+01
4.336997604370117188e+01
4.339356231689453125e+01
4.340977859497070312e+01
4.341860961914062500e+01
4.342225646972656250e+01
4.341773605346679688e+01
4.340650558471679688e+01
4.338780975341796875e+01
4.336310195922851562e+01
4.333088684082031250e+01
4.329188537597656250e+01
4.324682998657226562e+01
4.319423675537109375e+01
4.313558578491210938e+01
4.306938934326171875e+01
4.299713134765625000e+01
4.291805648803710938e+01
4.283291625976562500e+01
4.274095535278320312e+01
4.264217376708984375e+01
4.253730773925781250e+01
4.242635345458984375e+01
4.230856323242187500e+01
4.218542098999023438e+01
4.205542755126953125e+01
4.191933059692382812e+01
4.177786636352539062e+01
4.163028335571289062e+01
4.147509002685546875e+01
4.131525421142578125e+01
4.115076828002929688e+01
4.097940063476562500e+01
4.080337142944335938e+01
4.062119674682617188e+01
4.043434143066406250e+01
4.024355316162109375e+01
4.004584884643554688e+01
3.984196472167968750e+01
3.963412475585937500e+01
3.942157363891601562e+01
3.920282745361328125e+01
3.898159027099609375e+01
3.875413131713867188e+01
3.852268218994140625e+01
3.828574371337890625e+01
3.804479217529296875e+01
3.780057144165039062e+01
3.755232238769531250e+01
3.729929351806640625e+01
3.704222106933593750e+01
3.678034973144531250e+01
3.651739501953125000e+01
3.625111007690429688e+01
3.597999954223632812e+01
3.570554733276367188e+01
3.542847824096679688e+01
3.514730072021484375e+01
3.486423873901367188e+01
3.457630157470703125e+01
3.428719711303710938e+01
3.399468994140625000e+01
3.370102691650390625e+01
3.340324783325195312e+01
3.310433578491210938e+01
3.280282592773437500e+01
3.249948120117187500e+01
3.219505310058593750e+01
3.188807678222656250e+01
3.157930374145507812e+01
3.126949691772460938e+01
3.095867156982421875e+01
3.064683914184570312e+01
3.033476448059082031e+01
3.002096939086914062e+01
2.970621681213378906e+01
2.939200401306152344e+01
2.907760429382324219e+01
2.876228904724121094e+01
2.844607162475585938e+01
2.813119888305664062e+01
2.781619453430175781e+01
2.750181770324707031e+01
2.718808555603027344e+01
2.687500572204589844e+01
2.656259536743164062e+01
2.625161361694335938e+01
2.594132995605468750e+01
2.563249969482421875e+01
2.532513618469238281e+01
2.501777076721191406e+01
2.471412849426269531e+01
2.441125297546386719e+01
2.411064338684082031e+01
2.381231307983398438e+01
2.351553153991699219e+01
2.322105598449707031e+01
2.292964172363281250e+01
2.263981819152832031e+01
2.235159873962402344e+01
2.206870841979980469e+01
2.178744888305664062e+01
2.151006126403808594e+01
2.123655700683593750e+01
2.096621131896972656e+01
2.069828796386718750e+01
2.043503570556640625e+01
2.017423248291015625e+01
1.991812515258789062e+01
1.966597938537597656e+01
1.941707038879394531e+01
1.917289733886718750e+01
1.893273544311523438e+01
1.869586753845214844e+01
1.846454238891601562e+01
1.823729896545410156e+01
1.801415824890136719e+01
1.779663085937500000e+01
1.758399391174316406e+01
1.737627220153808594e+01
1.717348670959472656e+01
1.697566032409667969e+01
1.678430366516113281e+01
1.659646606445312500e+01
1.641514205932617188e+01
1.623887062072753906e+01
1.606841659545898438e+01
1.590305805206298828e+01
1.574430751800537109e+01
1.559070110321044922e+01
1.544300556182861328e+01
1.530050182342529297e+01
1.516544055938720703e+01
1.503561592102050781e+01
1.491254138946533203e+01
1.479475116729736328e+01
1.468450164794921875e+01
1.457958412170410156e+01
1.448151206970214844e+01
1.439030742645263672e+01
1.430525493621826172e+01
1.422637462615966797e+01
1.415369415283203125e+01
1.408798313140869141e+01
1.402851867675781250e+01
1.397681713104248047e+01
1.393067264556884766e+01
1.389159488677978516e+01
1.385961246490478516e+01
1.383400630950927734e+01
1.381629085540771484e+01
1.380426120758056641e+01
1.379868698120117188e+01
1.380033683776855469e+01
1.380924129486083984e+01
1.382393741607666016e+01
1.384742641448974609e+01
1.387601947784423828e+01
1.391197395324707031e+01
1.395457363128662109e+01
1.400459003448486328e+01
1.406130504608154297e+01
1.412546825408935547e+01
1.419559764862060547e+01
1.427318477630615234e+01
1.435748863220214844e+01
1.444702816009521484e+01
1.454403877258300781e+01
1.464926910400390625e+01
1.475826168060302734e+01
1.487474060058593750e+01
1.499796772003173828e+01
1.512720584869384766e+01
1.526320457458496094e+01
1.540448284149169922e+01
1.555253314971923828e+01
1.570661926269531250e+01
1.586749362945556641e+01
1.603367233276367188e+01
1.620590972900390625e+01
1.638346862792968750e+01
1.656710243225097656e+01
1.675681495666503906e+01
1.695187377929687500e+01
1.715302848815917969e+01
1.735806083679199219e+01
1.756995201110839844e+01
1.778647804260253906e+01
1.800765037536621094e+01
1.823496627807617188e+01
1.846694755554199219e+01
1.870285987854003906e+01
1.894420051574707031e+01
1.919098091125488281e+01
1.944097900390625000e+01
1.969643783569335938e+01
1.995662307739257812e+01
2.022006034851074219e+01
2.048898887634277344e+01
2.076044845581054688e+01
2.103742408752441406e+01
2.131769561767578125e+01
2.160127639770507812e+01
2.188966560363769531e+01
2.218064308166503906e+01
2.247496795654296875e+01
2.277339363098144531e+01
2.307518959045410156e+01
2.337962722778320312e+01
2.368746185302734375e+01
2.399796295166015625e+01
2.431114006042480469e+01
2.462698364257812500e+01
2.494547843933105469e+01
2.526586914062500000e+01
2.558962821960449219e+01
2.591451072692871094e+01
2.624124717712402344e+01
2.656982803344726562e+01
2.690023612976074219e+01
2.723320388793945312e+01
2.756574249267578125e+01
2.790081596374511719e+01
2.823617935180664062e+01
2.857256507873535156e+01
2.890996170043945312e+01
2.924761199951171875e+01
2.958699226379394531e+01
2.992585754394531250e+01
3.026494407653808594e+01
3.060423469543457031e+01
3.094372367858886719e+01
3.128265190124511719e+01
3.162101173400878906e+01
3.195952987670898438e+01
3.229671478271484375e+01
3.263403701782226562e+01
3.297000122070312500e+01
3.330533981323242188e+01
3.363929748535156250e+01
3.397112274169921875e+01
3.430303192138671875e+01
3.463204193115234375e+01
3.495962905883789062e+01
3.528652572631835938e+01
3.561049270629882812e+01
3.593225860595703125e+01
3.625256347656250000e+01
3.657064437866210938e+01
3.688500976562500000e+01
3.719787979125976562e+01
3.750775527954101562e+01
3.781462478637695312e+01
3.811847686767578125e+01
3.841930770874023438e+01
3.871635437011718750e+01
3.901110076904296875e+01
3.930204391479492188e+01
3.959066009521484375e+01
3.987396621704101562e+01
4.015418243408203125e+01
4.043129730224609375e+01
4.070454788208007812e+01
4.097244262695312500e+01
4.123719024658203125e+01
4.149729537963867188e+01
4.175347518920898438e+01
4.200424194335937500e+01
4.225031280517578125e+01
4.249316787719726562e+01
4.273055648803710938e+01
4.296320724487304688e+01
4.319110870361328125e+01
4.341424179077148438e+01
4.363185119628906250e+01
4.384465789794921875e+01
4.405264663696289062e+01
4.425580978393554688e+01
4.445189285278320312e+01
4.464310836791992188e+01
4.482944488525390625e+01
4.501014328002929688e+01
4.518443298339843750e+01
4.535305404663085938e+01
4.551672363281250000e+01
4.567468261718750000e+01
4.582542419433593750e+01
4.597116470336914062e+01
4.611114501953125000e+01
4.624533843994140625e+01
4.637298965454101562e+01
4.649333572387695312e+01
4.660932922363281250e+01
4.671872329711914062e+01
4.682001495361328125e+01
4.691689682006835938e+01
4.700712203979492188e+01
4.709066772460937500e+01
4.716900253295898438e+01
4.723987960815429688e+01
4.730773162841796875e+01
4.736585617065429688e+01
4.741794586181640625e+01
4.746323776245117188e+01
4.750320053100585938e+01
4.753631973266601562e+01
4.756109237670898438e+01
4.758195877075195312e+01
4.759517288208007812e+01
4.760221099853515625e+01
4.760304260253906250e+01
4.759690856933593750e+01
4.758378982543945312e+01
4.756516265869140625e+01
4.753951644897460938e+01
4.750759506225585938e+01
4.746862411499023438e+01
4.742333984375000000e+01
4.737172698974609375e+01
4.731376647949218750e+01
4.725018310546875000e+01
4.718096923828125000e+01
4.710462188720703125e+01
4.702334213256835938e+01
4.693489456176757812e+01
4.684149169921875000e+01
4.674088287353515625e+01
4.663528060913085938e+01
4.652243804931640625e+01
4.640531158447265625e+01
4.628017044067382812e+01
4.614996719360351562e+01
4.601467514038085938e+01
4.587280273437500000e+01
4.572506713867187500e+01
4.557293701171875000e+01
4.541416549682617188e+01
4.525170135498046875e+01
4.508329772949218750e+01
4.490893936157226562e+01
4.473008346557617188e+01
4.454597091674804688e+01
4.435509872436523438e+01
4.416041564941406250e+01
4.396189880371093750e+01
4.375729751586914062e+01
4.354733276367187500e+01
4.333347320556640625e+01
4.311569213867187500e+01
4.289248275756835938e+01
4.266456604003906250e+01
4.243340301513671875e+01
4.219674301147460938e+01
4.195604705810546875e+01
4.171055603027343750e+01
4.146320343017578125e+01
4.121026229858398438e+01
4.095318984985351562e+01
4.069270324707031250e+01
4.042877960205078125e+01
4.016065216064453125e+01
3.988903808593750000e+01
3.961394500732421875e+01
3.933538436889648438e+01
3.905411148071289062e+01
3.877013015747070312e+01
3.848270797729492188e+01
3.819259643554687500e+01
3.790055084228515625e+01
3.760509109497070312e+01
3.730696868896484375e+01
3.700768280029296875e+01
3.670574951171875000e+01
3.640191650390625000e+01
3.609620285034179688e+01
3.578786087036132812e+01
3.547839355468750000e+01
3.516779708862304688e+01
3.485535049438476562e+01
3.454253387451171875e+01
3.422713470458984375e+01
3.391212463378906250e+01
3.359528350830078125e+01
3.327810287475585938e+01
3.296058654785156250e+01
3.264126205444335938e+01
3.232236099243164062e+01
3.200314331054687500e+01
3.168436050415039062e+01
3.136453437805175781e+01
3.104441070556640625e+01
3.072622871398925781e+01
3.040775871276855469e+01
3.008901214599609375e+01
2.977148056030273438e+01
2.945441818237304688e+01
2.913858413696289062e+01
2.882398223876953125e+01
2.850838470458984375e+01
2.819551467895507812e+01
2.788389396667480469e+01
2.757278060913085938e+01
2.726292610168457031e+01
2.695582389831542969e+01
2.664924812316894531e+01
2.634617805480957031e+01
2.604290580749511719e+01
2.574240493774414062e+01
2.544468498229980469e+01
2.514900970458984375e+01
2.485612678527832031e+01
2.456455802917480469e+01
2.427580451965332031e+01
2.398988342285156250e+01
2.370755386352539062e+01
2.342734718322753906e+01
2.314928054809570312e+01
2.287485694885253906e+01
2.260260581970214844e+01
2.233180046081542969e+01
2.206692123413085938e+01
2.180501174926757812e+01
2.154608535766601562e+01
2.129165267944335938e+01
2.103949546813964844e+01
2.079186630249023438e+01
2.054803657531738281e+01
2.030802726745605469e+01
2.007259559631347656e+01
1.984028053283691406e+01
1.961257934570312500e+01
1.938877296447753906e+01
1.916887855529785156e+01
1.895439910888671875e+01
1.874312782287597656e+01
1.853656959533691406e+01
1.833474349975585938e+01
1.813692474365234375e+01
1.794462203979492188e+01
1.775711059570312500e+01
1.757366943359375000e+01
1.739505958557128906e+01
1.722130012512207031e+01
1.705316162109375000e+01
1.688917160034179688e+01
1.673009872436523438e+01
1.657670593261718750e+01
1.642752838134765625e+01
1.628481864929199219e+01
1.614562416076660156e+01
1.601294136047363281e+01
1.588381767272949219e+01
1.576125144958496094e+01
1.564303493499755859e+01
1.552993392944335938e+01
1.542345809936523438e+01
1.532140254974365234e+01
1.522527694702148438e+01
1.513361740112304688e+01
1.504793834686279297e+01
1.496751689910888672e+01
1.489237880706787109e+01
1.482253456115722656e+01
1.475874233245849609e+01
1.470027065277099609e+01
1.464712905883789062e+01
1.459858894348144531e+01
1.455540561676025391e+01
1.451833438873291016e+01
1.448590564727783203e+01
1.445961475372314453e+01
1.443799400329589844e+01
1.442179489135742188e+01
1.441103744506835938e+01
1.440573215484619141e+01
1.440515232086181641e+01
1.441005706787109375e+01
1.441971778869628906e+01
1.443489360809326172e+01
1.445485782623291016e+01
1.447962665557861328e+01
1.450995922088623047e+01
1.454512882232666016e+01
1.458515262603759766e+01
1.462930583953857422e+01
1.467834949493408203e+01
1.473229980468750000e+01
1.479191875457763672e+01
1.485499668121337891e+01
1.492452335357666016e+01
1.499828910827636719e+01
1.507557010650634766e+01
1.515787029266357422e+01
1.524446773529052734e+01
1.533463954925537109e+01
1.543063545227050781e+01
1.553024673461914062e+01
1.563423538208007812e+01
1.574188137054443359e+01
1.585394668579101562e+01
1.596971130371093750e+01
1.608994293212890625e+01
1.621391296386718750e+01
1.634165000915527344e+01
1.647317314147949219e+01
1.660850715637207031e+01
1.674841499328613281e+01
1.689069366455078125e+01
1.703685379028320312e+01
1.718617057800292969e+01
1.733941268920898438e+01
1.749511337280273438e+01
1.765550613403320312e+01
1.781835746765136719e+01
1.798440742492675781e+01
1.815216827392578125e+01
1.832386398315429688e+01
1.849801445007324219e+01
1.867535400390625000e+01
1.885439872741699219e+01
1.903588676452636719e+01
1.922056579589843750e+01
1.940694427490234375e+01
1.959502220153808594e+01
1.978628540039062500e+01
1.997850799560546875e+01
2.017316818237304688e+01
2.036952781677246094e+01
2.056832885742187500e+01
2.076734352111816406e+01
2.096805572509765625e+01
2.116972541809082031e+01
2.137383651733398438e+01
2.157890701293945312e+01
2.178344535827636719e+01
2.199043464660644531e+01
2.219763565063476562e+01
2.240579986572265625e+01
2.261492538452148438e+01
2.282427215576171875e+01
2.303384017944335938e+01
2.324437141418457031e+01
2.345438766479492188e+01
2.366611480712890625e+01
2.387658309936523438e+01
2.408802413940429688e+01
2.429820823669433594e+01
2.450862693786621094e+01
2.471927833557128906e+01
2.492868041992187500e+01
2.513832092285156250e+01
2.534671401977539062e+01
2.555609321594238281e+01
2.576274299621582031e+01
2.597038078308105469e+01
2.617678070068359375e+01
2.638119888305664062e+01
2.658512687683105469e+01
2.678782081604003906e+01
2.699077033996582031e+01
2.719100189208984375e+01
2.738925933837890625e+01
2.758776473999023438e+01
2.778352928161621094e+01
2.797728157043457031e+01
2.817049407958984375e+01
2.836092758178710938e+01
2.855005645751953125e+01
2.873637580871582031e+01
2.892136001586914062e+01
2.910350799560546875e+01
2.928429412841796875e+01
2.946296119689941406e+01
2.963875579833984375e+01
2.981239891052246094e+01
2.998313522338867188e+01
3.015170097351074219e+01
3.031658363342285156e+01
3.048075294494628906e+01
3.063972663879394531e+01
3.079646492004394531e+01
3.095095634460449219e+01
3.110243606567382812e+01
3.125015068054199219e+01
3.139408111572265625e+01
3.153569984436035156e+01
3.167425155639648438e+01
3.180971145629882812e+01
3.194132804870605469e+01
3.206908035278320312e+01
3.219444274902343750e+01
3.231590270996093750e+01
3.243345642089843750e+01
3.254781723022460938e+01
3.265823364257812500e+01
3.276542282104492188e+01
3.286788940429687500e+01
3.296710205078125000e+01
3.306229400634765625e+01
3.315418624877929688e+01
3.324128341674804688e+01
3.332504272460937500e+01
3.340322875976562500e+01
3.347952651977539062e+01
3.355094909667968750e+01
3.361821746826171875e+01
3.368205642700195312e+01
3.374170303344726562e+01
3.379713821411132812e+01
3.384833526611328125e+01
3.389453506469726562e+01
3.393794631958007812e+01
3.397632598876953125e+01
3.401040267944335938e+01
3.404090881347656250e+01
3.406634902954101562e+01
3.408893203735351562e+01
3.410642623901367188e+01
3.411955261230468750e+01
3.412755584716796875e+01
3.413264846801757812e+01
3.413333892822265625e+01
3.413034820556640625e+01
3.412217712402343750e+01
3.411029815673828125e+01
3.409469985961914062e+01
3.407387161254882812e+01
3.405077362060546875e+01
3.402167510986328125e+01
3.398878860473632812e+01
3.395209503173828125e+01
3.391232681274414062e+01
3.386648941040039062e+01
3.381754302978515625e+01
3.376471328735351562e+01
3.370799636840820312e+01
3.364737319946289062e+01
3.358355712890625000e+01
3.351579666137695312e+01
3.344332504272460938e+01
3.336686706542968750e+01
3.328714370727539062e+01
3.320339965820312500e+01
3.311560440063476562e+01
3.302523040771484375e+01
3.293002700805664062e+01
3.283219909667968750e+01
3.272949981689453125e+01
3.262413406372070312e+01
3.251459503173828125e+01
3.240234756469726562e+01
3.228737258911132812e+01
3.216815185546875000e+01
3.204541397094726562e+01
3.191913414001464844e+01
3.179077148437500000e+01
3.165807914733886719e+01
3.152251625061035156e+01
3.138406181335449219e+01
3.124119758605957031e+01
3.109687995910644531e+01
3.094885444641113281e+01
3.079785919189453125e+01
3.064538383483886719e+01
3.048919105529785156e+01
3.033002662658691406e+01
3.016937065124511719e+01
3.000499153137207031e+01
2.983838081359863281e+01
2.966952514648437500e+01
2.949991607666015625e+01
2.932582855224609375e+01
2.915023803710937500e+01
2.897239494323730469e+01
2.879303741455078125e+01
2.861142158508300781e+01
2.842754173278808594e+01
2.824139404296875000e+01
2.805520439147949219e+01
2.786599540710449219e+01
2.767599296569824219e+01
2.748444938659667969e+01
2.729135704040527344e+01
2.709745788574218750e+01
2.690200233459472656e+01
2.670498466491699219e+01
2.650714492797851562e+01
2.630921936035156250e+01
2.610823059082031250e+01
2.590863227844238281e+01
2.570595932006835938e+01
2.550392150878906250e+01
2.530102729797363281e+01
2.509727287292480469e+01
2.489339065551757812e+01
2.468863677978515625e+01
2.448374557495117188e+01
2.427871322631835938e+01
2.407278633117675781e+01
2.386670684814453125e+01
2.366120719909667969e+01
2.345554161071777344e+01
2.324970245361328125e+01
2.304442596435546875e+01
2.283896446228027344e+01
2.263331222534179688e+01
2.242894554138183594e+01
2.222437286376953125e+01
2.201959228515625000e+01
2.181682014465332031e+01
2.161382865905761719e+01
2.141060638427734375e+01
2.120939254760742188e+01
2.100871276855468750e+01
2.080931663513183594e+01
2.060972785949707031e+01
2.041218566894531250e+01
2.021521377563476562e+01
2.001881790161132812e+01
1.982450103759765625e+01
1.963077926635742188e+01
1.943841171264648438e+01
1.924814796447753906e+01
1.905925369262695312e+01
1.887174224853515625e+01
1.868562126159667969e+01
1.850164413452148438e+01
1.831833839416503906e+01
1.813719558715820312e+01
1.795822906494140625e+01
1.778144836425781250e+01
1.760612297058105469e+01
1.743300437927246094e+01
1.726210784912109375e+01
1.709343719482421875e+01
1.692701148986816406e+01
1.676283836364746094e+01
1.660092926025390625e+01
1.644055366516113281e+01
1.628395271301269531e+01
1.612891006469726562e+01
1.597618007659912109e+01
1.582651805877685547e+01
1.567919445037841797e+01
1.553496456146240234e+01
1.539235591888427734e+01
1.525286674499511719e+01
1.511650943756103516e+01
1.498181438446044922e+01
1.485102272033691406e+01
1.472266387939453125e+01
1.459675121307373047e+01
1.447404193878173828e+01
1.435529232025146484e+01
1.423828983306884766e+01
1.412527942657470703e+01
1.401404571533203125e+01
1.390683364868164062e+01
1.380291652679443359e+01
1.370082378387451172e+01
1.360280036926269531e+01
1.350812053680419922e+01
1.341605091094970703e+01
1.332734775543212891e+01
1.324202060699462891e+01
1.315933990478515625e+01
1.308080291748046875e+01
1.300419330596923828e+01
1.293175315856933594e+01
1.286200714111328125e+01
1.279645633697509766e+01
1.273214149475097656e+01
1.267204666137695312e+01
1.261544513702392578e+01
1.256160640716552734e+01
1.251128864288330078e+01
1.246450614929199219e+01
1.242052936553955078e+01
1.238011837005615234e+01
1.234254360198974609e+01
1.230782222747802734e+01
1.227745532989501953e+01
1.224997234344482422e+01
1.222539138793945312e+01
1.220372772216796875e+01
1.218499851226806641e+01
1.216996383666992188e+01
1.215789890289306641e+01
1.214882087707519531e+01
1.214348983764648438e+01
1.214118289947509766e+01
1.214117336273193359e+01
1.214496707916259766e+01
1.215183925628662109e+01
1.216106700897216797e+01
1.217341232299804688e+01
1.218963813781738281e+01
1.220753479003906250e+01
1.222935199737548828e+01
1.225436782836914062e+01
1.228111553192138672e+01
1.231110191345214844e+01
1.234434986114501953e+01
1.237939357757568359e+01
1.241774177551269531e+01
1.245941543579101562e+01
1.250369358062744141e+01
1.254985618591308594e+01
1.259941101074218750e+01
1.265089511871337891e+01
1.270581912994384766e+01
1.276271533966064453e+01
1.282233428955078125e+01
1.288467979431152344e+01
1.294901275634765625e+01
1.301608276367187500e+01
1.308515071868896484e+01
1.315696334838867188e+01
1.323078441619873047e+01
1.330587482452392578e+01
1.338447093963623047e+01
1.346434783935546875e+01
1.354625606536865234e+01
1.363019943237304688e+01
1.371692943572998047e+01
1.380496501922607422e+01
1.389431381225585938e+01
1.398572635650634766e+01
1.407920742034912109e+01
1.417327880859375000e+01
1.426943588256835938e+01
1.436768150329589844e+01
1.446654224395751953e+01
1.456676578521728516e+01
1.466910457611083984e+01
1.477282333374023438e+01
1.487718486785888672e+01
1.498220062255859375e+01
1.508936119079589844e+01
1.519719409942626953e+01
1.530570316314697266e+01
1.541564178466796875e+01
1.552701854705810547e+01
1.563835620880126953e+01
1.575115013122558594e+01
1.586466503143310547e+01
1.597816848754882812e+01
1.609315490722656250e+01
1.620889091491699219e+01
1.632389831542968750e+01
1.643967437744140625e+01
1.655697059631347656e+01
1.667430686950683594e+01
1.679095649719238281e+01
1.690915298461914062e+01
1.702667808532714844e+01
1.714428329467773438e+01
1.726272392272949219e+01
1.738126373291015625e+01
1.749917221069335938e+01
1.761719894409179688e+01
1.773534965515136719e+01
1.785288238525390625e+01
1.797127723693847656e+01
1.808978462219238281e+01
1.820691299438476562e+01
1.832340049743652344e+01
1.843998336791992188e+01
1.855665779113769531e+01
1.867118835449218750e+01
1.878654289245605469e+01
1.890048599243164062e+01
1.901449584960937500e+01
1.912708473205566406e+01
1.923972892761230469e+01
1.935019683837890625e+01
1.946070861816406250e+01
1.956828880310058594e+01
1.967738914489746094e+01
1.978428649902343750e+01
1.989120483398437500e+01
1.999813842773437500e+01
2.010136604309082031e+01
2.020459175109863281e+01
2.030558776855468750e+01
2.040657043457031250e+01
2.050382041931152344e+01
2.060104370117187500e+01
2.069675064086914062e+01
2.079018783569335938e+01
2.088357734680175781e+01
2.097468376159667969e+01
2.106424331665039062e+01
2.115076065063476562e+01
2.123719978332519531e+01
2.132206726074218750e+01
2.140386962890625000e+01
2.148482513427734375e+01
2.156344223022460938e+01
2.164045143127441406e+01
2.171510696411132812e+01
2.178813743591308594e+01
2.185953521728515625e+01
2.192854881286621094e+01
2.199590873718261719e+01
2.206160926818847656e+01
2.212415313720703125e+01
2.218501472473144531e+01
2.224344253540039062e+01
2.230016708374023438e+01
2.235517883300781250e+01
2.240772628784179688e+01
2.245705032348632812e+01
2.250463485717773438e+01
2.254972267150878906e+01
2.259304809570312500e+01
2.263385772705078125e+01
2.267288398742675781e+01
2.271011543273925781e+01
2.274331283569335938e+01
2.277469635009765625e+01
2.280424880981445312e+01
2.283047866821289062e+01
2.285485839843750000e+01
2.287737274169921875e+01
2.289727020263671875e+01
2.291453742980957031e+01
2.292990303039550781e+01
2.294261169433593750e+01
2.295265197753906250e+01
2.296075248718261719e+01
2.296541404724121094e+01
2.296885108947753906e+01
2.296956062316894531e+01
2.296827697753906250e+01
2.296349334716796875e+01
2.295742797851562500e+01
2.294783782958984375e+01
2.293693351745605469e+01
2.292321586608886719e+01
2.290740966796875000e+01
2.288875770568847656e+01
2.286724281311035156e+01
2.284433364868164062e+01
2.281852912902832031e+01
2.279129981994628906e+01
2.275965118408203125e+01
2.272728729248046875e+01
2.269269943237304688e+01
2.265513038635253906e+01
2.261530303955078125e+01
2.257319831848144531e+01
2.252879905700683594e+01
2.248357200622558594e+01
2.243378448486328125e+01
2.238238716125488281e+01
2.232936096191406250e+01
2.227394676208496094e+01
2.221611976623535156e+01
2.215660476684570312e+01
2.209389877319335938e+01
2.203020668029785156e+01
2.196255302429199219e+01
2.189390182495117188e+01
2.182425117492675781e+01
2.175210380554199219e+01
2.167745780944824219e+01
2.160104560852050781e+01
2.152212333679199219e+01
2.144142150878906250e+01
2.135968017578125000e+01
2.127540397644042969e+01
2.119007301330566406e+01
2.110293579101562500e+01
2.101324272155761719e+01
2.092247009277343750e+01
2.082986831665039062e+01
2.073617172241210938e+01
2.064062881469726562e+01
2.054397392272949219e+01
2.044545555114746094e+01
2.034506607055664062e+01
2.024353981018066406e+01
2.014011955261230469e+01
2.003703117370605469e+01
1.993129158020019531e+01
1.982363319396972656e+01
1.971627426147460938e+01
1.960623359680175781e+01
1.949647521972656250e+01
1.938475799560546875e+01
1.927107238769531250e+01
1.915763664245605469e+01
1.904369926452636719e+01
1.892776107788085938e+01
1.881129837036132812e+01
1.869430160522460938e+01
1.857527160644531250e+01
1.845642852783203125e+01
1.833701705932617188e+01
1.821628379821777344e+01
1.809570312500000000e+01
1.797303581237792969e+01
1.785049819946289062e+01
1.772807884216308594e+01
1.760353851318359375e+01
1.747983741760253906e+01
1.735473632812500000e+01
1.722970581054687500e+01
1.710399436950683594e+01
1.697684669494628906e+01
1.685122489929199219e+01
1.672415924072265625e+01
1.659787750244140625e+01
1.647015380859375000e+01
1.634322166442871094e+01
1.621411132812500000e+01
1.608579444885253906e+01
1.595827388763427734e+01
1.583081054687500000e+01
1.570414924621582031e+01
1.557754993438720703e+01
1.544952678680419922e+01
1.532231140136718750e+01
1.519590950012207031e+01
1.506883430480957031e+01
1.494257450103759766e+01
1.481639194488525391e+01
1.469102954864501953e+01
1.456574726104736328e+01
1.444129371643066406e+01
1.431766796112060547e+01
1.419339084625244141e+01
1.406994533538818359e+01
1.394808292388916016e+01
1.382557582855224609e+01
1.370465564727783203e+01
1.358383941650390625e+01
1.346536064147949219e+01
1.334699249267578125e+01
1.322873878479003906e+01
1.311134624481201172e+01
1.299481964111328125e+01
1.287990379333496094e+01
1.276511764526367188e+01
1.265195083618164062e+01
1.253892230987548828e+01
1.242826366424560547e+01
1.231775283813476562e+01
1.220887756347656250e+01
1.210090160369873047e+01
1.199382781982421875e+01
1.188840484619140625e+01
1.178389644622802734e+01
1.168104743957519531e+01
1.157838058471679688e+01
1.147812747955322266e+01
1.137955284118652344e+01
1.128266048431396484e+01
1.118597126007080078e+01
1.109097862243652344e+01
1.099694347381591797e+01
1.090387344360351562e+01
1.081177616119384766e+01
1.072214317321777344e+01
1.063476085662841797e+01
1.054785156250000000e+01
1.046253871917724609e+01
1.037867927551269531e+01
1.029643344879150391e+01
1.021587944030761719e+01
1.013688087463378906e+01
1.005937004089355469e+01
9.983652114868164062e+00
9.909662246704101562e+00
9.837112426757812500e+00
9.766160964965820312e+00
9.696817398071289062e+00
9.629240036010742188e+00
9.563288688659667969e+00
9.498900413513183594e+00
9.436307907104492188e+00
9.375298500061035156e+00
9.315958023071289062e+00
9.258370399475097656e+00
9.202473640441894531e+00
9.148203849792480469e+00
9.095795631408691406e+00
9.044963836669921875e+00
8.995943069458007812e+00
8.948596000671386719e+00
8.902935981750488281e+00
8.859048843383789062e+00
8.816874504089355469e+00
8.776350021362304688e+00
8.737638473510742188e+00
8.700603485107421875e+00
8.665408134460449219e+00
8.631842613220214844e+00
8.599996566772460938e+00
8.569882392883300781e+00
8.541440963745117188e+00
8.514760017395019531e+00
8.489782333374023438e+00
8.466445922851562500e+00
8.444992065429687500e+00
8.425135612487792969e+00
8.406894683837890625e+00
8.390357971191406250e+00
8.375616073608398438e+00
8.362536430358886719e+00
8.351060867309570312e+00
8.341194152832031250e+00
8.333019256591796875e+00
8.326390266418457031e+00
8.321466445922851562e+00
8.318176269531250000e+00
8.316452980041503906e+00
8.316082000732421875e+00
8.317142486572265625e+00
8.319866180419921875e+00
8.324036598205566406e+00
8.329734802246093750e+00
8.336821556091308594e+00
8.345304489135742188e+00
8.355189323425292969e+00
8.366413116455078125e+00
8.378981590270996094e+00
8.392903327941894531e+00
8.408263206481933594e+00
8.424696922302246094e+00
8.442510604858398438e+00
8.461490631103515625e+00
8.481793403625488281e+00
8.502985954284667969e+00
8.525296211242675781e+00
8.549553871154785156e+00
8.574579238891601562e+00
8.600604057312011719e+00
8.626895904541015625e+00
8.655694007873535156e+00
8.684779167175292969e+00
8.714904785156250000e+00
8.746081352233886719e+00
8.777575492858886719e+00
8.810884475708007812e+00
8.846018791198730469e+00
8.880018234252929688e+00
8.915863037109375000e+00
8.952823638916015625e+00
8.989423751831054688e+00
9.027903556823730469e+00
9.066789627075195312e+00
9.106091499328613281e+00
9.146563529968261719e+00
9.187475204467773438e+00
9.229581832885742188e+00
9.272149085998535156e+00
9.315191268920898438e+00
9.358718872070312500e+00
9.402742385864257812e+00
9.448017120361328125e+00
9.494543075561523438e+00
9.540093421936035156e+00
9.586152076721191406e+00
9.631976127624511719e+00
9.679054260253906250e+00
9.727383613586425781e+00
9.774738311767578125e+00
9.823345184326171875e+00
9.870977401733398438e+00
9.919862747192382812e+00
9.968516349792480469e+00
1.001768112182617188e+01
1.006810188293457031e+01
1.011754703521728516e+01
1.016676330566406250e+01
1.021649074554443359e+01
1.026598930358886719e+01
1.031525707244873047e+01
1.036503887176513672e+01
1.041533470153808594e+01
1.046465873718261719e+01
1.051449775695800781e+01
1.056336402893066406e+01
1.061274528503417969e+01
1.066189861297607422e+01
1.071082305908203125e+01
1.075877666473388672e+01
1.080650234222412109e+01
1.085399913787841797e+01
1.090126705169677734e+01
1.094904994964599609e+01
1.099511814117431641e+01
1.104244232177734375e+01
1.108805084228515625e+01
1.113417243957519531e+01
1.117931938171386719e+01
1.122349262237548828e+01
1.126743316650390625e+01
1.131114101409912109e+01
1.135461425781250000e+01
1.139710998535156250e+01
1.143937015533447266e+01
1.148064899444580078e+01
1.152168941497802734e+01
1.156248950958251953e+01
1.160156250000000000e+01
1.164039230346679688e+01
1.167897605895996094e+01
1.171582794189453125e+01
1.175242996215820312e+01
1.178803539276123047e+01
1.182263946533203125e+01
1.185772418975830078e+01
1.189105415344238281e+01
1.192336654663085938e+01
1.195614433288574219e+01
1.198715209960937500e+01
1.201712608337402344e+01
1.204754829406738281e+01
1.207618236541748047e+01
1.210376644134521484e+01
1.213029289245605469e+01
1.215575790405273438e+01
1.218089580535888672e+01
1.220495700836181641e+01
1.222719287872314453e+01
1.224982643127441406e+01
1.227061939239501953e+01
1.229030799865722656e+01
1.230962944030761719e+01
1.232708835601806641e+01
1.234416389465332031e+01
1.236010456085205078e+01
1.237416076660156250e+01
1.238855171203613281e+01
1.240178489685058594e+01
1.241385078430175781e+01
1.242473983764648438e+01
1.243444442749023438e+01
1.244221305847167969e+01
1.245026397705078125e+01
1.245635986328125000e+01
1.246197605133056641e+01
1.246561908721923828e+01
1.246950721740722656e+01
1.246991443634033203e+01
1.247128868103027344e+01
1.247064971923828125e+01
1.246947097778320312e+01
1.246700000762939453e+01
1.246322536468505859e+01
1.245887851715087891e+01
1.245172023773193359e+01
1.244545364379882812e+01
1.243709659576416016e+01
1.242812156677246094e+01
1.241777515411376953e+01
1.240530014038085938e+01
1.239291667938232422e+01
1.237986850738525391e+01
1.236392116546630859e+01
1.234804058074951172e+01
1.233073616027832031e+01
1.231274604797363281e+01
1.229332160949707031e+01
1.227245521545410156e+01
1.225088596343994141e+01
1.222786331176757812e+01
1.220486927032470703e+01
1.218040943145751953e+01
1.215522003173828125e+01
1.212855339050292969e+01
1.210114383697509766e+01
1.207224178314208984e+01
1.204183959960937500e+01
1.201141834259033203e+01
1.197948265075683594e+01
1.194676780700683594e+01
1.191475296020507812e+01
1.188045787811279297e+01
1.184461784362792969e+01
1.180945396423339844e+01
1.177198600769042969e+01
1.173443412780761719e+01
1.169530296325683594e+01
1.165607261657714844e+01
1.161598873138427734e+01
1.157504367828369141e+01
1.153322887420654297e+01
1.149053573608398438e+01
1.144695186614990234e+01
1.140247154235839844e+01
1.135782718658447266e+01
1.131152248382568359e+01
1.126503562927246094e+01
1.121835517883300781e+01
1.117072868347167969e+01
1.112289047241210938e+01
1.107408618927001953e+01
1.102356243133544922e+01
1.097353935241699219e+01
1.092326354980468750e+01
1.087123775482177734e+01
1.081893825531005859e+01
1.076561069488525391e+01
1.071198940277099609e+01
1.065880489349365234e+01
1.060381793975830078e+01
1.054924678802490234e+01
1.049433898925781250e+01
1.043834972381591797e+01
1.038201999664306641e+01
1.032534885406494141e+01
1.026759052276611328e+01
1.021097373962402344e+01
1.015252494812011719e+01
1.009372806549072266e+01
1.003532600402832031e+01
9.976571083068847656e+00
9.916722297668457031e+00
9.857261657714843750e+00
9.796701431274414062e+00
9.737269401550292969e+00
9.676734924316406250e+00
9.616581916809082031e+00
9.556066513061523438e+00
9.495334625244140625e+00
9.434384346008300781e+00
9.373213768005371094e+00
9.312416076660156250e+00
9.251394271850585938e+00
9.190295219421386719e+00
9.129117965698242188e+00
9.067934036254882812e+00
9.006741523742675781e+00
8.945688247680664062e+00
8.884622573852539062e+00
8.823617935180664062e+00
8.762671470642089844e+00
8.701857566833496094e+00
8.641098976135253906e+00
8.580615997314453125e+00
8.520260810852050781e+00
8.460029602050781250e+00
8.399997711181640625e+00
8.340234756469726562e+00
8.280592918395996094e+00
8.221293449401855469e+00
8.162185668945312500e+00
8.103268623352050781e+00
8.044764518737792969e+00
7.986522674560546875e+00
7.928542613983154297e+00
7.870897293090820312e+00
7.813585758209228516e+00
7.756607055664062500e+00
7.700035572052001953e+00
7.643869876861572266e+00
7.588034629821777344e+00
7.532605171203613281e+00
7.477656841278076172e+00
7.423118591308593750e+00
7.368993759155273438e+00
7.315284729003906250e+00
7.262143611907958984e+00
7.209498882293701172e+00
7.157279014587402344e+00
7.105637550354003906e+00
7.054354190826416016e+00
7.003729820251464844e+00
6.953693866729736328e+00
6.904175281524658203e+00
6.855253219604492188e+00
6.806931018829345703e+00
6.759212970733642578e+00
6.712028503417968750e+00
6.665457248687744141e+00
6.619577407836914062e+00
6.574319362640380859e+00
6.529687404632568359e+00
6.485761642456054688e+00
6.442471981048583984e+00
6.399823188781738281e+00
6.357820987701416016e+00
6.316545009613037109e+00
6.276000499725341797e+00
6.236118316650390625e+00
6.196979045867919922e+00
6.158514022827148438e+00
6.120877265930175781e+00
6.083852291107177734e+00
6.047594070434570312e+00
6.012182712554931641e+00
5.977402210235595703e+00
5.943407535552978516e+00
5.910205364227294922e+00
5.877727985382080078e+00
5.846056461334228516e+00
5.815124511718750000e+00
5.785012245178222656e+00
5.755578994750976562e+00
5.726981639862060547e+00
5.699226856231689453e+00
5.672173500061035156e+00
5.646052837371826172e+00
5.620575428009033203e+00
5.595973014831542969e+00
5.572103977203369141e+00
5.549200057983398438e+00
5.526971817016601562e+00
5.505572795867919922e+00
5.484932899475097656e+00
5.465129852294921875e+00
5.446020126342773438e+00
5.427831649780273438e+00
5.410345554351806641e+00
5.393640518188476562e+00
5.377722263336181641e+00
5.362595558166503906e+00
5.348116874694824219e+00
5.334514141082763672e+00
5.321496009826660156e+00
5.309290885925292969e+00
5.297904491424560547e+00
5.287342548370361328e+00
5.277685165405273438e+00
5.268418312072753906e+00
5.259994029998779297e+00
5.252196311950683594e+00
5.245253562927246094e+00
5.238875389099121094e+00
5.233216762542724609e+00
5.228210926055908203e+00
5.224013328552246094e+00
5.220258712768554688e+00
5.217400074005126953e+00
5.215074062347412109e+00
5.213361740112304688e+00
5.212344646453857422e+00
5.212105274200439453e+00
5.212353706359863281e+00
5.213320732116699219e+00
5.214865207672119141e+00
5.217069625854492188e+00
5.219719886779785156e+00
5.223120212554931641e+00
5.227056503295898438e+00
5.231611728668212891e+00
5.236720085144042969e+00
5.242240428924560547e+00
5.248479843139648438e+00
5.255223751068115234e+00
5.262480258941650391e+00
5.270333290100097656e+00
5.278643131256103516e+00
5.287493228912353516e+00
5.296966552734375000e+00
5.306923866271972656e+00
5.317300319671630859e+00
5.328177452087402344e+00
5.339559078216552734e+00
5.351373195648193359e+00
5.363621711730957031e+00
5.376306056976318359e+00
5.389429569244384766e+00
5.402919769287109375e+00
5.416851997375488281e+00
5.431156158447265625e+00
5.445759773254394531e+00
5.460738658905029297e+00
5.476096153259277344e+00
5.491686344146728516e+00
5.507585048675537109e+00
5.523944377899169922e+00
5.540395259857177734e+00
5.557088375091552734e+00
5.574175357818603516e+00
5.591361522674560547e+00
5.608872890472412109e+00
5.626488208770751953e+00
5.644359588623046875e+00
5.662341117858886719e+00
5.680658817291259766e+00
5.699017047882080078e+00
5.717420101165771484e+00
5.736092090606689453e+00
5.754814147949218750e+00
5.773662567138671875e+00
5.792565822601318359e+00
5.811602115631103516e+00
5.830698013305664062e+00
5.849858283996582031e+00
5.869009494781494141e+00
5.888155460357666016e+00
5.907447338104248047e+00
5.926664829254150391e+00
5.945959568023681641e+00
5.965185165405273438e+00
5.984344959259033203e+00
6.003589153289794922e+00
6.022624015808105469e+00
6.041674613952636719e+00
6.060743331909179688e+00
6.079685211181640625e+00
6.098501205444335938e+00
6.117269039154052734e+00
6.135916233062744141e+00
6.154446125030517578e+00
6.172860622406005859e+00
6.191235065460205078e+00
6.209346294403076172e+00
6.227416038513183594e+00
6.245294570922851562e+00
6.262905120849609375e+00
6.280395507812500000e+00
6.297689437866210938e+00
6.314859867095947266e+00
6.331682205200195312e+00
6.348303318023681641e+00
6.364795684814453125e+00
6.380859851837158203e+00
6.396791458129882812e+00
6.412439823150634766e+00
6.427876472473144531e+00
6.442877292633056641e+00
6.457663536071777344e+00
6.472082138061523438e+00
6.486206531524658203e+00
6.500108718872070312e+00
6.513637065887451172e+00
6.526788234710693359e+00
6.539560794830322266e+00
6.552100181579589844e+00
6.564254760742187500e+00
6.575946807861328125e+00
6.587322235107421875e+00
6.598228931427001953e+00
6.608813285827636719e+00
6.618996620178222656e+00
6.628776073455810547e+00
6.638147354125976562e+00
6.647107601165771484e+00
6.655652523040771484e+00
6.663853645324707031e+00
6.671557426452636719e+00
6.678759098052978516e+00
6.685605049133300781e+00
6.692015647888183594e+00
6.697986602783203125e+00
6.703438758850097656e+00
6.708443164825439453e+00
6.712993621826171875e+00
6.717086791992187500e+00
6.720642566680908203e+00
6.723804950714111328e+00
6.726494312286376953e+00
6.728631496429443359e+00
6.730359554290771484e+00
6.731524944305419922e+00
6.732270717620849609e+00
6.732445240020751953e+00
6.732193470001220703e+00
6.731438636779785156e+00
6.730251312255859375e+00
6.728478908538818359e+00
6.726267337799072266e+00
6.723538398742675781e+00
6.720288276672363281e+00
6.716586589813232422e+00
6.712357044219970703e+00
6.707742214202880859e+00
6.702590942382812500e+00
6.696897983551025391e+00
6.690808296203613281e+00
6.684242248535156250e+00
6.677196025848388672e+00
6.669589996337890625e+00
6.661569118499755859e+00
6.653128147125244141e+00
6.644187450408935547e+00
6.634816646575927734e+00
6.624787330627441406e+00
6.614392757415771484e+00
6.603625774383544922e+00
6.592333793640136719e+00
6.580585479736328125e+00
6.568449020385742188e+00
6.555770397186279297e+00
6.542767047882080078e+00
6.529135704040527344e+00
6.515242099761962891e+00
6.500782966613769531e+00
6.486049652099609375e+00
6.470811843872070312e+00
6.455064773559570312e+00
6.439024925231933594e+00
6.422462463378906250e+00
6.405593395233154297e+00
6.388188838958740234e+00
6.370390892028808594e+00
6.352266311645507812e+00
6.333660125732421875e+00
6.314713954925537109e+00
6.295197963714599609e+00
6.275551319122314453e+00
6.255394458770751953e+00
6.234943389892578125e+00
6.214043140411376953e+00
6.192685127258300781e+00
6.171011924743652344e+00
6.149094581604003906e+00
6.126634597778320312e+00
6.103926181793212891e+00
6.080893039703369141e+00
6.057459831237792969e+00
6.033770561218261719e+00
6.009750366210937500e+00
5.985395908355712891e+00
5.960853576660156250e+00
5.935823917388916016e+00
5.910675048828125000e+00
5.885256290435791016e+00
5.859564781188964844e+00
5.833598136901855469e+00
5.807427406311035156e+00
5.781049728393554688e+00
5.754388332366943359e+00
5.727514266967773438e+00
5.700499057769775391e+00
5.673191070556640625e+00
5.645810127258300781e+00
5.618130683898925781e+00
5.590446949005126953e+00
5.562457561492919922e+00
5.534383296966552734e+00
5.505998611450195312e+00
5.477670192718505859e+00
5.449099063873291016e+00
5.420430183410644531e+00
5.391735076904296875e+00
5.362861633300781250e+00
5.333880901336669922e+00
5.304640769958496094e+00
5.275510787963867188e+00
5.246189117431640625e+00
5.216896057128906250e+00
5.187554359436035156e+00
5.158011913299560547e+00
5.128489017486572266e+00
5.098981857299804688e+00
5.069338798522949219e+00
5.039705276489257812e+00
5.010004043579101562e+00
4.980380535125732422e+00
4.950757026672363281e+00
4.921056747436523438e+00
4.891424655914306641e+00
4.861709594726562500e+00
4.832056999206542969e+00
4.802390098571777344e+00
4.772782325744628906e+00
4.743161201477050781e+00
4.713674068450927734e+00
4.684174060821533203e+00
4.654809474945068359e+00
4.625432014465332031e+00
4.596043109893798828e+00
4.566791057586669922e+00
4.537751197814941406e+00
4.508775234222412109e+00
4.479863643646240234e+00
4.451091766357421875e+00
4.422386169433593750e+00
4.393970489501953125e+00
4.365547657012939453e+00
4.337267875671386719e+00
4.309131145477294922e+00
4.281288146972656250e+00
4.253441810607910156e+00
4.225890636444091797e+00
4.198412895202636719e+00
4.171232223510742188e+00
4.144201278686523438e+00
4.117396354675292969e+00
4.090743064880371094e+00
4.064318180084228516e+00
4.038122653961181641e+00
4.012157440185546875e+00
3.986350297927856445e+00
3.960777044296264648e+00
3.935513496398925781e+00
3.910412311553955078e+00
3.885624408721923828e+00
3.861002683639526367e+00
3.836697816848754883e+00
3.812562704086303711e+00
3.788896799087524414e+00
3.765255928039550781e+00
3.742014408111572266e+00
3.719099760055541992e+00
3.696365833282470703e+00
3.673888444900512695e+00
3.651745557785034180e+00
3.629938602447509766e+00
3.608396291732788086e+00
3.587121009826660156e+00
3.566190242767333984e+00
3.545457601547241211e+00
3.525149106979370117e+00
3.505118846893310547e+00
3.485369205474853516e+00
3.465901374816894531e+00
3.446867227554321289e+00
3.428045272827148438e+00
3.409586668014526367e+00
3.391494035720825195e+00
3.373694896697998047e+00
3.356117963790893555e+00
3.338988780975341797e+00
3.322086572647094727e+00
3.305563211441040039e+00
3.289346933364868164e+00
3.273441076278686523e+00
3.257848262786865234e+00
3.242645978927612305e+00
3.227689027786254883e+00
3.213054656982421875e+00
3.198672294616699219e+00
3.184767723083496094e+00
3.171121835708618164e+00
3.157812356948852539e+00
3.144843339920043945e+00
3.132143735885620117e+00
3.119940280914306641e+00
3.107940196990966797e+00
3.096220970153808594e+00
3.084935665130615234e+00
3.073790788650512695e+00
3.063162326812744141e+00
3.052831649780273438e+00
3.042728424072265625e+00
3.033006191253662109e+00
3.023519992828369141e+00
3.014423608779907227e+00
3.005646944046020508e+00
2.997194766998291016e+00
2.988997459411621094e+00
2.981208324432373047e+00
2.973683357238769531e+00
2.966428041458129883e+00
2.959595203399658203e+00
2.953041553497314453e+00
2.946772575378417969e+00
2.940866708755493164e+00
2.935181617736816406e+00
2.929795980453491211e+00
2.924715280532836914e+00
2.920094013214111328e+00
2.915713787078857422e+00
2.911505460739135742e+00
2.907694578170776367e+00
2.904134273529052734e+00
2.900900602340698242e+00
2.897920846939086914e+00
2.895271539688110352e+00
2.892880201339721680e+00
2.890674591064453125e+00
2.888805866241455078e+00
2.887126922607421875e+00
2.885714530944824219e+00
2.884645223617553711e+00
2.883698225021362305e+00
2.882950544357299805e+00
2.882478475570678711e+00
2.882358789443969727e+00
2.882371425628662109e+00
2.882518053054809570e+00
2.882950782775878906e+00
2.883597612380981445e+00
2.884386539459228516e+00
2.885394573211669922e+00
2.886624813079833984e+00
2.888079881668090820e+00
2.889688253402709961e+00
2.891452789306640625e+00
2.893376111984252930e+00
2.895461320877075195e+00
2.897711038589477539e+00
2.900128841400146484e+00
2.902717113494873047e+00
2.905405044555664062e+00
2.908344030380249023e+00
2.911314249038696289e+00
2.914541482925415039e+00
2.917806386947631836e+00
2.921185970306396484e+00
2.924683809280395508e+00
2.928376913070678711e+00
2.932120084762573242e+00
2.935990810394287109e+00
2.939918041229248047e+00
2.944127798080444336e+00
2.948251724243164062e+00
2.952516078948974609e+00
2.956923961639404297e+00
2.961404323577880859e+00
2.965886116027832031e+00
2.970595359802246094e+00
2.975238084793090820e+00
2.979965686798095703e+00
2.984853506088256836e+00
2.989752531051635742e+00
2.994737863540649414e+00
2.999735116958618164e+00
3.004893541336059570e+00
3.009990215301513672e+00
3.015173912048339844e+00
3.020296096801757812e+00
3.025505781173706055e+00
3.030728578567504883e+00
3.035890579223632812e+00
3.041363000869750977e+00
3.046477556228637695e+00
3.051679611206054688e+00
3.056895494461059570e+00
3.062124729156494141e+00
3.067367553710937500e+00
3.072474718093872070e+00
3.077595233917236328e+00
3.082729101181030273e+00
3.087801218032836914e+00
3.092885732650756836e+00
3.097834587097167969e+00
3.102720975875854492e+00
3.107544898986816406e+00
3.112305879592895508e+00
3.117078065872192383e+00
3.121786355972290039e+00
3.126430749893188477e+00
3.130936145782470703e+00
3.135450601577758789e+00
3.139750957489013672e+00
3.144059181213378906e+00
3.148151636123657227e+00
3.152251005172729492e+00
3.156281948089599609e+00
3.160169601440429688e+00
3.163987636566162109e+00
3.167586088180541992e+00
3.171187639236450195e+00
3.174642086029052734e+00
3.177949190139770508e+00
3.181107759475708008e+00
3.184190750122070312e+00
3.187123298645019531e+00
3.189978361129760742e+00
3.192680597305297852e+00
3.195228815078735352e+00
3.197547435760498047e+00
3.199858188629150391e+00
3.202011346817016602e+00
3.204005956649780273e+00
3.205840587615966797e+00
3.207514047622680664e+00
3.209099054336547852e+00
3.210446119308471680e+00
3.211702585220336914e+00
3.212792158126831055e+00
3.213788270950317383e+00
3.214465856552124023e+00
3.215120792388916016e+00
3.215528488159179688e+00
3.215836048126220703e+00
3.215967178344726562e+00
3.216068744659423828e+00
3.215990304946899414e+00
3.215581178665161133e+00
3.215062379837036133e+00
3.214357614517211914e+00
3.213390350341796875e+00
3.212307214736938477e+00
3.211105346679687500e+00
3.209783315658569336e+00
3.208263874053955078e+00
3.206544399261474609e+00
3.204697370529174805e+00
3.202645301818847656e+00
3.200385570526123047e+00
3.197990417480468750e+00
3.195381879806518555e+00
3.192632198333740234e+00
3.189737796783447266e+00
3.186621904373168945e+00
3.183429956436157227e+00
3.179935693740844727e+00
3.176284790039062500e+00
3.172548294067382812e+00
3.168499946594238281e+00
3.164359331130981445e+00
3.160048723220825195e+00
3.155490398406982422e+00
3.150829315185546875e+00
3.145987987518310547e+00
3.140962123870849609e+00
3.135748147964477539e+00
3.130342960357666016e+00
3.124742031097412109e+00
3.119016170501708984e+00
3.113012790679931641e+00
3.107025623321533203e+00
3.100681066513061523e+00
3.094200611114501953e+00
3.087582826614379883e+00
3.080751419067382812e+00
3.073779582977294922e+00
3.066664934158325195e+00
3.059331893920898438e+00
3.051852941513061523e+00
3.044300317764282227e+00
3.036524057388305664e+00
3.028596162796020508e+00
3.020514726638793945e+00
3.012352466583251953e+00
3.003958463668823242e+00
2.995554208755493164e+00
2.986839771270751953e+00
2.978036642074584961e+00
2.969216823577880859e+00
2.960155248641967773e+00
2.950998544692993164e+00
2.941744565963745117e+00
2.932317018508911133e+00
2.922787427902221680e+00
2.913154602050781250e+00
2.903415441513061523e+00
2.893568277359008789e+00
2.883610725402832031e+00
2.873466014862060547e+00
2.863355159759521484e+00
2.853052616119384766e+00
2.842630386352539062e+00
2.832160472869873047e+00
2.821640491485595703e+00
2.810919284820556641e+00
2.800143241882324219e+00
2.789309978485107422e+00
2.778342485427856445e+00
2.767387390136718750e+00
2.756218433380126953e+00
2.745130777359008789e+00
2.733898878097534180e+00
2.722594499588012695e+00
2.711140632629394531e+00
2.699683189392089844e+00
2.688219785690307617e+00
2.676673173904418945e+00
2.664892196655273438e+00
2.653245449066162109e+00
2.641433000564575195e+00
2.629675626754760742e+00
2.617749214172363281e+00
2.605876445770263672e+00
2.593907833099365234e+00
2.581768989562988281e+00
2.569756269454956055e+00
2.557646036148071289e+00
2.545512199401855469e+00
2.533428668975830078e+00
2.521245956420898438e+00
2.509037733078002930e+00
2.496877670288085938e+00
2.484616756439208984e+00
2.472328662872314453e+00
2.460086584091186523e+00
2.447816371917724609e+00
2.435591220855712891e+00
2.423336029052734375e+00
2.411050796508789062e+00
2.398882865905761719e+00
2.386609315872192383e+00
2.374377965927124023e+00
2.362188339233398438e+00
2.350114107131958008e+00
2.337932109832763672e+00
2.325790166854858398e+00
2.313688278198242188e+00
2.301699876785278320e+00
2.289601802825927734e+00
2.277616977691650391e+00
2.265670299530029297e+00
2.253761529922485352e+00
2.241890907287597656e+00
2.230057477951049805e+00
2.218336105346679688e+00
2.206503391265869141e+00
2.194782257080078125e+00
2.183246850967407227e+00
2.171674489974975586e+00
2.160139322280883789e+00
2.148715496063232422e+00
2.137329578399658203e+00
2.125980854034423828e+00
2.114818811416625977e+00
2.103620290756225586e+00
2.092534542083740234e+00
2.081487417221069336e+00
2.070553779602050781e+00
2.059733867645263672e+00
2.049028158187866211e+00
2.038288354873657227e+00
2.027664422988891602e+00
2.017156600952148438e+00
2.006691694259643555e+00
1.996270537376403809e+00
1.986043095588684082e+00
1.975861072540283203e+00
1.965800285339355469e+00
1.955861568450927734e+00
1.945971727371215820e+00
1.936131715774536133e+00
1.926491498947143555e+00
1.916903257369995117e+00
1.907442808151245117e+00
1.898036599159240723e+00
1.888834953308105469e+00
1.879690051078796387e+00
1.870677709579467773e+00
1.861798882484436035e+00
1.852980971336364746e+00
1.844299077987670898e+00
1.835680484771728516e+00
1.827275276184082031e+00
1.819010376930236816e+00
1.810738205909729004e+00
1.802609324455261230e+00
1.794624805450439453e+00
1.786786317825317383e+00
1.779020786285400391e+00
1.771404027938842773e+00
1.763937830924987793e+00
1.756549358367919922e+00
1.749314308166503906e+00
1.742160081863403320e+00
1.735162496566772461e+00
1.728323459625244141e+00
1.721495985984802246e+00
1.714904904365539551e+00
1.708402991294860840e+00
1.701992630958557129e+00
1.695749402046203613e+00
1.689601421356201172e+00
1.683550477027893066e+00
1.677598595619201660e+00
1.671970844268798828e+00
1.666297554969787598e+00
1.660804271697998047e+00
1.655418515205383301e+00
1.650142788887023926e+00
1.645053625106811523e+00
1.640153408050537109e+00
1.635220170021057129e+00
1.630477905273437500e+00
1.625853419303894043e+00
1.621347784996032715e+00
1.617036581039428711e+00
1.612698078155517578e+00
1.608630895614624023e+00
1.604613304138183594e+00
1.600721120834350586e+00
1.596955895423889160e+00
1.593244791030883789e+00
1.589812159538269043e+00
1.586362481117248535e+00
1.582971930503845215e+00
1.579716205596923828e+00
1.576671719551086426e+00
1.573691487312316895e+00
1.570851683616638184e+00
1.568005442619323730e+00
1.565377950668334961e+00
1.562747836112976074e+00
1.560266137123107910e+00
1.557934403419494629e+00
1.555606365203857422e+00
1.553506970405578613e+00
1.551415205001831055e+00
1.549407601356506348e+00
1.547560453414916992e+00
1.545727491378784180e+00
1.544059157371520996e+00
1.542483448982238770e+00
1.541002511978149414e+00
1.539544105529785156e+00
1.538333058357238770e+00
1.537074685096740723e+00
1.535919547080993652e+00
1.534869551658630371e+00
1.533927083015441895e+00
1.533094048500061035e+00
1.532224178314208984e+00
1.531542181968688965e+00
1.530975937843322754e+00
1.530378937721252441e+00
1.529901862144470215e+00
1.529546618461608887e+00
1.529241085052490234e+00
1.529061436653137207e+00
1.528861165046691895e+00
1.528791069984436035e+00
1.528778195381164551e+00
1.528897643089294434e+00
1.529000878334045410e+00
1.529162645339965820e+00
1.529457211494445801e+00
1.529736399650573730e+00
1.530148863792419434e+00
1.530546545982360840e+00
1.531003594398498535e+00
1.531594991683959961e+00
1.532172203063964844e+00
1.532735466957092285e+00
1.533359408378601074e+00
1.534118771553039551e+00
1.534865379333496094e+00
1.535524964332580566e+00
1.536395430564880371e+00
1.537179946899414062e+00
1.538027524948120117e+00
1.538938641548156738e+00
1.539765000343322754e+00
1.540730476379394531e+00
1.541686534881591797e+00
1.542708396911621094e+00
1.543573617935180664e+00
1.544654369354248047e+00
1.545579910278320312e+00
1.546573758125305176e+00
1.547562241554260254e+00
1.548620462417602539e+00
1.549600601196289062e+00
1.550652027130126953e+00
1.551552653312683105e+00
1.552600383758544922e+00
1.553573250770568848e+00
1.554620623588562012e+00
1.555520534515380859e+00
1.556570887565612793e+00
1.557623982429504395e+00
1.558531999588012695e+00
1.559518694877624512e+00
1.560510516166687012e+00
1.561434030532836914e+00
1.562364220619201660e+00
1.563301920890808105e+00
1.564247727394104004e+00
1.565128207206726074e+00
1.566018104553222656e+00
1.566918253898620605e+00
1.567680597305297852e+00
1.568528294563293457e+00
1.569312930107116699e+00
1.570108652114868164e+00
1.570915460586547852e+00
1.571658968925476074e+00
1.572338461875915527e+00
1.572954297065734863e+00
1.573654174804687500e+00
1.574289321899414062e+00
1.574933767318725586e+00
1.575438022613525391e+00
1.576024532318115234e+00
1.576618313789367676e+00
1.576995849609375000e+00
1.577527761459350586e+00
1.577841877937316895e+00
1.578234434127807617e+00
1.578555703163146973e+00
1.578804969787597656e+00
1.579055428504943848e+00
1.579231739044189453e+00
1.579406976699829102e+00
1.579431414604187012e+00
1.579526662826538086e+00
1.579394459724426270e+00
1.579256296157836914e+00
1.579185247421264648e+00
1.579031348228454590e+00
1.578718781471252441e+00
1.578469514846801758e+00
1.578058958053588867e+00
1.577634453773498535e+00
1.577194571495056152e+00
1.576737880706787109e+00
1.576188683509826660e+00
1.575545787811279297e+00
1.574733138084411621e+00
1.573972582817077637e+00
1.573039770126342773e+00
1.572081804275512695e+00
1.571097612380981445e+00
1.570011258125305176e+00
1.568896055221557617e+00
1.567676067352294922e+00
1.566350340843200684e+00
1.564991474151611328e+00
1.563524365425109863e+00
1.562021851539611816e+00
1.560482859611511230e+00
1.558831691741943359e+00
1.557141661643981934e+00
1.555337905883789062e+00
1.553420305252075195e+00
1.551537036895751953e+00
1.549539089202880859e+00
1.547351956367492676e+00
1.545198082923889160e+00
1.543077230453491211e+00
1.540840506553649902e+00
1.538413047790527344e+00
1.536017417907714844e+00
1.533578872680664062e+00
1.531022667884826660e+00
1.528571248054504395e+00
1.525852560997009277e+00
1.523163080215454102e+00
1.520353674888610840e+00
1.517572164535522461e+00
1.514595031738281250e+00
1.511718750000000000e+00
1.508719325065612793e+00
1.505670309066772461e+00
1.502496242523193359e+00
1.499344825744628906e+00
1.496214866638183594e+00
1.492956519126892090e+00
1.489494323730468750e+00
1.485975265502929688e+00
1.482844233512878418e+00
1.479356169700622559e+00
1.475881338119506836e+00
1.472343683242797852e+00
1.468741536140441895e+00
1.465073227882385254e+00
1.461410999298095703e+00
1.457604408264160156e+00
1.453874588012695312e+00
1.449922204017639160e+00
1.446042418479919434e+00
1.442158818244934082e+00
1.438120603561401367e+00
1.434148669242858887e+00
1.430017709732055664e+00
1.425874233245849609e+00
1.421641588211059570e+00
1.417391777038574219e+00
1.413122653961181641e+00
1.408757567405700684e+00
1.404368638992309570e+00
1.399879097938537598e+00
1.395361304283142090e+00
1.390814185142517090e+00
1.386310935020446777e+00
1.381627678871154785e+00
1.376912117004394531e+00
1.372163534164428711e+00
1.367380976676940918e+00
1.362563729286193848e+00
1.357636690139770508e+00
1.352822065353393555e+00
1.347822070121765137e+00
1.342784643173217773e+00
1.337857961654663086e+00
1.332744240760803223e+00
1.327665925025939941e+00
1.322548508644104004e+00
1.317391395568847656e+00
1.312194585800170898e+00
1.306957602500915527e+00
1.301680564880371094e+00
1.296437263488769531e+00
1.291153550148010254e+00
1.285829305648803711e+00
1.280464529991149902e+00
1.275133371353149414e+00
1.269687533378601074e+00
1.264349579811096191e+00
1.258971214294433594e+00
1.253626704216003418e+00
1.248167514801025391e+00
1.242816686630249023e+00
1.237351179122924805e+00
1.231919765472412109e+00
1.226522445678710938e+00
1.221084713935852051e+00
1.215681076049804688e+00
1.210237026214599609e+00
1.204752445220947266e+00
1.199450016021728516e+00
1.194032311439514160e+00
1.188573360443115234e+00
1.183295965194702148e+00
1.177902221679687500e+00
1.172466278076171875e+00
1.167210221290588379e+00
1.161910772323608398e+00
1.156567335128784180e+00
1.151253342628479004e+00
1.145968198776245117e+00
1.140710949897766113e+00
1.135406732559204102e+00
1.130203366279602051e+00
1.124952197074890137e+00
1.119726657867431641e+00
1.114601016044616699e+00
1.109425902366638184e+00
1.104274868965148926e+00
1.099073290824890137e+00
1.094006061553955078e+00
1.088976144790649414e+00
1.083886027336120605e+00
1.078839421272277832e+00
1.073805570602416992e+00
1.068821191787719727e+00
1.063826322555541992e+00
1.058857202529907227e+00
1.053913354873657227e+00
1.048979520797729492e+00
1.044054985046386719e+00
1.039169192314147949e+00
1.034307003021240234e+00
1.029460430145263672e+00
1.024644255638122559e+00
1.019843339920043945e+00
1.015065193176269531e+00
1.010316967964172363e+00
1.005584359169006348e+00
1.000881910324096680e+00
9.962027668952941895e-01
9.915547966957092285e-01
9.869159460067749023e-01
9.823167324066162109e-01
9.777279496192932129e-01
9.731877446174621582e-01
9.686746597290039062e-01
9.641820788383483887e-01
9.597260355949401855e-01
9.553002119064331055e-01
9.508984684944152832e-01
9.465444684028625488e-01
9.422247409820556641e-01
9.379405975341796875e-01
9.336936473846435547e-01
9.295005202293395996e-01
9.253327846527099609e-01
9.212220907211303711e-01
9.171477556228637695e-01
9.131116271018981934e-01
9.091376066207885742e-01
9.052126407623291016e-01
9.013308286666870117e-01
8.974937796592712402e-01
8.937250375747680664e-01
8.899961113929748535e-01
8.863230943679809570e-01
8.827072978019714355e-01
8.791424036026000977e-01
8.756368756294250488e-01
8.721843957901000977e-01
8.687860369682312012e-01
8.654501438140869141e-01
8.621774315834045410e-01
8.589391112327575684e-01
8.557804226875305176e-01
8.526648879051208496e-01
8.496151566505432129e-01
8.466170430183410645e-01
8.436857461929321289e-01
8.407992720603942871e-01
8.379653096199035645e-01
8.351839780807495117e-01
8.324629068374633789e-01
8.297873139381408691e-01
8.271644711494445801e-01
8.245943784713745117e-01
8.220769762992858887e-01
8.196046948432922363e-01
8.171772956848144531e-01
8.148021697998046875e-01
8.124641776084899902e-01
8.101705312728881836e-01
8.079210519790649414e-01
8.057230710983276367e-01
8.035539984703063965e-01
8.014213442802429199e-01
7.993249893188476562e-01
7.972648739814758301e-01
7.952485680580139160e-01
7.932687997817993164e-01
7.913107872009277344e-01
7.893823385238647461e-01
7.874986529350280762e-01
7.856380939483642578e-01
7.838160395622253418e-01
7.820109128952026367e-01
7.802384495735168457e-01
7.784995436668395996e-01
7.767879962921142578e-01
7.751048803329467773e-01
7.734516263008117676e-01
7.718220353126525879e-01
7.702319025993347168e-01
7.686598300933837891e-01
7.671215534210205078e-01
7.656108140945434570e-01
7.641287446022033691e-01
7.626692652702331543e-01
7.612560391426086426e-01
7.598533630371093750e-01
7.584778070449829102e-01
7.571383118629455566e-01
7.558292150497436523e-01
7.545447945594787598e-01
7.532868981361389160e-01
7.520648241043090820e-01
7.508803009986877441e-01
7.497279047966003418e-01
7.485945820808410645e-01
7.475044131278991699e-01
7.464518547058105469e-01
7.454311847686767578e-01
7.444441914558410645e-01
7.434850335121154785e-01
7.425628304481506348e-01
7.416864633560180664e-01
7.408425211906433105e-01
7.400397658348083496e-01
7.392645478248596191e-01
7.385253906250000000e-01
7.378233075141906738e-01
7.371665239334106445e-01
7.365410327911376953e-01
7.359473705291748047e-01
7.353859543800354004e-01
7.348721027374267578e-01
7.343837022781372070e-01
7.339206933975219727e-01
7.334907054901123047e-01
7.330859303474426270e-01
7.327135801315307617e-01
7.323732376098632812e-01
7.320421934127807617e-01
7.317420244216918945e-01
7.314720749855041504e-01
7.312166690826416016e-01
7.309675216674804688e-01
7.307461500167846680e-01
7.305366992950439453e-01
7.303382158279418945e-01
7.301495671272277832e-01
7.299773097038269043e-01
7.297975420951843262e-01
7.296312451362609863e-01
7.294619083404541016e-01
7.292957305908203125e-01
7.291164398193359375e-01
7.289450168609619141e-01
7.287580370903015137e-01
7.285617589950561523e-01
7.283552289009094238e-01
7.281450033187866211e-01
7.279154062271118164e-01
7.276658415794372559e-01
7.274032831192016602e-01
7.271199226379394531e-01
7.268229126930236816e-01
7.264974117279052734e-01
7.261657118797302246e-01
7.258133292198181152e-01
7.254331111907958984e-01
7.250331044197082520e-01
7.246212959289550781e-01
7.241837978363037109e-01
7.237214446067810059e-01
7.232428193092346191e-01
7.227565646171569824e-01
7.222415804862976074e-01
7.217216491699218750e-01
7.211759090423583984e-01
7.206282019615173340e-01
7.200579047203063965e-01
7.194814682006835938e-01
7.188931107521057129e-01
7.183019518852233887e-01
7.177023291587829590e-01
7.171106934547424316e-01
7.164989709854125977e-01
7.158687114715576172e-01
7.152512073516845703e-01
7.146403789520263672e-01
7.140226960182189941e-01
7.134068608283996582e-01
7.127938866615295410e-01
7.121847271919250488e-01
7.115876674652099609e-01
7.109884619712829590e-01
7.103949785232543945e-01
7.098223567008972168e-01
7.092409729957580566e-01
7.086730599403381348e-01
7.081108689308166504e-01
7.075392007827758789e-01
7.069946527481079102e-01
7.064467668533325195e-01
7.058947086334228516e-01
7.053446173667907715e-01
7.048027515411376953e-01
7.042526602745056152e-01
7.037075757980346680e-01
7.031582593917846680e-01
7.026100754737854004e-01
7.020536065101623535e-01
7.014864683151245117e-01
7.009062767028808594e-01
7.003107666969299316e-01
6.997047066688537598e-01
6.990780234336853027e-01
6.984355449676513672e-01
6.977746486663818359e-01
6.970777511596679688e-01
6.963571310043334961e-01
6.956100463867187500e-01
6.948415040969848633e-01
6.940339803695678711e-01
6.931851506233215332e-01
6.923075914382934570e-01
6.913915872573852539e-01
6.904352307319641113e-01
6.894364356994628906e-01
6.883861422538757324e-01
6.873050928115844727e-01
6.861769556999206543e-01
6.850006580352783203e-01
6.837751269340515137e-01
6.824995875358581543e-01
6.811884045600891113e-01
6.798263788223266602e-01
6.784207224845886230e-01
6.769714951515197754e-01
6.754790544509887695e-01
6.739438772201538086e-01
6.723591685295104980e-01
6.707480549812316895e-01
6.690893173217773438e-01
6.674063205718994141e-01
6.656782627105712891e-01
6.639213562011718750e-01
6.621297597885131836e-01
6.603199839591979980e-01
6.584715843200683594e-01
6.566159129142761230e-01
6.547331809997558594e-01
6.528331041336059570e-01
6.509180665016174316e-01
6.489977836608886719e-01
6.470745205879211426e-01
6.451430320739746094e-01
6.432054042816162109e-01
6.412785053253173828e-01
6.393491625785827637e-01
6.374266147613525391e-01
6.355122327804565430e-01
6.336147189140319824e-01
6.317127943038940430e-01
6.298371553421020508e-01
6.279733180999755859e-01
6.261216402053833008e-01
6.242971420288085938e-01
6.224772334098815918e-01
6.206837296485900879e-01
6.189084053039550781e-01
6.171577572822570801e-01
6.154155731201171875e-01
6.136875748634338379e-01
6.119794249534606934e-01
6.102816462516784668e-01
6.086066961288452148e-01
6.069371104240417480e-01
6.052701473236083984e-01
6.036102771759033203e-01
6.019468307495117188e-01
6.002988219261169434e-01
5.986405014991760254e-01
5.969831943511962891e-01
5.953158140182495117e-01
5.936346650123596191e-01
5.919359326362609863e-01
5.902382731437683105e-01
5.885081291198730469e-01
5.867568254470825195e-01
5.849880576133728027e-01
5.831910371780395508e-01
5.813549160957336426e-01
5.794914364814758301e-01
5.775974392890930176e-01
5.756478905677795410e-01
5.736774802207946777e-01
5.716540217399597168e-01
5.695902705192565918e-01
5.674772262573242188e-01
5.653356313705444336e-01
5.631349086761474609e-01
5.609045028686523438e-01
5.586070418357849121e-01
5.562799572944641113e-01
5.539163351058959961e-01
5.514948368072509766e-01
5.490464568138122559e-01
5.465651154518127441e-01
5.440454483032226562e-01
5.414894819259643555e-01
5.389071106910705566e-01
5.363010764122009277e-01
5.336742401123046875e-01
5.310223698616027832e-01
5.283637046813964844e-01
5.256869196891784668e-01
5.230105519294738770e-01
5.203383564949035645e-01
5.176593065261840820e-01
5.149848461151123047e-01
5.123263597488403320e-01
5.096653103828430176e-01
5.070428848266601562e-01
5.044404864311218262e-01
5.018618106842041016e-01
4.993252158164978027e-01
4.968191385269165039e-01
4.943467378616333008e-01
4.919183254241943359e-01
4.895364344120025635e-01
4.872033894062042236e-01
4.849211275577545166e-01
4.826839566230773926e-01
4.805004596710205078e-01
4.783715605735778809e-01
4.763052165508270264e-01
4.742865860462188721e-01
4.723229408264160156e-01
4.704133868217468262e-01
4.685717821121215820e-01
4.667668044567108154e-01
4.650188386440277100e-01
4.633181095123291016e-01
4.616619050502777100e-01
4.600398242473602295e-01
4.584707021713256836e-01
4.569285809993743896e-01
4.554243385791778564e-01
4.539537131786346436e-01
4.524973928928375244e-01
4.510655999183654785e-01
4.496683776378631592e-01
4.482561945915222168e-01
4.468463063240051270e-01
4.454263150691986084e-01
4.440134763717651367e-01
4.425880014896392822e-01
4.411449730396270752e-01
4.396946132183074951e-01
4.382026791572570801e-01
4.366945624351501465e-01
4.351513683795928955e-01
4.335620701313018799e-01
4.319454729557037354e-01
4.302763938903808594e-01
4.285745322704315186e-01
4.268080294132232666e-01
4.249976277351379395e-01
4.231346249580383301e-01
4.212184846401214600e-01
4.192564487457275391e-01
4.172416031360626221e-01
4.151674509048461914e-01
4.130504131317138672e-01
4.108777344226837158e-01
4.086594283580780029e-01
4.063987135887145996e-01
4.041066765785217285e-01
4.017652273178100586e-01
3.994086980819702148e-01
3.970125019550323486e-01
3.946044445037841797e-01
3.921681642532348633e-01
3.897321522235870361e-01
3.872954845428466797e-01
3.848575055599212646e-01
3.824252486228942871e-01
3.800132274627685547e-01
3.776212334632873535e-01
3.752713501453399658e-01
3.729485869407653809e-01
3.706674575805664062e-01
3.684498369693756104e-01
3.662728965282440186e-01
3.641802966594696045e-01
3.621412217617034912e-01
3.601838052272796631e-01
3.583061397075653076e-01
3.565057814121246338e-01
0.000000000000000000e+00
0.000000000000000000e+00
0.000000000000000000e+00
0.000000000000000000e+00
0.000000000000000000e+00
0.000000000000000000e+00
0.000000000000000000e+00
0.000000000000000000e+00
0.000000000000000000e+00
0.000000000000000000e+00
0.000000000000000000e+00
0.000000000000000000e+00
0.000000000000000000e+00
0.000000000000000000e+00
0.000000000000000000e+00
0.000000000000000000e+00
0.000000000000000000e+00
0.000000000000000000e+00
0.000000000000000000e+00
0.000000000000000000e+00
0.000000000000000000e+00
0.000000000000000000e+00
0.000000000000000000e+00
0.000000000000000000e+00
0.000000000000000000e+00
0.000000000000000000e+00
0.000000000000000000e+00
0.000000000000000000e+00
0.000000000000000000e+00
0.000000000000000000e+00
0.000000000000000000e+00
0.000000000000000000e+00
0.000000000000000000e+00
0.000000000000000000e+00
0.000000000000000000e+00
0.000000000000000000e+00
0.000000000000000000e+00
0.000000000000000000e+00
0.000000000000000000e+00
0.000000000000000000e+00
0.000000000000000000e+00
0.000000000000000000e+00
0.000000000000000000e+00
0.000000000000000000e+00
0.000000000000000000e+00
0.000000000000000000e+00
0.000000000000000000e+00
0.000000000000000000e+00
0.000000000000000000e+00
0.000000000000000000e+00
0.000000000000000000e+00
0.000000000000000000e+00
0.000000000000000000e+00
0.000000000000000000e+00
0.000000000000000000e+00
0.000000000000000000e+00
0.000000000000000000e+00
0.000000000000000000e+00
0.000000000000000000e+00
0.000000000000000000e+00
0.000000000000000000e+00
0.000000000000000000e+00
0.000000000000000000e+00
0.000000000000000000e+00
0.000000000000000000e+00
0.000000000000000000e+00
0.000000000000000000e+00
0.000000000000000000e+00
0.000000000000000000e+00
0.000000000000000000e+00
0.000000000000000000e+00
0.000000000000000000e+00
0.000000000000000000e+00
0.000000000000000000e+00
0.000000000000000000e+00
0.000000000000000000e+00
0.000000000000000000e+00
0.000000000000000000e+00
0.000000000000000000e+00
0.000000000000000000e+00
0.000000000000000000e+00
0.000000000000000000e+00
0.000000000000000000e+00
0.000000000000000000e+00
0.000000000000000000e+00
0.000000000000000000e+00
0.000000000000000000e+00
0.000000000000000000e+00
0.000000000000000000e+00
0.000000000000000000e+00
0.000000000000000000e+00
0.000000000000000000e+00
0.000000000000000000e+00
0.000000000000000000e+00
0.000000000000000000e+00
0.000000000000000000e+00
0.000000000000000000e+00
0.000000000000000000e+00
0.000000000000000000e+00
0.000000000000000000e+00
