# te
-1.394165039062500000e+00
-9.872829318046569824e-01
-6.275525093078613281e-01
-3.636456429958343506e-01
-1.796271353960037231e-01
-5.690784379839897156e-02
1.786460913717746735e-02
5.443579331040382385e-02
6.345866620540618896e-02
5.684528127312660217e-02
4.366879165172576904e-02
2.805812098085880280e-02
1.172192115336656570e-02
-1.762504340149462223e-03
-8.743507787585258484e-03
-1.033607218414545059e-02
-7.447476964443922043e-03
-2.149871084839105606e-03
1.034671906381845474e-03
3.291252302005887032e-03
5.661480594426393509e-03
7.810354698449373245e-03
8.977613411843776703e-03
8.004254661500453949e-03
5.465855821967124939e-03
2.066861139610409737e-03
-4.074394528288394213e-04
-1.104705967009067535e-03
-8.902161498554050922e-04
-2.503376163076609373e-04
3.869423235300928354e-04
5.968646728433668613e-04
8.065174915827810764e-04
1.800397643819451332e-03
3.187268041074275970e-03
3.379720030352473259e-03
2.782284282147884369e-03
2.120416378602385521e-03
1.995446858927607536e-03
2.592480741441249847e-03
3.249139292165637016e-03
3.109750803560018539e-03
2.210373990237712860e-03
6.613763398490846157e-04
-3.211925970390439034e-03
-8.341056294739246368e-03
-1.031513139605522156e-02
-5.317758768796920776e-03
3.682858543470501900e-03
1.227236073464155197e-02
1.588454656302928925e-02
1.176633965224027634e-02
5.135258194059133530e-03
1.324742799624800682e-03
-6.585578084923326969e-04
-8.001406677067279816e-04
-6.636101170442998409e-05
5.541300633922219276e-04
1.506881555542349815e-03
3.436136292293667793e-03
5.402971059083938599e-03
6.444223690778017044e-03
5.373798776417970657e-03
1.600086688995361328e-03
-3.069271799176931381e-03
-6.295577622950077057e-03
-6.907808128744363785e-03
-3.660630667582154274e-03
1.272983616217970848e-03
5.126320291310548782e-03
6.696173455566167831e-03
5.671815481036901474e-03
3.228740999475121498e-03
1.136936247348785400e-03
1.828695094445720315e-04
1.170592004200443625e-04
-1.036603003740310669e-03
-5.245101056061685085e-05
1.093416358344256878e-03
1.362433889880776405e-03
1.236826064996421337e-03
6.501314928755164146e-04
1.022114185616374016e-03
8.001042879186570644e-04
6.219603819772601128e-04
9.703185060061514378e-04
1.545903389342129230e-03
5.632250104099512100e-04
6.954587879590690136e-04
8.615498081780970097e-04
1.311926753260195255e-03
1.515226904302835464e-03
2.426311606541275978e-03
2.770715625956654549e-03
2.760196570307016373e-03
2.606513909995555878e-03
4.007649142295122147e-03
3.459814004600048065e-03
4.890321753919124603e-03
4.795383196324110031e-03
4.872980061918497086e-03
3.848650259897112846e-03
4.163479432463645935e-03
3.799889935180544853e-03
2.969629829749464989e-03
2.627551788464188576e-03
1.499172300100326538e-03
5.393322207964956760e-04
7.028643740341067314e-04
-2.625016895763110369e-05
-1.428326475434005260e-03
-2.538983244448900223e-03
-3.136957995593547821e-03
-3.744107903912663460e-03
-4.139191471040248871e-03
-4.100976511836051941e-03
-4.894460551440715790e-03
-4.812213592231273651e-03
-4.376143682748079300e-03
-4.108171444386243820e-03
-3.787115914747118950e-03
-3.934917040169239044e-03
-2.101083984598517418e-03
-1.036903820931911469e-03
-5.212325486354529858e-04
-3.329338505864143372e-04
-2.508777251932770014e-04
-5.394022446125745773e-05
4.789977392647415400e-04
-6.504021002911031246e-04
-9.423148003406822681e-04
-3.088810481131076813e-03
-3.093969775363802910e-03
-4.392972681671380997e-03
-3.733006538823246956e-03
-3.806135617196559906e-03
-3.588869003579020500e-03
-2.800820628181099892e-03
-2.647815737873315811e-03
-1.363232615403831005e-03
-1.528778957435861230e-04
5.205620545893907547e-04
9.375232621096074581e-04
1.378455315716564655e-03
1.380712143145501614e-03
1.967882970348000526e-03
1.191133633255958557e-03
7.408637611661106348e-05
3.834912495221942663e-04
-1.259395037777721882e-03
-3.549603978171944618e-03
-4.382779821753501892e-03
-6.113208364695310593e-03
-8.122716099023818970e-03
-1.053622085601091385e-02
-1.199240330606698990e-02
-1.335925608873367310e-02
-1.476164348423480988e-02
-1.483819633722305298e-02
-1.519996579736471176e-02
-1.597177609801292419e-02
-1.579220779240131378e-02
-1.627228222787380219e-02
-1.530745066702365875e-02
-1.450870838016271591e-02
-1.474393904209136963e-02
-1.390857528895139694e-02
-1.212737802416086197e-02
-1.101132668554782867e-02
-8.455855771899223328e-03
-6.071946583688259125e-03
-3.984368871897459030e-03
-2.317898906767368317e-03
-4.542112874332815409e-04
1.529173343442380428e-03
2.257605548948049545e-03
3.376136533915996552e-03
5.043580662459135056e-03
5.932512227445840836e-03
6.201706826686859131e-03
7.496134843677282333e-03
8.488304913043975830e-03
1.008002925664186478e-02
1.020065415650606155e-02
1.198126748204231262e-02
1.409427076578140259e-02
1.521203014999628067e-02
1.697933301329612732e-02
1.732537336647510529e-02
1.938109658658504486e-02
2.107563987374305725e-02
2.108122780919075012e-02
2.178560011088848114e-02
2.111780643463134766e-02
1.997931674122810364e-02
1.704223826527595520e-02
1.320798322558403015e-02
7.891723886132240295e-03
5.086064338684082031e-04
-7.955211214721202850e-03
-1.840368658304214478e-02
-2.942665666341781616e-02
-4.332951828837394714e-02
-5.721591040492057800e-02
-7.168209552764892578e-02
-8.650693297386169434e-02
-1.015435680747032166e-01
-1.164965629577636719e-01
-1.315906196832656860e-01
-1.462181657552719116e-01
-1.606484949588775635e-01
-1.741699874401092529e-01
-1.873193979263305664e-01
-2.001727968454360962e-01
-2.115429192781448364e-01
-2.227690070867538452e-01
-2.329610288143157959e-01
-2.404857724905014038e-01
-2.491347044706344604e-01
-2.560112476348876953e-01
-2.619344294071197510e-01
-2.654937803745269775e-01
-2.697375714778900146e-01
-2.710260152816772461e-01
-2.724072039127349854e-01
-2.717275619506835938e-01
-2.698058187961578369e-01
-2.674606740474700928e-01
-2.632814645767211914e-01
-2.573437094688415527e-01
-2.504660785198211670e-01
-2.434670329093933105e-01
-2.349358350038528442e-01
-2.256909906864166260e-01
-2.150647044181823730e-01
-2.038754373788833618e-01
-1.914553642272949219e-01
-1.778797805309295654e-01
-1.647101193666458130e-01
-1.505354046821594238e-01
-1.354308724403381348e-01
-1.202147826552391052e-01
-1.034761220216751099e-01
-8.751939237117767334e-02
-7.019042968750000000e-02
-5.305060371756553650e-02
-3.543198108673095703e-02
-1.740972697734832764e-02
1.978781801881268620e-04
1.879013329744338989e-02
3.749003633856773376e-02
5.540882796049118042e-02
7.314395904541015625e-02
9.129285812377929688e-02
1.104529201984405518e-01
1.230473220348358154e-01
1.423062682151794434e-01
1.539648920297622681e-01
1.734826862812042236e-01
1.791636049747467041e-01
1.938981711864471436e-01
2.108524590730667114e-01
2.231925427913665771e-01
2.240844368934631348e-01
2.364184856414794922e-01
2.384984791278839111e-01
2.457836270332336426e-01
2.514397501945495605e-01
2.560638785362243652e-01
2.602528035640716553e-01
2.571723759174346924e-01
2.622816264629364014e-01
2.538840174674987793e-01
2.548696994781494141e-01
2.435421198606491089e-01
2.427912801504135132e-01
2.309205979108810425e-01
2.159579098224639893e-01
2.133620679378509521e-01
2.014364600181579590e-01
1.882088333368301392e-01
1.742758601903915405e-01
1.602341830730438232e-01
1.466804295778274536e-01
1.267801821231842041e-01
1.159922853112220764e-01
1.000512093305587769e-01
8.698471635580062866e-02
7.738950848579406738e-02
5.700008198618888855e-02
4.870646074414253235e-02
3.081208840012550354e-02
2.620702609419822693e-02
1.319476775825023651e-02
7.234324701130390167e-03
8.922540582716464996e-03
3.994086291640996933e-03
4.769622755702584982e-04
-1.031900523230433464e-03
7.361944299191236496e-03
2.558741346001625061e-02
3.857763856649398804e-02
4.612798616290092468e-02
6.289604306221008301e-02
8.124614506959915161e-02
9.354263544082641602e-02
1.218743026256561279e-01
1.363122314214706421e-01
1.589453071355819702e-01
1.747068166732788086e-01
1.982546001672744751e-01
2.145220339298248291e-01
2.381668835878372192e-01
2.541226446628570557e-01
2.696160674095153809e-01
2.844427525997161865e-01
2.983983457088470459e-01
3.112785816192626953e-01
3.303101956844329834e-01
3.404266238212585449e-01
3.488546907901763916e-01
3.553899824619293213e-01
3.523971140384674072e-01
3.619650006294250488e-01
3.541648387908935547e-01
3.510856032371520996e-01
3.525228798389434814e-01
3.434099853038787842e-01
3.309736251831054688e-01
3.224404454231262207e-01
3.176059126853942871e-01
3.088344633579254150e-01
2.959215641021728516e-01
2.786625921726226807e-01
2.642841041088104248e-01
2.377192527055740356e-01
2.210567295551300049e-01
1.992296427488327026e-01
1.868954896926879883e-01
1.615562587976455688e-01
1.378693878650665283e-01
1.156301051378250122e-01
9.463362395763397217e-02
7.467511296272277832e-02
6.298083811998367310e-02
4.448374360799789429e-02
2.641005255281925201e-02
8.554871194064617157e-03
-1.855598413385450840e-03
-1.255785860121250153e-02
-2.425926737487316132e-02
-2.290547452867031097e-02
-3.159763291478157043e-02
-3.628140315413475037e-02
-3.033353760838508606e-02
-2.942409366369247437e-02
-1.949871517717838287e-02
-1.622744649648666382e-02
-9.271467104554176331e-03
-3.897260641679167747e-03
2.059805672615766525e-03
1.002126932144165039e-02
1.546380110085010529e-02
2.352452464401721954e-02
3.042325936257839203e-02
3.758161514997482300e-02
4.567811265587806702e-02
5.167574808001518250e-02
5.996863171458244324e-02
6.603359431028366089e-02
7.352167367935180664e-02
7.865285128355026245e-02
8.433511853218078613e-02
8.976092189550399780e-02
9.412275254726409912e-02
9.958555549383163452e-02
1.023694053292274475e-01
1.061255037784576416e-01
1.078170835971832275e-01
1.096091568470001221e-01
1.114374175667762756e-01
1.110082492232322693e-01
1.112298145890235901e-01
1.098084896802902222e-01
1.081662699580192566e-01
1.054957658052444458e-01
1.024758294224739075e-01
9.829909354448318481e-02
9.438752382993698120e-02
8.844753354787826538e-02
8.264417946338653564e-02
7.542697340250015259e-02
6.821783632040023804e-02
5.872315540909767151e-02
4.970243573188781738e-02
3.901064395904541016e-02
2.717792615294456482e-02
1.426625065505504608e-02
3.524326020851731300e-04
-1.472626626491546631e-02
-3.064909577369689941e-02
-4.737200215458869934e-02
-6.388492137193679810e-02
-8.155576884746551514e-02
-9.870571643114089966e-02
-1.173715069890022278e-01
-1.336450725793838501e-01
-1.503062695264816284e-01
-1.671626269817352295e-01
-1.825354099273681641e-01
-1.977183967828750610e-01
-2.117760181427001953e-01
-2.252589166164398193e-01
-2.364884763956069946e-01
-2.475016415119171143e-01
-2.581059932708740234e-01
-2.658798694610595703e-01
-2.721170783042907715e-01
-2.773683667182922363e-01
-2.806982994079589844e-01
-2.834007441997528076e-01
-2.837971150875091553e-01
-2.831812798976898193e-01
-2.798746526241302490e-01
-2.751711308956146240e-01
-2.703645527362823486e-01
-2.622900903224945068e-01
-2.529847323894500732e-01
-2.429991662502288818e-01
-2.313978523015975952e-01
-2.194746285676956177e-01
-2.048076987266540527e-01
-1.909201592206954956e-01
-1.761333197355270386e-01
-1.609977781772613525e-01
-1.445779204368591309e-01
-1.274243295192718506e-01
-1.115737408399581909e-01
-9.460425376892089844e-02
-7.929570972919464111e-02
-6.396925449371337891e-02
-4.991846159100532532e-02
-3.620754182338714600e-02
-2.413002960383892059e-02
-1.275009475648403168e-02
-4.847448319196701050e-03
5.137710832059383392e-04
4.269441124051809311e-03
3.639906644821166992e-03
4.431314300745725632e-04
-7.405780721455812454e-03
-1.739410683512687683e-02
-3.072466887533664703e-02
-4.711405560374259949e-02
-5.959086120128631592e-02
-8.199076354503631592e-02
-9.545259177684783936e-02
-1.152982413768768311e-01
-1.352993994951248169e-01
-1.559157818555831909e-01
-1.709190756082534790e-01
-1.986036449670791626e-01
-2.089617252349853516e-01
-2.314342856407165527e-01
-2.434447109699249268e-01
-2.595718204975128174e-01
-2.721011638641357422e-01
-2.881805300712585449e-01
-3.000955283641815186e-01
-3.075628578662872314e-01
-3.177303373813629150e-01
-3.228836059570312500e-01
-3.301706016063690186e-01
-3.318769633769989014e-01
-3.299488127231597900e-01
-3.337634503841400146e-01
-3.244599699974060059e-01
-3.262778818607330322e-01
-3.196131587028503418e-01
-3.078982830047607422e-01
-2.967950701713562012e-01
-2.882497906684875488e-01
-2.760345041751861572e-01
-2.613523602485656738e-01
-2.461497336626052856e-01
-2.301435619592666626e-01
-2.123077660799026489e-01
-1.938455402851104736e-01
-1.737307757139205933e-01
-1.546529531478881836e-01
-1.355859488248825073e-01
-1.147605702280998230e-01
-9.560939669609069824e-02
-7.636318355798721313e-02
-5.822516232728958130e-02
-4.016923159360885620e-02
-2.488480694591999054e-02
-9.116430766880512238e-03
2.960276557132601738e-03
1.319878641515970230e-02
2.230319380760192871e-02
2.883248403668403625e-02
3.506120666861534119e-02
3.806216642260551453e-02
4.085305705666542053e-02
4.199294000864028931e-02
4.301333054900169373e-02
4.173021391034126282e-02
3.967515006661415100e-02
3.763660788536071777e-02
3.491685166954994202e-02
3.081817179918289185e-02
2.612909488379955292e-02
2.163816429674625397e-02
1.664772816002368927e-02
1.120325736701488495e-02
5.350239109247922897e-03
6.203982047736644745e-04
-5.170077551156282425e-03
-1.123254746198654175e-02
-1.677835918962955475e-02
-2.250506728887557983e-02
-2.836711145937442780e-02
-3.283270820975303650e-02
-3.734249994158744812e-02
-4.185090214014053345e-02
-4.705545306205749512e-02
-5.068124085664749146e-02
-5.565512180328369141e-02
-5.821596831083297729e-02
-6.129064783453941345e-02
-6.409049034118652344e-02
-6.656992435455322266e-02
-6.868340820074081421e-02
-6.964228302240371704e-02
-7.014412432909011841e-02
-7.014342397451400757e-02
-6.959466636180877686e-02
-6.845235824584960938e-02
-6.592792272567749023e-02
-6.346211582422256470e-02
-5.982051789760589600e-02
-5.518062412738800049e-02
-4.934841021895408630e-02
-4.257572069764137268e-02
-3.437130525708198547e-02
-2.498705498874187469e-02
-1.433303207159042358e-02
-2.200425369665026665e-03
1.153106801211833954e-02
2.627105079591274261e-02
4.223234951496124268e-02
5.903328210115432739e-02
7.629216462373733521e-02
9.429609775543212891e-02
1.116973236203193665e-01
1.295260190963745117e-01
1.474747955799102783e-01
1.644930988550186157e-01
1.810166239738464355e-01
1.967379152774810791e-01
2.135788947343826294e-01
2.267734706401824951e-01
2.404728233814239502e-01
2.521402537822723389e-01
2.629544734954833984e-01
2.718650400638580322e-01
2.815369069576263428e-01
2.872039973735809326e-01
2.915313541889190674e-01
2.949547171592712402e-01
2.956804335117340088e-01
2.956304848194122314e-01
2.930112779140472412e-01
2.897447645664215088e-01
2.847805321216583252e-01
2.778112590312957764e-01
2.700157761573791504e-01
2.596006393432617188e-01
2.492309659719467163e-01
2.371132373809814453e-01
2.229402214288711548e-01
2.086340188980102539e-01
1.931442469358444214e-01
1.769068241119384766e-01
1.603576540946960449e-01
1.424464136362075806e-01
1.250952482223510742e-01
1.079970002174377441e-01
9.084451198577880859e-02
7.333061099052429199e-02
5.812060087919235229e-02
4.267800599336624146e-02
2.966814860701560974e-02
1.729767210781574249e-02
7.488787639886140823e-03
-6.562234921148046851e-05
-4.186455626040697098e-03
-5.923937540501356125e-03
-4.233494400978088379e-03
-9.490131924394518137e-05
8.349973708391189575e-03
1.850059814751148224e-02
3.072888031601905823e-02
4.466360434889793396e-02
5.993356183171272278e-02
7.616751641035079956e-02
9.299425035715103149e-02
1.100425124168395996e-01
1.276841759681701660e-01
1.462910920381546021e-01
1.632626503705978394e-01
1.797138005495071411e-01
1.960163712501525879e-01
2.117990255355834961e-01
2.266905158758163452e-01
2.395763248205184937e-01
2.530576586723327637e-01
2.645337283611297607e-01
2.743763327598571777e-01
2.822141349315643311e-01
2.899050414562225342e-01
2.955914437770843506e-01
2.989019155502319336e-01
3.009512722492218018e-01
3.013681173324584961e-01
2.997809946537017822e-01
2.965615391731262207e-01
2.905952334403991699e-01
2.844829857349395752e-01
2.756240665912628174e-01
2.658762931823730469e-01
2.548681497573852539e-01
2.425997257232666016e-01
2.293683141469955444e-01
2.142079174518585205e-01
1.989020407199859619e-01
1.821131259202957153e-01
1.650652587413787842e-01
1.473560035228729248e-01
1.293878406286239624e-01
1.112743616104125977e-01
9.331284463405609131e-02
7.542897015810012817e-02
5.792001262307167053e-02
4.056306555867195129e-02
2.491867169737815857e-02
9.872187860310077667e-03
-3.461703890934586525e-03
-1.552301086485385895e-02
-2.628250792622566223e-02
-3.503632918000221252e-02
-4.182371869683265686e-02
-4.817013442516326904e-02
-5.337171256542205811e-02
-5.672458186745643616e-02
-5.975420027971267700e-02
-6.175670400261878967e-02
-6.277131289243698120e-02
-6.209416687488555908e-02
-6.199381873011589050e-02
-6.176638975739479065e-02
-5.996489897370338440e-02
-5.811477825045585632e-02
-5.551215633749961853e-02
-5.293936282396316528e-02
-5.043561756610870361e-02
-4.729703068733215332e-02
-4.281970858573913574e-02
-3.927219659090042114e-02
-3.595059365034103394e-02
-3.140789642930030823e-02
-2.716952376067638397e-02
-2.327468246221542358e-02
-1.827634871006011963e-02
-1.369994413107633591e-02
-9.584659710526466370e-03
-5.226575303822755814e-03
-1.407985226251184940e-03
3.318148665130138397e-03
6.683320272713899612e-03
8.648357354104518890e-03
1.066031400114297867e-02
1.193691696971654892e-02
2.061322145164012909e-02
2.476031519472599030e-02
2.582527510821819305e-02
3.045694902539253235e-02
3.044199943542480469e-02
3.242928534746170044e-02
3.563657402992248535e-02
3.185055032372474670e-02
3.515119105577468872e-02
3.732518106698989868e-02
2.272812649607658386e-02
2.030222304165363312e-02
1.440307777374982834e-02
1.167961023747920990e-02
3.918539267033338547e-03
-9.598447009921073914e-03
-1.447201333940029144e-02
-4.082555323839187622e-02
-5.190256610512733459e-02
-6.296423077583312988e-02
-8.184063434600830078e-02
-1.014996618032455444e-01
-1.074780821800231934e-01
-1.298992633819580078e-01
-1.468688994646072388e-01
-1.587859094142913818e-01
-1.809115260839462280e-01
-1.913513690233230591e-01
-2.053666263818740845e-01
-2.233562767505645752e-01
-2.382881492376327515e-01
-2.431301325559616089e-01
-2.605745494365692139e-01
-2.612959146499633789e-01
-2.754176259040832520e-01
-2.736142575740814209e-01
-2.711470425128936768e-01
-2.758460044860839844e-01
-2.806791365146636963e-01
-2.786142826080322266e-01
-2.700504660606384277e-01
-2.702489495277404785e-01
-2.647465169429779053e-01
-2.613733708858489990e-01
-2.530973851680755615e-01
-2.403176277875900269e-01
-2.234332114458084106e-01
-2.177053987979888916e-01
-1.938088685274124146e-01
-1.892981976270675659e-01
-1.674170047044754028e-01
-1.582887917757034302e-01
-1.325882971286773682e-01
-1.130079403519630432e-01
-9.994685649871826172e-02
-8.637308329343795776e-02
-6.525468826293945312e-02
-5.185301601886749268e-02
-3.170503303408622742e-02
-2.750321477651596069e-02
-2.491233637556433678e-03
5.776232574135065079e-03
1.176219992339611053e-02
7.636385038495063782e-03
7.861797697842121124e-03
4.737065639346837997e-03
5.938669666647911072e-03
-3.021290991455316544e-03
-6.906319409608840942e-03
-2.020431496202945709e-02
-3.510987386107444763e-02
-4.381758719682693481e-02
-5.338424444198608398e-02
-7.086663693189620972e-02
-8.845933526754379272e-02
-1.057879999279975891e-01
-1.224783211946487427e-01
-1.381559371948242188e-01
-1.598776131868362427e-01
-1.724067628383636475e-01
-1.902312338352203369e-01
-2.055455595254898071e-01
-2.105442136526107788e-01
-2.271461486816406250e-01
-2.401147037744522095e-01
-2.490755170583724976e-01
-2.462230026721954346e-01
-2.534760832786560059e-01
-2.630291283130645752e-01
-2.670766413211822510e-01
-2.726752460002899170e-01
-2.720193862915039062e-01
-2.647345066070556641e-01
-2.653083503246307373e-01
-2.585042417049407959e-01
-2.588098347187042236e-01
-2.658506035804748535e-01
-2.569587230682373047e-01
-2.466218918561935425e-01
-2.418966442346572876e-01
-2.126840353012084961e-01
-1.957650631666183472e-01
-1.833340078592300415e-01
-1.750163584947586060e-01
-1.555753499269485474e-01
-1.320675313472747803e-01
-1.189805343747138977e-01
-9.364651143550872803e-02
-7.798417657613754272e-02
-5.675680935382843018e-02
-4.445203021168708801e-02
-2.583308704197406769e-02
-1.538763288408517838e-02
-5.310014821588993073e-03
4.774312023073434830e-03
7.872343994677066803e-03
2.696969173848628998e-02
2.566671185195446014e-02
3.444365784525871277e-02
3.919418901205062866e-02
4.067414253950119019e-02
3.963936120271682739e-02
4.427678510546684265e-02
4.048004373908042908e-02
4.386716708540916443e-02
4.701977595686912537e-02
4.623501747846603394e-02
4.301183670759201050e-02
4.033536463975906372e-02
3.673209249973297119e-02
3.295782580971717834e-02
2.902526035904884338e-02
2.494709566235542297e-02
2.073602564632892609e-02
1.714785583317279816e-02
1.196595095098018646e-02
7.432336453348398209e-03
3.559708828106522560e-03
3.607650287449359894e-04
-3.638014430180191994e-03
-6.937707308679819107e-03
-1.101182866841554642e-02
-1.436144858598709106e-02
-1.771696656942367554e-02
-2.255188673734664917e-02
-2.662415616214275360e-02
-3.066416084766387939e-02
-3.465916961431503296e-02
-3.785333409905433655e-02
-4.097703099250793457e-02
-4.327439516782760620e-02
-4.547578841447830200e-02
-4.682534560561180115e-02
-4.656719043850898743e-02
-4.617477580904960632e-02
-4.637843742966651917e-02
-4.344984516501426697e-02
-4.257798194885253906e-02
-3.929141163825988770e-02
-3.580665960907936096e-02
-3.188800439238548279e-02
-2.648228593170642853e-02
-2.076568081974983215e-02
-1.336549408733844757e-02
-4.633038770407438278e-03
5.529205780476331711e-03
1.720091886818408966e-02
3.005604818463325500e-02
4.309972748160362244e-02
5.771505832672119141e-02
7.246131449937820435e-02
8.701243251562118530e-02
1.017854511737823486e-01
1.179405376315116882e-01
1.329222768545150757e-01
1.471477150917053223e-01
1.617769896984100342e-01
1.749977916479110718e-01
1.879702508449554443e-01
1.988820582628250122e-01
2.088933289051055908e-01
2.176779508590698242e-01
2.256529480218887329e-01
2.324921488761901855e-01
2.378694415092468262e-01
2.414587289094924927e-01
2.444200664758682251e-01
2.456841766834259033e-01
2.449249029159545898e-01
2.440454214811325073e-01
2.419764846563339233e-01
2.376487404108047485e-01
2.322222739458084106e-01
2.261139899492263794e-01
2.189976871013641357e-01
2.098040729761123657e-01
1.996931284666061401e-01
1.875955611467361450e-01
1.761575937271118164e-01
1.628236323595046997e-01
1.487537324428558350e-01
1.343647539615631104e-01
1.193304508924484253e-01
1.040677204728126526e-01
8.750721067190170288e-02
7.229513674974441528e-02
5.810524895787239075e-02
4.386821761727333069e-02
3.000091202557086945e-02
1.914953626692295074e-02
8.758527226746082306e-03
7.309830398298799992e-04
-5.259325262159109116e-03
-9.538626298308372498e-03
-1.020381692796945572e-02
-8.437935262918472290e-03
-3.649508114904165268e-03
3.153011435642838478e-03
1.170428656041622162e-02
2.173898182809352875e-02
3.299176320433616638e-02
4.519730806350708008e-02
5.883339047431945801e-02
7.214847207069396973e-02
8.710656315088272095e-02
1.012130081653594971e-01
1.156887188553810120e-01
1.295252591371536255e-01
1.439435482025146484e-01
1.579351574182510376e-01
1.704916656017303467e-01
1.835770905017852783e-01
1.946967691183090210e-01
2.050716578960418701e-01
2.136932760477066040e-01
2.210394889116287231e-01
2.275880128145217896e-01
2.330735921859741211e-01
2.364877462387084961e-01
2.383083105087280273e-01
2.397561222314834595e-01
2.390796691179275513e-01
2.367567270994186401e-01
2.340081334114074707e-01
2.290823459625244141e-01
2.232002466917037964e-01
2.160964608192443848e-01
2.082487344741821289e-01
2.001348137855529785e-01
1.892599761486053467e-01
1.783313006162643433e-01
1.663403064012527466e-01
1.537646502256393433e-01
1.403389871120452881e-01
1.265409886837005615e-01
1.121052354574203491e-01
9.750944375991821289e-02
8.323127776384353638e-02
6.826220452785491943e-02
5.382300913333892822e-02
3.964823484420776367e-02
2.695866860449314117e-02
1.474574394524097443e-02
4.230228718370199203e-03
-5.596446339040994644e-03
-1.357433665543794632e-02
-1.952986232936382294e-02
-2.483648434281349182e-02
-2.863833121955394745e-02
-3.156575188040733337e-02
-3.424909710884094238e-02
-3.508939221501350403e-02
-3.620319813489913940e-02
-3.673465177416801453e-02
-3.508477285504341125e-02
-3.411322459578514099e-02
-3.222103044390678406e-02
-3.003852628171443939e-02
-2.670983225107192993e-02
-2.360838837921619415e-02
-1.987830176949501038e-02
-1.614990085363388062e-02
-1.231039129197597504e-02
-7.503872271627187729e-03
-3.846871200948953629e-03
2.596361446194350719e-04
4.928460344672203064e-03
8.786197751760482788e-03
1.194566860795021057e-02
1.600592024624347687e-02
1.959356293082237244e-02
2.356454357504844666e-02
2.713997103273868561e-02
3.102718293666839600e-02
3.444729372859001160e-02
3.751316294074058533e-02
4.063489288091659546e-02
4.328254982829093933e-02
4.556529223918914795e-02
4.730245471000671387e-02
4.887814447283744812e-02
4.958781599998474121e-02
4.999020695686340332e-02
5.079267919063568115e-02
4.995309561491012573e-02
4.884761199355125427e-02
4.684600234031677246e-02
4.406113550066947937e-02
4.134899750351905823e-02
3.733624145388603210e-02
3.287884593009948730e-02
2.660345658659934998e-02
2.085227146744728088e-02
1.350881997495889664e-02
4.685960710048675537e-03
-3.976844251155853271e-03
-1.365101523697376251e-02
-2.472447417676448822e-02
-3.609892725944519043e-02
-4.667609930038452148e-02
-5.833014100790023804e-02
-6.996277719736099243e-02
-8.121884614229202271e-02
-9.248629957437515259e-02
-1.034099981188774109e-01
-1.136347874999046326e-01
-1.250348538160324097e-01
-1.342826187610626221e-01
-1.439954191446304321e-01
-1.523318737745285034e-01
-1.604230999946594238e-01
-1.679139584302902222e-01
-1.744493544101715088e-01
-1.804172992706298828e-01
-1.854626387357711792e-01
-1.899734139442443848e-01
-1.935945153236389160e-01
-1.937415003776550293e-01
-1.945179402828216553e-01
-1.911100596189498901e-01
-1.883645206689834595e-01
-1.844400316476821899e-01
-1.782383620738983154e-01
-1.723768562078475952e-01
-1.650141924619674683e-01
-1.550521552562713623e-01
-1.480804979801177979e-01
-1.392854750156402588e-01
-1.290550678968429565e-01
-1.192634925246238708e-01
-1.095556318759918213e-01
-9.957635402679443359e-02
-8.971364051103591919e-02
-7.663990557193756104e-02
-6.594490259885787964e-02
-5.281481891870498657e-02
-4.209626838564872742e-02
-2.971854247152805328e-02
-1.978513784706592560e-02
-1.268399134278297424e-02
-1.371936290524899960e-03
-1.099095097742974758e-03
2.608813112601637840e-03
9.363875724375247955e-03
1.134709082543849945e-02
8.261938579380512238e-03
7.608527317643165588e-03
2.116152318194508553e-03
-8.054786361753940582e-03
-1.531277876347303391e-02
-2.692851424217224121e-02
-3.531046956777572632e-02
-4.772931709885597229e-02
-5.659352615475654602e-02
-6.917376071214675903e-02
-7.787848263978958130e-02
-8.997833728790283203e-02
-9.788176417350769043e-02
-1.162905097007751465e-01
-1.301819384098052979e-01
-1.393955349922180176e-01
-1.437708586454391479e-01
-1.505785435438156128e-01
-1.670891791582107544e-01
-1.782801151275634766e-01
-1.839908361434936523e-01
-1.840608865022659302e-01
-1.857608556747436523e-01
-1.889302730560302734e-01
-1.934086233377456665e-01
-1.916043311357498169e-01
-1.982190757989883423e-01
-1.833679676055908203e-01
-1.840460151433944702e-01
-1.852305084466934204e-01
-1.793298423290252686e-01
-1.736146360635757446e-01
-1.679243743419647217e-01
-1.620985269546508789e-01
-1.485455334186553955e-01
-1.493981480598449707e-01
-1.273404061794281006e-01
-1.193672865629196167e-01
-1.030249744653701782e-01
-1.004462763667106628e-01
-8.174629509449005127e-02
-6.905782967805862427e-02
-5.478926002979278564e-02
-4.621120169758796692e-02
-4.316314309835433960e-02
-3.062239475548267365e-02
-1.585954613983631134e-02
-6.145207211375236511e-03
-1.318876049481332302e-03
6.211043335497379303e-03
1.145634148269891739e-02
1.707216911017894745e-02
2.056496962904930115e-02
2.389984205365180969e-02
2.532634325325489044e-02
2.680956944823265076e-02
2.734218165278434753e-02
2.665995247662067413e-02
2.598486095666885376e-02
2.430957369506359100e-02
2.285606786608695984e-02
1.987389475107192993e-02
1.807125285267829895e-02
1.495457906275987625e-02
1.100274268537759781e-02
7.437726948410272598e-03
3.252181690186262131e-03
4.111963207833468914e-04
-3.578800009563565254e-03
-7.495829835534095764e-03
-1.011791452765464783e-02
-1.393862720578908920e-02
-1.773599162697792053e-02
-2.103114128112792969e-02
-2.334521152079105377e-02
-2.642866410315036774e-02
-2.905952557921409607e-02
-3.224515169858932495e-02
-3.402045741677284241e-02
-3.613590449094772339e-02
-3.885574266314506531e-02
-4.021487385034561157e-02
-4.196377843618392944e-02
-4.288046807050704956e-02
-4.322919249534606934e-02
-4.476040601730346680e-02
-4.402281343936920166e-02
-4.425308108329772949e-02
-4.274301603436470032e-02
-4.198618605732917786e-02
-4.001749679446220398e-02
-3.784429654479026794e-02
-3.573082014918327332e-02
-3.319819644093513489e-02
-2.976754121482372284e-02
-2.570308931171894073e-02
-2.126906998455524445e-02
-1.598660275340080261e-02
-1.086302474141120911e-02
-4.676342941820621490e-03
2.282284433022141457e-03
9.613958187401294708e-03
1.689284667372703552e-02
2.592244930565357208e-02
3.479071706533432007e-02
4.307182133197784424e-02
5.256925895810127258e-02
6.137099862098693848e-02
7.053741067647933960e-02
7.815647125244140625e-02
8.677477389574050903e-02
9.448029100894927979e-02
1.015903055667877197e-01
1.084220856428146362e-01
1.152929365634918213e-01
1.210339143872261047e-01
1.259622871875762939e-01
1.311384588479995728e-01
1.339072883129119873e-01
1.375584602355957031e-01
1.394368261098861694e-01
1.406027674674987793e-01
1.413735747337341309e-01
1.409518271684646606e-01
1.397291272878646851e-01
1.372796148061752319e-01
1.343664228916168213e-01
1.306379884481430054e-01
1.261886805295944214e-01
1.210384666919708252e-01
1.152073740959167480e-01
1.087153926491737366e-01
1.017311513423919678e-01
9.417802095413208008e-02
8.629149943590164185e-02
7.795038074254989624e-02
6.934555619955062866e-02
6.042269244790077209e-02
5.157331377267837524e-02
4.266875982284545898e-02
3.410055115818977356e-02
2.574002370238304138e-02
1.790437102317810059e-02
1.083647273480892181e-02
4.556276369839906693e-03
-1.064901938661932945e-03
-5.412638653069734573e-03
-9.581666439771652222e-03
-1.102548372000455856e-02
-1.098745223134756088e-02
-9.963793680071830750e-03
-6.502499338239431381e-03
-2.194283762946724892e-03
3.599468851462006569e-03
1.003115065395832062e-02
1.773937046527862549e-02
2.513340674340724945e-02
3.433808311820030212e-02
4.376267641782760620e-02
5.255956947803497314e-02
6.136736646294593811e-02
7.082465291023254395e-02
8.082693070173263550e-02
8.978347480297088623e-02
9.833285957574844360e-02
1.063705980777740479e-01
1.145352721214294434e-01
1.212361529469490051e-01
1.285980492830276489e-01
1.342871338129043579e-01
1.396851092576980591e-01
1.432012468576431274e-01
1.477034538984298706e-01
1.493716984987258911e-01
1.503307819366455078e-01
1.512193083763122559e-01
1.504465639591217041e-01
1.493942290544509888e-01
1.464715898036956787e-01
1.438034772872924805e-01
1.397991478443145752e-01
1.358403414487838745e-01
1.295931935310363770e-01
1.239256411790847778e-01
1.172469556331634521e-01
1.101957559585571289e-01
1.019244194030761719e-01
9.307154268026351929e-02
8.353260904550552368e-02
7.468935102224349976e-02
6.495102494955062866e-02
5.644244700670242310e-02
4.586374387145042419e-02
3.690025582909584045e-02
2.781262435019016266e-02
2.020549401640892029e-02
1.241381093859672546e-02
5.001856014132499695e-03
-1.243159407749772072e-03
-6.574381142854690552e-03
-1.099162269383668900e-02
-1.459603197872638702e-02
-1.708680018782615662e-02
-1.875761523842811584e-02
-1.982785202562808990e-02
-2.004872635006904602e-02
-1.974365487694740295e-02
-1.886450126767158508e-02
-1.751175150275230408e-02
-1.567442528903484344e-02
-1.351246889680624008e-02
-1.087371446192264557e-02
-8.126178756356239319e-03
-5.340632516890764236e-03
-2.364919753745198250e-03
8.788058767095208168e-04
4.022522363811731339e-03
7.069760933518409729e-03
1.046991813927888870e-02
1.296323537826538086e-02
1.581652835011482239e-02
1.866176724433898926e-02
2.113092876970767975e-02
2.359908819198608398e-02
2.644132822751998901e-02
2.854650840163230896e-02
3.103282302618026733e-02
3.278912603855133057e-02
3.493361547589302063e-02
3.561203554272651672e-02
3.742880374193191528e-02
3.852966800332069397e-02
3.928970918059349060e-02
3.934090957045555115e-02
3.980145603418350220e-02
3.956021741032600403e-02
3.973539173603057861e-02
3.847273439168930054e-02
3.837666288018226624e-02
3.684983402490615845e-02
3.501044213771820068e-02
3.249046579003334045e-02
2.892190217971801758e-02
2.765227481722831726e-02
2.385491505265235901e-02
2.162046730518341064e-02
1.760847680270671844e-02
1.368026528507471085e-02
8.724712766706943512e-03
3.860026830807328224e-03
-1.264324295334517956e-03
-6.185859907418489456e-03
-1.265395339578390121e-02
-1.870242692530155182e-02
-2.608065307140350342e-02
-3.207934275269508362e-02
-3.770475834608078003e-02
-4.544937983155250549e-02
-5.111770331859588623e-02
-5.794531479477882385e-02
-6.396604329347610474e-02
-6.944303214550018311e-02
-7.538255304098129272e-02
-7.981842011213302612e-02
-8.450000733137130737e-02
-8.820426464080810547e-02
-9.193742275238037109e-02
-9.447643905878067017e-02
-9.757068753242492676e-02
-9.925397485494613647e-02
-1.012756898999214172e-01
-1.016696467995643616e-01
-1.014421135187149048e-01
-1.015993431210517883e-01
-1.001751795411109924e-01
-9.891896694898605347e-02
-9.735076874494552612e-02
-9.350438416004180908e-02
-9.061542153358459473e-02
-8.671768754720687866e-02
-8.207432180643081665e-02
-7.769158482551574707e-02
-7.160328328609466553e-02
-6.630188971757888794e-02
-6.056432053446769714e-02
-5.316749215126037598e-02
-4.660385847091674805e-02
-3.965032845735549927e-02
-3.331314027309417725e-02
-2.785540930926799774e-02
-2.131093107163906097e-02
-1.542902924120426178e-02
-9.729708544909954071e-03
-4.476072266697883606e-03
8.118892437778413296e-04
3.641750197857618332e-03
6.722858641296625137e-03
9.049017913639545441e-03
1.035714522004127502e-02
1.038416381925344467e-02
8.920665830373764038e-03
6.715015973895788193e-03
3.083029994741082191e-03
-1.916361274197697639e-03
-7.481114007532596588e-03
-1.503850892186164856e-02
-2.155716344714164734e-02
-2.697812952101230621e-02
-3.495800867676734924e-02
-4.172229021787643433e-02
-4.944134876132011414e-02
-5.582689493894577026e-02
-6.453551352024078369e-02
-7.104957103729248047e-02
-7.679632306098937988e-02
-8.394613116979598999e-02
-9.021067619323730469e-02
-9.553098678588867188e-02
-9.984809160232543945e-02
-1.045892238616943359e-01
-1.082091853022575378e-01
-1.113921180367469788e-01
-1.140790283679962158e-01
-1.154678240418434143e-01
-1.169857531785964966e-01
-1.170876100659370422e-01
-1.172006279230117798e-01
-1.165227368474006653e-01
-1.149949505925178528e-01
-1.133013963699340820e-01
-1.098968982696533203e-01
-1.054655760526657104e-01
-1.014346852898597717e-01
-9.625904262065887451e-02
-9.062278270721435547e-02
-8.446694165468215942e-02
-7.773257791996002197e-02
-7.110381126403808594e-02
-6.303548812866210938e-02
-5.644107609987258911e-02
-4.903230443596839905e-02
-4.149332270026206970e-02
-3.376518562436103821e-02
-2.727515995502471924e-02
-1.973497681319713593e-02
-1.405812613666057587e-02
-7.956337183713912964e-03
-2.113773953169584274e-03
2.785394666716456413e-03
6.800110451877117157e-03
1.002630870789289474e-02
1.196479797363281250e-02
1.363959722220897675e-02
1.458851061761379242e-02
1.509244833141565323e-02
1.394610479474067688e-02
1.291661616414785385e-02
1.154178939759731293e-02
1.010254304856061935e-02
7.393575739115476608e-03
5.182032473385334015e-03
3.005728125572204590e-03
4.024815571028739214e-04
-1.603666227310895920e-03
-4.218000918626785278e-03
-7.159584201872348785e-03
-1.089058537036180496e-02
-1.290073059499263763e-02
-1.588150858879089355e-02
-1.880886405706405640e-02
-2.140183374285697937e-02
-2.412257343530654907e-02
-2.669012174010276794e-02
-2.882350608706474304e-02
-3.098487295210361481e-02
-3.289324417710304260e-02
-3.426764905452728271e-02
-3.631332516670227051e-02
-3.651995584368705750e-02
-3.832211717963218689e-02
-3.846637159585952759e-02
-3.890106081962585449e-02
-3.860208392143249512e-02
-3.803155943751335144e-02
-3.765159845352172852e-02
-3.792431950569152832e-02
-3.633939102292060852e-02
-3.633136302232742310e-02
-3.390369564294815063e-02
-3.249093145132064819e-02
-3.181207925081253052e-02
-3.009992279112339020e-02
-2.707346156239509583e-02
-2.468102984130382538e-02
-2.264163829386234283e-02
-1.918807253241539001e-02
-1.403934508562088013e-02
-1.137312781065702438e-02
-7.192885503172874451e-03
-2.703857840970158577e-03
8.795523899607360363e-04
3.792505944147706032e-03
8.490326814353466034e-03
1.371278613805770874e-02
1.819965243339538574e-02
2.143380045890808105e-02
2.587053924798965454e-02
3.024962730705738068e-02
3.554014861583709717e-02
3.973874077200889587e-02
4.307137057185173035e-02
4.650711640715599060e-02
5.027193203568458557e-02
5.384866520762443542e-02
5.672016367316246033e-02
5.985548347234725952e-02
6.199435517191886902e-02
6.410583108663558960e-02
6.567274779081344604e-02
6.766416132450103760e-02
6.807667016983032227e-02
6.862244755029678345e-02
6.804119050502777100e-02
6.804506480693817139e-02
6.737379729747772217e-02
6.551019102334976196e-02
6.416641175746917725e-02
6.208216771483421326e-02
5.926046893000602722e-02
5.637310817837715149e-02
5.320015922188758850e-02
4.974461719393730164e-02
4.593518376350402832e-02
4.192348197102546692e-02
3.763820230960845947e-02
3.337960317730903625e-02
2.892776019871234894e-02
2.450861409306526184e-02
1.997655443847179413e-02
1.558725629001855850e-02
1.123226433992385864e-02
7.122670300304889679e-03
3.231765236705541611e-03
-3.333934873808175325e-04
-3.473180579021573067e-03
-6.035950966179370880e-03
-8.018681779503822327e-03
-9.344035759568214417e-03
-9.786054491996765137e-03
-9.341713041067123413e-03
-7.750103250145912170e-03
-5.502263084053993225e-03
-2.459794050082564354e-03
1.441389671526849270e-03
5.819507874548435211e-03
1.073864568024873734e-02
1.611426472663879395e-02
2.156457863748073578e-02
2.722797915339469910e-02
3.279698640108108521e-02
3.900448232889175415e-02
4.361088946461677551e-02
4.957840591669082642e-02
5.466745793819427490e-02
6.035401299595832825e-02
6.439848244190216064e-02
6.901995092630386353e-02
7.420815527439117432e-02
7.698036730289459229e-02
8.029878139495849609e-02
8.340999484062194824e-02
8.556060492992401123e-02
8.748345077037811279e-02
8.842512220144271851e-02
8.911843597888946533e-02
8.955307304859161377e-02
8.823250234127044678e-02
8.737575262784957886e-02
8.622937649488449097e-02
8.403994888067245483e-02
8.079712092876434326e-02
7.797677814960479736e-02
7.556858658790588379e-02
7.058974355459213257e-02
6.674545258283615112e-02
6.179602444171905518e-02
5.647419765591621399e-02
5.151272565126419067e-02
4.615812003612518311e-02
4.114311933517456055e-02
3.497111797332763672e-02
2.986107580363750458e-02
2.357327193021774292e-02
1.832664944231510162e-02
1.336771436035633087e-02
7.942964322865009308e-03
3.528227796778082848e-03
-6.299957749433815479e-04
-3.798989113420248032e-03
-6.732253823429346085e-03
-9.470846503973007202e-03
-1.069225557148456573e-02
-1.059085316956043243e-02
-1.084722857922315598e-02
-1.016952935606241226e-02
-9.495234116911888123e-03
-8.275596424937248230e-03
-5.961869843304157257e-03
-4.234634339809417725e-03
-2.545136725530028343e-03
-3.446219197940081358e-04
1.429448835551738739e-03
4.068946931511163712e-03
6.636417936533689499e-03
8.937519975006580353e-03
1.226413436233997345e-02
1.419259607791900635e-02
1.660928316414356232e-02
1.887400262057781219e-02
2.116398140788078308e-02
2.387939020991325378e-02
2.563693188130855560e-02
2.743127010762691498e-02
2.899377793073654175e-02
3.042739629745483398e-02
3.161212801933288574e-02
3.257660195231437683e-02
3.342376276850700378e-02
3.403361886739730835e-02
3.443480655550956726e-02
3.465596586465835571e-02
3.465142101049423218e-02
3.444981575012207031e-02
3.393116593360900879e-02
3.327273204922676086e-02
3.246600553393363953e-02
3.126467764377593994e-02
2.985344082117080688e-02
2.827579900622367859e-02
2.650837972760200500e-02
2.457238733768463135e-02
2.254847995936870575e-02
2.016804926097393036e-02
1.768266968429088593e-02
1.526959612965583801e-02
1.266021654009819031e-02
9.957474656403064728e-03
7.338622119277715683e-03
4.535041283816099167e-03
1.649669255129992962e-03
-1.212151721119880676e-03
-4.009759984910488129e-03
-7.071643136441707611e-03
-1.042904611676931381e-02
-1.299855113029479980e-02
-1.629762910306453705e-02
-1.976304501295089722e-02
-2.208845317363739014e-02
-2.493995241820812225e-02
-2.775431238114833832e-02
-2.996830642223358154e-02
-3.250492364168167114e-02
-3.480094298720359802e-02
-3.703624755144119263e-02
-3.864761441946029663e-02
-3.981493040919303894e-02
-4.071808233857154846e-02
-4.153696447610855103e-02
-4.245145618915557861e-02
-4.289834201335906982e-02
-4.305750504136085510e-02
-4.310883581638336182e-02
-4.323221743106842041e-02
-4.212131723761558533e-02
-4.144223406910896301e-02
-4.063174128532409668e-02
-3.912661224603652954e-02
-3.784983232617378235e-02
-3.549505025148391724e-02
-3.372836858034133911e-02
-3.124343045055866241e-02
-2.896321192383766174e-02
-2.632446959614753723e-02
-2.350706048309803009e-02
-2.069084532558917999e-02
-1.731256395578384399e-02
-1.503828540444374084e-02
-1.181852817535400391e-02
-8.576241321861743927e-03
-6.234373897314071655e-03
-3.486540168523788452e-03
2.305405068909749389e-04
2.507711527869105339e-03
3.165150759741663933e-03
4.995479714125394821e-03
6.332663353532552719e-03
8.483110927045345306e-03
8.294574916362762451e-03
7.816581055521965027e-03
7.612437941133975983e-03
5.299949087202548981e-03
3.806407097727060318e-03
2.370488131418824196e-03
-1.998459221795201302e-03
-4.116874188184738159e-03
-7.718512322753667831e-03
-1.133536081761121750e-02
-1.572873070836067200e-02
-1.943060383200645447e-02
-2.320229075849056244e-02
-2.780509926378726959e-02
-3.251412138342857361e-02
-3.586133569478988647e-02
-3.935115411877632141e-02
-4.300177469849586487e-02
-4.757450893521308899e-02
-5.011511594057083130e-02
-5.361422151327133179e-02
-5.586071312427520752e-02
-5.761588737368583679e-02
-6.038416922092437744e-02
-6.195443123579025269e-02
-6.308797746896743774e-02
-6.380302459001541138e-02
-6.411778181791305542e-02
-6.405044347047805786e-02
-6.361922621726989746e-02
-6.284233182668685913e-02
-6.173799186944961548e-02
-5.958128720521926880e-02
-5.713356658816337585e-02
-5.589924752712249756e-02
-5.292413011193275452e-02
-5.045574903488159180e-02
-4.776921868324279785e-02
-4.339654743671417236e-02
-3.958529233932495117e-02
-3.635367378592491150e-02
-3.149059042334556580e-02
-2.724360488355159760e-02
-2.363094128668308258e-02
-1.918460801243782043e-02
-1.466594822704792023e-02
-1.157941017299890518e-02
-6.970783229917287827e-03
-3.830736735835671425e-03
-6.912791868671774864e-04
1.686251722276210785e-03
4.769848659634590149e-03
6.311955396085977554e-03
7.804365362972021103e-03
8.604730479419231415e-03
8.094502612948417664e-03
7.884463295340538025e-03
7.356069050729274750e-03
6.633887533098459244e-03
4.356267862021923065e-03
2.877114340662956238e-03
8.347817929461598396e-04
-9.030407527461647987e-04
-2.211771439760923386e-03
-4.453045781701803207e-03
-6.759164389222860336e-03
-8.262427523732185364e-03
-1.106757018715143204e-02
-1.282066199928522110e-02
-1.488332357257604599e-02
-1.713094860315322876e-02
-1.869582012295722961e-02
-2.093954570591449738e-02
-2.225129120051860809e-02
-2.399265766143798828e-02
-2.529591508209705353e-02
-2.677954919636249542e-02
-2.757582254707813263e-02
-2.904633060097694397e-02
-2.958021312952041626e-02
-3.053906559944152832e-02
-3.105513565242290497e-02
-3.026067838072776794e-02
-3.100349381566047668e-02
-3.018649853765964508e-02
-2.991438657045364380e-02
-2.931939996778964996e-02
-2.753378264605998993e-02
-2.740533649921417236e-02
-2.583697438240051270e-02
-2.419027127325534821e-02
-2.308369241654872894e-02
-2.164948545396327972e-02
-1.901989430189132690e-02
-1.804272085428237915e-02
-1.562087796628475189e-02
-1.385905873030424118e-02
-1.188951544463634491e-02
-9.587609209120273590e-03
-7.571815513074398041e-03
-5.717501044273376465e-03
-2.413814887404441833e-03
-5.085672601126134396e-04
8.672024705447256565e-04
4.073570016771554947e-03
5.526952911168336868e-03
7.588645908981561661e-03
9.647501632571220398e-03
1.183548104017972946e-02
1.354142930358648300e-02
1.489730458706617355e-02
1.603505574166774750e-02
1.782974414527416229e-02
1.892709918320178986e-02
2.020217105746269226e-02
2.178690955042839050e-02
2.232703007757663727e-02
2.344069257378578186e-02
2.377361804246902466e-02
2.494395524263381958e-02
2.559742145240306854e-02
2.512283995747566223e-02
2.588147111237049103e-02
2.577591128647327423e-02
2.493809349834918976e-02
2.572927065193653107e-02
2.456582337617874146e-02
2.380900830030441284e-02
2.359075099229812622e-02
2.181364595890045166e-02
2.083895169198513031e-02
1.931236870586872101e-02
1.810893602669239044e-02
1.661747135221958160e-02
1.496989838778972626e-02
1.329814177006483078e-02
1.247724238783121109e-02
1.040979567915201187e-02
8.713949471712112427e-03
7.521632127463817596e-03
4.735443741083145142e-03
3.459753934293985367e-03
1.597161986865103245e-03
-7.204010034911334515e-04
-1.874783774837851524e-03
-3.220275044441223145e-03
-4.624942317605018616e-03
-5.956854205578565598e-03
-6.340968422591686249e-03
-7.131571881473064423e-03
-6.710513960570096970e-03
-6.432080641388893127e-03
-6.164342164993286133e-03
-4.752682056277990341e-03
-3.342489479109644890e-03
-2.056468743830919266e-03
5.432051839306950569e-04
2.921916078776121140e-03
5.551443900913000107e-03
8.234767243266105652e-03
1.122072990983724594e-02
1.416368503123521805e-02
1.708953827619552612e-02
2.009850740432739258e-02
2.291924878954887390e-02
2.572628483176231384e-02
2.839688770473003387e-02
3.095695562660694122e-02
3.320944681763648987e-02
3.547749295830726624e-02
3.748973459005355835e-02
3.919773921370506287e-02
4.070170968770980835e-02
4.195320233702659607e-02
4.290378093719482422e-02
4.357931762933731079e-02
4.407998546957969666e-02
4.413441196084022522e-02
4.399138689041137695e-02
4.360245913267135620e-02
4.284486547112464905e-02
4.189307615160942078e-02
4.069862887263298035e-02
3.921306878328323364e-02
3.746223077178001404e-02
3.562058508396148682e-02
3.334242105484008789e-02
3.117375075817108154e-02
2.862023562192916870e-02
2.600495517253875732e-02
2.320512197911739349e-02
2.039519511163234711e-02
1.745237968862056732e-02
1.455113571137189865e-02
1.164297945797443390e-02
8.753743954002857208e-03
6.057881284505128860e-03
3.432600758969783783e-03
1.126666553318500519e-03
-1.131333759985864162e-03
-2.944012871012091637e-03
-4.434160422533750534e-03
-5.501630716025829315e-03
-6.138300057500600815e-03
-6.406881380826234818e-03
-6.239173002541065216e-03
-5.864218343049287796e-03
-5.139502696692943573e-03
-4.071132279932498932e-03
-2.888146322220563889e-03
-1.522336620837450027e-03
-1.284275058424100280e-04
1.510413247160613537e-03
3.090842394158244133e-03
4.829694982618093491e-03
6.646562833338975906e-03
8.386729285120964050e-03
1.011841185390949249e-02
1.176120527088642120e-02
1.353195030242204666e-02
1.505300123244524002e-02
1.661550998687744141e-02
1.791614666581153870e-02
1.924606226384639740e-02
2.030192315578460693e-02
2.130057662725448608e-02
2.208730764687061310e-02
2.273034304380416870e-02
2.329790033400058746e-02
2.363526634871959686e-02
2.381066605448722839e-02
2.396662719547748566e-02
2.379981242120265961e-02
2.360137365758419037e-02
2.329090610146522522e-02
2.278800308704376221e-02
2.216087467968463898e-02
2.132911421358585358e-02
2.050955407321453094e-02
1.939884759485721588e-02
1.828813180327415466e-02
1.702268235385417938e-02
1.559639256447553635e-02
1.422608271241188049e-02
1.260839961469173431e-02
1.110878400504589081e-02
9.646810591220855713e-03
8.067739196121692657e-03
6.439763586968183517e-03
4.831074271351099014e-03
3.086927579715847969e-03
1.498444238677620888e-03
-1.634331565583124757e-04
-1.907590893097221851e-03
-3.531025955453515053e-03
-4.833496175706386566e-03
-5.614760797470808029e-03
-7.160799112170934677e-03
-8.825505152344703674e-03
-9.219665080308914185e-03
-1.066961046308279037e-02
-1.104301679879426956e-02
-1.192310918122529984e-02
-1.340689044445753098e-02
-1.336203515529632568e-02
-1.337176281958818436e-02
-1.353307720273733139e-02
-1.394297648221254349e-02
-1.395535189658403397e-02
-1.441030949354171753e-02
-1.466173585504293442e-02
-1.480662450194358826e-02
-1.494196802377700806e-02
-1.442164648324251175e-02
-1.408575847744941711e-02
-1.328817941248416901e-02
-1.286900509148836136e-02
-1.292521506547927856e-02
-1.206756848841905594e-02
-1.262237317860126495e-02
-1.022794190794229507e-02
-1.018301770091056824e-02
-8.869020268321037292e-03
-7.869135588407516479e-03
-6.537218112498521805e-03
-5.713340360671281815e-03
-4.751352127641439438e-03
-3.748210612684488297e-03
-2.800871385261416435e-03
-1.263177371583878994e-03
2.481000228726770729e-05
9.661418735049664974e-04
1.463870750740170479e-03
2.907271031290292740e-03
3.713178914040327072e-03
3.784652100875973701e-03
4.510968923568725586e-03
5.795190576463937759e-03
5.311047192662954330e-03
5.934042390435934067e-03
5.337909329682588577e-03
5.655040964484214783e-03
4.559174180030822754e-03
4.194153007119894028e-03
3.034074092283844948e-03
1.793814124539494514e-03
4.451400891412049532e-04
-1.783291110768914223e-03
-3.433492267504334450e-03
-5.276805255562067032e-03
-7.341463584452867508e-03
-9.655699133872985840e-03
-1.224774681031703949e-02
-1.440272666513919830e-02
-1.614887453615665436e-02
-1.751442067325115204e-02
-1.927071064710617065e-02
-2.070286870002746582e-02
-2.258223854005336761e-02
-2.419394068419933319e-02
-2.556621283292770386e-02
-2.672728896141052246e-02
-2.770540304481983185e-02
-2.852878905832767487e-02
-2.848257683217525482e-02
-2.908121049404144287e-02
-2.960982173681259155e-02
-3.009664639830589294e-02
-2.982680499553680420e-02
-2.957164309918880463e-02
-2.861628495156764984e-02
-2.773207239806652069e-02
-2.694724127650260925e-02
-2.554691024124622345e-02
-2.430242672562599182e-02
-2.324201911687850952e-02
-2.165080979466438293e-02
-2.030013874173164368e-02
-1.847512647509574890e-02
-1.694711484014987946e-02
-1.500121876597404480e-02
-1.192255783826112747e-02
-1.071180030703544617e-02
-8.424731902778148651e-03
-6.575798615813255310e-03
-4.450115840882062912e-03
-2.819017972797155380e-03
-1.710729091428220272e-03
-4.103616811335086823e-04
1.796971540898084641e-03
3.396829357370734215e-03
3.617880633100867271e-03
4.661235492676496506e-03
5.025578662753105164e-03
4.748317878693342209e-03
4.623095504939556122e-03
3.957335371524095535e-03
3.544681007042527199e-03
1.949446974322199821e-03
1.451498130336403847e-03
-1.279604184674099088e-04
-5.090628401376307011e-04
-1.870602951385080814e-03
-3.418934531509876251e-03
-5.103520117700099945e-03
-6.873824167996644974e-03
-7.193086203187704086e-03
-9.726321324706077576e-03
-1.070743985474109650e-02
-1.231523323804140091e-02
-1.375605259090662003e-02
-1.349313929677009583e-02
-1.519150286912918091e-02
-1.582816429436206818e-02
-1.683880202472209930e-02
-1.742976531386375427e-02
-1.829362288117408752e-02
-1.863672211766242981e-02
-1.915163174271583557e-02
-1.904469728469848633e-02
-1.900848560035228729e-02
-1.899245381355285645e-02
-1.894605346024036407e-02
-1.881873980164527893e-02
-1.855996809899806976e-02
-1.811918802559375763e-02
-1.744585111737251282e-02
-1.648941077291965485e-02
-1.594242267310619354e-02
-1.501122862100601196e-02
-1.438838522881269455e-02
-1.253711711615324020e-02
-1.163620222359895706e-02
-1.014886517077684402e-02
-9.510766714811325073e-03
-7.442021276801824570e-03
-6.121400278061628342e-03
-4.755233414471149445e-03
-4.036069847643375397e-03
-3.170238807797431946e-03
-1.364067080430686474e-03
-7.963218959048390388e-04
8.128909394145011902e-04
1.288308296352624893e-03
2.184225711971521378e-03
3.572221612557768822e-03
4.037654493004083633e-03
4.395213909447193146e-03
4.716478288173675537e-03
5.816137883812189102e-03
5.536441691219806671e-03
6.178299430757761002e-03
7.070179563015699387e-03
7.540551479905843735e-03
7.660992909222841263e-03
8.246191777288913727e-03
8.624614216387271881e-03
8.867838419973850250e-03
8.304326795041561127e-03
8.491875603795051575e-03
8.015836589038372040e-03
8.434001356363296509e-03
7.588610518723726273e-03
7.037452887743711472e-03
6.852095015347003937e-03
6.360993254929780960e-03
5.635710898786783218e-03
5.490920040756464005e-03
5.255071911960840225e-03
4.256613552570343018e-03
4.053323063999414444e-03
3.230534959584474564e-03
3.346021752804517746e-03
2.242005197331309319e-03
2.219364047050476074e-03
3.772063937503844500e-04
-2.404820261290296912e-04
-3.052669344469904900e-04
-4.887156537733972073e-04
-1.462397049181163311e-03
-2.411661436781287193e-03
-2.521860180422663689e-03
-3.207676345482468605e-03
-3.654463682323694229e-03
-4.533797502517700195e-03
-3.544812323525547981e-03
-3.588416380807757378e-03
-3.849965054541826248e-03
-4.406549036502838135e-03
-4.220592789351940155e-03
-4.409540910273790359e-03
-3.341330448165535927e-03
-3.248070366680622101e-03
-2.578990068286657333e-03
-1.669018063694238663e-03
-7.114416803233325481e-04
3.976960724685341120e-04
1.613731030374765396e-03
2.891999436542391777e-03
4.187838174402713776e-03
5.530896130949258804e-03
6.950823124498128891e-03
8.328647352755069733e-03
9.694018401205539703e-03
1.107659004628658295e-02
1.228308305144309998e-02
1.349177211523056030e-02
1.465799845755100250e-02
1.573710888624191284e-02
1.653582602739334106e-02
1.745536178350448608e-02
1.815381646156311035e-02
1.880946941673755646e-02
1.922904700040817261e-02
1.959082856774330139e-02
1.977584883570671082e-02
1.988808065652847290e-02
1.988286525011062622e-02
1.971555128693580627e-02
1.934148557484149933e-02
1.893894374370574951e-02
1.838896423578262329e-02
1.772119663655757904e-02
1.689098402857780457e-02
1.607660017907619476e-02
1.501045469194650650e-02
1.387081481516361237e-02
1.283594965934753418e-02
1.148964185267686844e-02
1.023308653384447098e-02
8.872994221746921539e-03
7.513314019888639450e-03
6.183682940900325775e-03
4.765113815665245056e-03
3.435859689489006996e-03
2.076929435133934021e-03
9.408828336745500565e-04
-3.142105997540056705e-04
-1.316897803917527199e-03
-2.230767859145998955e-03
-3.003910183906555176e-03
-3.554691793397068977e-03
-3.898087423294782639e-03
-4.013970494270324707e-03
-3.890427993610501289e-03
-3.599345218390226364e-03
-3.138297935947775841e-03
-2.527156146243214607e-03
-1.778361271135509014e-03
-9.340804535895586014e-04
6.734439352840126958e-07
1.006024191156029701e-03
2.062094397842884064e-03
3.154951147735118866e-03
4.258770961314439774e-03
5.367050413042306900e-03
6.462363526225090027e-03
7.529362104833126068e-03
8.550324477255344391e-03
9.514064528048038483e-03
1.041185203939676285e-02
1.124164462089538574e-02
1.199768204241991043e-02
1.267569698393344879e-02
1.326844654977321625e-02
1.377240847796201706e-02
1.418628636747598648e-02
1.450247410684823990e-02
1.472153700888156891e-02
1.484404690563678741e-02
1.486388500779867172e-02
1.477902382612228394e-02
1.459263917058706284e-02
1.429973449558019638e-02
1.390274614095687866e-02
1.343384012579917908e-02
1.286572776734828949e-02
1.222314871847629547e-02
1.151597592979669571e-02
1.073922682553529739e-02
9.917640127241611481e-03
9.046236053109169006e-03
8.142326027154922485e-03
7.200932130217552185e-03
6.231938488781452179e-03
5.252661649137735367e-03
4.265557508915662766e-03
3.228494198992848396e-03
2.262827474623918533e-03
1.363583025522530079e-03
5.034936475567519665e-04
-3.447071649134159088e-04
-1.133975456468760967e-03
-1.746625872328877449e-03
-2.525517949834465981e-03
-2.925449283793568611e-03
-3.367260564118623734e-03
-3.677306696772575378e-03
-3.979186527431011200e-03
-4.099255893379449844e-03
-4.086805041879415512e-03
-4.139747470617294312e-03
-4.233065526932477951e-03
-4.193119704723358154e-03
-4.217828623950481415e-03
-4.133556503802537918e-03
-3.915291279554367065e-03
-3.835266456007957458e-03
-3.645540215075016022e-03
-3.395417006686329842e-03
-3.208512440323829651e-03
-2.985512139275670052e-03
-2.775724278762936592e-03
-2.628459129482507706e-03
-2.295783720910549164e-03
-1.975632971152663231e-03
-1.717320992611348629e-03
-1.347229699604213238e-03
-9.889863431453704834e-04
-6.919079460203647614e-04
-4.310014774091541767e-04
4.165842256043106318e-05
3.051975218113511801e-04
6.818511756137013435e-04
9.736771462485194206e-04
1.354288309812545776e-03
1.700053224340081215e-03
1.961651258170604706e-03
2.312695141881704330e-03
2.555242739617824554e-03
2.565663307905197144e-03
2.814813982695341110e-03
3.104754257947206497e-03
3.237543627619743347e-03
3.312485758215188980e-03
3.577507799491286278e-03
3.611738560721278191e-03
3.588794264942407608e-03
3.459361381828784943e-03
3.248435677960515022e-03
2.981015015393495560e-03
2.756409114226698875e-03
2.228061668574810028e-03
1.796346623450517654e-03
1.133802346885204315e-03
4.369634261820465326e-04
-3.205674584023654461e-04
-1.090876408852636814e-03
-1.974670682102441788e-03
-2.849724143743515015e-03
-3.668121295049786568e-03
-4.753501154482364655e-03
-5.686392076313495636e-03
-6.493188440799713135e-03
-7.274595554918050766e-03
-8.131317794322967529e-03
-8.643883280456066132e-03
-9.210241027176380157e-03
-9.782472625374794006e-03
-9.941104799509048462e-03
-1.060426421463489532e-02
-1.150109991431236267e-02
-1.206351723521947861e-02
-1.231790892779827118e-02
-1.229066774249076843e-02
-1.200818642973899841e-02
-1.223996840417385101e-02
-1.226929482072591782e-02
-1.137944962829351425e-02
-1.108304224908351898e-02
-1.140646450221538544e-02
-1.088988594710826874e-02
-1.104591879993677139e-02
-1.041472889482975006e-02
-9.765814058482646942e-03
-9.125562384724617004e-03
-7.777248509228229523e-03
-7.233474869281053543e-03
-6.777513772249221802e-03
-5.692635197192430496e-03
-4.748327657580375671e-03
-3.970966208726167679e-03
-2.643814776092767715e-03
-2.279463922604918480e-03
-1.418062252923846245e-03
-8.290849509648978710e-04
2.042156265815719962e-04
9.123701020143926144e-04
2.012132434174418449e-03
1.990929711610078812e-03
2.308632712811231613e-03
2.938895719125866890e-03
3.112266305834054947e-03
2.808855148032307625e-03
2.034573117271065712e-03
2.288003452122211456e-03
2.095293952152132988e-03
1.468815025873482227e-03
1.164051122032105923e-03
-2.928400936070829630e-04
-6.601478089578449726e-04
-1.411707955412566662e-03
-1.792023424059152603e-03
-2.531814388930797577e-03
-3.618688788264989853e-03
-4.297141451388597488e-03
-4.554775543510913849e-03
-5.122302565723657608e-03
-5.987322889268398285e-03
-6.394323892891407013e-03
-7.817124016582965851e-03
-8.757099509239196777e-03
-9.201847948133945465e-03
-9.138965047895908356e-03
-9.299159049987792969e-03
-9.670027531683444977e-03
-1.023916807025671005e-02
-1.025107316672801971e-02
-1.117956358939409256e-02
-1.078291516751050949e-02
-1.053495332598686218e-02
-1.042328961193561554e-02
-1.043553650379180908e-02
-9.816198609769344330e-03
-1.003911811858415604e-02
-9.605697356164455414e-03
-9.246677160263061523e-03
-8.949686773121356964e-03
-8.702365681529045105e-03
-7.006135769188404083e-03
-6.821082439273595810e-03
-5.905529484152793884e-03
-3.504022723063826561e-03
-4.805994220077991486e-03
-3.854230977594852448e-03
-2.865736139938235283e-03
-1.828185981139540672e-03
-1.472373260185122490e-03
-1.042874646373093128e-03
2.157279668608680367e-04
8.640860323794186115e-05
8.107967441901564598e-04
9.149680263362824917e-04
1.900665112771093845e-03
3.053219988942146301e-03
2.918082522228360176e-03
3.013139823451638222e-03
2.626946428790688515e-03
3.277384443208575249e-03
3.509894944727420807e-03
2.613027580082416534e-03
2.847770461812615395e-03
2.759561641141772270e-03
2.380059100687503815e-03
2.484031254425644875e-03
2.360026584938168526e-03
2.039705868810415268e-03
1.554730581119656563e-03
1.679873908869922161e-03
1.703692250885069370e-03
1.657854067161679268e-03
8.309204713441431522e-04
-2.323277158211567439e-06
6.760209798812866211e-04
6.683056126348674297e-04
6.216922429302940145e-06
6.535315769724547863e-04
3.383038274478167295e-04
-5.362115916796028614e-04
-4.520901711657643318e-04
-7.895314483903348446e-04
-1.070955069735646248e-03
-1.487575005739927292e-03
-1.636111992411315441e-03
-1.930703059770166874e-03
-1.893748762086033821e-03
-2.087998436763882637e-03
-2.258776221424341202e-03
-2.374334726482629776e-03
-2.402922837063670158e-03
-2.461407333612442017e-03
-2.443718258291482925e-03
-2.541025867685675621e-03
-2.498632296919822693e-03
-2.507701981812715530e-03
-2.462153555825352669e-03
-2.330214716494083405e-03
-2.303043380379676819e-03
-2.125931205227971077e-03
-1.990034477785229683e-03
-1.789264730177819729e-03
-1.566155231557786465e-03
-1.214617979712784290e-03
-8.533886866644024849e-04
-4.601450054906308651e-04
5.985427924315445125e-05
5.041048862040042877e-04
9.673446184024214745e-04
1.469997921958565712e-03
2.032486954703927040e-03
2.600920153781771660e-03
3.047091420739889145e-03
3.614346729591488838e-03
4.025852307677268982e-03
4.599256440997123718e-03
4.983407910913228989e-03
5.421637091785669327e-03
5.785715766251087189e-03
6.096034310758113861e-03
6.521600764244794846e-03
6.711241323500871658e-03
6.908268202096223831e-03
7.058742921799421310e-03
7.183033972978591919e-03
7.301509380340576172e-03
7.285907398909330368e-03
7.305209059268236160e-03
7.231147028505802155e-03
7.084072101861238480e-03
6.958644837141036987e-03
6.726588588207960129e-03
6.408245302736759186e-03
6.098267622292041779e-03
5.742681678384542465e-03
5.361825227737426758e-03
4.901721607893705368e-03
4.457014612853527069e-03
3.973726648837327957e-03
3.472188953310251236e-03
2.898421371355652809e-03
2.421376761049032211e-03
1.838453346863389015e-03
1.318603637628257275e-03
7.335374248214066029e-04
1.778977311914786696e-04
-2.536712563596665859e-04
-6.894572870805859566e-04
-1.183435786515474319e-03
-1.492336974479258060e-03
-1.744443899951875210e-03
-2.068038797006011009e-03
-2.219845773652195930e-03
-2.179521135985851288e-03
-2.153889043256640434e-03
-1.995165832340717316e-03
-1.708425348624587059e-03
-1.373049570247530937e-03
-9.941083844751119614e-04
-5.023581907153129578e-04
-5.148610216565430164e-05
4.277553234715014696e-04
8.559935376979410648e-04
1.451101968996226788e-03
1.985089387744665146e-03
2.527210395783185959e-03
3.146720584481954575e-03
3.615633584558963776e-03
4.151829518377780914e-03
4.675945732742547989e-03
5.182931199669837952e-03
5.593424662947654724e-03
5.976687651127576828e-03
6.253358907997608185e-03
6.567011121660470963e-03
6.838284898549318314e-03
7.136440835893154144e-03
7.307806983590126038e-03
7.421643473207950592e-03
7.398588582873344421e-03
7.382212672382593155e-03
7.367462851107120514e-03
7.200661581009626389e-03
7.173999212682247162e-03
6.910864729434251785e-03
6.703442893922328949e-03
6.398053839802742004e-03
5.989635828882455826e-03
5.696060601621866226e-03
5.289330612868070602e-03
4.764381330460309982e-03
4.339078441262245178e-03
3.859732300043106079e-03
3.321271622553467751e-03
2.867247676476836205e-03
2.269654534757137299e-03
1.820661709643900394e-03
1.292259898036718369e-03
8.279943722300231457e-04
3.484757617115974426e-04
-7.706441101618111134e-05
-4.537066852208226919e-04
-8.608434582129120827e-04
-1.154935220256447792e-03
-1.343629905022680759e-03
-1.519147888757288456e-03
-1.553341746330261230e-03
-1.689620083197951317e-03
-1.651214086450636387e-03
-1.681532477959990501e-03
-1.578118186444044113e-03
-1.435758080333471298e-03
-1.423549721948802471e-03
-1.339035574346780777e-03
-9.797578677535057068e-04
-8.120571728795766830e-04
-6.334749632515013218e-04
-5.387959536164999008e-04
-3.255603369325399399e-04
-2.371736627537757158e-04
3.136221494060009718e-06
2.262762282043695450e-04
4.117760399822145700e-04
6.134771392680704594e-04
8.109107729978859425e-04
1.057920046150684357e-03
1.185415894724428654e-03
1.321553951129317284e-03
1.520179910585284233e-03
1.760829007253050804e-03
1.800104626454412937e-03
1.914787339046597481e-03
2.010103547945618629e-03
2.139902906492352486e-03
2.283724024891853333e-03
2.346795750781893730e-03
2.382968785241246223e-03
2.446094295009970665e-03
2.367091830819845200e-03
2.422746503725647926e-03
2.443978097289800644e-03
2.484639640897512436e-03
2.449962310492992401e-03
2.245177747681736946e-03
2.295694546774029732e-03
2.209500642493367195e-03
2.114760689437389374e-03
1.916706678457558155e-03
1.743503962643444538e-03
1.574695110321044922e-03
1.464134082198143005e-03
1.242741825990378857e-03
1.038683112710714340e-03
6.828787154518067837e-04
5.272506969049572945e-04
1.095981133403256536e-04
-2.140345168299973011e-04
-4.591578326653689146e-04
-7.899045594967901707e-04
-1.147474627941846848e-03
-1.473067910410463810e-03
-1.633573439903557301e-03
-1.867435639724135399e-03
-2.190165454521775246e-03
-2.542963251471519470e-03
-2.792718121781945229e-03
-3.029252868145704269e-03
-3.268078668043017387e-03
-3.524706931784749031e-03
-3.666026750579476357e-03
-3.856171621009707451e-03
-3.962031099945306778e-03
-4.147737286984920502e-03
-4.205869510769844055e-03
-4.300560336560010910e-03
-4.298698622733354568e-03
-4.215795081108808517e-03
-4.364604596048593521e-03
-4.389082081615924835e-03
-4.081805702298879623e-03
-3.978461492806673050e-03
-3.797317156568169594e-03
-3.628192469477653503e-03
-3.412286750972270966e-03
-3.090798156335949898e-03
-2.827858319506049156e-03
-2.564665628597140312e-03
-2.316729165613651276e-03
-1.950935809873044491e-03
-1.705727772787213326e-03
-1.299369381740689278e-03
-9.703022660687565804e-04
-6.597238825634121895e-04
-3.831423819065093994e-04
-8.175492985174059868e-05
2.289306430611759424e-04
6.077176076360046864e-04
8.161654113791882992e-04
1.061699585989117622e-03
1.254502334631979465e-03
1.379066263325512409e-03
1.568507170304656029e-03
1.658696332015097141e-03
1.634127809666097164e-03
1.630668994039297104e-03
1.423638197593390942e-03
1.236971002072095871e-03
9.973599808290600777e-04
7.058086921460926533e-04
4.376322031021118164e-04
4.521328446571715176e-05
-3.218208730686455965e-04
-7.367754587903618813e-04
-1.050022197887301445e-03
-1.483486732468008995e-03
-1.887539518065750599e-03
-2.186861122027039528e-03
-2.677686046808958054e-03
-2.987449523061513901e-03
-3.263762686401605606e-03
-3.579924814403057098e-03
-3.860611934214830399e-03
-4.104811232537031174e-03
-4.385819658637046814e-03
-4.628310445696115494e-03
-4.756955895572900772e-03
-4.919362254440784454e-03
-5.040199961513280869e-03
-5.044139921665191650e-03
-5.078783258795738220e-03
-5.143110640347003937e-03
-5.087478552013635635e-03
-4.985175561159849167e-03
-4.835180006921291351e-03
-4.710778128355741501e-03
-4.536636173725128174e-03
-4.237418062984943390e-03
-3.886409802362322807e-03
-3.705519484356045723e-03
-3.396476386114954948e-03
-3.032566746696829796e-03
-2.687074942514300346e-03
-2.358974656090140343e-03
-1.972928876057267189e-03
-1.676533604040741920e-03
-1.320141134783625603e-03
-9.027255582623183727e-04
-5.718838656321167946e-04
-2.522803843021392822e-04
5.710907134925946593e-05
3.573080175556242466e-04
6.493392284028232098e-04
7.856027223169803619e-04
9.900525910779833794e-04
1.117084408178925514e-03
1.252015354111790657e-03
1.184914843179285526e-03
1.226028427481651306e-03
1.165423309430480003e-03
1.164720742963254452e-03
1.088296412490308285e-03
8.748365798965096474e-04
8.345806272700428963e-04
6.832791259512305260e-04
5.082365241833031178e-04
3.967560187447816133e-04
2.132068912032991648e-04
4.489038474275730550e-05
-9.520420280750840902e-05
-3.427104675211012363e-04
-4.617077065631747246e-04
-6.621420616284012794e-04
-7.824050844646990299e-04
-9.581330814398825169e-04
-1.102029578760266304e-03
-1.275420421734452248e-03
-1.316698617301881313e-03
-1.510123256593942642e-03
-1.545465318486094475e-03
-1.706983661279082298e-03
-1.758759957738220692e-03
-1.762119005434215069e-03
-1.852696412242949009e-03
-1.943193958140909672e-03
-2.020623534917831421e-03
-1.997685525566339493e-03
-2.010012045502662659e-03
-2.044611843302845955e-03
-1.939871115610003471e-03
-1.980039989575743675e-03
-1.929191290400922298e-03
-1.848639221861958504e-03
-1.799697405658662319e-03
-1.769367139786481857e-03
-1.596025307662785053e-03
-1.489603193476796150e-03
-1.362785929813981056e-03
-1.202568644657731056e-03
-1.070255646482110023e-03
-9.528389782644808292e-04
-7.629983592778444290e-04
-6.363450083881616592e-04
-4.855560546275228262e-04
-2.976184478029608727e-04
-2.083395957015454769e-04
-5.707951277145184577e-05
1.679810666246339679e-04
3.300401149317622185e-04
5.895401700399816036e-04
6.610582349821925163e-04
9.279702790081501007e-04
1.104853698052465916e-03
1.203529653139412403e-03
1.458752085454761982e-03
1.585097517818212509e-03
1.743008033372461796e-03
1.869991770945489407e-03
1.977867446839809418e-03
2.004141220822930336e-03
2.109251683577895164e-03
2.230702433735132217e-03
2.231685211881995201e-03
2.272633835673332214e-03
2.365358872339129448e-03
2.373046940192580223e-03
2.307504415512084961e-03
2.254847669973969460e-03
2.301189815625548363e-03
2.235399093478918076e-03
2.143585123121738434e-03
2.037544501945376396e-03
1.929071615450084209e-03
1.829959219321608543e-03
1.677686697803437710e-03
1.558353309519588947e-03
1.335123437456786633e-03
1.168403774499893188e-03
9.956661378964781761e-04
7.543806568719446659e-04
6.049486109986901283e-04
3.362151328474283218e-04
1.828899548854678869e-04
-6.618449697270989418e-05
-1.763007167028263211e-04
-3.586181555874645710e-04
-6.013640086166560650e-04
-7.441439083777368069e-04
-8.494969806633889675e-04
-9.799625258892774582e-04
-1.123768975958228111e-03
-1.120522385463118553e-03
-1.181383733637630939e-03
-1.145958434790372849e-03
-1.076784450560808182e-03
-1.038116170093417168e-03
-9.524560300633311272e-04
-8.183338795788586140e-04
-5.599674186669290066e-04
-3.988168609794229269e-04
-1.847862004069611430e-04
9.289176887250505388e-06
3.335084475111216307e-04
5.664175259880721569e-04
7.838078890927135944e-04
1.135783852078020573e-03
1.326585537753999233e-03
1.654942636378109455e-03
1.899409922771155834e-03
2.061476698145270348e-03
2.291255863383412361e-03
2.515929052606225014e-03
2.662679413333535194e-03
2.881624968722462654e-03
2.877018414437770844e-03
2.947602421045303345e-03
3.020565025508403778e-03
3.246029373258352280e-03
3.253941657021641731e-03
3.417358966544270515e-03
3.366229124367237091e-03
3.250677371397614479e-03
3.220829414203763008e-03
3.203877713531255722e-03
3.127014962956309319e-03
2.991744549944996834e-03
2.873880323022603989e-03
2.700614277273416519e-03
2.473447937518358231e-03
2.297918079420924187e-03
2.123506739735603333e-03
1.892264001071453094e-03
1.672568381763994694e-03
1.384173403494060040e-03
1.140041276812553406e-03
8.896474610082805157e-04
6.344841676764190197e-04
3.834727976936846972e-04
1.529641740489751101e-04
-7.784803892718628049e-05
-2.777542977128177881e-04
-4.749955842271447182e-04
-6.383658037520945072e-04
-7.738161366432905197e-04
-8.650061208754777908e-04
-9.342504781670868397e-04
-9.652703301981091499e-04
-9.655795292928814888e-04
-9.278312791138887405e-04
-8.744046208448708057e-04
-7.979550864547491074e-04
-7.134329644031822681e-04
-5.986336618661880493e-04
-4.833715502172708511e-04
-3.454437537584453821e-04
-2.072347269859164953e-04
-6.883597234264016151e-05
6.966060755075886846e-05
2.081629791064187884e-04
3.614413144532591105e-04
4.996792413294315338e-04
6.450783112086355686e-04
7.826851215213537216e-04
9.049776708707213402e-04
1.034159096889197826e-03
1.162708853371441364e-03
1.260814024135470390e-03
1.365542411804199219e-03
1.447082962840795517e-03
1.520212274044752121e-03
1.584846177138388157e-03
1.633470295928418636e-03
1.666002557612955570e-03
1.689793658442795277e-03
1.697333063930273056e-03
1.695973798632621765e-03
1.685639261268079281e-03
1.688547083176672459e-03
1.630311948247253895e-03
1.510860980488359928e-03
1.471312949433922768e-03
1.429855125024914742e-03
1.378986402414739132e-03
1.311206957325339317e-03
1.219017314724624157e-03
1.094919280149042606e-03
9.314147755503654480e-04
8.696287986822426319e-04
7.534423493780195713e-04
6.496700807474553585e-04
4.765046178363263607e-04
3.750718897208571434e-04
2.635646669659763575e-04
6.017570922267623246e-05
5.465255162562243640e-05
-1.321976451436057687e-04
-2.113334048772230744e-04
-4.140318487770855427e-04
-4.513935709837824106e-04
-5.546969478018581867e-04
-6.579768378287553787e-04
-7.695800741203129292e-04
-8.235431159846484661e-04
-8.282143971882760525e-04
-8.662542095407843590e-04
-1.094634528271853924e-03
-1.075840322300791740e-03
-1.115467632189393044e-03
-1.147558214142918587e-03
-1.180465449579060078e-03
-1.222543884068727493e-03
-1.282148645259439945e-03
-1.219013589434325695e-03
-1.190117443911731243e-03
-1.278128009289503098e-03
-1.268470194190740585e-03
-1.243813079781830311e-03
-1.138203893788158894e-03
-1.182934851385653019e-03
-1.089120283722877502e-03
-1.088052638806402683e-03
-9.651576983742415905e-04
-8.774164016358554363e-04
-7.588766166009008884e-04
-6.922075990587472916e-04
-6.114565767347812653e-04
-5.249810637906193733e-04
-4.411382833495736122e-04
-2.939737169072031975e-04
-2.404651313554495573e-04
-1.403456844855099916e-04
-1.969695631487411447e-06
9.199836495099589229e-05
2.818278735503554344e-04
3.362341085448861122e-04
6.184212979860603809e-04
7.484845700673758984e-04
7.923859520815312862e-04
6.674664909951388836e-04
8.112450013868510723e-04
8.438203367404639721e-04
7.568471482954919338e-04
6.906028138473629951e-04
7.110545993782579899e-04
7.355483248829841614e-04
6.824207375757396221e-04
5.482811247929930687e-04
4.050403949804604053e-04
3.246097767259925604e-04
2.302790380781516433e-04
1.196490557049401104e-04
-8.399010403081774712e-05
-2.344152599107474089e-04
-3.340253024362027645e-04
-5.338411428965628147e-04
-6.133288843557238579e-04
-8.721319609321653843e-04
-1.015406101942062378e-03
-1.119862194173038006e-03
-1.336523098871111870e-03
-1.444856752641499043e-03
-1.521575846709311008e-03
-1.792015740647912025e-03
-1.812713453546166420e-03
-1.957627246156334877e-03
-2.006229013204574585e-03
-2.035234356299042702e-03
-2.121360506862401962e-03
-2.118391450494527817e-03
-2.103045582771301270e-03
-2.077730605378746986e-03
-2.044855151325464249e-03
-2.006828086450695992e-03
-1.966058975085616112e-03
-1.924958080053329468e-03
-1.811624271795153618e-03
-1.702779438346624374e-03
-1.749456627294421196e-03
-1.656822976656258106e-03
-1.501600258052349091e-03
-1.211888855323195457e-03
-1.161654712632298470e-03
-9.074425906874239445e-04
-6.745957070961594582e-04
-6.141462363302707672e-04
-4.312594828661531210e-04
-2.026554720941931009e-04
-7.936427573440596461e-05
8.482872362947091460e-05
2.132059889845550060e-04
3.776729281526058912e-04
4.272029909770935774e-04
5.823255633004009724e-04
6.920162122696638107e-04
6.795626250095665455e-04
6.922325701452791691e-04
6.585459341295063496e-04
7.310027140192687511e-04
6.162381032481789589e-04
6.153762806206941605e-04
5.836768541485071182e-04
4.507114645093679428e-04
3.689856093842536211e-04
1.937620108947157860e-04
1.518592034699395299e-04
2.423060323053505272e-05
-1.852365821832790971e-04
-2.497214882168918848e-04
-3.139577165711671114e-04
-4.483673255890607834e-04
-5.747501272708177567e-04
-6.892165401950478554e-04
-7.878771284595131874e-04
-7.925311801955103874e-04
-8.479114039801061153e-04
-1.024439465254545212e-03
-1.020982745103538036e-03
-1.130896736867725849e-03
-1.127361203543841839e-03
-1.229421934112906456e-03
-1.210259972140192986e-03
-1.288923318497836590e-03
-1.312905922532081604e-03
-1.352636027149856091e-03
-1.329920836724340916e-03
-1.315191038884222507e-03
-1.304567675106227398e-03
-1.294173183850944042e-03
-1.280131167732179165e-03
-1.184256048873066902e-03
-1.151296542957425117e-03
-1.177380676381289959e-03
-9.613942238502204418e-04
-8.710231049917638302e-04
-8.280886686407029629e-04
-7.544135442003607750e-04
-6.461326847784221172e-04
-5.736931343562901020e-04
-5.332320579327642918e-04
-2.979545970447361469e-04
-3.098657180089503527e-04
-1.192391355289146304e-04
-1.680812420090660453e-04
-6.666911303909728304e-06
7.161864778026938438e-05
1.452003634767606854e-04
2.192136307712644339e-04
2.247382799396291375e-04
3.157873870804905891e-04
4.234413208905607462e-04
4.787809157278388739e-04
4.871987912338227034e-04
5.283990176394581795e-04
5.334648885764181614e-04
5.821023951284587383e-04
6.053968099877238274e-04
6.087456713430583477e-04
6.718584918417036533e-04
6.515135173685848713e-04
7.017342722974717617e-04
6.049908115528523922e-04
6.639315979555249214e-04
5.867189029231667519e-04
6.016933475621044636e-04
5.656423745676875114e-04
4.839767061639577150e-04
4.364197957329452038e-04
4.283855669200420380e-04
4.652893403545022011e-04
4.039258346892893314e-04
3.983351052738726139e-04
3.796253586187958717e-04
3.532168630044907331e-04
2.502199786249548197e-04
2.246788353659212589e-04
1.333943509962409735e-04
5.610099833575077355e-05
-1.777273837433313020e-06
-3.481622843537479639e-05
-1.119024746003560722e-04
-7.898962212493643165e-05
-1.535864430479705334e-04
-1.816470175981521606e-04
-3.063698823098093271e-04
-3.737102088052779436e-04
-3.782458952628076077e-04
-4.631777701433748007e-04
-4.744636244140565395e-04
-4.809955134987831116e-04
-5.516665987670421600e-04
-5.324385128915309906e-04
-5.665182834491133690e-04
-4.998705699108541012e-04
-4.757055139634758234e-04
-4.886129754595458508e-04
-3.850982175208628178e-04
-3.110545512754470110e-04
-1.899798808153718710e-04
-1.683066948316991329e-04
-9.522524487692862749e-05
3.145050504826940596e-05
1.395939616486430168e-04
1.570769527461379766e-04
3.090137615799903870e-04
4.489622951950877905e-04
5.047899903729557991e-04
5.529852351173758507e-04
7.443461217917501926e-04
8.581148576922714710e-04
9.707766002975404263e-04
1.010194071568548679e-03
1.052850973792374134e-03
1.175230951048433781e-03
1.156573183834552765e-03
1.221982762217521667e-03
1.299320487305521965e-03
1.242136699147522449e-03
1.275536487810313702e-03
1.253071241080760956e-03
1.325535820797085762e-03
1.272171502932906151e-03
1.243775128386914730e-03
1.242522615939378738e-03
1.196279423311352730e-03
1.107223564758896828e-03
1.089000608772039413e-03
9.951688116416335106e-04
9.245140827260911465e-04
8.717881282791495323e-04
7.722955197095870972e-04
6.876706611365079880e-04
5.829451256431639194e-04
4.826005897484719753e-04
3.739646344911307096e-04
2.666595391929149628e-04
1.554465270601212978e-04
5.738132313126698136e-05
-4.763467222801409662e-05
-1.351124374195933342e-04
-2.251486002933233976e-04
-3.006834886036813259e-04
-3.669498837552964687e-04
-4.217489622533321381e-04
-4.628813476301729679e-04
-4.881473141722381115e-04
-4.960436490364372730e-04
-4.878543841186910868e-04
-4.655601514969021082e-04
-4.385730717331171036e-04
-3.940120222978293896e-04
-3.412897058296948671e-04
-2.749572158791124821e-04
-2.118594129569828510e-04
-1.316865091212093830e-04
-5.871616303920745850e-05
2.735966882028151304e-05
1.022613869281485677e-04
1.788638037396594882e-04
2.551783982198685408e-04
3.366465389262884855e-04
4.212772764731198549e-04
4.922161460854113102e-04
5.623318720608949661e-04
6.221986259333789349e-04
6.772514316253364086e-04
7.329242071136832237e-04
7.797873113304376602e-04
8.232723921537399292e-04
8.613786776550114155e-04
8.921046392060816288e-04
9.134475258179008961e-04
9.234040044248104095e-04
9.348320309072732925e-04
9.382957941852509975e-04
9.169277618639171124e-04
9.058776777237653732e-04
8.882773690856993198e-04
8.621207671239972115e-04
8.328325930051505566e-04
7.835447322577238083e-04
7.345445337705314159e-04
6.912575336173176765e-04
6.368164904415607452e-04
5.840790108777582645e-04
5.087479948997497559e-04
4.534069157671183348e-04
3.863291349261999130e-04
3.203756059519946575e-04
2.535460225772112608e-04
1.838411553762853146e-04
1.166940637631341815e-04
5.753888035542331636e-05
-3.051220801353338175e-06
-5.963967851130291820e-05
-1.067887424142099917e-04
-1.541752717457711697e-04
-1.976271159946918488e-04
-2.332246367586776614e-04
-2.570470969658344984e-04
-2.800349611788988113e-04
-3.056966816075146198e-04
-3.226776316296309233e-04
-3.270535962656140327e-04
-3.371929051354527473e-04
-3.417390689719468355e-04
-3.441973531153053045e-04
-3.406415635254234076e-04
-3.345764998812228441e-04
-3.295069618616253138e-04
-3.215066681150346994e-04
-3.140807675663381815e-04
-2.958725090138614178e-04
-2.778189664240926504e-04
-2.634267439134418964e-04
-2.562032314017415047e-04
-2.299322659382596612e-04
-2.178474533138796687e-04
-2.011658070841804147e-04
-1.685366150923073292e-04
-1.383348571835085750e-04
-1.066434779204428196e-04
-6.954686978133395314e-05
-3.799303522100672126e-05
-1.550033630337566137e-05
-3.531303082127124071e-05
3.082934426856809296e-06
5.900924952584318817e-05
5.463066918309777975e-05
6.073251279303804040e-05
1.480987702962011099e-04
1.645791780902072787e-04
1.809552049962803721e-04
1.936963235493749380e-04
1.992709439946338534e-04
2.684576320461928844e-04
2.491012855898588896e-04
2.862900728359818459e-04
3.021788725163787603e-04
2.932332281488925219e-04
2.559185086283832788e-04
2.610112424008548260e-04
3.792880452238023281e-04
3.099710738752037287e-04
2.724599326029419899e-04
3.375330416020005941e-04
2.046913723461329937e-04
1.690316130407154560e-04
1.543733960716053843e-04
1.022669312078505754e-05
-4.234198058838956058e-05
-5.197487553232349455e-06
-1.774469128577038646e-04
-1.893965090857818723e-04
-2.658385492395609617e-04
-3.343192511238157749e-04
-5.453157937154173851e-04
-4.548151337075978518e-04
-5.105342133902013302e-04
-5.656995926983654499e-04
-6.221578805707395077e-04
-6.074424018152058125e-04
-6.720173987559974194e-04
-6.691011949442327023e-04
-7.491538999602198601e-04
-7.653901702724397182e-04
-7.196444785222411156e-04
-7.623719284310936928e-04
-7.467820541933178902e-04
-7.490161806344985962e-04
-7.709033670835196972e-04
-7.399605237878859043e-04
-7.323261816054582596e-04
-7.498268387280404568e-04
-7.199779502116143703e-04
-6.446054321713745594e-04
-5.998465348966419697e-04
-5.875274655409157276e-04
-5.351640866138041019e-04
-5.188947543501853943e-04
-3.919257724191993475e-04
-3.790193877648562193e-04
-3.333841159474104643e-04
-2.568519557826220989e-04
-1.512564049335196614e-04
-1.843276550062000751e-05
-8.840209375193808228e-06
2.430406675557605922e-05
7.915872993180528283e-05
1.538802025606855750e-04
1.723116147331893444e-04
2.812267048284411430e-04
2.558417909312993288e-04
3.172367869410663843e-04
3.149341500829905272e-04
3.213868767488747835e-04
3.351941704750061035e-04
3.567910753190517426e-04
3.127589006908237934e-04
2.782988594844937325e-04
1.799880701582878828e-04
1.673348160693421960e-04
1.669126504566520452e-04
1.052935622283257544e-04
5.767014590674079955e-05
-4.938820711686275899e-05
-6.638006016146391630e-05
-1.410487457178533077e-04
-1.982051617233082652e-04
-2.369714929955080152e-04
-2.564700553193688393e-04
-3.301339165773242712e-04
-3.827738692052662373e-04
-4.135109775234013796e-04
-4.957765340805053711e-04
-5.543787265196442604e-04
-5.884353886358439922e-04
-5.227519432082772255e-04
-5.793760064989328384e-04
-5.344873643480241299e-04
-5.358188063837587833e-04
-5.824787658639252186e-04
-5.992625374346971512e-04
-5.852736067026853561e-04
-5.396134220063686371e-04
-5.356912733986973763e-04
-5.726030212827026844e-04
-5.008197622373700142e-04
-5.423649563454091549e-04
-5.477041122503578663e-04
-5.159222055226564407e-04
-3.717906074598431587e-04
-4.116330237593501806e-04
-3.372828359715640545e-04
-2.964369778055697680e-04
-2.138573327101767063e-04
-2.372367016505450010e-04
-1.427110983058810234e-04
-7.796988211339339614e-05
-4.207900565234012902e-05
4.020774576929397881e-05
9.551552648190408945e-05
5.047017111792229116e-05
1.289419451495632529e-04
1.089352736016735435e-04
1.400094333803281188e-04
1.490180438850075006e-04
1.380358880851417780e-04
1.836754818214103580e-04
1.396151637891307473e-04
1.567758154124021530e-04
1.631435443414375186e-04
2.353245654376223683e-04
1.526788400951772928e-04
1.404299691785126925e-04
1.265549362869933248e-04
1.876499300124123693e-04
1.030642379191704094e-04
9.801005217013880610e-05
1.004523801384493709e-04
3.835295865428633988e-05
6.260317604755982757e-05
2.684704304556362331e-05
8.196918497560545802e-05
8.160686411429196596e-05
2.801599657686892897e-05
-2.239766672573750839e-06
-6.910926458658650517e-06
1.624897049623541534e-05
-7.913851004559546709e-05
-6.789951294194906950e-05
-9.641771612223237753e-05
-8.814607281237840652e-05
-1.151615870185196400e-04
-1.752320531522855163e-04
-1.175047582364641130e-04
-9.580330515746027231e-05
-7.074356108205392957e-05
-7.725296018179506063e-05
-1.279658608837053180e-04
-1.537743955850601196e-04
-1.227257162099704146e-04
-1.291948719881474972e-04
-1.486580877099186182e-04
-1.565900893183425069e-04
-1.507569977547973394e-04
-1.586471043992787600e-04
-1.557284849695861340e-04
-1.471907016821205616e-04
-1.456512691220268607e-04
-1.339998561888933182e-04
-1.248467160621657968e-04
-1.010738633340224624e-04
-8.271452679764479399e-05
-6.750426109647378325e-05
-4.574300692183896899e-05
-1.528756001789588481e-05
1.062586034095147625e-05
3.349762846482917666e-05
6.226413097465410829e-05
9.843559382716193795e-05
1.286649348912760615e-04
1.693343656370416284e-04
1.996752544073387980e-04
2.286481030751019716e-04
2.652177936397492886e-04
2.811980375554412603e-04
3.152864228468388319e-04
3.393044171389192343e-04
3.622325311880558729e-04
3.781921695917844772e-04
3.961696929764002562e-04
4.177229129709303379e-04
4.295494291000068188e-04
4.332105454523116350e-04
4.377000150270760059e-04
4.445810045581310987e-04
4.479859198909252882e-04
4.420468758326023817e-04
4.283263988327234983e-04
4.232478677295148373e-04
4.135086201131343842e-04
3.932347171939909458e-04
3.788429021369665861e-04
3.570222179405391216e-04
3.293201734777539968e-04
2.972801157739013433e-04
2.698718744795769453e-04
2.411979367025196552e-04
2.127864718204364181e-04
1.787286892067641020e-04
1.479717611800879240e-04
1.220251724589616060e-04
8.009833254618570209e-05
5.341118594515137374e-05
1.372760470985667780e-05
-2.260948167531751096e-05
-4.669586996897123754e-05
-7.935950998216867447e-05
-1.042806616169400513e-04
-1.200095794047228992e-04
-1.399665197823196650e-04
-1.552861212985590100e-04
-1.645417214604094625e-04
-1.663140428718179464e-04
-1.666220632614567876e-04
0.000000000000000000e+00
0.000000000000000000e+00
0.000000000000000000e+00
0.000000000000000000e+00
0.000000000000000000e+00
0.000000000000000000e+00
0.000000000000000000e+00
0.000000000000000000e+00
0.000000000000000000e+00
0.000000000000000000e+00
0.000000000000000000e+00
0.000000000000000000e+00
0.000000000000000000e+00
0.000000000000000000e+00
0.000000000000000000e+00
0.000000000000000000e+00
0.000000000000000000e+00
0.000000000000000000e+00
0.000000000000000000e+00
0.000000000000000000e+00
0.000000000000000000e+00
0.000000000000000000e+00
0.000000000000000000e+00
0.000000000000000000e+00
0.000000000000000000e+00
0.000000000000000000e+00
0.000000000000000000e+00
0.000000000000000000e+00
0.000000000000000000e+00
0.000000000000000000e+00
0.000000000000000000e+00
0.000000000000000000e+00
0.000000000000000000e+00
0.000000000000000000e+00
0.000000000000000000e+00
0.000000000000000000e+00
0.000000000000000000e+00
0.000000000000000000e+00
0.000000000000000000e+00
0.000000000000000000e+00
0.000000000000000000e+00
0.000000000000000000e+00
0.000000000000000000e+00
0.000000000000000000e+00
0.000000000000000000e+00
0.000000000000000000e+00
0.000000000000000000e+00
0.000000000000000000e+00
0.000000000000000000e+00
0.000000000000000000e+00
0.000000000000000000e+00
0.000000000000000000e+00
0.000000000000000000e+00
0.000000000000000000e+00
0.000000000000000000e+00
0.000000000000000000e+00
0.000000000000000000e+00
0.000000000000000000e+00
0.000000000000000000e+00
0.000000000000000000e+00
0.000000000000000000e+00
0.000000000000000000e+00
0.000000000000000000e+00
0.000000000000000000e+00
0.000000000000000000e+00
0.000000000000000000e+00
0.000000000000000000e+00
0.000000000000000000e+00
0.000000000000000000e+00
0.000000000000000000e+00
0.000000000000000000e+00
0.000000000000000000e+00
0.000000000000000000e+00
0.000000000000000000e+00
0.000000000000000000e+00
0.000000000000000000e+00
0.000000000000000000e+00
0.000000000000000000e+00
0.000000000000000000e+00
0.000000000000000000e+00
0.000000000000000000e+00
0.000000000000000000e+00
0.000000000000000000e+00
0.000000000000000000e+00
0.000000000000000000e+00
0.000000000000000000e+00
0.000000000000000000e+00
0.000000000000000000e+00
0.000000000000000000e+00
0.000000000000000000e+00
0.000000000000000000e+00
0.000000000000000000e+00
0.000000000000000000e+00
0.000000000000000000e+00
0.000000000000000000e+00
0.000000000000000000e+00
0.000000000000000000e+00
0.000000000000000000e+00
0.000000000000000000e+00
0.000000000000000000e+00
