# tt
4.140725097656250000e+02
2.863739013671875000e+02
2.131326751708984375e+02
1.662070312500000000e+02
1.338531646728515625e+02
1.103742065429687500e+02
9.268169403076171875e+01
7.896100616455078125e+01
6.806021881103515625e+01
5.925042724609375000e+01
5.215112686157226562e+01
4.596327209472656250e+01
4.083652877807617188e+01
3.655401992797851562e+01
3.281415939331054688e+01
2.964032173156738281e+01
2.641799926757812500e+01
2.441216468811035156e+01
2.230123329162597656e+01
2.035982894897460938e+01
1.871476173400878906e+01
1.716316795349121094e+01
1.578984355926513672e+01
1.459936523437500000e+01
1.345051479339599609e+01
1.251656723022460938e+01
1.159309768676757812e+01
1.080540657043457031e+01
1.013274288177490234e+01
9.383541107177734375e+00
8.730882644653320312e+00
8.193809509277343750e+00
7.653822898864746094e+00
7.190804481506347656e+00
6.803516387939453125e+00
6.339440345764160156e+00
5.936857223510742188e+00
5.636623382568359375e+00
5.288039684295654297e+00
5.094471454620361328e+00
4.817762851715087891e+00
4.573820114135742188e+00
4.181306838989257812e+00
3.979063749313354492e+00
3.867876529693603516e+00
3.705471515655517578e+00
3.431698560714721680e+00
3.135028839111328125e+00
3.052556037902832031e+00
2.970518827438354492e+00
3.101062774658203125e+00
3.056856870651245117e+00
2.747813940048217773e+00
2.381090164184570312e+00
2.168637275695800781e+00
2.044337034225463867e+00
2.021176099777221680e+00
1.963520646095275879e+00
1.884357333183288574e+00
2.090061187744140625e+00
1.979846596717834473e+00
1.766492247581481934e+00
1.737088084220886230e+00
1.509924888610839844e+00
1.371577739715576172e+00
1.160692691802978516e+00
1.161267042160034180e+00
1.137120842933654785e+00
1.223629593849182129e+00
1.264927148818969727e+00
1.277778625488281250e+00
1.210641026496887207e+00
1.086282014846801758e+00
1.001780271530151367e+00
8.982061147689819336e-01
8.357031941413879395e-01
8.670286536216735840e-01
8.220061659812927246e-01
8.277037739753723145e-01
7.928197979927062988e-01
7.929297089576721191e-01
7.595500946044921875e-01
7.728198766708374023e-01
6.899444460868835449e-01
5.903266668319702148e-01
6.990488171577453613e-01
5.716583728790283203e-01
5.811235904693603516e-01
5.802355408668518066e-01
4.964645802974700928e-01
4.816891551017761230e-01
5.395338535308837891e-01
4.506902098655700684e-01
4.417153000831604004e-01
2.189891487360000610e-01
2.320013344287872314e-01
2.614422142505645752e-01
1.623129546642303467e-01
1.611694097518920898e-01
1.130122691392898560e-01
3.930190205574035645e-01
4.103239476680755615e-01
4.657931923866271973e-01
4.887378513813018799e-01
5.570907592773437500e-01
3.772298097610473633e-01
3.986428081989288330e-01
4.020185172557830811e-01
3.166678249835968018e-01
2.212195545434951782e-01
1.227755174040794373e-01
1.034446358680725098e-01
2.240296639502048492e-02
3.607073798775672913e-02
-7.068660110235214233e-02
7.173602934926748276e-03
1.288282573223114014e-01
1.534545868635177612e-01
2.374740242958068848e-01
2.400644272565841675e-01
2.433369010686874390e-01
2.550918757915496826e-01
2.831302583217620850e-01
2.609421312808990479e-01
2.706400454044342041e-01
2.457149177789688110e-01
1.939689517021179199e-01
1.975157260894775391e-01
1.898471415042877197e-01
1.791014075279235840e-01
2.490681111812591553e-01
2.609391212463378906e-01
2.988395690917968750e-01
3.725837171077728271e-01
3.433641493320465088e-01
3.696174323558807373e-01
3.868474662303924561e-01
2.562470436096191406e-01
2.848750650882720947e-01
1.853024512529373169e-01
1.902770400047302246e-01
2.353025972843170166e-01
1.815717965364456177e-01
1.132100895047187805e-01
2.629647254943847656e-01
1.947837471961975098e-01
1.414138525724411011e-01
1.869794428348541260e-01
1.183605492115020752e-01
9.367274492979049683e-02
-2.748895809054374695e-02
-8.860504627227783203e-02
-1.560894995927810669e-01
-2.220457792282104492e-01
-4.271998405456542969e-01
-4.664122760295867920e-01
-5.547209978103637695e-01
-6.842316985130310059e-01
-7.727393507957458496e-01
-8.123506903648376465e-01
-8.694838881492614746e-01
-7.876244187355041504e-01
-8.561245799064636230e-01
-7.698488831520080566e-01
-6.695283055305480957e-01
-4.729612469673156738e-01
-3.951905071735382080e-01
-2.797040343284606934e-01
-1.186122223734855652e-01
-5.264754220843315125e-02
3.902995085809379816e-04
-2.592049539089202881e-02
2.493122033774852753e-02
8.652360737323760986e-02
1.824830844998359680e-02
-2.276112884283065796e-02
-1.021795496344566345e-01
-2.113705575466156006e-01
-1.930754482746124268e-01
-2.615901529788970947e-01
-3.339661955833435059e-01
-4.758765995502471924e-01
-5.300609469413757324e-01
-5.621911883354187012e-01
-9.351825714111328125e-01
-9.715958237648010254e-01
-1.034345030784606934e+00
-1.189099431037902832e+00
-9.813503026962280273e-01
-1.145564675331115723e+00
-1.152921438217163086e+00
-1.217708826065063477e+00
-1.108348131179809570e+00
-1.039125680923461914e+00
-1.001394510269165039e+00
-8.378845453262329102e-01
-6.142579913139343262e-01
-3.218653798103332520e-01
4.794350638985633850e-02
4.279246032238006592e-01
8.931207656860351562e-01
1.368369221687316895e+00
1.778508424758911133e+00
2.271309375762939453e+00
2.697299957275390625e+00
3.204252481460571289e+00
3.568384170532226562e+00
3.937468051910400391e+00
4.310654163360595703e+00
4.687094211578369141e+00
4.917315483093261719e+00
5.223403453826904297e+00
5.455884933471679688e+00
5.688221931457519531e+00
5.845252990722656250e+00
6.074749469757080078e+00
6.227238655090332031e+00
6.376179695129394531e+00
6.520719528198242188e+00
6.660006046295166016e+00
6.793186187744140625e+00
6.770781993865966797e+00
6.889182090759277344e+00
6.924599170684814453e+00
6.950484752655029297e+00
6.891671657562255859e+00
6.895921707153320312e+00
6.888064861297607422e+00
6.792928218841552734e+00
6.609650135040283203e+00
6.485989570617675781e+00
6.346771717071533203e+00
6.042509555816650391e+00
5.795270442962646484e+00
5.455564975738525391e+00
5.096837520599365234e+00
4.718219757080078125e+00
4.393152713775634766e+00
3.897834539413452148e+00
3.528638601303100586e+00
3.136071443557739258e+00
2.719261884689331055e+00
2.277338266372680664e+00
1.809427857398986816e+00
1.388969779014587402e+00
1.015091061592102051e+00
6.126081347465515137e-01
3.292701542377471924e-01
1.558249816298484802e-02
-1.822083145380020142e-01
-4.954224526882171631e-01
-5.623948574066162109e-01
-6.902589797973632812e-01
-8.145927190780639648e-01
-8.709736466407775879e-01
-8.692895770072937012e-01
-8.937386274337768555e-01
-8.798962235450744629e-01
-7.633368968963623047e-01
-7.025675177574157715e-01
-7.074719667434692383e-01
-4.163782596588134766e-01
-2.850345075130462646e-01
-2.490107566118240356e-01
-9.525422751903533936e-02
-5.657706782221794128e-02
5.764487665146589279e-03
-6.672882288694381714e-02
1.331066992133855820e-02
1.307456754148006439e-02
1.456213444471359253e-01
1.781443357467651367e-01
2.493926733732223511e-01
2.751832604408264160e-01
3.942667543888092041e-01
3.738392889499664307e-01
4.269637763500213623e-01
4.694595932960510254e-01
4.914574921131134033e-01
6.317106485366821289e-01
5.831065773963928223e-01
6.330208778381347656e-01
6.972744464874267578e-01
7.659991979598999023e-01
7.550159096717834473e-01
7.287674546241760254e-01
7.516964673995971680e-01
7.396232485771179199e-01
7.569898366928100586e-01
7.939268946647644043e-01
5.433207750320434570e-01
5.897890925407409668e-01
4.775949120521545410e-01
5.684218406677246094e-01
4.808427393436431885e-01
4.279177188873291016e-01
2.511512041091918945e-01
1.636018455028533936e-01
6.772456225007772446e-03
-1.547863334417343140e-01
-2.560625374317169189e-01
-3.805513679981231689e-01
-5.374379754066467285e-01
-6.615971326828002930e-01
-8.365265130996704102e-01
-9.971026182174682617e-01
-1.152513504028320312e+00
-1.237637042999267578e+00
-1.410284757614135742e+00
-1.531024694442749023e+00
-1.609047532081604004e+00
-1.727855563163757324e+00
-1.822329401969909668e+00
-1.901661038398742676e+00
-1.975042700767517090e+00
-2.051667213439941406e+00
-2.140727281570434570e+00
-2.177104949951171875e+00
-2.169993162155151367e+00
-2.202896118164062500e+00
-2.210695266723632812e+00
-2.202583789825439453e+00
-2.187754392623901367e+00
-2.101088285446166992e+00
-2.100399494171142578e+00
-2.046257495880126953e+00
-1.947853803634643555e+00
-1.888689994812011719e+00
-1.803645372390747070e+00
-1.627598643302917480e+00
-1.518360853195190430e+00
-1.410809516906738281e+00
-1.239821672439575195e+00
-1.163206458091735840e+00
-1.041528344154357910e+00
-8.839733600616455078e-01
-7.740375995635986328e-01
-5.722838640213012695e-01
-4.365179538726806641e-01
-3.759233355522155762e-01
-2.510606646537780762e-01
-1.454231739044189453e-01
6.118507124483585358e-03
4.576122388243675232e-02
1.129462644457817078e-01
1.241823658347129822e-01
1.446005403995513916e-01
9.071020036935806274e-02
2.764294669032096863e-02
9.620937705039978027e-02
-7.748561352491378784e-02
-1.971703022718429565e-01
-4.124388992786407471e-01
-5.756417512893676758e-01
-7.620621323585510254e-01
-9.726725220680236816e-01
-1.134134769439697266e+00
-1.396043896675109863e+00
-1.610751032829284668e+00
-1.853540897369384766e+00
-2.051076412200927734e+00
-2.278643369674682617e+00
-2.462905406951904297e+00
-2.679149150848388672e+00
-2.854039430618286133e+00
-2.988552808761596680e+00
-3.232288599014282227e+00
-3.288980484008789062e+00
-3.382539272308349609e+00
-3.513944149017333984e+00
-3.609863758087158203e+00
-3.671277761459350586e+00
-3.699166774749755859e+00
-3.768823146820068359e+00
-3.732606172561645508e+00
-3.665809154510498047e+00
-3.643725395202636719e+00
-3.593027114868164062e+00
-3.440386295318603516e+00
-3.335409164428710938e+00
-3.279079437255859375e+00
-3.123759031295776367e+00
-2.870432376861572266e+00
-2.743017196655273438e+00
-2.519564867019653320e+00
-2.349682092666625977e+00
-2.160042285919189453e+00
-1.951629996299743652e+00
-1.725429415702819824e+00
-1.482424855232238770e+00
-1.297911167144775391e+00
-1.024249792098999023e+00
-8.110461831092834473e-01
-6.592831611633300781e-01
-4.213211238384246826e-01
-3.210751712322235107e-01
-1.365938037633895874e-01
-1.748007349669933319e-02
3.528553247451782227e-02
9.625664353370666504e-02
1.705667972564697266e-01
1.902617067098617554e-01
1.616986393928527832e-01
1.655464172363281250e-01
5.954143777489662170e-02
-1.335323788225650787e-03
-8.503538370132446289e-02
-1.108877360820770264e-01
-2.211539000272750854e-01
-2.608508765697479248e-01
-3.722393214702606201e-01
-4.746464788913726807e-01
-6.360211372375488281e-01
-7.013790011405944824e-01
-8.129792809486389160e-01
-9.644590020179748535e-01
-1.075144290924072266e+00
-1.138671875000000000e+00
-1.222989559173583984e+00
-1.247423052787780762e+00
-1.279920101165771484e+00
-1.388428688049316406e+00
-1.492274761199951172e+00
-1.510784506797790527e+00
-1.511906623840332031e+00
-1.563589572906494141e+00
-1.585160613059997559e+00
-1.644569039344787598e+00
-1.586831808090209961e+00
-1.554210186004638672e+00
-1.614654898643493652e+00
-1.538873076438903809e+00
-1.543438673019409180e+00
-1.547681570053100586e+00
-1.470932841300964355e+00
-1.381145715713500977e+00
-1.346274018287658691e+00
-1.211339116096496582e+00
-1.118607044219970703e+00
-9.874110817909240723e-01
-9.600182175636291504e-01
-8.071408867835998535e-01
-6.710469126701354980e-01
-5.453825592994689941e-01
-4.981054067611694336e-01
-3.742405772209167480e-01
-3.160573244094848633e-01
-1.685812622308731079e-01
2.288290415890514851e-04
1.224247217178344727e-01
2.044120579957962036e-01
4.012291729450225830e-01
4.963593482971191406e-01
5.705299973487854004e-01
7.787793278694152832e-01
8.302799463272094727e-01
9.543815255165100098e-01
1.083189964294433594e+00
1.223122477531433105e+00
1.306285142898559570e+00
1.413406968116760254e+00
1.476595163345336914e+00
1.502268075942993164e+00
1.496844887733459473e+00
1.541055679321289062e+00
1.641320705413818359e+00
1.655438184738159180e+00
1.664140224456787109e+00
1.748158931732177734e+00
1.616672396659851074e+00
1.647658228874206543e+00
1.624606370925903320e+00
1.628251194953918457e+00
1.665016770362854004e+00
1.592705488204956055e+00
1.492053389549255371e+00
1.443796634674072266e+00
1.380050063133239746e+00
1.307239651679992676e+00
1.231791973114013672e+00
1.234444618225097656e+00
1.098691344261169434e+00
9.052705168724060059e-01
8.835421800613403320e-01
8.170009255409240723e-01
7.120739817619323730e-01
5.751888751983642578e-01
4.870839416980743408e-01
4.541864395141601562e-01
2.599905729293823242e-01
2.081672698259353638e-01
1.565212458372116089e-01
1.114789545536041260e-01
5.155546590685844421e-03
-8.171220868825912476e-02
-1.426989138126373291e-01
-1.713795959949493408e-01
-8.701872080564498901e-02
-3.181423991918563843e-02
-7.461599260568618774e-02
8.343102782964706421e-02
1.457308977842330933e-01
1.872421503067016602e-01
4.315447807312011719e-01
5.077303647994995117e-01
7.136888504028320312e-01
8.271326422691345215e-01
9.973288178443908691e-01
1.076299667358398438e+00
1.287622451782226562e+00
1.409007787704467773e+00
1.589720726013183594e+00
1.756093263626098633e+00
1.908767938613891602e+00
2.048387050628662109e+00
2.101281404495239258e+00
2.216715335845947266e+00
2.395329713821411133e+00
2.489145040512084961e+00
2.498802185058593750e+00
2.499253988265991211e+00
2.565452814102172852e+00
2.623729705810546875e+00
2.526103734970092773e+00
2.496150493621826172e+00
2.608823299407958984e+00
2.567520380020141602e+00
2.521506309509277344e+00
2.397113323211669922e+00
2.492229223251342773e+00
2.361632108688354492e+00
2.228898763656616211e+00
2.094674587249755859e+00
1.959604859352111816e+00
1.824335098266601562e+00
1.763823270797729492e+00
1.555782914161682129e+00
1.423794627189636230e+00
1.294195175170898438e+00
1.093322396278381348e+00
9.704470634460449219e-01
7.775967121124267578e-01
6.640434265136718750e-01
4.818155765533447266e-01
3.801861405372619629e-01
2.111843228340148926e-01
1.240838170051574707e-01
4.522560164332389832e-02
-2.473804540932178497e-02
-1.168926525861024857e-02
-6.782568991184234619e-02
-4.894646257162094116e-02
-3.378362208604812622e-02
-2.675812505185604095e-02
-3.229091688990592957e-02
1.950802840292453766e-02
4.990666359663009644e-02
5.448381230235099792e-02
1.774401217699050903e-01
1.171100437641143799e-01
2.406267374753952026e-01
3.206351101398468018e-01
4.270236492156982422e-01
4.810585379600524902e-01
5.526275634765625000e-01
6.373069882392883301e-01
7.306726574897766113e-01
7.539889216423034668e-01
8.514527082443237305e-01
8.700162172317504883e-01
8.795643448829650879e-01
9.499813318252563477e-01
1.002528905868530273e+00
1.032779216766357422e+00
1.110614895820617676e+00
1.082985043525695801e+00
1.094082474708557129e+00
1.139477133750915527e+00
1.214738845825195312e+00
1.092503786087036133e+00
1.065584778785705566e+00
1.055239319801330566e+00
1.057035565376281738e+00
1.066541314125061035e+00
1.005012989044189453e+00
1.016640186309814453e+00
9.483679533004760742e-01
8.700743317604064941e-01
7.773262262344360352e-01
7.400016784667968750e-01
6.793565750122070312e-01
5.909579396247863770e-01
3.960617482662200928e-01
2.388572841882705688e-01
1.892229318618774414e-01
9.410432726144790649e-02
1.720023900270462036e-01
1.212412863969802856e-01
1.170055940747261047e-02
-8.668938279151916504e-02
-1.781065911054611206e-01
-3.409892320632934570e-01
-3.565309941768646240e-01
-4.517910480499267578e-01
-4.822733104228973389e-01
-7.493469715118408203e-01
-8.112708926200866699e-01
-8.207914233207702637e-01
-9.306543469429016113e-01
-9.963611960411071777e-01
-1.022034764289855957e+00
-1.160419702529907227e+00
-1.192704796791076660e+00
-1.271633982658386230e+00
-1.327017307281494141e+00
-1.288664698600769043e+00
-1.309318900108337402e+00
-1.393099904060363770e+00
-1.321194887161254883e+00
-1.394967555999755859e+00
-1.395604491233825684e+00
-1.327225208282470703e+00
-1.342571020126342773e+00
-1.371450066566467285e+00
-1.343670725822448730e+00
-1.263352036476135254e+00
-1.208924293518066406e+00
-1.110195994377136230e+00
-1.119908571243286133e+00
-1.093559622764587402e+00
-9.609580039978027344e-01
-9.491567015647888184e-01
-8.393430709838867188e-01
-7.099487781524658203e-01
-7.137166261672973633e-01
-6.318348646163940430e-01
-5.427361130714416504e-01
-4.505423009395599365e-01
-3.593757450580596924e-01
-2.733591198921203613e-01
-2.709264755249023438e-01
-2.075793743133544922e-01
-8.744163066148757935e-02
-6.325950473546981812e-02
-6.484662741422653198e-02
5.229403078556060791e-02
-1.320687495172023773e-02
3.176899626851081848e-02
3.447366878390312195e-02
-8.467359468340873718e-03
-9.742181748151779175e-02
-8.338393270969390869e-02
-1.889031082391738892e-01
-3.392849266529083252e-01
-3.855241239070892334e-01
-4.758595228195190430e-01
-6.842190027236938477e-01
-7.129756212234497070e-01
-7.846791744232177734e-01
-8.989466428756713867e-01
-9.810838699340820312e-01
-1.105018496513366699e+00
-1.196056365966796875e+00
-1.328124642372131348e+00
-1.426528930664062500e+00
-1.490884900093078613e+00
-1.669430732727050781e+00
-1.664537549018859863e+00
-1.773064970970153809e+00
-1.771694779396057129e+00
-1.882974386215209961e+00
-1.883585572242736816e+00
-1.921763777732849121e+00
-1.922812104225158691e+00
-1.960654616355895996e+00
-1.960593223571777344e+00
-1.922240376472473145e+00
-1.919519543647766113e+00
-1.803420662879943848e+00
-1.722177386283874512e+00
-1.675400853157043457e+00
-1.514080405235290527e+00
-1.460759520530700684e+00
-1.440737962722778320e+00
-1.379315137863159180e+00
-1.201790094375610352e+00
-1.130706071853637695e+00
-1.017050743103027344e+00
-9.347451925277709961e-01
-8.090879917144775391e-01
-7.140000462532043457e-01
-5.747799873352050781e-01
-5.396597385406494141e-01
-3.853161334991455078e-01
-2.599811255931854248e-01
-1.632648110389709473e-01
-9.477751702070236206e-02
-5.412968248128890991e-02
3.337900340557098389e-02
9.443705528974533081e-02
1.324854642152786255e-01
1.515753865242004395e-01
1.557576507329940796e-01
7.477179914712905884e-02
6.129005923867225647e-02
-2.925969660282135010e-02
3.010506741702556610e-02
-5.381043255329132080e-02
-5.402433872222900391e-02
-1.151101142168045044e-01
-1.587085574865341187e-01
-1.064607799053192139e-01
-2.515631914138793945e-01
-2.927245199680328369e-01
-3.002087175846099854e-01
-3.442800343036651611e-01
-4.208918809890747070e-01
-4.516869187355041504e-01
-5.812410116195678711e-01
-5.082640647888183594e-01
-6.002652049064636230e-01
-6.302655935287475586e-01
-6.685302853584289551e-01
-7.110137343406677246e-01
-6.793590188026428223e-01
-7.181422710418701172e-01
-7.490065693855285645e-01
-7.679057717323303223e-01
-8.451047539710998535e-01
-7.536241412162780762e-01
-7.866612076759338379e-01
-7.172361612319946289e-01
-6.899237632751464844e-01
-6.263657212257385254e-01
-6.711361408233642578e-01
-5.972540378570556641e-01
-6.236038208007812500e-01
-5.975148677825927734e-01
-5.892488360404968262e-01
-5.204451680183410645e-01
-4.613647758960723877e-01
-4.079574048519134521e-01
-2.818612158298492432e-01
-2.276469767093658447e-01
-2.412631511688232422e-01
-2.443467676639556885e-01
-1.585345268249511719e-01
-5.408475548028945923e-02
-1.255442854017019272e-03
7.822861522436141968e-02
1.879755854606628418e-01
2.571938037872314453e-01
2.894028723239898682e-01
4.367445111274719238e-01
4.054946601390838623e-01
5.707283616065979004e-01
5.644108057022094727e-01
6.873062252998352051e-01
7.200017571449279785e-01
7.403287291526794434e-01
9.004291892051696777e-01
9.065793752670288086e-01
9.852321147918701172e-01
9.912852048873901367e-01
1.076880335807800293e+00
1.096915006637573242e+00
1.129219055175781250e+00
1.177311539649963379e+00
1.170399904251098633e+00
1.186313509941101074e+00
1.154259085655212402e+00
1.152065157890319824e+00
1.108937740325927734e+00
1.177015662193298340e+00
1.062571048736572266e+00
9.920529723167419434e-01
1.117598652839660645e+00
9.968570470809936523e-01
9.305869340896606445e-01
9.223024249076843262e-01
8.268952965736389160e-01
7.965008616447448730e-01
7.603211998939514160e-01
6.475577950477600098e-01
6.103451251983642578e-01
5.035730600357055664e-01
4.050643146038055420e-01
3.183303177356719971e-01
3.211932778358459473e-01
2.685421705245971680e-01
2.381988167762756348e-01
1.593629270792007446e-01
3.554510697722434998e-02
-5.543311685323715210e-02
3.856074064970016479e-02
-5.051777511835098267e-02
-9.622512757778167725e-02
-9.505066275596618652e-02
-4.348364472389221191e-02
-1.295219548046588898e-02
-7.739641517400741577e-02
6.017076969146728516e-02
1.022486761212348938e-01
2.715138792991638184e-01
3.447772264480590820e-01
3.960939347743988037e-01
4.252085089683532715e-01
5.804877281188964844e-01
6.387438774108886719e-01
6.740335822105407715e-01
7.604137063026428223e-01
8.233196139335632324e-01
1.011120080947875977e+00
1.100629091262817383e+00
1.091594219207763672e+00
1.132385373115539551e+00
1.297061681747436523e+00
1.362438678741455078e+00
1.476887106895446777e+00
1.491534352302551270e+00
1.554751992225646973e+00
1.591978430747985840e+00
1.528652787208557129e+00
1.587458252906799316e+00
1.545212149620056152e+00
1.475975751876831055e+00
1.528122067451477051e+00
1.478468418121337891e+00
1.475387811660766602e+00
1.444319725036621094e+00
1.385015010833740234e+00
1.371535420417785645e+00
1.255009412765502930e+00
1.258120298385620117e+00
1.083374619483947754e+00
1.027766585350036621e+00
9.424236416816711426e-01
7.527847886085510254e-01
6.815323829650878906e-01
5.797935128211975098e-01
4.473169147968292236e-01
3.581621348857879639e-01
1.634552925825119019e-01
8.587715029716491699e-02
5.086412280797958374e-02
5.816325917840003967e-02
3.321021795272827148e-02
-9.855970740318298340e-02
-4.015660658478736877e-02
-8.959935605525970459e-02
-1.011229306459426880e-01
-7.810507714748382568e-02
-9.823489189147949219e-02
-1.648907661437988281e-01
-5.851841345429420471e-02
-7.974082231521606445e-02
-8.331523835659027100e-02
-7.262112945318222046e-02
2.327282726764678955e-02
5.236478522419929504e-02
8.558574318885803223e-02
1.195556148886680603e-01
1.508941948413848877e-01
2.759926579892635345e-02
2.664675712585449219e-01
2.696308791637420654e-01
3.309530913829803467e-01
3.727430403232574463e-01
3.916207849979400635e-01
4.585174918174743652e-01
4.957425892353057861e-01
4.999166429042816162e-01
5.419713854789733887e-01
5.442169308662414551e-01
5.032746791839599609e-01
6.386991739273071289e-01
5.755575299263000488e-01
6.077159643173217773e-01
6.574861407279968262e-01
6.471801400184631348e-01
6.477323174476623535e-01
7.300774455070495605e-01
6.679067611694335938e-01
6.064666509628295898e-01
6.166930794715881348e-01
5.465891957283020020e-01
6.157136559486389160e-01
4.491374492645263672e-01
4.150417745113372803e-01
4.357421994209289551e-01
4.335545599460601807e-01
3.307949900627136230e-01
3.470238447189331055e-01
2.559356689453125000e-01
2.027801573276519775e-01
1.098742634057998657e-01
1.224679723381996155e-01
8.856739103794097900e-02
4.800669383257627487e-03
1.645256206393241882e-02
-2.829794399440288544e-02
-2.069263309240341187e-01
-1.510421782732009888e-01
-2.353651374578475952e-01
-3.144380450248718262e-01
-3.171148300170898438e-01
-2.465607374906539917e-01
-2.545631229877471924e-01
-3.442876338958740234e-01
-3.702782094478607178e-01
-4.100120663642883301e-01
-6.895887255668640137e-01
-6.176871657371520996e-01
-7.176514267921447754e-01
-6.954051852226257324e-01
-7.770494222640991211e-01
-7.428194880485534668e-01
-7.445058822631835938e-01
-7.852778434753417969e-01
-7.196828722953796387e-01
-7.738236784934997559e-01
-8.022484183311462402e-01
-8.081278204917907715e-01
-7.203215956687927246e-01
-7.649340033531188965e-01
-7.222036123275756836e-01
-6.696130633354187012e-01
-6.846455931663513184e-01
-6.218514442443847656e-01
-6.330250501632690430e-01
-5.727171897888183594e-01
-5.184116959571838379e-01
-4.732815027236938477e-01
-4.404996931552886963e-01
-3.489283919334411621e-01
-3.503627777099609375e-01
-2.993539273738861084e-01
-1.990749984979629517e-01
-2.013210505247116089e-01
-1.606430262327194214e-01
-1.545247286558151245e-01
-3.751682490110397339e-02
3.858621045947074890e-02
7.061212509870529175e-02
1.296999007463455200e-01
1.383667588233947754e-01
1.913024671375751495e-02
6.606317311525344849e-02
5.306169763207435608e-02
5.173525959253311157e-02
6.125856563448905945e-02
6.964641157537698746e-03
-3.719113022089004517e-02
-1.458749920129776001e-01
-2.451308518648147583e-01
-2.610021829605102539e-01
-4.167762100696563721e-01
-4.155626595020294189e-01
-4.806481003761291504e-01
-6.123855710029602051e-01
-6.625059843063354492e-01
-7.056728005409240723e-01
-7.422382831573486328e-01
-8.468653559684753418e-01
-8.712838888168334961e-01
-9.644672870635986328e-01
-1.052455902099609375e+00
-1.061290025711059570e+00
-1.065631508827209473e+00
-1.140142560005187988e+00
-1.210862755775451660e+00
-1.278143167495727539e+00
-1.268023371696472168e+00
-1.255165338516235352e+00
-1.239919781684875488e+00
-1.222637772560119629e+00
-1.277981281280517578e+00
-1.183368444442749023e+00
-1.162083625793457031e+00
-1.140166997909545898e+00
-1.117970585823059082e+00
-1.021535277366638184e+00
-9.998348951339721680e-01
-9.046000242233276367e-01
-8.848052024841308594e-01
-8.664924502372741699e-01
-7.757040262222290039e-01
-6.871042847633361816e-01
-6.010471582412719727e-01
-5.178867578506469727e-01
-4.379774630069732666e-01
-4.359850883483886719e-01
-3.636426925659179688e-01
-2.213055938482284546e-01
-1.579513996839523315e-01
-9.962508082389831543e-02
-4.668276384472846985e-02
5.191116360947489738e-04
4.162389412522315979e-02
7.669882476329803467e-02
3.319628164172172546e-02
6.192559376358985901e-02
9.076294302940368652e-02
1.962063759565353394e-01
2.318208366632461548e-01
1.997932493686676025e-01
-4.631156846880912781e-02
-5.844080448150634766e-02
-5.734060704708099365e-02
-1.151351258158683777e-01
-1.553264260292053223e-01
-1.757274866104125977e-01
-1.741511970758438110e-01
-2.970322668552398682e-01
-3.192503154277801514e-01
-3.129287362098693848e-01
-3.501907587051391602e-01
-4.288483262062072754e-01
-3.980911970138549805e-01
-4.043529331684112549e-01
-4.454447627067565918e-01
-4.448666274547576904e-01
-4.747402966022491455e-01
-5.328760743141174316e-01
-3.198402225971221924e-01
-3.536195158958435059e-01
-4.090904295444488525e-01
-4.097512960433959961e-01
-4.277220368385314941e-01
-6.094333529472351074e-01
-5.811386704444885254e-01
-6.378902196884155273e-01
-5.545628070831298828e-01
-5.518971681594848633e-01
-5.533897876739501953e-01
-5.568479299545288086e-01
-4.857676625251770020e-01
-4.122669994831085205e-01
-4.827747046947479248e-01
-3.978534340858459473e-01
-3.782428205013275146e-01
-3.474384248256683350e-01
-2.289356738328933716e-01
-2.434740662574768066e-01
-1.659270972013473511e-01
-6.841222196817398071e-02
-9.735801815986633301e-02
-2.763809263706207275e-02
-5.681165959686040878e-03
4.504049569368362427e-02
1.268377602100372314e-01
9.342290461063385010e-02
9.575204551219940186e-02
6.184809282422065735e-02
6.835576146841049194e-02
1.176085695624351501e-01
2.862507700920104980e-01
3.536824584007263184e-01
3.965473771095275879e-01
4.171780943870544434e-01
4.922179281711578369e-01
4.010660052299499512e-01
4.432980120182037354e-01
4.726235568523406982e-01
4.170630276203155518e-01
5.018803477287292480e-01
5.064735412597656250e-01
5.074841380119323730e-01
5.815535783767700195e-01
5.080791115760803223e-01
5.123237967491149902e-01
5.966174602508544922e-01
5.403568744659423828e-01
5.688047409057617188e-01
5.356684923171997070e-01
5.918995141983032227e-01
5.168942213058471680e-01
4.616037607192993164e-01
5.026685595512390137e-01
4.194846451282501221e-01
3.630034625530242920e-01
3.355541527271270752e-01
3.394661247730255127e-01
3.027577102184295654e-01
3.020694255828857422e-01
2.654197514057159424e-01
1.951384246349334717e-01
1.678662449121475220e-01
1.116221770644187927e-01
1.030473038554191589e-01
1.444718986749649048e-01
8.960442990064620972e-02
-5.922450497746467590e-02
-2.440090989693999290e-03
-3.495532646775245667e-02
-8.012801408767700195e-02
-6.131578981876373291e-02
-5.049805715680122375e-02
-4.534306749701499939e-02
-4.383213445544242859e-02
1.034225672483444214e-01
9.962975978851318359e-02
1.681753396987915039e-01
1.608903259038925171e-01
2.268499135971069336e-01
2.921963930130004883e-01
3.573831319808959961e-01
3.485527038574218750e-01
4.147805869579315186e-01
4.078984856605529785e-01
5.512930750846862793e-01
5.481740236282348633e-01
5.476170778274536133e-01
6.243869066238403320e-01
7.046262621879577637e-01
7.144775986671447754e-01
7.287056446075439453e-01
8.220748305320739746e-01
8.464165329933166504e-01
8.764950037002563477e-01
9.127634763717651367e-01
8.813638687133789062e-01
9.313710927963256836e-01
9.146158099174499512e-01
9.058616161346435547e-01
9.055607914924621582e-01
9.141654372215270996e-01
9.321277141571044922e-01
8.112772703170776367e-01
8.493096232414245605e-01
8.237432837486267090e-01
7.350293397903442383e-01
7.322407960891723633e-01
6.672065258026123047e-01
6.146880388259887695e-01
5.751358866691589355e-01
5.490003824234008789e-01
5.367314815521240234e-01
4.644683599472045898e-01
4.069717526435852051e-01
3.646914958953857422e-01
3.380772173404693604e-01
1.789564788341522217e-01
1.850227713584899902e-01
1.337925642728805542e-01
1.000262945890426636e-01
9.862367063760757446e-03
1.237220410257577896e-02
-4.061673954129219055e-02
-3.426295879762619734e-04
-9.083718061447143555e-02
-1.626470126211643219e-02
-9.663836099207401276e-04
2.796068415045738220e-02
-5.202448926866054535e-03
-2.755259908735752106e-02
3.381357714533805847e-02
1.031776070594787598e-01
3.051018714904785156e-02
1.116482019424438477e-01
1.222517490386962891e-01
1.352251321077346802e-01
2.234728485345840454e-01
2.369665950536727905e-01
1.743004024028778076e-01
2.570013403892517090e-01
2.607308030128479004e-01
3.327053785324096680e-01
3.972088694572448730e-01
3.785252869129180908e-01
4.238717854022979736e-01
4.575327038764953613e-01
4.781036078929901123e-01
4.841802120208740234e-01
4.000473618507385254e-01
4.472339749336242676e-01
4.014031589031219482e-01
4.840840697288513184e-01
4.709399938583374023e-01
5.091891884803771973e-01
4.488060176372528076e-01
4.370088577270507812e-01
3.980830311775207520e-01
4.049358963966369629e-01
3.818527460098266602e-01
4.017407596111297607e-01
3.888851702213287354e-01
3.418819010257720947e-01
3.336379230022430420e-01
2.884380221366882324e-01
2.791887521743774414e-01
2.301745563745498657e-01
2.143017202615737915e-01
2.301652431488037109e-01
1.277379393577575684e-01
1.285474002361297607e-01
8.256599307060241699e-02
6.269879639148712158e-02
-6.771337240934371948e-03
2.133755199611186981e-02
-7.748229056596755981e-02
-8.190649747848510742e-02
-1.421659737825393677e-01
-1.855588555335998535e-01
-2.136946171522140503e-01
-1.538718789815902710e-01
-1.563225537538528442e-01
-2.226568162441253662e-01
-2.058630287647247314e-01
-2.561737596988677979e-01
-2.265778183937072754e-01
-2.673081457614898682e-01
-2.313538491725921631e-01
-1.946372240781784058e-01
-1.587696671485900879e-01
-2.739847004413604736e-01
-2.446499019861221313e-01
-2.953099608421325684e-01
-2.789546251296997070e-01
-2.715065479278564453e-01
-2.745775282382965088e-01
-2.897792458534240723e-01
-3.187234401702880859e-01
-2.887106239795684814e-01
-2.756634354591369629e-01
-2.068822234869003296e-01
-2.326003164052963257e-01
-2.058068066835403442e-01
-3.510456979274749756e-01
-3.726838231086730957e-01
-4.209536910057067871e-01
-3.488438129425048828e-01
-3.808971941471099854e-01
-1.471688449382781982e-01
-9.513438493013381958e-02
-7.778123021125793457e-02
-2.240749262273311615e-02
-4.933039657771587372e-03
-2.696644701063632965e-02
5.850598216056823730e-02
2.694324031472206116e-02
2.535958215594291687e-02
5.214754492044448853e-02
1.056999415159225464e-01
1.100988611578941345e-01
6.373761594295501709e-02
3.932080045342445374e-02
3.524222597479820251e-02
4.989593476057052612e-02
7.579707074910402298e-03
5.638262629508972168e-02
-2.694651111960411072e-02
-9.410375356674194336e-02
-1.454070210456848145e-01
-1.068630665540695190e-01
-1.274116039276123047e-01
-2.073701769113540649e-01
-2.727453410625457764e-01
-3.238546252250671387e-01
-3.610153794288635254e-01
-3.845451772212982178e-01
-3.947614431381225586e-01
-4.662927091121673584e-01
-4.508345723152160645e-01
-4.973266720771789551e-01
-5.317757129669189453e-01
-5.470685958862304688e-01
-5.435232520103454590e-01
-5.586133003234863281e-01
-5.555015802383422852e-01
-5.642310380935668945e-01
-5.851203203201293945e-01
-5.887638330459594727e-01
-5.903429985046386719e-01
-5.976081490516662598e-01
-5.960165858268737793e-01
-5.933192968368530273e-01
-5.824050307273864746e-01
-5.635940432548522949e-01
-5.446379184722900391e-01
-5.184262394905090332e-01
-4.927110671997070312e-01
-4.603824019432067871e-01
-4.366237521171569824e-01
-4.068946242332458496e-01
-3.715166747570037842e-01
-3.308118879795074463e-01
-2.925335764884948730e-01
-2.570039629936218262e-01
-2.171145081520080566e-01
-1.806188821792602539e-01
-1.478397995233535767e-01
-1.042379289865493774e-01
-7.242949306964874268e-02
-4.530640318989753723e-02
-1.576063595712184906e-02
8.453608490526676178e-03
1.958210021257400513e-02
3.959500789642333984e-02
5.353333428502082825e-02
5.477450042963027954e-02
5.178450793027877808e-02
4.559832066297531128e-02
3.725097328424453735e-02
1.291541848331689835e-02
3.351302118971943855e-03
-1.269929111003875732e-02
-4.163194447755813599e-02
-6.011767685413360596e-02
-8.941397070884704590e-02
-9.132930636405944824e-02
-1.168451979756355286e-01
-1.352008879184722900e-01
-1.602219939231872559e-01
-1.760095655918121338e-01
-1.889577358961105347e-01
-2.128915339708328247e-01
-2.319114059209823608e-01
-2.524108588695526123e-01
-2.733521461486816406e-01
-2.862662374973297119e-01
-2.975459992885589600e-01
-3.061531484127044678e-01
-3.184803128242492676e-01
-3.186265528202056885e-01
-3.352774679660797119e-01
-3.302385807037353516e-01
-3.321951627731323242e-01
-3.326768875122070312e-01
-3.232133388519287109e-01
-3.250583708286285400e-01
-3.148791491985321045e-01
-3.064983189105987549e-01
-2.988762557506561279e-01
-2.835421860218048096e-01
-2.668875455856323242e-01
-2.553037703037261963e-01
-2.328889518976211548e-01
-2.134656757116317749e-01
-1.959943920373916626e-01
-1.794355213642120361e-01
-1.553185284137725830e-01
-1.300351321697235107e-01
-1.174082830548286438e-01
-9.410550445318222046e-02
-6.651885807514190674e-02
-4.847164452075958252e-02
-1.663180254399776459e-02
3.148762334603816271e-04
2.573459222912788391e-02
3.854454308748245239e-02
6.228280812501907349e-02
7.590069621801376343e-02
1.029359251260757446e-01
1.297705769538879395e-01
1.502176225185394287e-01
1.580898761749267578e-01
1.694933176040649414e-01
1.633782088756561279e-01
1.781435012817382812e-01
1.704458445310592651e-01
1.712528169155120850e-01
1.446519047021865845e-01
2.033524811267852783e-01
1.851131469011306763e-01
1.654875427484512329e-01
2.200292646884918213e-01
2.013588100671768188e-01
1.850296109914779663e-01
1.722840964794158936e-01
1.643646061420440674e-01
1.625134944915771484e-01
1.679731011390686035e-01
1.819857656955718994e-01
2.057938873767852783e-01
2.406398802995681763e-01
2.877662181854248047e-01
2.741044759750366211e-01
2.752082347869873047e-01
2.923202514648437500e-01
1.780613660812377930e-01
2.309184968471527100e-01
1.548908054828643799e-01
9.984344244003295898e-02
6.701982766389846802e-02
-1.664751023054122925e-02
7.301811873912811279e-02
4.001658409833908081e-02
-4.009706154465675354e-02
-1.745661348104476929e-02
-3.943966701626777649e-02
-3.049065172672271729e-02
-6.367581337690353394e-02
-6.343923509120941162e-02
-2.853581123054027557e-02
-3.203128650784492493e-02
-7.268023490905761719e-02
-7.492608577013015747e-02
-3.752311691641807556e-02
-3.368679806590080261e-02
1.138829719275236130e-02
2.373538166284561157e-02
3.698773682117462158e-03
1.002448722720146179e-01
9.078514575958251953e-02
4.997511580586433411e-02
2.010923475027084351e-01
1.729264408349990845e-01
2.630659639835357666e-01
3.232335150241851807e-01
3.537736535072326660e-01
2.807198762893676758e-01
3.273496627807617188e-01
3.453853428363800049e-01
4.094822406768798828e-01
3.713625073432922363e-01
3.799921870231628418e-01
3.614042103290557861e-01
3.902532756328582764e-01
3.925720751285552979e-01
4.430149793624877930e-01
3.933031558990478516e-01
4.667126834392547607e-01
4.406534135341644287e-01
3.897789418697357178e-01
4.630536437034606934e-01
4.378866553306579590e-01
3.889309763908386230e-01
3.908392786979675293e-01
3.696419894695281982e-01
3.256804645061492920e-01
4.079176187515258789e-01
3.937613368034362793e-01
3.578630983829498291e-01
3.748743534088134766e-01
2.965132594108581543e-01
2.717417478561401367e-01
2.265886217355728149e-01
2.357044816017150879e-01
2.251177728176116943e-01
1.951678097248077393e-01
1.461937874555587769e-01
1.528457403182983398e-01
6.684063374996185303e-02
1.114503592252731323e-01
-1.023029722273349762e-02
-6.185600068420171738e-04
-7.997695356607437134e-03
-3.202898055315017700e-02
1.764092594385147095e-03
-5.576779693365097046e-02
-5.670315027236938477e-02
-1.742415595799684525e-03
3.410305455327033997e-02
5.013299360871315002e-02
-2.866375073790550232e-02
1.994578167796134949e-02
4.663971439003944397e-02
5.071830749511718750e-02
1.057929992675781250e-01
1.368533968925476074e-01
6.888933479785919189e-02
1.241347640752792358e-01
7.895793020725250244e-02
1.555932462215423584e-01
1.304093301296234131e-01
1.513300389051437378e-01
2.176574915647506714e-01
1.057609617710113525e-01
1.864980012178421021e-01
2.362383455038070679e-01
2.542849481105804443e-01
1.656300425529479980e-01
1.925099790096282959e-01
1.856063753366470337e-01
2.185339629650115967e-01
2.162857949733734131e-01
2.524769306182861328e-01
2.521006762981414795e-01
2.218926101922988892e-01
2.354682534933090210e-01
2.252524495124816895e-01
2.425676435232162476e-01
2.347010523080825806e-01
2.232509255409240723e-01
2.075222730636596680e-01
2.091134488582611084e-01
1.827429383993148804e-01
1.648713052272796631e-01
1.473725438117980957e-01
1.369827985763549805e-01
1.181448623538017273e-01
9.759481996297836304e-02
8.206865191459655762e-02
6.344005465507507324e-02
4.101375490427017212e-02
2.895653992891311646e-02
1.171069685369729996e-02
-3.988316748291254044e-03
-1.887931302189826965e-02
-3.387335687875747681e-02
-4.249358922243118286e-02
-5.312551930546760559e-02
-6.672370433807373047e-02
-7.681178301572799683e-02
-8.434464782476425171e-02
-9.027737379074096680e-02
-1.029962971806526184e-01
-1.011635214090347290e-01
-1.154590100049972534e-01
-1.245451942086219788e-01
-1.368090808391571045e-01
-1.383444517850875854e-01
-1.226764321327209473e-01
-1.279168128967285156e-01
-1.252976208925247192e-01
-1.232065185904502869e-01
-1.226001679897308350e-01
-1.095731034874916077e-01
-1.073754802346229553e-01
-1.095330864191055298e-01
-1.021407172083854675e-01
-1.010175719857215881e-01
-9.968961775302886963e-02
-9.168282151222229004e-02
-8.538538217544555664e-02
-8.175439387559890747e-02
-7.431583106517791748e-02
-6.402675062417984009e-02
-5.927528068423271179e-02
-4.615620151162147522e-02
-4.048864170908927917e-02
-2.836726419627666473e-02
-1.817996054887771606e-02
-1.088345516473054886e-02
7.427825126796960831e-03
2.836623415350914001e-02
1.381983235478401184e-02
2.228106185793876648e-02
3.050038404762744904e-02
3.752164915204048157e-02
3.495772927999496460e-02
3.671488165855407715e-02
4.183728620409965515e-02
3.450701385736465454e-02
2.863064035773277283e-02
3.068373352289199829e-02
2.484865486621856689e-02
2.503225393593311310e-02
8.082435466349124908e-03
3.250757930800318718e-03
-1.213237363845109940e-02
-2.358099818229675293e-02
-4.633349552750587463e-02
-5.847270786762237549e-02
-7.523694634437561035e-02
-8.957117050886154175e-02
-9.442033618688583374e-02
-1.050227060914039612e-01
-1.366164982318878174e-01
-1.672844737768173218e-01
-1.899715960025787354e-01
-2.050539255142211914e-01
-2.129076123237609863e-01
-2.287709563970565796e-01
-2.530201971530914307e-01
-2.711693346500396729e-01
-2.761636078357696533e-01
-2.832415103912353516e-01
-2.853484153747558594e-01
-2.977229058742523193e-01
-3.058794438838958740e-01
-2.953323423862457275e-01
-2.961827516555786133e-01
-2.939451932907104492e-01
-2.889964878559112549e-01
-2.817135453224182129e-01
-2.650421857833862305e-01
-2.616527676582336426e-01
-2.570600807666778564e-01
-2.367791235446929932e-01
-2.309114485979080200e-01
-2.101098597049713135e-01
-2.044760286808013916e-01
-1.846628189086914062e-01
-1.659097075462341309e-01
-1.411629617214202881e-01
-1.256620734930038452e-01
-1.123532727360725403e-01
-8.675166964530944824e-02
-7.152786105871200562e-02
-5.219691991806030273e-02
-4.399829730391502380e-02
-2.501588128507137299e-02
-3.057931317016482353e-03
6.636251695454120636e-03
1.855182833969593048e-02
2.488072775304317474e-02
3.267714753746986389e-02
3.425935283303260803e-02
2.245046384632587433e-02
2.735537476837635040e-02
1.963026635348796844e-02
1.451800856739282608e-02
4.968264140188694000e-03
-8.638113737106323242e-03
-2.592018246650695801e-02
-3.163470327854156494e-02
-4.026275873184204102e-02
-5.885424464941024780e-02
-6.473456323146820068e-02
-8.724673837423324585e-02
-9.628494828939437866e-02
-1.063298881053924561e-01
-1.244310662150382996e-01
-1.353446692228317261e-01
-1.461201310157775879e-01
-1.712379455566406250e-01
-1.731608659029006958e-01
-1.812315434217453003e-01
-1.876370757818222046e-01
-1.994268000125885010e-01
-2.013567388057708740e-01
-2.004761993885040283e-01
-2.038345783948898315e-01
-2.110501378774642944e-01
-2.143100798130035400e-01
-2.132328301668167114e-01
-2.074367702007293701e-01
-2.188337147235870361e-01
-2.098866850137710571e-01
-2.025076597929000854e-01
-1.814531236886978149e-01
-1.760662794113159180e-01
-1.636727154254913330e-01
-1.513225287199020386e-01
-1.460658609867095947e-01
-1.252286285161972046e-01
-1.107233762741088867e-01
-1.021694839000701904e-01
-8.432423323392868042e-02
-7.166937738656997681e-02
-6.382457911968231201e-02
-5.297849699854850769e-02
-4.618205130100250244e-02
-2.819297276437282562e-02
-1.349344570189714432e-02
-1.703534391708672047e-03
7.556640543043613434e-03
1.471169292926788330e-02
2.779645100235939026e-02
3.259719908237457275e-02
3.719348832964897156e-02
4.966485500335693359e-02
5.579752475023269653e-02
4.880882799625396729e-02
5.907159298658370972e-02
6.494098156690597534e-02
5.963437631726264954e-02
6.609360128641128540e-02
6.267391890287399292e-02
6.488616764545440674e-02
5.851682648062705994e-02
5.907686799764633179e-02
5.978403240442276001e-02
5.385614931583404541e-02
5.680442601442337036e-02
5.441578850150108337e-02
4.733945429325103760e-02
5.108693614602088928e-02
5.144546553492546082e-02
4.163347184658050537e-02
4.459390044212341309e-02
3.125210478901863098e-02
3.198233246803283691e-02
3.257234022021293640e-02
1.881000213325023651e-02
1.363876461982727051e-02
1.027777977287769318e-02
9.377378970384597778e-03
-3.274223301559686661e-03
-4.733245354145765305e-03
-9.211340919137001038e-03
-8.626809343695640564e-03
-9.760105051100254059e-03
-1.939165033400058746e-02
-1.457743719220161438e-02
-2.439115196466445923e-02
-3.331986814737319946e-02
-3.328178077936172485e-02
-3.105729259550571442e-02
-3.342683240771293640e-02
-3.973978757858276367e-02
-3.448338061571121216e-02
-3.186930716037750244e-02
-3.867822140455245972e-02
-3.196647390723228455e-02
-2.594599686563014984e-02
-1.996662467718124390e-02
-2.086470276117324829e-02
-5.973546300083398819e-03
2.731506945565342903e-03
1.299939211457967758e-02
2.514781989157199860e-02
3.206326439976692200e-02
4.892537370324134827e-02
6.118926033377647400e-02
7.660319656133651733e-02
8.805313706398010254e-02
9.585598111152648926e-02
1.151907294988632202e-01
1.240807473659515381e-01
1.302736848592758179e-01
1.340859681367874146e-01
1.506961137056350708e-01
1.581271141767501831e-01
1.566950529813766479e-01
1.615782529115676880e-01
1.730926930904388428e-01
1.766921281814575195e-01
1.875546574592590332e-01
1.911339461803436279e-01
1.877458691596984863e-01
1.851373463869094849e-01
1.836242079734802246e-01
1.835223436355590820e-01
1.777165085077285767e-01
1.813848614692687988e-01
1.651189923286437988e-01
1.589593142271041870e-01
1.483597755432128906e-01
1.410676687955856323e-01
1.299682259559631348e-01
1.153778359293937683e-01
1.050441488623619080e-01
9.185269474983215332e-02
7.612027227878570557e-02
7.302598655223846436e-02
5.316248908638954163e-02
5.400249361991882324e-02
3.870783746242523193e-02
2.988931909203529358e-02
2.043347805738449097e-02
1.065811328589916229e-02
8.811577572487294674e-04
-1.148206181824207306e-03
-9.973957203328609467e-03
-1.784664206206798553e-02
-2.444777451455593109e-02
-2.954470366239547729e-02
-2.581736631691455841e-02
-2.089374139904975891e-02
-1.497061923146247864e-02
-8.244700729846954346e-03
6.518480367958545685e-03
1.426015235483646393e-02
1.478379312902688980e-02
3.018621541559696198e-02
3.797765821218490601e-02
4.539276286959648132e-02
5.223507434129714966e-02
6.573922187089920044e-02
8.570869266986846924e-02
8.965364843606948853e-02
9.967079013586044312e-02
1.081323474645614624e-01
1.148415729403495789e-01
1.270327270030975342e-01
1.296466737985610962e-01
1.373485773801803589e-01
1.499412655830383301e-01
1.449341177940368652e-01
1.518541425466537476e-01
1.556415706872940063e-01
1.635297685861587524e-01
1.530275791883468628e-01
1.536614000797271729e-01
1.503708511590957642e-01
1.503887176513671875e-01
1.535165011882781982e-01
1.372622698545455933e-01
1.311516761779785156e-01
1.349857449531555176e-01
1.262721270322799683e-01
1.196738108992576599e-01
1.149914413690567017e-01
1.120255738496780396e-01
1.031455099582672119e-01
8.815158158540725708e-02
8.170619606971740723e-02
7.617838680744171143e-02
5.650602281093597412e-02
5.221347510814666748e-02
4.823850095272064209e-02
1.465659961104393005e-02
1.814753189682960510e-02
6.493457127362489700e-03
-5.643579177558422089e-03
-1.103262137621641159e-02
-9.910026565194129944e-03
-2.657046541571617126e-03
-4.553318489342927933e-03
-1.601623371243476868e-02
-2.260091714560985565e-02
-1.729352772235870361e-02
-2.280454523861408234e-02
-2.468886412680149078e-02
-2.336348593235015869e-02
-1.924530416727066040e-02
-2.761332131922245026e-02
-2.659091912209987640e-02
-2.402577176690101624e-02
-2.776543423533439636e-02
-2.336405403912067413e-02
-1.866894960403442383e-02
-2.152732759714126587e-02
-2.492407895624637604e-02
-4.413728043437004089e-02
-4.242720082402229309e-02
-3.507169708609580994e-02
-3.734853118658065796e-02
-1.251766458153724670e-02
-1.301216799765825272e-02
-9.522931650280952454e-03
-9.896268136799335480e-03
3.148757386952638626e-04
-1.597886555828154087e-03
-1.187390764243900776e-03
1.131368800997734070e-03
4.943430423736572266e-03
2.402756595984101295e-03
7.956621237099170685e-03
1.375900581479072571e-02
1.196388527750968933e-02
9.587423875927925110e-03
1.364575885236263275e-02
1.629280485212802887e-02
9.682429954409599304e-03
1.569286361336708069e-02
1.904677785933017731e-02
1.932899281382560730e-02
1.612425968050956726e-02
1.644836366176605225e-02
3.474811092019081116e-02
2.602144703269004822e-02
2.700832486152648926e-02
2.243091724812984467e-02
1.930462568998336792e-02
1.721366122364997864e-02
-6.519714370369911194e-03
-1.366433134535327554e-04
-1.588231697678565979e-02
-2.425990067422389984e-02
-3.292813152074813843e-02
-3.468361124396324158e-02
-4.461629316210746765e-02
-5.552290007472038269e-02
-6.020019203424453735e-02
-7.373826205730438232e-02
-7.407175004482269287e-02
-7.629082351922988892e-02
-9.548566490411758423e-02
-9.472876042127609253e-02
-1.039724946022033691e-01
-1.011515557765960693e-01
-1.162183284759521484e-01
-1.196763515472412109e-01
-1.191846430301666260e-01
-1.224021837115287781e-01
-1.295568197965621948e-01
-1.260140985250473022e-01
-1.268639862537384033e-01
-1.249030232429504395e-01
-1.203587725758552551e-01
-1.208898574113845825e-01
-1.192926093935966492e-01
-1.232254654169082642e-01
-1.180534809827804565e-01
-1.114349067211151123e-01
-1.035968363285064697e-01
-1.021973341703414917e-01
-9.260109066963195801e-02
-8.246600627899169922e-02
-7.201877236366271973e-02
-6.891710311174392700e-02
-6.595643609762191772e-02
-4.850103333592414856e-02
-4.650164395570755005e-02
-3.789127618074417114e-02
-2.289616875350475311e-02
-1.660468988120555878e-02
-1.181186176836490631e-02
-1.312656211666762829e-03
-1.953105529537424445e-04
6.176370661705732346e-03
1.757640391588211060e-02
1.891662180423736572e-02
2.483326196670532227e-02
2.023815549910068512e-02
1.982598006725311279e-02
2.366300672292709351e-02
1.701173931360244751e-02
2.972123585641384125e-02
9.898418560624122620e-03
2.254448598250746727e-03
-5.172664532437920570e-04
-5.723386537283658981e-03
-2.067064307630062103e-02
-3.037254698574542999e-02
-3.470489382743835449e-02
-4.097465053200721741e-02
-4.162670299410820007e-02
-5.139930546283721924e-02
-5.530641973018646240e-02
-6.808649748563766479e-02
-6.732259690761566162e-02
-7.518447190523147583e-02
-7.668645679950714111e-02
-7.913630455732345581e-02
-8.984185010194778442e-02
-8.638660609722137451e-02
-9.094078838825225830e-02
-1.033814027905464172e-01
-9.386108070611953735e-02
-9.941248595714569092e-02
-1.124817058444023132e-01
-1.032215878367424011e-01
-1.086649522185325623e-01
-1.063958406448364258e-01
-9.629163146018981934e-02
-9.309192746877670288e-02
-8.924304693937301636e-02
-8.462243527173995972e-02
-7.910751551389694214e-02
-7.257571071386337280e-02
-7.233551889657974243e-02
-6.340213865041732788e-02
-5.308399721980094910e-02
-4.868950694799423218e-02
-3.523372486233711243e-02
-3.488714247941970825e-02
-2.523360028862953186e-02
-1.358126197010278702e-02
-1.466931775212287903e-02
-6.081376690417528152e-03
-9.987564757466316223e-03
3.459782339632511139e-03
4.659620579332113266e-03
8.597600273787975311e-03
1.542594376951456070e-02
1.798057556152343750e-02
2.398839406669139862e-02
2.631419152021408081e-02
2.525396272540092468e-02
2.110378630459308624e-02
5.131534114480018616e-02
2.701169252395629883e-02
3.023128584027290344e-02
2.411504648625850677e-02
2.382167801260948181e-02
2.221664786338806152e-02
1.959658972918987274e-02
1.625819131731987000e-02
1.992928981781005859e-02
1.604446023702621460e-02
1.976271718740463257e-02
9.087597019970417023e-03
1.404035557061433792e-02
5.193459801375865936e-03
5.137074273079633713e-03
-6.941391038708388805e-04
-4.572233650833368301e-03
1.230714959092438221e-03
-5.281798075884580612e-03
-8.950815536081790924e-03
-9.479623287916183472e-03
-1.400265842676162720e-02
-1.479221507906913757e-02
-1.155175175517797470e-02
-1.884699054062366486e-02
-2.151932753622531891e-02
-1.927243731915950775e-02
-1.924117282032966614e-02
-1.369827147573232651e-02
-1.720985397696495056e-02
-2.204882726073265076e-02
-2.048818953335285187e-02
-1.966322399675846100e-02
-1.184709835797548294e-02
-1.903747022151947021e-02
-2.607658132910728455e-02
-2.523785270750522614e-02
-2.365698851644992828e-02
-1.360756438225507736e-02
-1.708763092756271362e-02
-1.893979869782924652e-02
-1.143785007297992706e-02
-9.148915298283100128e-03
-1.177797745913267136e-02
-4.186396952718496323e-03
-1.034101005643606186e-03
5.293719004839658737e-03
1.498074829578399658e-02
1.334845274686813354e-02
2.287379279732704163e-02
2.144711837172508240e-02
3.154538944363594055e-02
3.849007189273834229e-02
3.503375127911567688e-02
4.365343600511550903e-02
4.967066273093223572e-02
4.583809897303581238e-02
5.463286116719245911e-02
6.137661635875701904e-02
7.368435710668563843e-02
6.944676488637924194e-02
7.114114612340927124e-02
7.152049243450164795e-02
7.820004969835281372e-02
8.393292874097824097e-02
8.147229999303817749e-02
7.843362540006637573e-02
8.243241161108016968e-02
7.135984301567077637e-02
7.512486726045608521e-02
7.904990017414093018e-02
6.845741719007492065e-02
7.325655966997146606e-02
6.390772759914398193e-02
5.545795708894729614e-02
5.552325397729873657e-02
4.942636191844940186e-02
5.221446976065635681e-02
4.177928715944290161e-02
3.316807001829147339e-02
3.399698808789253235e-02
1.472673472017049789e-02
1.269791275262832642e-02
1.323342975229024887e-02
1.656196662224829197e-03
4.446150851435959339e-04
-1.250952482223510742e-02
-7.296751718968153000e-03
-1.345641724765300751e-02
-8.510205894708633423e-03
-1.456643454730510712e-02
-1.657796278595924377e-02
-1.435989327728748322e-02
-1.515848096460103989e-02
-2.626053802669048309e-02
-1.795948110520839691e-02
-2.003808692097663879e-02
-1.769259572029113770e-02
-1.841261982917785645e-02
-1.482562720775604248e-02
-6.990264635533094406e-03
-2.396336989477276802e-03
6.328478921204805374e-03
1.169423945248126984e-02
2.107313647866249084e-02
2.697509899735450745e-02
3.677218779921531677e-02
3.554311394691467285e-02
3.809092938899993896e-02
5.178753286600112915e-02
5.428037047386169434e-02
5.294125154614448547e-02
6.257305294275283813e-02
6.082310155034065247e-02
6.249421089887619019e-02
6.752695888280868530e-02
6.843081861734390259e-02
7.257745414972305298e-02
7.247630506753921509e-02
6.806794553995132446e-02
7.415512949228286743e-02
7.581622153520584106e-02
5.812963843345642090e-02
6.562259048223495483e-02
6.108023598790168762e-02
5.930545181035995483e-02
6.023898348212242126e-02
4.895939305424690247e-02
5.513191968202590942e-02
4.897303134202957153e-02
4.528587684035301208e-02
3.658035397529602051e-02
3.765971958637237549e-02
2.617180906236171722e-02
3.178220987319946289e-02
2.470779418945312500e-02
1.232098694890737534e-02
9.425390511751174927e-03
8.531373925507068634e-03
2.149373525753617287e-03
-2.347911940887570381e-03
-5.018817726522684097e-03
-5.921620875597000122e-03
-5.114539992064237595e-03
-1.011077314615249634e-02
-1.365700829774141312e-02
-1.595492102205753326e-02
-9.775044396519660950e-03
-1.761227659881114960e-02
-1.737488992512226105e-02
-1.669552735984325409e-02
-2.320681698620319366e-02
-1.481696963310241699e-02
-1.402079127728939056e-02
-1.358869113028049469e-02
-1.372217759490013123e-02
-1.462277397513389587e-02
-9.060921147465705872e-03
-1.210038084536790848e-02
-1.649446785449981689e-03
-2.030439063673838973e-04
-5.317376344464719296e-04
4.593862220644950867e-03
1.097991189453750849e-04
6.764617282897233963e-04
-1.339115784503519535e-03
1.292240805923938751e-03
8.368544280529022217e-03
4.825542680919170380e-03
1.275441795587539673e-02
9.659686125814914703e-03
1.763239502906799316e-02
1.417692471295595169e-02
1.395308878272771835e-02
1.675843261182308197e-02
2.239043824374675751e-02
2.321542426943778992e-02
2.646185271441936493e-02
2.449592389166355133e-02
2.454598620533943176e-02
2.640924416482448578e-02
2.245174162089824677e-02
2.733280323445796967e-02
2.598729915916919708e-02
3.307448327541351318e-02
2.609807811677455902e-02
1.971728727221488953e-02
1.372910756617784500e-02
1.536162011325359344e-02
9.549614042043685913e-03
3.521179547533392906e-03
1.193551998585462570e-02
1.229635719209909439e-02
4.400736186653375626e-03
2.916658995673060417e-03
2.537758846301585436e-04
-3.738393774256110191e-03
-9.210286661982536316e-03
-8.881188929080963135e-03
-1.033253222703933716e-02
-1.371459104120731354e-02
-1.174648199230432510e-02
-1.944055221974849701e-02
-2.208468690514564514e-02
-2.726000174880027771e-02
-2.768534608185291290e-02
-3.094169311225414276e-02
-3.717884793877601624e-02
-3.911545500159263611e-02
-3.690117597579956055e-02
-4.554782062768936157e-02
-5.034271255135536194e-02
-4.400423914194107056e-02
-4.154400154948234558e-02
-5.054246634244918823e-02
-4.885563626885414124e-02
-4.406386986374855042e-02
-4.374748468399047852e-02
-4.805565252900123596e-02
-4.970642551779747009e-02
-3.398671746253967285e-02
-3.077002987265586853e-02
-3.277433663606643677e-02
-3.271762654185295105e-02
-3.074895776808261871e-02
-2.701741643249988556e-02
-2.910318411886692047e-02
-2.972426638007164001e-02
-2.902978844940662384e-02
-2.716890349984169006e-02
-1.685969717800617218e-02
-2.054469846189022064e-02
-1.607987470924854279e-02
-3.614551387727260590e-03
-5.591397173702716827e-03
1.334568660240620375e-04
-1.451679156161844730e-03
4.365840926766395569e-03
2.574199577793478966e-03
7.885910570621490479e-03
1.272011827677488327e-02
9.495900943875312805e-03
5.494464654475450516e-03
7.996947504580020905e-03
9.448934346437454224e-03
2.402787329629063606e-03
9.161919355392456055e-03
1.198133486468577757e-05
4.687366075813770294e-03
9.047128260135650635e-04
-3.894990775734186172e-03
-2.270802156999707222e-03
-9.075119160115718842e-03
-9.435974992811679840e-03
-1.077473349869251251e-02
-1.308168191462755203e-02
-1.634712517261505127e-02
-2.056138031184673309e-02
-2.571477182209491730e-02
-3.179761767387390137e-02
-3.136912733316421509e-02
-3.928181156516075134e-02
-3.323264047503471375e-02
-3.550517559051513672e-02
-4.608963802456855774e-02
-4.268290475010871887e-02
-4.013732820749282837e-02
-4.587409645318984985e-02
-5.245215073227882385e-02
-5.243038013577461243e-02
-5.322981253266334534e-02
-5.484030768275260925e-02
-4.982056841254234314e-02
-5.302251875400543213e-02
-4.957361891865730286e-02
-5.432567000389099121e-02
-5.240598320960998535e-02
-4.380401968955993652e-02
-3.594025224447250366e-02
-2.880400978028774261e-02
-2.981562912464141846e-02
-3.153320774435997009e-02
-2.651477605104446411e-02
-3.704270347952842712e-02
-4.081271588802337646e-02
-3.038269467651844025e-02
-5.741573404520750046e-03
-4.033752251416444778e-03
-2.954804105684161186e-03
-2.493577310815453529e-03
4.792196210473775864e-03
4.051495809108018875e-03
2.726603532209992409e-03
8.259797468781471252e-03
5.819004960358142853e-03
2.941261511296033859e-03
7.182534318417310715e-03
1.123656425625085831e-02
7.797054015100002289e-03
1.185096241533756256e-02
8.660805411636829376e-03
5.782340187579393387e-03
1.077126897871494293e-02
8.889933116734027863e-03
7.693905383348464966e-03
7.307589054107666016e-03
7.855316624045372009e-03
2.030245959758758545e-03
-1.004344131797552109e-02
-1.337944064289331436e-02
-7.853724062442779541e-03
-8.204537443816661835e-03
-1.430800557136535645e-02
-1.860922202467918396e-02
-1.355335582047700882e-02
-1.387894060462713242e-02
-1.946237310767173767e-02
-1.531791128218173981e-02
-2.361536771059036255e-02
-1.450690161436796188e-02
-1.016241777688264847e-02
-1.788965240120887756e-02
-1.527198124676942825e-02
-1.704829186201095581e-02
-1.566419377923011780e-02
-1.842750236392021179e-02
-2.521492913365364075e-02
-2.104098536074161530e-02
-2.064455673098564148e-02
-3.876451402902603149e-02
-5.298418551683425903e-02
-4.088687151670455933e-02
-4.693571850657463074e-02
-4.871392250061035156e-02
-3.866680711507797241e-02
-1.667075045406818390e-02
-1.975753717124462128e-02
-1.807898283004760742e-02
-1.151122059673070908e-02
-2.222359180450439453e-02
-1.293654739856719971e-02
-5.819246172904968262e-03
-8.178551681339740753e-03
2.403172431513667107e-03
-1.110768504440784454e-02
-1.144382357597351074e-02
1.504110987298190594e-03
-1.878830487839877605e-03
8.101931307464838028e-04
2.249713521450757980e-03
-1.974385045468807220e-02
-1.304300315678119659e-02
7.599930278956890106e-03
1.257049571722745895e-02
9.409796446561813354e-03
1.309009734541177750e-02
8.859307505190372467e-03
1.168977841734886169e-02
1.426059193909168243e-02
9.250851348042488098e-03
1.163297705352306366e-02
1.408609095960855484e-02
9.289311245083808899e-03
1.221504062414169312e-02
2.297345735132694244e-02
1.938141137361526489e-02
8.980103768408298492e-03
1.417288836091756821e-02
1.277645956724882126e-02
1.233184244483709335e-02
1.294888835400342941e-02
2.959956601262092590e-02
3.266915306448936462e-02
2.969833463430404663e-02
2.079659700393676758e-02
2.093551866710186005e-02
2.279326878488063812e-02
4.185712430626153946e-03
2.377390861511230469e-03
2.615038538351655006e-03
-2.423627534881234169e-03
-5.198804661631584167e-03
-1.303300447762012482e-02
-1.838664710521697998e-02
-6.289164535701274872e-03
-1.378778740763664246e-02
-1.848104968667030334e-02
-2.026087976992130280e-02
-1.901928707957267761e-02
-1.464837323874235153e-02
-7.040300872176885605e-03
-1.094950549304485321e-02
3.456123638898134232e-03
-8.302350528538227081e-03
-1.640928722918033600e-02
-1.340790651738643646e-02
-1.415112707763910294e-02
-3.767480840906500816e-03
-4.540992900729179382e-03
-1.600178657099604607e-03
-2.366830827668309212e-03
5.994898965582251549e-04
-1.229345216415822506e-04
2.906428650021553040e-03
9.697072207927703857e-03
1.282745972275733948e-02
1.230722945183515549e-02
1.557720545679330826e-02
2.264720015227794647e-02
1.866493001580238342e-02
2.593370340764522552e-02
2.960144728422164917e-02
2.967839129269123077e-02
2.617488056421279907e-02
3.396357595920562744e-02
3.819285705685615540e-02
3.144231811165809631e-02
3.601606562733650208e-02
2.963172644376754761e-02
3.459363430738449097e-02
2.861963957548141479e-02
3.401428461074829102e-02
2.849561534821987152e-02
3.436837345361709595e-02
3.678188100457191467e-02
3.574774786829948425e-02
3.127764537930488586e-02
3.081441298127174377e-02
2.693874388933181763e-02
2.709356881678104401e-02
2.385966666042804718e-02
1.724892482161521912e-02
1.470435503870248795e-02
1.623787172138690948e-02
6.999182980507612228e-03
1.862376695498824120e-03
8.270418271422386169e-03
-3.489263122901320457e-03
-3.680487861856818199e-03
-7.153728976845741272e-03
-6.466224789619445801e-03
-1.646858453750610352e-02
-7.424902170896530151e-03
-9.048152714967727661e-03
-1.390933524817228317e-02
-7.202151697129011154e-03
-1.128933299332857132e-02
-1.137821935117244720e-02
-1.496956124901771545e-02
-7.270927540957927704e-03
-1.064549852162599564e-02
-1.030107121914625168e-02
-1.373886223882436752e-02
-6.166898645460605621e-03
-2.517722779884934425e-03
-1.029288489371538162e-02
-7.269644644111394882e-03
-8.380860090255737305e-03
-6.266186479479074478e-03
-9.964695200324058533e-04
-7.373762491624802351e-05
3.862103680148720741e-03
3.308881772682070732e-03
5.626562982797622681e-03
3.312863875180482864e-03
1.115875691175460815e-02
6.799686234444379807e-03
5.026568658649921417e-03
1.319920923560857773e-02
8.953011594712734222e-03
7.078883238136768341e-03
1.493664830923080444e-02
1.016175840049982071e-02
1.497629657387733459e-02
7.015793118625879288e-03
1.593352481722831726e-02
4.502935335040092468e-03
9.808529168367385864e-03
9.486089460551738739e-03
1.089587900787591934e-02
1.396714430302381516e-02
1.119812671095132828e-02
9.949358180165290833e-03
1.758147031068801880e-02
1.173079945147037506e-02
1.462037675082683563e-02
1.131784170866012573e-02
9.184236638247966766e-03
8.149604313075542450e-03
8.144087158143520355e-03
9.097930043935775757e-03
3.510368289425969124e-03
6.174030248075723648e-03
2.157230861485004425e-03
-1.178522245027124882e-03
-1.133459620177745819e-02
-6.088077090680599213e-03
-7.802589796483516693e-03
-9.117303416132926941e-03
-1.010244153439998627e-02
-1.082818955183029175e-02
-1.879580318927764893e-02
-1.178211439400911331e-02
-1.215054374188184738e-02
-1.997120678424835205e-02
-1.302092522382736206e-02
-1.366312801837921143e-02
-1.453687064349651337e-02
-8.281234651803970337e-03
-9.828636422753334045e-03
-1.181823667138814926e-02
-1.432034745812416077e-02
-1.740533858537673950e-02
-2.114363759756088257e-02
-1.817464455962181091e-02
-1.600002869963645935e-02
-1.469043642282485962e-02
-1.431659422814846039e-02
-1.494930963963270187e-02
-9.228370152413845062e-03
-1.208695210516452789e-02
-8.733916096389293671e-03
-1.410260424017906189e-02
-5.970945116132497787e-03
-1.413464546203613281e-02
-8.940692991018295288e-03
-1.275384891778230667e-02
-1.301277615129947662e-02
-9.045965969562530518e-03
-6.126850377768278122e-03
-5.813367199152708054e-03
-2.232406288385391235e-03
-2.143769990652799606e-03
-4.175390058662742376e-04
1.388186472468078136e-03
9.721727692522108555e-04
2.721160650253295898e-03
4.333891905844211578e-03
4.995328839868307114e-03
5.376659799367189407e-03
6.149086635559797287e-03
5.754502490162849426e-03
7.093490101397037506e-03
6.378674879670143127e-03
6.520770490169525146e-03
5.268992856144905090e-03
4.098215140402317047e-03
2.997149480506777763e-03
2.697678981348872185e-03
9.593129507265985012e-04
-1.485930639319121838e-03
-2.419741824269294739e-03
-4.082397092133760452e-03
-5.741656757891178131e-03
-6.665206514298915863e-03
-9.093095548450946808e-03
-1.006352808326482773e-02
-1.181640289723873138e-02
-1.361910719424486160e-02
-1.473895832896232605e-02
-1.592942886054515839e-02
-1.720081456005573273e-02
-1.856335252523422241e-02
-1.928412169218063354e-02
-2.085947245359420776e-02
-2.107016742229461670e-02
-2.141247875988483429e-02
-2.263954095542430878e-02
-2.253201976418495178e-02
-2.184299752116203308e-02
-2.355488203465938568e-02
-2.321897074580192566e-02
-2.233144640922546387e-02
-2.090227231383323669e-02
-2.042765170335769653e-02
-1.943136937916278839e-02
-1.718034408986568451e-02
-1.591396704316139221e-02
-1.489922776818275452e-02
-1.414627302438020706e-02
-1.292218361049890518e-02
-1.123720593750476837e-02
-9.101641364395618439e-03
-8.012071251869201660e-03
-6.492702290415763855e-03
-6.040242034941911697e-03
-4.435916896909475327e-03
-3.176571335643529892e-03
-1.529787317849695683e-03
-2.494355430826544762e-04
1.396766398102045059e-03
1.911704894155263901e-03
2.770641352981328964e-03
3.962555900216102600e-03
3.999520558863878250e-03
4.403472878038883209e-03
5.219450220465660095e-03
4.263113718479871750e-03
3.808739362284541130e-03
3.158127656206488609e-03
3.099265275523066521e-03
2.190783619880676270e-03
1.220621867105364799e-03
9.767048759385943413e-04
-7.254916126839816570e-04
-8.687246590852737427e-04
-1.637518405914306641e-03
-2.987057436257600784e-03
-3.386292140930891037e-03
-5.019700620323419571e-03
-4.869966767728328705e-03
-5.864620674401521683e-03
-7.215607445687055588e-03
-7.391721475869417191e-03
-7.834148593246936798e-03
-8.497810922563076019e-03
-9.337573312222957611e-03
-9.565136395394802094e-03
-9.878364391624927521e-03
-9.488839656114578247e-03
-9.837414138019084930e-03
-1.087865792214870453e-02
-1.033774949610233307e-02
-1.039846241474151611e-02
-1.027207169681787491e-02
-1.065601035952568054e-02
-1.076143328100442886e-02
-1.054255105555057526e-02
-1.069662626832723618e-02
-9.691545739769935608e-03
-8.967585861682891846e-03
-8.478761650621891022e-03
-8.179050870239734650e-03
-7.279282435774803162e-03
-6.476480048149824142e-03
-5.724532064050436020e-03
-5.720415618270635605e-03
-4.931766539812088013e-03
-4.798649810254573822e-03
-3.788687521591782570e-03
-2.598835388198494911e-03
-1.926054712384939194e-03
-1.724210451357066631e-03
-4.609650641214102507e-04
-3.184983215760439634e-04
2.407520951237529516e-04
1.269151922315359116e-03
2.819031476974487305e-03
3.456461476162075996e-03
3.976800944656133652e-03
3.689141478389501572e-03
4.874967969954013824e-03
4.613944794982671738e-03
5.187454167753458023e-03
5.904385820031166077e-03
6.073574535548686981e-03
5.746910814195871353e-03
6.462452467530965805e-03
6.042652763426303864e-03
6.768572144210338593e-03
6.462562829256057739e-03
7.405584678053855896e-03
7.419892586767673492e-03
7.300138007849454880e-03
7.097819820046424866e-03
7.607510779052972794e-03
7.394418586045503616e-03
7.253050338476896286e-03
6.491668988019227982e-03
6.647842936217784882e-03
6.286684889346361160e-03
5.459512583911418915e-03
4.960747435688972473e-03
4.841694608330726624e-03
4.410551395267248154e-03
4.461737815290689468e-03
2.817245200276374817e-03
2.500846516340970993e-03
1.334563014097511768e-03
8.559867856092751026e-04
3.734046476893126965e-04
-8.048684103414416313e-04
-1.141156419180333614e-03
-1.327079487964510918e-03
-2.797331428155303001e-03
-2.527908654883503914e-03
-3.439646214246749878e-03
-3.251569345593452454e-03
-3.398210043087601662e-03
-4.570949357002973557e-03
-4.488682840019464493e-03
-3.842705860733985901e-03
-4.067380912601947784e-03
-3.624589415267109871e-03
-3.211786737665534019e-03
-2.808416495099663734e-03
-1.657059998251497746e-03
-1.229594345204532146e-03
-2.542537185945548117e-05
4.836296720895916224e-04
1.055109081789851189e-03
2.446573926135897636e-03
4.672494251281023026e-03
5.518025252968072891e-03
6.483885459601879120e-03
6.841471418738365173e-03
7.348404731601476669e-03
8.762308396399021149e-03
9.611472487449645996e-03
9.910400956869125366e-03
1.041670236736536026e-02
1.114485692232847214e-02
1.136622391641139984e-02
1.258147228509187698e-02
1.257569901645183563e-02
1.284952741116285324e-02
1.341733708977699280e-02
1.355036627501249313e-02
1.400604378432035446e-02
1.405554916709661484e-02
1.371313538402318954e-02
1.299302559345960617e-02
1.265251822769641876e-02
1.196265686303377151e-02
1.168066915124654770e-02
1.107753068208694458e-02
1.016729325056076050e-02
9.707085788249969482e-03
8.224677294492721558e-03
7.963353767991065979e-03
7.450827397406101227e-03
5.957887973636388779e-03
4.984637256711721420e-03
4.544930532574653625e-03
3.166384762153029442e-03
2.349039772525429726e-03
6.204805686138570309e-04
2.238302986370399594e-04
-1.056457287631928921e-03
-9.772748453542590141e-04
-1.754178549163043499e-03
-3.373395418748259544e-03
-3.591821063309907913e-03
-3.881896845996379852e-03
-4.236626904457807541e-03
-3.933060914278030396e-03
-3.741247812286019325e-03
-3.688111901283264160e-03
-3.057452151551842690e-03
-2.619270468130707741e-03
-2.400438999757170677e-03
-9.415902313776314259e-04
-1.241994672454893589e-03
-3.560203476808965206e-04
2.033279160968959332e-04
1.152398879639804363e-03
2.464455319568514824e-03
2.626563888043165207e-03
3.841364756226539612e-03
4.595972131937742233e-03
4.863741807639598846e-03
6.104272790253162384e-03
6.061633117496967316e-03
6.938572507351636887e-03
7.222308777272701263e-03
7.629404310137033463e-03
7.390220183879137039e-03
7.964458316564559937e-03
8.582505397498607635e-03
8.474753238260746002e-03
9.100936353206634521e-03
8.205244317650794983e-03
8.733639493584632874e-03
9.173426777124404907e-03
8.755023591220378876e-03
8.938172832131385803e-03
8.210174739360809326e-03
8.030766621232032776e-03
7.630346342921257019e-03
7.725526113063097000e-03
6.803575437515974045e-03
6.324196234345436096e-03
4.774635657668113708e-03
5.100789945572614670e-03
4.303659778088331223e-03
3.842892125248908997e-03
2.948789391666650772e-03
3.080967580899596214e-03
1.983477966859936714e-03
1.115905470214784145e-03
1.194710261188447475e-03
-3.610309431678615510e-05
-3.738845698535442352e-04
-5.884382990188896656e-04
-1.451280433684587479e-03
-2.254514023661613464e-03
-2.291952958330512047e-03
-2.343640662729740143e-03
-3.189630806446075439e-03
-3.380656009539961815e-03
-3.696784377098083496e-03
-3.431871300563216209e-03
-3.365995828062295914e-03
-3.536130301654338837e-03
-3.979249857366085052e-03
-3.246108302846550941e-03
-3.603010205551981926e-03
-3.600707277655601501e-03
-3.276168601587414742e-03
-3.409468103200197220e-03
-3.294454887509346008e-03
-3.711191471666097641e-03
-3.953513223677873611e-03
-4.058356862515211105e-03
-3.319540526717901230e-03
-3.260203637182712555e-03
-3.174144309014081955e-03
-3.098262008279561996e-03
-2.326335059478878975e-03
-2.381460508331656456e-03
-2.557396190240979195e-03
-2.147888299077749252e-03
-2.676003612577915192e-03
-1.949248719029128551e-03
-1.490670139901340008e-03
-5.939759430475533009e-04
7.040244527161121368e-04
8.803093805909156799e-04
1.384304254315793514e-03
2.179220551624894142e-03
2.485165838152170181e-03
2.265361137688159943e-03
2.226142445579171181e-03
3.816958051174879074e-03
2.542377682402729988e-03
3.567402483895421028e-03
3.882823511958122253e-03
3.451871452853083611e-03
2.980885328724980354e-03
3.176201134920120239e-03
3.257932374253869057e-03
3.189298789948225021e-03
3.676625434309244156e-03
2.453792840242385864e-03
2.460037358105182648e-03
1.447188085876405239e-03
1.629319274798035622e-03
7.618393283337354660e-04
1.058809575624763966e-03
-4.674843221437186003e-04
-8.598839631304144859e-04
-1.619896967895328999e-03
-2.019707113504409790e-03
-2.817724365741014481e-03
-3.286143997684121132e-03
-4.183386918157339096e-03
-4.038549028337001801e-03
-5.839389748871326447e-03
-6.628793664276599884e-03
-7.165197283029556274e-03
-7.463930640369653702e-03
-7.540325634181499481e-03
-8.152824826538562775e-03
-8.573655039072036743e-03
-8.818147704005241394e-03
-8.901640772819519043e-03
-8.096354082226753235e-03
-8.646951988339424133e-03
-8.339433930814266205e-03
-7.932236418128013611e-03
-8.183796890079975128e-03
-8.366324007511138916e-03
-7.752028759568929672e-03
-7.842443883419036865e-03
-7.909770123660564423e-03
-7.226203568279743195e-03
-6.550156045705080032e-03
-6.640036124736070633e-03
-5.281807854771614075e-03
-5.463199689984321594e-03
-4.970168694853782654e-03
-3.817996941506862640e-03
-3.508182475343346596e-03
-2.569781383499503136e-03
-1.761176972649991512e-03
-1.097639673389494419e-03
-5.944382282905280590e-04
4.762700409628450871e-04
6.129989051260054111e-04
1.286702696233987808e-03
1.739005791023373604e-03
1.954642357304692268e-03
1.918345806188881397e-03
3.101068083196878433e-03
2.519790083169937134e-03
2.412020461633801460e-03
2.790625905618071556e-03
2.925359876826405525e-03
2.085974672809243202e-03
1.771548297256231308e-03
1.994936726987361908e-03
1.282772282138466835e-03
3.910153754986822605e-04
7.562265091110020876e-05
-3.936713328585028648e-04
-2.609146176837384701e-04
-1.742597087286412716e-03
-1.853440888226032257e-03
-2.809938974678516388e-03
-3.856145311146974564e-03
-4.236114211380481720e-03
-4.680120386183261871e-03
-5.175325553864240646e-03
-4.965783096849918365e-03
-6.267981603741645813e-03
-6.096639204770326614e-03
-5.925128236413002014e-03
-5.740598309785127640e-03
-6.273303646594285965e-03
-6.024164147675037384e-03
-6.466532126069068909e-03
-6.844423711299896240e-03
-6.401848979294300079e-03
-6.612138822674751282e-03
-6.719286553561687469e-03
-5.967278499156236649e-03
-5.829420406371355057e-03
-5.549679975956678391e-03
-5.115125793963670731e-03
-4.512818064540624619e-03
-4.472917411476373672e-03
-4.239356145262718201e-03
-3.799168393015861511e-03
-3.139380132779479027e-03
-2.990119159221649170e-03
-2.595287514850497246e-03
-2.685000188648700714e-03
-1.760037150233983994e-03
-1.293613226152956486e-03
-1.272720051929354668e-03
-1.981262903427705169e-04
-2.861488901544362307e-04
-3.755451325559988618e-05
5.606696940958499908e-04
7.802626350894570351e-04
1.386531046591699123e-03
1.660395180806517601e-03
1.625880249775946140e-03
1.307004014961421490e-03
1.470886752940714359e-03
2.141529461368918419e-03
1.856703311204910278e-03
1.383497612550854683e-03
2.232099650427699089e-03
2.197134541347622871e-03
2.788761397823691368e-03
1.801577047444880009e-03
2.231931779533624649e-03
1.874390407465398312e-03
2.239051973447203636e-03
1.863559242337942123e-03
1.514868927188217640e-03
1.216811360791325569e-03
2.500911941751837730e-04
8.678373415023088455e-04
8.645038469694554806e-04
2.638604782987385988e-04
5.758833140134811401e-04
3.380958223715424538e-04
3.173401637468487024e-04
-2.057720266748219728e-04
-4.644181171897798777e-04
-4.348930669948458672e-04
-9.349799802294000983e-05
-1.596485672052949667e-04
1.334566186415031552e-04
-6.767122540622949600e-04
-1.080244430340826511e-03
-1.053447136655449867e-03
-1.315733301453292370e-03
-1.843400183133780956e-03
-1.869627623818814754e-03
-1.370696350932121277e-03
-1.065986114554107189e-03
-1.674864441156387329e-03
-1.687354990281164646e-03
-1.822796417400240898e-03
-2.057400764897465706e-03
-1.624252879992127419e-03
-1.985748531296849251e-03
-1.631824532523751259e-03
-1.281728036701679230e-03
-1.654685242101550102e-03
-1.240571495145559311e-03
-7.603341364301741123e-04
-1.988390868064016104e-04
-2.858040679711848497e-04
-2.647066430654376745e-04
6.209951825439929962e-04
8.985323947854340076e-04
1.324483775533735752e-03
1.912334933876991272e-03
1.932476530782878399e-03
2.141534117981791496e-03
3.296145005151629448e-03
3.180517116561532021e-03
4.037528298795223236e-03
3.651401959359645844e-03
4.265027586370706558e-03
4.405748099088668823e-03
4.087125882506370544e-03
4.065833520144224167e-03
3.612318309023976326e-03
3.483244217932224274e-03
4.435266368091106415e-03
4.252590704709291458e-03
3.691851161420345306e-03
4.995888564735651016e-03
5.205758381634950638e-03
4.334938712418079376e-03
5.369329359382390976e-03
4.606820642948150635e-03
4.290161654353141785e-03
4.432749003171920776e-03
4.304846748709678650e-03
3.176694968715310097e-03
2.547839656472206116e-03
2.431582892313599586e-03
2.098092110827565193e-03
1.560620381496846676e-03
1.575507456436753273e-03
1.412849640473723412e-03
1.085830852389335632e-03
1.350723672658205032e-03
7.344506448134779930e-04
-6.754577952960971743e-06
-1.166755464510060847e-04
-1.068441197276115417e-03
-1.362754264846444130e-03
-9.865491883829236031e-04
-1.412989455275237560e-03
-1.885916572064161301e-03
-2.392286667600274086e-03
-2.175949048250913620e-03
-1.969953533262014389e-03
-1.776157761923968792e-03
-2.342506079003214836e-03
-2.187605248764157295e-03
-2.059384249150753021e-03
-1.219540718011558056e-03
-1.159088686108589172e-03
-3.965880314353853464e-04
-4.230211197864264250e-04
2.430880413157865405e-04
8.539055124856531620e-04
1.404728973284363747e-03
1.147768227383494377e-03
2.307697432115674019e-03
1.907444791868329048e-03
2.914842683821916580e-03
2.352869370952248573e-03
3.189407987520098686e-03
3.190597053617238998e-03
3.838149132207036018e-03
2.898251637816429138e-03
3.338884329423308372e-03
2.183169359341263771e-03
2.399130025878548622e-03
3.239258658140897751e-03
4.699175711721181870e-03
4.545187111943960190e-03
4.259163513779640198e-03
3.836766118183732033e-03
4.016777500510215759e-03
4.051765892654657364e-03
3.937416709959506989e-03
3.669415134936571121e-03
3.243448678404092789e-03
3.398311324417591095e-03
3.386571770533919334e-03
2.460792893543839455e-03
2.845966257154941559e-03
2.308412222191691399e-03
2.329987008124589920e-03
1.420089858584105968e-03
1.803652499802410603e-03
5.038161762058734894e-04
-2.545294119045138359e-04
-4.758475988637655973e-04
-9.077360737137496471e-04
-8.115976816043257713e-04
-9.350815671496093273e-04
-1.282753306441009045e-03
-1.116095460020005703e-03
-2.670558402314782143e-03
-2.242740942165255547e-03
-2.818759297952055931e-03
-2.182985423132777214e-03
-1.835366128943860531e-03
-1.789651811122894287e-03
-2.059615915641188622e-03
-1.915942411869764328e-03
-2.115554641932249069e-03
-1.929173944517970085e-03
-2.113756258040666580e-03
-1.196941128000617027e-03
-6.788188475184142590e-04
-1.316378009505569935e-03
-8.941738633438944817e-04
-9.123142808675765991e-04
-6.415785173885524273e-04
-9.585398947820067406e-05
-3.213371746824122965e-05
-4.642939893528819084e-04
-6.630917196162045002e-04
-6.423820741474628448e-04
-4.160060780122876167e-04
2.211410446761874482e-06
-1.446460955776274204e-04
6.158551550470292568e-04
4.062083462486043572e-05
1.088350196368992329e-03
7.728870841674506664e-04
1.309871673583984375e-03
1.199420657940208912e-03
1.171008567325770855e-03
1.211027614772319794e-03
2.049008384346961975e-03
1.442069537006318569e-03
1.606017583981156349e-03
1.784246298484504223e-03
1.963286194950342178e-03
2.129693515598773956e-03
1.526938518509268761e-03
2.370955189689993858e-03
1.675928127951920033e-03
1.657832530327141285e-03
1.560221309773623943e-03
1.369772711768746376e-03
1.073179184459149837e-03
1.400253968313336372e-03
8.514899527654051781e-04
8.998261182568967342e-04
7.888759137131273746e-04
5.061842384748160839e-04
7.856843876652419567e-04
1.327964710071682930e-04
2.537488580856006593e-05
-2.880638639908283949e-04
-8.159035351127386093e-04
-8.234300767071545124e-04
-1.062163850292563438e-03
-1.540531287901103497e-03
-1.523866900242865086e-03
-1.763744279742240906e-03
-2.268648240715265274e-03
-3.047085367143154144e-03
-3.364474978297948837e-03
-3.972480073571205139e-03
-2.650348236784338951e-03
-3.122231457382440567e-03
-3.167425980791449547e-03
-3.537693060934543610e-03
-3.498597769066691399e-03
-3.801949787884950638e-03
-1.484031206928193569e-03
-1.755356090143322945e-03
-1.652249833568930626e-03
-3.412827616557478905e-03
-2.587233437225222588e-03
-2.899837912991642952e-03
-2.873256569728255272e-03
-2.516339067369699478e-03
-2.581056207418441772e-03
-2.333169104531407356e-03
-2.524666255339980125e-03
-2.421322278678417206e-03
-2.032025484368205070e-03
-1.365666277706623077e-03
-1.917354296892881393e-03
-1.466647721827030182e-03
-1.508650602772831917e-03
-5.660216556861996651e-04
-1.338516594842076302e-04
-9.641128126531839371e-04
-9.321686229668557644e-05
9.837762918323278427e-04
7.718196138739585876e-04
7.483201334252953529e-04
9.044795297086238861e-04
1.231515198014676571e-03
1.720660598948597908e-03
1.620055758394300938e-03
1.664077397435903549e-03
1.845862250775098801e-03
2.165977843105792999e-03
1.140642096288502216e-03
1.744747976772487164e-03
1.008324790745973587e-03
1.163185457699000835e-03
7.256075041368603706e-04
4.412110720295459032e-04
3.125180664937943220e-04
-4.010486591141670942e-04
-2.107268810505047441e-04
-6.001859437674283981e-04
-8.237584261223673820e-04
-1.621990930289030075e-03
-2.249205717816948891e-03
-2.702832454815506935e-03
-2.237188396975398064e-03
-2.335920464247465134e-03
-2.253346843644976616e-03
-2.730006817728281021e-03
-3.763332497328519821e-03
-2.378321485593914986e-03
-3.031073836609721184e-03
-2.746596932411193848e-03
-2.265454037114977837e-03
-2.328214701265096664e-03
-2.189236227422952652e-03
-1.845993218012154102e-03
-2.782188123092055321e-03
-3.509091679006814957e-03
-3.281091572716832161e-03
-2.838803920894861221e-03
-2.179741160944104195e-03
-2.787642879411578178e-03
-2.430705819278955460e-03
-2.592681441456079483e-03
-1.784886699169874191e-03
-2.234193030744791031e-03
-1.708815107122063637e-03
-1.692520570941269398e-03
-1.439748215489089489e-03
-1.691158162429928780e-03
-1.701190252788364887e-03
-7.242833380587399006e-04
-2.442043041810393333e-04
-2.584972244221717119e-04
-2.159268115065060556e-05
-2.741367788985371590e-04
4.725593607872724533e-04
7.347503560595214367e-04
5.160105647519230843e-04
5.674053682014346123e-04
8.979907725006341934e-04
7.737198611721396446e-04
9.467727504670619965e-04
6.831169594079256058e-04
1.478056539781391621e-03
1.111352583393454552e-03
3.352122439537197351e-04
6.449583452194929123e-04
5.634788540191948414e-04
9.988612146116793156e-05
6.405858130165142938e-06
2.921563573181629181e-04
-5.199625156819820404e-04
-1.915005414048209786e-04
-1.995581260416656733e-04
-5.350175197236239910e-04
-4.456541209947317839e-04
-6.654674652963876724e-04
-4.422426573000848293e-04
2.331186260562390089e-04
-1.165130597655661404e-04
-7.389460806734859943e-04
-8.819985087029635906e-04
-5.366095574572682381e-04
-1.179949613288044930e-03
-1.316761714406311512e-03
-1.681131660006940365e-03
-7.778287981636822224e-04
-1.570295775309205055e-03
-1.077109482139348984e-03
-1.518630189821124077e-03
-2.885902067646384239e-03
-2.940652193501591682e-03
-9.308409062214195728e-04
-5.630998057313263416e-04
-1.085412106476724148e-03
-1.002661068923771381e-03
-1.049068639986217022e-03
-4.726444021798670292e-04
-7.507338305003941059e-04
-3.882471355609595776e-04
-8.625370683148503304e-04
8.077027159743010998e-04
1.658899709582328796e-03
9.568138048052787781e-04
1.682760543189942837e-03
-6.130381952971220016e-04
-7.199212559498846531e-04
-1.155672725872136652e-04
-2.790834114421159029e-04
-4.605927679222077131e-04
8.979803533293306828e-05
-1.073296371032483876e-04
4.410651163198053837e-04
9.987140074372291565e-04
8.293707505799829960e-04
6.830321508459746838e-04
5.666083889082074165e-04
1.230143941938877106e-03
1.194377662613987923e-03
1.209402806125581264e-03
1.282226876355707645e-03
1.419880776666104794e-03
1.629418344236910343e-03
1.917915302328765392e-03
1.549357082694768906e-03
2.017078921198844910e-03
1.841992139816284180e-03
1.774353324435651302e-03
1.078211120329797268e-03
1.990064745768904686e-03
1.544650411233305931e-03
1.235368195921182632e-03
1.812510075978934765e-03
1.797035685740411282e-03
1.196119934320449829e-03
7.600390817970037460e-04
1.239057630300521851e-03
4.109849978704005480e-04
5.122722941450774670e-04
6.379891419783234596e-05
5.588597268797457218e-04
-2.248280361527577043e-04
-5.091765342513099313e-05
-3.986452938988804817e-04
-5.179523723199963570e-04
-4.019276821054518223e-04
-7.868089596740901470e-04
-1.795444404706358910e-04
-8.026738069020211697e-04
-1.163228997029364109e-03
-5.113941151648759842e-04
-3.267257998231798410e-04
-6.026023183949291706e-04
-1.332442625425755978e-03
-1.023484976030886173e-03
-1.155445235781371593e-03
-1.721854321658611298e-03
-1.974404789507389069e-03
-1.912885811179876328e-03
-7.952418527565896511e-04
-1.087690834538079798e-04
1.454383018426597118e-04
7.093828171491622925e-04
9.572851558914408088e-05
5.326857790350914001e-04
-2.101931459037587047e-04
9.531096293358132243e-05
7.049898849800229073e-04
8.746536914259195328e-04
1.346355769783258438e-03
1.375958905555307865e-03
1.705580390989780426e-03
1.591157517395913601e-03
1.774892210960388184e-03
1.512816175818443298e-03
2.290345262736082077e-03
1.877404167316854000e-03
2.502638846635818481e-03
1.936100888997316360e-03
1.663460163399577141e-03
2.427347004413604736e-03
1.998022897168993950e-03
2.604483161121606827e-03
2.017136197537183762e-03
1.722013694234192371e-03
1.718998886644840240e-03
2.008046256378293037e-03
1.102958689443767071e-03
1.976263010874390602e-03
1.655668718740344048e-03
1.627601683139801025e-03
1.149210031144320965e-03
9.639077470637857914e-04
1.072039129212498665e-03
-1.223890740220667794e-05
6.839163252152502537e-04
1.884851953946053982e-04
-7.549925940111279488e-04
-6.598667823709547520e-04
-1.011935179121792316e-03
-1.067683566361665726e-03
-1.569843967445194721e-03
-1.031855354085564613e-03
-9.396423120051622391e-04
-2.779184607788920403e-03
-2.834756625816226006e-03
-2.592476084828376770e-03
-2.053086878731846809e-03
-2.706699538975954056e-03
-3.071846906095743179e-03
-3.153387457132339478e-03
-3.699401160702109337e-03
-3.228756599128246307e-03
-3.975993953645229340e-03
-3.717121202498674393e-03
-3.200716106221079826e-03
-2.432380337268114090e-03
-2.160958945751190186e-03
-2.392320893704891205e-03
-2.389359753578901291e-03
-1.415099832229316235e-03
-1.705134869553148746e-03
-1.779633341357111931e-03
-9.019925491884350777e-04
-5.650534876622259617e-04
-3.243254104745574296e-05
-7.971732411533594131e-04
1.062530427589081228e-04
-3.015820984728634357e-04
2.015969657804816961e-04
8.655724232085049152e-04
1.969759614439681172e-04
-3.251477028243243694e-04
3.512386683723889291e-05
5.274954019114375114e-04
4.016892635263502598e-04
3.936811990570276976e-04
1.239495817571878433e-03
1.445892849005758762e-03
1.005932455882430077e-03
1.398991444148123264e-03
1.132118282839655876e-03
1.684928312897682190e-03
1.564738573506474495e-03
1.508350716903805733e-03
2.340514765819534659e-05
7.638242823304608464e-05
1.661515212617814541e-03
1.057688379660248756e-03
1.231987262144684792e-03
6.930565577931702137e-04
1.665315590798854828e-03
1.171644427813589573e-03
6.938162841834127903e-04
2.276199375046417117e-04
5.121901049278676510e-04
5.756607424700632691e-05
0.000000000000000000e+00
0.000000000000000000e+00
0.000000000000000000e+00
0.000000000000000000e+00
0.000000000000000000e+00
0.000000000000000000e+00
0.000000000000000000e+00
0.000000000000000000e+00
0.000000000000000000e+00
0.000000000000000000e+00
0.000000000000000000e+00
0.000000000000000000e+00
0.000000000000000000e+00
0.000000000000000000e+00
0.000000000000000000e+00
0.000000000000000000e+00
0.000000000000000000e+00
0.000000000000000000e+00
0.000000000000000000e+00
0.000000000000000000e+00
0.000000000000000000e+00
0.000000000000000000e+00
0.000000000000000000e+00
0.000000000000000000e+00
0.000000000000000000e+00
0.000000000000000000e+00
0.000000000000000000e+00
0.000000000000000000e+00
0.000000000000000000e+00
0.000000000000000000e+00
0.000000000000000000e+00
0.000000000000000000e+00
0.000000000000000000e+00
0.000000000000000000e+00
0.000000000000000000e+00
0.000000000000000000e+00
0.000000000000000000e+00
0.000000000000000000e+00
0.000000000000000000e+00
0.000000000000000000e+00
0.000000000000000000e+00
0.000000000000000000e+00
0.000000000000000000e+00
0.000000000000000000e+00
0.000000000000000000e+00
0.000000000000000000e+00
0.000000000000000000e+00
0.000000000000000000e+00
0.000000000000000000e+00
0.000000000000000000e+00
0.000000000000000000e+00
0.000000000000000000e+00
0.000000000000000000e+00
0.000000000000000000e+00
0.000000000000000000e+00
0.000000000000000000e+00
0.000000000000000000e+00
0.000000000000000000e+00
0.000000000000000000e+00
0.000000000000000000e+00
0.000000000000000000e+00
0.000000000000000000e+00
0.000000000000000000e+00
0.000000000000000000e+00
0.000000000000000000e+00
0.000000000000000000e+00
0.000000000000000000e+00
0.000000000000000000e+00
0.000000000000000000e+00
0.000000000000000000e+00
0.000000000000000000e+00
0.000000000000000000e+00
0.000000000000000000e+00
0.000000000000000000e+00
0.000000000000000000e+00
0.000000000000000000e+00
0.000000000000000000e+00
0.000000000000000000e+00
0.000000000000000000e+00
0.000000000000000000e+00
0.000000000000000000e+00
0.000000000000000000e+00
0.000000000000000000e+00
0.000000000000000000e+00
0.000000000000000000e+00
0.000000000000000000e+00
0.000000000000000000e+00
0.000000000000000000e+00
0.000000000000000000e+00
0.000000000000000000e+00
0.000000000000000000e+00
0.000000000000000000e+00
0.000000000000000000e+00
0.000000000000000000e+00
0.000000000000000000e+00
0.000000000000000000e+00
0.000000000000000000e+00
0.000000000000000000e+00
0.000000000000000000e+00
0.000000000000000000e+00
