# a
6.250000000000001388e-02
6.279583464815399751e-02
6.309448319594165855e-02
6.339598598279706787e-02
6.370038412291934016e-02
6.400771952396269726e-02
6.431803490627020781e-02
6.463137382266970210e-02
6.494778067885118022e-02
6.526730075434569733e-02
6.558998022412657058e-02
6.591586618085459870e-02
6.624500665778962349e-02
6.657745065239210891e-02
6.691324815063887099e-02
6.725245015207841071e-02
6.759510869565217572e-02
6.794127688630932638e-02
6.829100892244338583e-02
6.864436012418076438e-02
6.900138696255202209e-02
6.936214708957824659e-02
6.972669936930624146e-02
7.009510390982741368e-02
7.046742209631728926e-02
7.084371662513351542e-02
7.122405153901217867e-02
7.160849226340411378e-02
7.199710564399422474e-02
7.238995998544925370e-02
7.278712509144111276e-02
7.318867230599485074e-02
7.359467455621303278e-02
7.400520639642990672e-02
7.442034405385190843e-02
7.484016547574276479e-02
7.526475037821483971e-02
7.569418029669075509e-02
7.612853863810252475e-02
7.656791073489804811e-02
7.701238390092880748e-02
7.746204748929545747e-02
7.791699295223179778e-02
7.837731390311146462e-02
7.884310618066561749e-02
7.931446791550418596e-02
7.979149959903769629e-02
8.027430415490117988e-02
8.076298701298702254e-02
8.125765618619845698e-02
8.175842235004109060e-02
8.226539892517570340e-02
8.277870216306157380e-02
8.329845123482629288e-02
8.382476832350463369e-02
8.435777871979653619e-02
8.489761092150172050e-02
8.544439673679692093e-02
8.599827139152982358e-02
8.655937364071336626e-02
8.712784588441331579e-02
8.770383428823269600e-02
8.828748890860692311e-02
8.887896382313532906e-02
8.947841726618706304e-02
9.008601177003169869e-02
9.070191431175934904e-02
9.132629646626894138e-02
9.195933456561923569e-02
9.260120986505351870e-02
9.325210871602623852e-02
9.391222274657858027e-02
9.458174904942967531e-02
9.526089037817138394e-02
9.594985535197686488e-02
9.664885866925693181e-02
9.735812133072407892e-02
9.807787087235091128e-02
9.880834160873883110e-02
9.954977488744372327e-02
1.003024193548387177e-01
1.010665312341290228e-01
1.018423746161719601e-01
1.026302217637957842e-01
1.034303534303534500e-01
1.042430591932949208e-01
1.050686378035902840e-01
1.059073975518893124e-01
1.067596566523605350e-01
1.076257436452136423e-01
1.085059978189749225e-01
1.094007696536558605e-01
1.103104212860310518e-01
1.112353269983230863e-01
1.121758737316798232e-01
1.131324616259238303e-01
1.141055045871559731e-01
1.150954308849045926e-01
1.161026837806301143e-01
1.171277221895232618e-01
1.181710213776722279e-01
1.192330736968244403e-01
1.203143893591293867e-01
1.214154972544234379e-01
1.225369458128078987e-01
1.236793039154754775e-01
1.248431618569636192e-01
1.260291323622546034e-01
1.272378516624041167e-01
1.284699806326662364e-01
1.297262059973924297e-01
1.310072416063199630e-01
1.323138297872340496e-01
1.336467427803895436e-01
1.350067842605155999e-01
1.363947909527073454e-01
1.378116343490304874e-01
1.392582225332400503e-01
1.407355021216407376e-01
1.422444603288063047e-01
1.437861271676300901e-01
1.453615777940102383e-01
1.469719350073855346e-01
1.486183719193427955e-01
1.503021148036254029e-01
1.520244461420932058e-01
1.537867078825347900e-01
1.555903049257232329e-01
1.574367088607595278e-01
1.593274619695756733e-01
1.612641815235008047e-01
1.632485643970467692e-01
1.652823920265781010e-01
1.673675357443229761e-01
1.695059625212947119e-01
1.716997411561691222e-01
1.739510489510489866e-01
1.762621789193977162e-01
1.786355475763016232e-01
1.810737033666970086e-01
1.835793357933579728e-01
1.861552853133769947e-01
1.888045540796964017e-01
1.915303176130895291e-01
1.943359375000000278e-01
1.972249752229930653e-01
2.002012072434607715e-01
2.032686414708886891e-01
2.064315352697095873e-01
2.096944151738672490e-01
2.130620985010706625e-01
2.165397170837867480e-01
2.201327433628318953e-01
2.238470191226096806e-01
2.276887871853546796e-01
2.316647264260768557e-01
2.357819905213270617e-01
2.400482509047044688e-01
2.444717444717444677e-01
2.490613266583229235e-01
2.538265306122449161e-01
2.587776332899869858e-01
2.639257294429708245e-01
2.692828146143437240e-01
2.748618784530386661e-01
2.806770098730606566e-01
2.867435158501441261e-01
2.930780559646539163e-01
2.996987951807228989e-01
3.066255778120184905e-01
3.138801261829652911e-01
3.214862681744749540e-01
3.294701986754967060e-01
3.378607809847198884e-01
3.466898954703833136e-01
3.559928443649373886e-01
3.658088235294117974e-01
3.761814744801512678e-01
3.871595330739299734e-01
3.987975951903807714e-01
4.111570247933884481e-01
4.243070362473347901e-01
4.383259911894273331e-01
4.533029612756264703e-01
4.693396226415094685e-01
4.865525672371638355e-01
5.050761421319797106e-01
5.250659630606860917e-01
5.467032967032967594e-01
5.702005730659025495e-01
5.958083832335329122e-01
6.238244514106583427e-01
6.546052631578948011e-01
6.885813148788927363e-01
7.262773722627737794e-01
7.683397683397683586e-01
8.155737704918032405e-01
8.689956331877729534e-01
9.299065420560748141e-01
1.000000000000000000e+00
