# a
7.692307692307692735e-02
7.710144927536231874e-02
7.728065078442765412e-02
7.746068724519511450e-02
7.764156450671337584e-02
7.782328847279110229e-02
7.800586510263930740e-02
7.818930041152263866e-02
7.837360047142015451e-02
7.855877141169521904e-02
7.874481941977501398e-02
7.893175074183976514e-02
7.911957168352172498e-02
7.930828861061418877e-02
7.949790794979080810e-02
7.968843618933493800e-02
7.987987987987987815e-02
8.007224563515955018e-02
8.026554013277006905e-02
8.045977011494254150e-02
8.065494238932686966e-02
8.085106382978723971e-02
8.104814137720903200e-02
8.124618204031765212e-02
8.144519289650949123e-02
8.164518109269491841e-02
8.184615384615384626e-02
8.204811844540406407e-02
8.225108225108225535e-02
8.245505269683818528e-02
8.266003729024239133e-02
8.286604361370716876e-02
8.307307932542161433e-02
8.328115216030057555e-02
8.349026993094789406e-02
8.370044052863437334e-02
8.391167192429022093e-02
8.412397216951296441e-02
8.433734939759036930e-02
8.455181182453910815e-02
8.476736775015933367e-02
8.498402555910543332e-02
8.520179372197309031e-02
8.542068079640333100e-02
8.564069542820348935e-02
8.586184635248547692e-02
8.608414239482201080e-02
8.630759247242050791e-02
8.653220559531554779e-02
8.675799086757991774e-02
8.698495748855461507e-02
8.721311475409837533e-02
8.744247205785668497e-02
8.767303889255108340e-02
8.790482485128883750e-02
8.813783962889330803e-02
8.837209302325581273e-02
8.860759493670887499e-02
8.884435537742151057e-02
8.908238446081714890e-02
8.932169241101410584e-02
8.956228956228956539e-02
8.980418636056719528e-02
9.004739336492890989e-02
9.029192124915139117e-02
9.053778080326753408e-02
9.078498293515357975e-02
9.103353867214238060e-02
9.128345916266301929e-02
9.153475567790778089e-02
9.178743961352657521e-02
9.204152249134948949e-02
9.229701596113809581e-02
9.255393180236605455e-02
9.281228192602930527e-02
9.307207837648705240e-02
9.333333333333333759e-02
9.359605911330048933e-02
9.386026817219478291e-02
9.412597310686483809e-02
9.439318665720368429e-02
9.466192170818506224e-02
9.493219129193433692e-02
9.520400858983536774e-02
9.547738693467337778e-02
9.575233981281497386e-02
9.602888086642599741e-02
9.630702389572773359e-02
9.658678286129265822e-02
9.686817188638019438e-02
9.715120525931336681e-02
9.743589743589743668e-02
9.772226304188097457e-02
9.801031687546057913e-02
9.830007390983001858e-02
9.859154929577465531e-02
9.888475836431226407e-02
9.917971662938106225e-02
9.947643979057592400e-02
9.977494373593399912e-02
1.000752445447705141e-01
1.003773584905660321e-01
1.006813020439061429e-01
1.009870918754745689e-01
1.012947448591012961e-01
1.016042780748663138e-01
1.019157088122605442e-01
1.022290545734050732e-01
1.025443330763299993e-01
1.028615622583139988e-01
1.031807602792862849e-01
1.035019455252918358e-01
1.038251366120218622e-01
1.041503523884103471e-01
1.044776119402985037e-01
1.048069345941686492e-01
1.051383399209486202e-01
1.054718477398889770e-01
1.058074781225139399e-01
1.061452513966480438e-01
1.064851881505204101e-01
1.068273092369478039e-01
1.071716357775987088e-01
1.075181891673403362e-01
1.078669910786699132e-01
1.082180634662327084e-01
1.085714285714285826e-01
1.089271089271089260e-01
1.092851273623664660e-01
1.096455070074196375e-01
1.100082712985938765e-01
1.103734439834025000e-01
1.107410491257285745e-01
1.111111111111111049e-01
1.114836546521374566e-01
1.118587047939444967e-01
1.122362869198312435e-01
1.126164267569856187e-01
1.129991503823279536e-01
1.133844842284739973e-01
1.137724550898203679e-01
1.141630901287553623e-01
1.145564168819982881e-01
1.149524632670700097e-01
1.153512575888985259e-01
1.157528285465622420e-01
1.161572052401746713e-01
1.165644171779141314e-01
1.169744942832014190e-01
1.173874669020300021e-01
1.178033658104517128e-01
1.182222222222222285e-01
1.186440677966101864e-01
1.190689346463742332e-01
1.194968553459119509e-01
1.199278629395852114e-01
1.203619909502262469e-01
1.207992733878292396e-01
1.212397447584321053e-01
1.216834400731930527e-01
1.221303948576675791e-01
1.225806451612903303e-01
1.230342275670675278e-01
1.234911792014856263e-01
1.239515377446411964e-01
1.244153414405986952e-01
1.248826291079812162e-01
1.253534401508011320e-01
1.258278145695364281e-01
1.263057929724596407e-01
1.267874165872259207e-01
1.272727272727272874e-01
1.277617675312199830e-01
1.282545805207328804e-01
1.287512100677637994e-01
1.292517006802721136e-01
1.297560975609756140e-01
1.302644466209598451e-01
1.307767944936086557e-01
1.312931885488647643e-01
1.318136769078295523e-01
1.323383084577114399e-01
1.328671328671328644e-01
1.334002006018054354e-01
1.339375629405840928e-01
1.344792719919110369e-01
1.350253807106598924e-01
1.355759429153924611e-01
1.361310133060389116e-01
1.366906474820143991e-01
1.372549019607843257e-01
1.378238341968912040e-01
1.383975026014568344e-01
1.389759665621734808e-01
1.395592864637985320e-01
1.401475237091675541e-01
1.407407407407407496e-01
1.413390010626992543e-01
1.419423692636072598e-01
1.425509110396570300e-01
1.431646932185145493e-01
1.437837837837837862e-01
1.444082519001085863e-01
1.450381679389313172e-01
1.456736035049288058e-01
1.463146314631462996e-01
1.469613259668508254e-01
1.476137624861265374e-01
1.482720178372352315e-01
1.489361702127659781e-01
1.496062992125984370e-01
1.502824858757062232e-01
1.509648127128263573e-01
1.516533637400228063e-01
1.523482245131729806e-01
1.530494821634062197e-01
1.537572254335260180e-01
1.544715447154471621e-01
1.551925320886814452e-01
1.559202813599062099e-01
1.566548881036513574e-01
1.573964497041420163e-01
1.581450653983353105e-01
1.589008363201911689e-01
1.596638655462185030e-01
1.604342581423401914e-01
1.612121212121212233e-01
1.619975639464068251e-01
1.627906976744186163e-01
1.635916359163591682e-01
1.644004944375772603e-01
1.652173913043478437e-01
1.660424469413233628e-01
1.668757841907151929e-01
1.677175283732660893e-01
1.685678073510773201e-01
1.694267515923567058e-01
1.702944942381562077e-01
1.711711711711711714e-01
1.720569210866753074e-01
1.729518855656697052e-01
1.738562091503268181e-01
1.747700394218134057e-01
1.756935270805812521e-01
1.766268260292164771e-01
1.775700934579439172e-01
1.785234899328859148e-01
1.794871794871794879e-01
1.804613297150610696e-01
1.814461118690313957e-01
1.824417009602194717e-01
1.834482758620689657e-01
1.844660194174757573e-01
1.854951185495118393e-01
1.865357643758765727e-01
1.875881523272214524e-01
1.886524822695035686e-01
1.897289586305278553e-01
1.908177905308464928e-01
1.919191919191919338e-01
1.930333817126270168e-01
1.941605839416058188e-01
1.953010279001468341e-01
1.964549483013293962e-01
1.976225854383358294e-01
1.988041853512705903e-01
2.000000000000000111e-01
2.012102874432677713e-01
2.024353120243531368e-01
2.036753445635528237e-01
2.049306625577811958e-01
2.062015503875969102e-01
2.074882995319813073e-01
2.087912087912088266e-01
2.101105845181674425e-01
2.114467408585055663e-01
2.128000000000000169e-01
2.141706924315619764e-01
2.155591572123176647e-01
2.169657422512235034e-01
2.183908045977011603e-01
2.198347107438016756e-01
2.212978369384359378e-01
2.227805695142378584e-01
2.242833052276559935e-01
2.258064516129032195e-01
2.273504273504273476e-01
2.289156626506024250e-01
2.305025996533795751e-01
2.321116928446771699e-01
2.337434094903339254e-01
2.353982300884955858e-01
2.370766488413547368e-01
2.387791741472172213e-01
2.405063291139240556e-01
2.422586520947176691e-01
2.440366972477064356e-01
2.458410351201479049e-01
2.476722532588454262e-01
2.495309568480300333e-01
2.514177693761814880e-01
2.533333333333333548e-01
2.552783109404990203e-01
2.572533849129594041e-01
2.592592592592593004e-01
2.612966601178782211e-01
2.633663366336633782e-01
2.654690618762475252e-01
2.676056338028169335e-01
2.697768762677484888e-01
2.719836400817995936e-01
2.742268041237113652e-01
2.765072765072765226e-01
2.788259958071279132e-01
2.811839323467230645e-01
2.835820895522387919e-01
2.860215053763441317e-01
2.885032537960954824e-01
2.910284463894967089e-01
2.935982339955849896e-01
2.962138084632516821e-01
2.988764044943820197e-01
3.015873015873015706e-01
3.043478260869565410e-01
3.071593533487298466e-01
3.100233100233100170e-01
3.129411764705882226e-01
3.159144893111638930e-01
3.189448441247002553e-01
3.220338983050847759e-01
3.251833740831295838e-01
3.283950617283950546e-01
3.316708229426434396e-01
3.350125944584382842e-01
3.384223918575063328e-01
3.419023136246786554e-01
3.454545454545455141e-01
3.490813648293963345e-01
3.527851458885941649e-01
3.565683646112600691e-01
3.604336043360433783e-01
3.643835616438356184e-01
3.684210526315789269e-01
3.725490196078431460e-01
3.767705382436261075e-01
3.810888252148997291e-01
3.855072463768115520e-01
3.900293255131964676e-01
3.946587537091988396e-01
3.993993993993993907e-01
4.042553191489361430e-01
4.092307692307692313e-01
4.143302180685358715e-01
4.195583596214511046e-01
4.249201277955271250e-01
4.304207119741100263e-01
4.360655737704918766e-01
4.418604651162790775e-01
4.478114478114477714e-01
4.539249146757679543e-01
4.602076124567474613e-01
4.666666666666666741e-01
4.733096085409252418e-01
4.801444043321299593e-01
4.871794871794872250e-01
4.944237918215613758e-01
5.018867924528301883e-01
5.095785440613026518e-01
5.175097276264591928e-01
5.256916996047430457e-01
5.341365461847389362e-01
5.428571428571428159e-01
5.518672199170124859e-01
5.611814345991561481e-01
5.708154506437768116e-01
5.807860262008733843e-01
5.911111111111111427e-01
6.018099547511311931e-01
6.129032258064516236e-01
6.244131455399061226e-01
6.363636363636363535e-01
6.487804878048780699e-01
6.616915422885571996e-01
6.751269035532995177e-01
6.891191709844559643e-01
7.037037037037037202e-01
7.189189189189189033e-01
7.348066298342541547e-01
7.514124293785310327e-01
7.687861271676300623e-01
7.869822485207100815e-01
8.060606060606060330e-01
8.260869565217391353e-01
8.471337579617834734e-01
8.692810457516340072e-01
8.926174496644295742e-01
9.172413793103448842e-01
9.432624113475177596e-01
9.708029197080292327e-01
1.000000000000000000e+00
