# h
# unit = Mpc/c
6.107568817113658705e-03
6.086382817299272954e-03
6.065221586848961767e-03
6.044085154460776023e-03
6.022973548937131903e-03
6.001886799185453605e-03
5.980824934218832538e-03
5.959787983156682178e-03
5.938775975225404208e-03
5.917788939759059848e-03
5.896826906200041199e-03
5.875889904099761661e-03
5.854977963119336812e-03
5.834091113030289572e-03
5.813229383715238022e-03
5.792392805168618784e-03
5.771581407497386115e-03
5.750795220921747428e-03
5.730034275775878864e-03
5.709298602508666026e-03
5.688588231684450769e-03
5.667903193983762390e-03
5.647243520204089581e-03
5.626609241260636766e-03
5.606000388187089116e-03
5.585416992136396641e-03
5.564859084381558289e-03
5.544326696316402570e-03
5.523819859456396801e-03
5.503338605439458096e-03
5.482882966026753069e-03
5.462452973103533969e-03
5.442048658679958344e-03
5.421670054891936444e-03
5.401317194001970835e-03
5.380990108400012482e-03
5.360688830604334182e-03
5.340413393262378842e-03
5.320163829151663276e-03
5.299940171180655100e-03
5.279742452389673060e-03
5.259570705951789084e-03
5.239424965173752891e-03
5.219305263496907057e-03
5.199211634498124637e-03
5.179144111890761522e-03
5.159102729525588855e-03
5.139087521391776624e-03
5.119098521617847751e-03
5.099135764472677301e-03
5.079199284366474332e-03
5.059289115851781093e-03
5.039405293624497385e-03
5.019547852524897970e-03
4.999716827538655192e-03
4.979912253797905836e-03
4.960134166582287618e-03
4.940382601320014722e-03
4.920657593588956789e-03
4.900959179117713588e-03
4.881287393786738239e-03
4.861642273629430099e-03
4.842023854833266659e-03
4.822432173740942400e-03
4.802867266851509366e-03
4.783329170821542901e-03
4.763817922466318661e-03
4.744333558760980944e-03
4.724876116841767414e-03
4.705445634007200846e-03
4.686042147719319054e-03
4.666665695604916946e-03
4.647316315456796396e-03
4.627994045235030857e-03
4.608698923068252525e-03
4.589430987254929963e-03
4.570190276264697767e-03
4.550976828739667149e-03
4.531790683495765144e-03
4.512631879524094634e-03
4.493500455992297839e-03
4.474396452245936288e-03
4.455319907809908095e-03
4.436270862389842667e-03
4.417249355873550075e-03
4.398255428332463468e-03
4.379289120023102319e-03
4.360350471388566018e-03
4.341439523060023134e-03
4.322556315858235368e-03
4.303700890795092784e-03
4.284873289075170726e-03
4.266073552097296266e-03
4.247301721456143292e-03
4.228557838943845792e-03
4.209841946551626767e-03
4.191154086471440138e-03
4.172494301097649100e-03
4.153862633028716604e-03
4.135259125068907991e-03
4.116683820230031786e-03
4.098136761733183961e-03
4.079617993010524295e-03
4.061127557707084820e-03
4.042665499682566131e-03
4.024231863013200475e-03
4.005826691993602702e-03
3.987450031138667188e-03
3.969101925185474292e-03
3.950782419095228912e-03
3.932491558055221589e-03
3.914229387480815635e-03
3.895995953017458539e-03
3.877791300542718974e-03
3.859615476168351111e-03
3.841468526242388867e-03
3.823350497351264005e-03
3.805261436321948510e-03
3.787201390224132543e-03
3.769170406372431004e-03
3.751168532328609181e-03
3.733195815903853510e-03
3.715252305161064871e-03
3.697338048417173582e-03
3.679453094245505995e-03
3.661597491478167134e-03
3.643771289208462810e-03
3.625974536793353381e-03
3.608207283855940917e-03
3.590469580287989747e-03
3.572761476252491689e-03
3.555083022186247312e-03
3.537434268802504018e-03
3.519815267093622749e-03
3.502226068333775481e-03
3.484666724081691720e-03
3.467137286183449678e-03
3.449637806775283921e-03
3.432168338286456337e-03
3.414728933442158759e-03
3.397319645266461130e-03
3.379940527085302168e-03
3.362591632529517757e-03
3.345273015537930054e-03
3.327984730360460889e-03
3.310726831561310209e-03
3.293499374022175723e-03
3.276302412945510285e-03
3.259136003857852990e-03
3.242000202613188036e-03
3.224895065396360394e-03
3.207820648726554362e-03
3.190777009460818523e-03
3.173764204797638842e-03
3.156782292280579851e-03
3.139831329801971802e-03
3.122911375606667213e-03
3.106022488295848583e-03
3.089164726830895095e-03
3.072338150537324772e-03
3.055542819108778268e-03
3.038778792611085064e-03
3.022046131486391674e-03
3.005344896557352735e-03
2.988675149031392794e-03
2.972036950505038341e-03
2.955430362968325744e-03
2.938855448809275100e-03
2.922312270818445187e-03
2.905800892193563870e-03
2.889321376544233544e-03
2.872873787896718968e-03
2.856458190698823139e-03
2.840074649824830388e-03
2.823723230580557457e-03
2.807403998708470939e-03
2.791117020392908793e-03
2.774862362265389897e-03
2.758640091410010774e-03
2.742450275368949440e-03
2.726292982148058146e-03
2.710168280222562381e-03
2.694076238542857452e-03
2.678016926540417817e-03
2.661990414133810507e-03
2.645996771734813059e-03
2.630036070254656352e-03
2.614108381110371963e-03
2.598213776231269624e-03
2.582352328065523530e-03
2.566524109586895697e-03
2.550729194301576408e-03
2.534967656255161274e-03
2.519239570039765765e-03
2.503545010801266815e-03
2.487884054246694478e-03
2.472256776651765835e-03
2.456663254868564177e-03
2.441103566333373883e-03
2.425577789074671430e-03
2.410086001721271649e-03
2.394628283510645723e-03
2.379204714297398788e-03
2.363815374561929663e-03
2.348460345419261467e-03
2.333139708628056107e-03
2.317853546599819153e-03
2.302601942408293370e-03
2.287384979799052167e-03
2.272202743199289512e-03
2.257055317727832758e-03
2.241942789205351484e-03
2.226865244164798370e-03
2.211822769862076439e-03
2.196815454286929221e-03
2.181843386174082879e-03
2.166906655014623831e-03
2.152005351067633968e-03
2.137139565372088261e-03
2.122309389759012999e-03
2.107514916863926363e-03
2.092756240139560450e-03
2.078033453868871703e-03
2.063346653178356645e-03
2.048695934051676833e-03
2.034081393343593891e-03
2.019503128794247152e-03
2.004961239043754825e-03
1.990455823647171649e-03
1.975986983089807365e-03
1.961554818802905154e-03
1.947159433179711458e-03
1.932800929591933954e-03
1.918479412406605454e-03
1.904194987003367603e-03
1.889947759792183707e-03
1.875737838231496951e-03
1.861565330846850705e-03
1.847430347249979154e-03
1.833332998158387992e-03
1.819273395415442734e-03
1.805251652010975280e-03
1.791267882102434532e-03
1.777322201036584748e-03
1.763414725371790885e-03
1.749545572900887240e-03
1.735714862674667342e-03
1.721922715026008967e-03
1.708169251594651413e-03
1.694454595352656899e-03
1.680778870630574105e-03
1.667142203144320739e-03
1.653544720022835689e-03
1.639986549836492486e-03
1.626467822626326580e-03
1.612988669934099393e-03
1.599549224833224110e-03
1.586149621960586138e-03
1.572789997549293387e-03
1.559470489462386721e-03
1.546191237227549815e-03
1.532952382072847288e-03
1.519754066963539211e-03
1.506596436640002820e-03
1.493479637656809330e-03
1.480403818422996185e-03
1.467369129243577914e-03
1.454375722362347178e-03
1.441423752006013720e-03
1.428513374429731973e-03
1.415644747964066525e-03
1.402818033063462895e-03
1.390033392356269807e-03
1.377290990696381683e-03
1.364590995216562967e-03
1.351933575383517782e-03
1.339318903054786914e-03
1.326747152537525011e-03
1.314218500649253201e-03
1.301733126780658251e-03
1.289291212960520881e-03
1.276892943922864959e-03
1.264538507176415829e-03
1.252228093076465784e-03
1.239961894899245781e-03
1.227740108918907048e-03
1.215562934487226425e-03
1.203430574116146025e-03
1.191343233563272978e-03
1.179301121920459626e-03
1.167304451705601610e-03
1.155353438957790711e-03
1.143448303335967489e-03
1.131589268221229200e-03
1.119776560822945220e-03
1.108010412288860155e-03
1.096291057819345337e-03
1.084618736785997748e-03
1.072993692854767867e-03
1.061416174113824409e-03
1.049886433206371691e-03
1.038404727468634310e-03
1.026971319073250464e-03
1.015586475178312893e-03
1.004250468082324571e-03
9.929635753853232900e-04
9.817260801564748132e-04
9.705382711084195244e-04
9.594004427786899164e-04
9.483128957185200632e-04
9.372759366893944517e-04
9.262898788676909249e-04
9.153550420577942796e-04
9.044717529140716998e-04
8.936403451721285258e-04
8.828611598897650320e-04
8.721345456980958638e-04
8.614608590633001869e-04
8.508404645594918464e-04
8.402737351532324483e-04
8.297610525002227424e-04
8.193028072547341384e-04
8.088993993923668030e-04
7.985512385467449575e-04
7.882587443607864562e-04
7.780223468532051871e-04
7.678424868009324890e-04
7.577196161381720722e-04
7.476541983728198469e-04
7.376467090210136720e-04
7.276976360605941913e-04
7.178074804042860069e-04
7.079767563934267604e-04
6.982059923130912085e-04
6.884957309294687661e-04
6.788465300503819348e-04
6.692589631098173160e-04
6.597336197773688788e-04
6.502711065934750493e-04
6.408720476313317259e-04
6.315370851863388261e-04
6.222668804939169348e-04
6.130621144764844370e-04
6.039234885203416088e-04
5.948517252831245477e-04
5.858475695324210242e-04
5.769117890160115362e-04
5.680451753640803399e-04
5.592485450235628848e-04
5.505227402246059068e-04
5.418686299788715152e-04
5.332871111091484848e-04
5.247791093093838758e-04
5.163455802338773066e-04
5.079875106139109626e-04
4.997059193995749462e-04
4.915018589239235043e-04
4.833764160859059522e-04
4.753307135476949881e-04
4.673659109411244751e-04
4.594832060768793075e-04
4.516838361488873031e-04
4.439690789250042317e-04
4.363402539135478615e-04
4.287987234935136715e-04
4.213458939943759223e-04
4.139832167092242794e-04
4.067121888226029442e-04
3.995343542317743388e-04
3.924513042372415063e-04
3.854646780751939971e-04
3.785761632611186426e-04
3.717874957101204633e-04
3.651004595955664495e-04
3.585168869035027005e-04
3.520386566359619057e-04
3.456676936118078234e-04
3.394059668092623484e-04
3.332554871897974768e-04
3.272183049388099310e-04
3.212965060545592546e-04
3.154922082134613455e-04
3.098075558371996691e-04
3.042447142855258103e-04
2.988058630983694906e-04
2.934931882123131700e-04
2.883088730799778670e-04
2.832550886268057075e-04
2.783339819885212799e-04
2.735476639845874341e-04
2.688981952986094237e-04
2.643875713561653299e-04
2.600177059141568553e-04
2.557904134035214735e-04
2.517073900989118805e-04
2.477701942243788432e-04
2.439802251425819647e-04
2.403387018157032240e-04
2.368466407678550918e-04
2.335048338198492861e-04
