# mu
5.050272826732794584e+01
5.049659381150931381e+01
5.049044326330115240e+01
5.048427653947307903e+01
5.047809355615221705e+01
5.047189422881653798e+01
5.046567847228823211e+01
5.045944620072688735e+01
5.045319732762267506e+01
5.044693176578934413e+01
5.044064942735723633e+01
5.043435022376613119e+01
5.042803406575799130e+01
5.042170086336971480e+01
5.041535052592565336e+01
5.040898296203015150e+01
5.040259807955987981e+01
5.039619578565617530e+01
5.038977598671721125e+01
5.038333858839007462e+01
5.037688349556272271e+01
5.037041061235591144e+01
5.036391984211487483e+01
5.035741108740107563e+01
5.035088424998363621e+01
5.034433923083085460e+01
5.033777593010145779e+01
5.033119424713581225e+01
5.032459408208731588e+01
5.031797532932120731e+01
5.031133788734031498e+01
5.030468165212101894e+01
5.029800651877543771e+01
5.029131238154188566e+01
5.028459913377517410e+01
5.027786666793679871e+01
5.027111487558494218e+01
5.026434364736443428e+01
5.025755287299642760e+01
5.025074244126810896e+01
5.024391224002207679e+01
5.023706215614571846e+01
5.023019207556036747e+01
5.022330188321029709e+01
5.021639146305162171e+01
5.020946069804094947e+01
5.020250947012395670e+01
5.019553766022374219e+01
5.018854514822905344e+01
5.018153181298231402e+01
5.017449753226748754e+01
5.016744218279775680e+01
5.016036564020306798e+01
5.015326777901741195e+01
5.014614847266601316e+01
5.013900759345224856e+01
5.013184501254443148e+01
5.012466059996233980e+01
5.011745422456365873e+01
5.011022575403008261e+01
5.010297505485327463e+01
5.009570199232067012e+01
5.008840643050096730e+01
5.008108823222944039e+01
5.007374725909308211e+01
5.006638337141545492e+01
5.005899642824132911e+01
5.005158628732108639e+01
5.004415280509492447e+01
5.003669583667678467e+01
5.002921523583799512e+01
5.002171085499074366e+01
5.001418254517125916e+01
5.000663015602272310e+01
4.999905353577790379e+01
4.999145253124157762e+01
4.998382698777260202e+01
4.997617674926576115e+01
4.996850165813332012e+01
4.996080155528623834e+01
4.995307628011519796e+01
4.994532567047115634e+01
4.993754956264577771e+01
4.992974779135144558e+01
4.992192018970092704e+01
4.991406658918683092e+01
4.990618681966061843e+01
4.989828070931132231e+01
4.989034808464393222e+01
4.988238877045739628e+01
4.987440258982231711e+01
4.986638936405819322e+01
4.985834891271038316e+01
4.985028105352662209e+01
4.984218560243320439e+01
4.983406237351072576e+01
4.982591117896940602e+01
4.981773182912408515e+01
4.980952413236872189e+01
4.980128789515049448e+01
4.979302292194345370e+01
4.978472901522172833e+01
4.977640597543231138e+01
4.976805360096733466e+01
4.975967168813587449e+01
4.975126003113532391e+01
4.974281842202221782e+01
4.973434665068256777e+01
4.972584450480171370e+01
4.971731176983360001e+01
4.970874822896955436e+01
4.970015366310650506e+01
4.969152785081467272e+01
4.968287056830460813e+01
4.967418158939373996e+01
4.966546068547229709e+01
4.965670762546860573e+01
4.964792217581376121e+01
4.963910410040571719e+01
4.963025316057267133e+01
4.962136911503583292e+01
4.961245171987147984e+01
4.960350072847234770e+01
4.959451589150830841e+01
4.958549695688633108e+01
4.957644366970969685e+01
4.956735577223646771e+01
4.955823300383718788e+01
4.954907510095181067e+01
4.953988179704576567e+01
4.953065282256531532e+01
4.952138790489192388e+01
4.951208676829588740e+01
4.950274913388904707e+01
4.949337471957657186e+01
4.948396324000787416e+01
4.947451440652652366e+01
4.946502792711927299e+01
4.945550350636403181e+01
4.944594084537688161e+01
4.943633964175801054e+01
4.942669958953665343e+01
4.941702037911490208e+01
4.940730169721044263e+01
4.939754322679813470e+01
4.938774464705045375e+01
4.937790563327673965e+01
4.936802585686123024e+01
4.935810498519985856e+01
4.934814268163578532e+01
4.933813860539358132e+01
4.932809241151213087e+01
4.931800375077614973e+01
4.930787226964628189e+01
4.929769761018777530e+01
4.928747940999770094e+01
4.927721730213060880e+01
4.926691091502276265e+01
4.925655987241459144e+01
4.924616379327172666e+01
4.923572229170423498e+01
4.922523497688419525e+01
4.921470145296152054e+01
4.920412131897799668e+01
4.919349416877944492e+01
4.918281959092603728e+01
4.917209716860065782e+01
4.916132647951523893e+01
4.915050709581516486e+01
4.913963858398143003e+01
4.912872050473080776e+01
4.911775241291370264e+01
4.910673385740975760e+01
4.909566438102121566e+01
4.908454352036379476e+01
4.907337080575518939e+01
4.906214576110099301e+01
4.905086790377811923e+01
4.903953674451545908e+01
4.902815178727195189e+01
4.901671252911170029e+01
4.900521846007637095e+01
4.899366906305448310e+01
4.898206381364774842e+01
4.897040218003429857e+01
4.895868362282861597e+01
4.894690759493825283e+01
4.893507354141708277e+01
4.892318089931511338e+01
4.891122909752466796e+01
4.889921755662288660e+01
4.888714568871039745e+01
4.887501289724615106e+01
4.886281857687811936e+01
4.885056211326991615e+01
4.883824288292316140e+01
4.882586025299536914e+01
4.881341358111342998e+01
4.880090221518231175e+01
4.878832549318907041e+01
4.877568274300180207e+01
4.876297328216361393e+01
4.875019641768128764e+01
4.873735144580849976e+01
4.872443765182354980e+01
4.871145430980126179e+01
4.869840068237898834e+01
4.868527602051652536e+01
4.867207956324969587e+01
4.865881053743739670e+01
4.864546815750201603e+01
4.863205162516285895e+01
4.861856012916244651e+01
4.860499284498547468e+01
4.859134893457007820e+01
4.857762754601130695e+01
4.856382781325646647e+01
4.854994885579205288e+01
4.853598977832199068e+01
4.852194967043703144e+01
4.850782760627477330e+01
4.849362264417017343e+01
4.847933382629619814e+01
4.846496017829420566e+01
4.845050070889378446e+01
4.843595440952164211e+01
4.842132025389919647e+01
4.840659719762844304e+01
4.839178417776572161e+01
4.837688011384469178e+01
4.836188390151733074e+01
4.834679442104194891e+01
4.833161053077223812e+01
4.831633106818776469e+01
4.830095484938549077e+01
4.828548066855574916e+01
4.826990729744217390e+01
4.825423348478496877e+01
4.823845795574696638e+01
4.822257941132165371e+01
4.820659652772276615e+01
4.819050795575443402e+01
4.817431232016147646e+01
4.815800821895878414e+01
4.814159422273916533e+01
4.812506887395880284e+01
4.810843068619939800e+01
4.809167814340612779e+01
4.807480969910042035e+01
4.805782377556663221e+01
4.804071876301148336e+01
4.802349301869524822e+01
4.800614486603349462e+01
4.798867259366815574e+01
4.797107445450686214e+01
4.795334866472887825e+01
4.793549340275664150e+01
4.791750680819115615e+01
4.789938698070996281e+01
4.788113197892585049e+01
4.786273981920496112e+01
4.784420847444211233e+01
4.782553587279197416e+01
4.780671989635374075e+01
4.778775837980758467e+01
4.776864910900050631e+01
4.774938981947957473e+01
4.772997819496998773e+01
4.771041186579557802e+01
4.769068840723912217e+01
4.767080533783969543e+01
4.765076011762417352e+01
4.763055014626978334e+01
4.761017276119454777e+01
4.758962523557212876e+01
4.756890477626757274e+01
4.754800852169007896e+01
4.752693353955883282e+01
4.750567682457768370e+01
4.748423529601414828e+01
4.746260579517804246e+01
4.744078508279475415e+01
4.741876983626781339e+01
4.739655664682518932e+01
4.737414201654340928e+01
4.735152235524310527e+01
4.732869397724937954e+01
4.730565309801001206e+01
4.728239583056374329e+01
4.725891818185092319e+01
4.723521604885786473e+01
4.721128521458601313e+01
4.718712134383627443e+01
4.716271997879836420e+01
4.713807653443425494e+01
4.711318629364429711e+01
4.708804440220349363e+01
4.706264586345497491e+01
4.703698553274655580e+01
4.701105811159546022e+01
4.698485814156511253e+01
4.695837999783708483e+01
4.693161788245971167e+01
4.690456581725392482e+01
4.687721763635533279e+01
4.684956697837002082e+01
4.682160727812000545e+01
4.679333175795242994e+01
4.676473341858479671e+01
4.673580502945632276e+01
4.670653911855321638e+01
4.667692796167346359e+01
4.664696357109367852e+01
4.661663768359795768e+01
4.658594174782537323e+01
4.655486691088920992e+01
4.652340400421741151e+01
4.649154352855944694e+01
4.645927563810024452e+01
4.642659012361704640e+01
4.639347639460926587e+01
4.635992346032575995e+01
4.632591990960712280e+01
4.629145388945338624e+01
4.625651308327007882e+01
4.622108468228624645e+01
4.618515536627732843e+01
4.614871127145747209e+01
4.611173796217396870e+01
4.607422039943308789e+01
4.603614290724553371e+01
4.599748913660779692e+01
4.595824202691754579e+01
4.591838376460047044e+01
4.587789573870327331e+01
4.583675849318151307e+01
4.579495167558249591e+01
4.575245398179068701e+01
4.570924309646657946e+01
4.566529562876898041e+01
4.562058704290345901e+01
4.557509158298741170e+01
4.552878219166147034e+01
4.548163042180917870e+01
4.543360634066816317e+01
4.538467842552722686e+01
4.533481345010115149e+01
4.528397636055724718e+01
4.523213014003224686e+01
4.517923566032102656e+01
4.512525151923722433e+01
4.507013386193417404e+01
4.501383618422860167e+01
4.495630911568093779e+01
4.489750017984799513e+01
4.483735352872526647e+01
4.477580964792499429e+01
4.471280502857736394e+01
4.464827180127635131e+01
4.458213732659547901e+01
4.451432373574207446e+01
4.444474741376459548e+01
4.437331841632805407e+01
4.429993980936830411e+01
4.422450691884813523e+01
4.414690647526846590e+01
4.406701563440525149e+01
4.398470085177913802e+01
4.389981658339482351e+01
4.381220377901634322e+01
4.372168812627314338e+01
4.362807799368427197e+01
4.353116200751187392e+01
4.343070618019974205e+01
4.332645048561447254e+01
4.321810474640440702e+01
4.310534365870272211e+01
4.298780072504583671e+01
4.286506079177600270e+01
4.273665078344653523e+01
4.260202808037280420e+01
4.246056577569802215e+01
4.231153374249588950e+01
4.215407398698781094e+01
4.198716807439730303e+01
4.180959334292897722e+01
4.161986291364377166e+01
4.141614169936757150e+01
4.119612585177143416e+01
4.095686467375554685e+01
4.069448848568111998e+01
4.040377566317899038e+01
4.007742920850672164e+01
3.970479209213257832e+01
3.926938099615428257e+01
3.874363335069205050e+01
3.807595206725528669e+01
3.715061396385029013e+01
3.559857621600036737e+01
-inf
