# rho
# unit = KG/M^3
6.269692963721042764e-24
6.226279155737326075e-24
6.183066419129006710e-24
6.140053934868079275e-24
6.097241293440539972e-24
6.054628085332387204e-24
6.012214310543620973e-24
5.969998740532231350e-24
5.927981375298219805e-24
5.886161395813579474e-24
5.844538802078311093e-24
5.803112775064409267e-24
5.761882905257870196e-24
5.720848783144691553e-24
5.680010408724873336e-24
5.639366143942404757e-24
5.598916807825290476e-24
5.558661171831522035e-24
5.518598826447097104e-24
5.478729362158012618e-24
5.439052778964269312e-24
5.399567848323857259e-24
5.360274570236777193e-24
5.321172535189026050e-24
5.282260924152598436e-24
5.243539737127494351e-24
5.205007745571705336e-24
5.166665358999233722e-24
5.128511758382074114e-24
5.090546534206224182e-24
5.052768867443677064e-24
5.015178758094434228e-24
4.977775387130488811e-24
4.940558345037837750e-24
4.903527631816482513e-24
4.866682018924413172e-24
4.830021915875632792e-24
4.793546094128133650e-24
4.757254553681915010e-24
4.721146475508971479e-24
4.685221450095299992e-24
4.649479477440901284e-24
4.613919329003765428e-24
4.578541414297896956e-24
4.543344504781285207e-24
4.508328600453932385e-24
4.473492882287831626e-24
4.438837350282982930e-24
4.404360775897377840e-24
4.370063568645019419e-24
4.335944909497902273e-24
4.302003979428019539e-24
4.268241187949375751e-24
4.234654897005957916e-24
4.201245516111769835e-24
4.168012635752808441e-24
4.134955027387064543e-24
4.102072691014539610e-24
4.069365626635232172e-24
4.036832605707134506e-24
4.004473218716243547e-24
3.972287465662559296e-24
3.940274527518076358e-24
3.908433994768791670e-24
3.876765457900702166e-24
3.845268507399804782e-24
3.813942733752097189e-24
3.782787317929573259e-24
3.751802259932233725e-24
3.720986740732072459e-24
3.690340760329089461e-24
3.659863090181276273e-24
3.629553730288632161e-24
3.599412271137155528e-24
3.569438303212842577e-24
3.539631007487688647e-24
3.509989974447689940e-24
3.480515204092846456e-24
3.451205877395152801e-24
3.422061175326602846e-24
3.393081302644199226e-24
3.364265645076936241e-24
3.335613383596809233e-24
3.307124313446815934e-24
3.278797820355952851e-24
3.250633699567218083e-24
3.222631336809607770e-24
3.194790117812116946e-24
3.167109837817745182e-24
3.139589882555487147e-24
3.112229637754339346e-24
3.085028898657299880e-24
3.057987255750366052e-24
3.031104094762533632e-24
3.004378801422798759e-24
2.977811170974159166e-24
2.951400589145611358e-24
2.925146646423151904e-24
2.899048728535776942e-24
2.873106630726484940e-24
2.847319738724271301e-24
2.821687643015133695e-24
2.796209729328067527e-24
2.770885792906071631e-24
2.745715014721139879e-24
2.720697394773272638e-24
2.695832114034464146e-24
2.671118762990711707e-24
2.646556727371010724e-24
2.622146007175361565e-24
2.597885783375758100e-24
2.573775646458197634e-24
2.549814982151675936e-24
2.526003790456193374e-24
2.502341047586742287e-24
2.478826753543322675e-24
2.455460089297929512e-24
2.432240645336559366e-24
2.409168216902210704e-24
2.386242189723879666e-24
2.363461949530561653e-24
2.340827086808254338e-24
2.318337396799955820e-24
2.295992060477660337e-24
2.273790873084366726e-24
2.251733220349070756e-24
2.229818692757769365e-24
2.208046880796459853e-24
2.186417170194137994e-24
2.164929151436800721e-24
2.143582415010445338e-24
2.122376551401069149e-24
2.101310946337667556e-24
2.080385190306237863e-24
2.059598873792777372e-24
2.038951382526281855e-24
2.018442306992748247e-24
1.998071237678173483e-24
1.977837765068555235e-24
1.957741479649890071e-24
1.937781562394172963e-24
1.917957808544402012e-24
1.898269808586574522e-24
1.878716948249686263e-24
1.859298818019734538e-24
1.840015008382715916e-24
1.820865109824628434e-24
1.801848303317465596e-24
1.782964384104226237e-24
1.764212942670907661e-24
1.745593569503506803e-24
1.727105445574018269e-24
1.708748468503941109e-24
1.690521921643770512e-24
1.672425497858004363e-24
1.654458685254138648e-24
1.636621074318171038e-24
1.618912050779097119e-24
1.601331205122914011e-24
1.583878230214119416e-24
1.566552409403208705e-24
1.549353435554679397e-24
1.532280899154528979e-24
1.515334083553252088e-24
1.498512783993847559e-24
1.481816488583811929e-24
1.465244583052140601e-24
1.448796657884831063e-24
1.432472405946380832e-24
1.416271110587285280e-24
1.400192567050542875e-24
1.384236058686648439e-24
1.368401278360100041e-24
1.352687816556894799e-24
1.337094956627527718e-24
1.321622493814997451e-24
1.306269813848299583e-24
1.291036507213431235e-24
1.275922062017889128e-24
1.260926068747670012e-24
1.246048015510270793e-24
1.231287492791688222e-24
1.216643988699419020e-24
1.202117093719460123e-24
1.187706193580807485e-24
1.173411083526459390e-24
1.159231046906911210e-24
1.145165674208159698e-24
1.131214555916202524e-24
1.117377180138535673e-24
1.103653239739657031e-24
1.090042018070061971e-24
1.076543207994248194e-24
1.063156297619711868e-24
1.049880775053949900e-24
1.036716333161459807e-24
1.023662357671237359e-24
1.010718336690779094e-24
9.978840654630836631e-25
9.851587249601453049e-25
9.725421104249624874e-25
9.600337099650317474e-25
9.476330116878494382e-25
9.353396060794128628e-25
9.231528788687176085e-25
9.110725229202617441e-25
8.990980263415416232e-25
8.872288772400534151e-25
8.754646661017946066e-25
8.638048810342615510e-25
8.522491637127018424e-25
8.407968998661110680e-25
8.294477311697366385e-25
8.182011457310752743e-25
8.070566828468736199e-25
7.960138306246281204e-25
7.850722307395863701e-25
7.742313201099942472e-25
7.634907404110995298e-25
7.528498773718978049e-25
7.423083726676365750e-25
7.318657655950626681e-25
7.215214930724221464e-25
7.112751967749625121e-25
7.011263648101803023e-25
6.910745364748221613e-25
6.811192510656351011e-25
6.712599966901152911e-25
6.614963638342601262e-25
6.518278917948162509e-25
6.422540686792802021e-25
6.327744337843988079e-25
6.233885775961690958e-25
6.140959882220875110e-25
6.048962049589009733e-25
5.957887671033562191e-25
5.867732139521999847e-25
5.778490336129288070e-25
5.690158165715398053e-25
5.602731021247798077e-25
5.516203783801452595e-25
5.430572358236331880e-25
5.345831625627401301e-25
5.261976978942129141e-25
5.179003811147983680e-25
5.096907515212431364e-25
5.015683484102941391e-25
4.935326598894478212e-25
4.855833276339516852e-25
4.777197885620517012e-25
4.699415819704947893e-25
4.622482983452781605e-25
4.546394257938980763e-25
4.471145036131014567e-25
4.396730710996350380e-25
4.323147187394960313e-25
4.250388578563053531e-25
4.178451301253105058e-25
4.107330236540078426e-25
4.037021033337694290e-25
3.967518572720916643e-25
3.898818503603465682e-25
3.830915963006557312e-25
3.763806599843911731e-25
3.697485551136744386e-25
3.631948209852523558e-25
3.567189968958717530e-25
3.503205965476542207e-25
3.439991848319717327e-25
3.377542754509459257e-25
3.315853821066984362e-25
3.254920952852263836e-25
3.194739030940262129e-25
3.135303448298447523e-25
3.076609853840539296e-25
3.018653384587753815e-25
2.961429177561307904e-25
2.904932881674920382e-25
2.849159633949808075e-25
2.794105083299690720e-25
2.739764110799532309e-25
2.686132365363053038e-25
2.633205239957720730e-25
2.580977871604751750e-25
2.529445909217865376e-25
2.478604233872026520e-25
2.428448494480954458e-25
2.378974084012117932e-25
2.330176139486732388e-25
2.282050053872266110e-25
2.234591220136187377e-25
2.187795031245963552e-25
2.141656752195937649e-25
2.096171775953576571e-25
2.051335495486348829e-25
2.007143047815470559e-25
1.963589953881535770e-25
1.920671478678886558e-25
1.878383015174990513e-25
1.836719828364190191e-25
1.795677439187079370e-25
1.755250856691747999e-25
1.715435729791916276e-25
1.676227323481926064e-25
1.637621030729245645e-25
1.599611988555090697e-25
1.562195717900055458e-25
1.525367483758482022e-25
1.489122679097838442e-25
1.453456568912466351e-25
1.418364546169834262e-25
1.383842003837409995e-25
1.349884206909535417e-25
1.316486548353678577e-25
1.283644421137307758e-25
1.251352962281639096e-25
1.219607692727266142e-25
1.188403877468531218e-25
1.157736909472902148e-25
1.127602181707847212e-25
1.097994831194582317e-25
1.068910442860264567e-25
1.040344217712672732e-25
1.012291548719275093e-25
9.847477008744137448e-26
9.577081311321193735e-26
9.311681044867343027e-26
9.051229499191634904e-26
8.795680603968748736e-26
8.544987649007736401e-26
8.299104563983274971e-26
8.057983358973159044e-26
7.821578603517695480e-26
7.589843587425936158e-26
7.362730960641300870e-26
7.140195292704099921e-26
6.922189233557754253e-26
6.708666712876943234e-26
6.499581020470716447e-26
6.294884806282495980e-26
6.094532639852590990e-26
5.898477171124421271e-26
5.706671689907038699e-26
5.519070765740752433e-26
5.335626408703352477e-26
5.156292868402334816e-26
4.981023434646749032e-26
4.809771397245646427e-26
4.642490365940890904e-26
4.479133310608718871e-26
4.319654160923809697e-26
4.164006206695214111e-26
4.012143057664797738e-26
3.864017363775980369e-26
3.719583374636256843e-26
3.578794380054678462e-26
3.441603349907479339e-26
3.307964213869340566e-26
3.177829941816497405e-26
3.051154143490814903e-26
2.927890428634158111e-26
2.807992087055577183e-26
2.691412408564123423e-26
2.578105002901660731e-26
2.468023159877240125e-26
2.361120489232726654e-26
2.257350120810763312e-26
2.156665664353214861e-26
2.059020409669132319e-26
1.964367966500380446e-26
1.872661784622416846e-26
1.783854993877884513e-26
1.697901204008648784e-26
1.614753864790167261e-26
1.534366266031490386e-26
1.456692017474483496e-26
1.381684408928196171e-26
1.309296810184883294e-26
1.239482751003206049e-26
1.172195681158622036e-26
1.107388890460181555e-26
1.045015828683342639e-26
9.850300255867664693e-27
9.273847709795034886e-27
8.720335946202150224e-27
8.189298663011553800e-27
7.680269558145784400e-27
7.192783929191455282e-27
6.726375474071108102e-27
6.280577890707284518e-27
5.854926076770578451e-27
5.448953730183531558e-27
5.062195748616739197e-27
4.694185430076722972e-27
4.344457672234079674e-27
4.012546572927367426e-27
3.697986229995145785e-27
3.400311141191991490e-27
3.119054804482436890e-27
2.853751917579067314e-27
