# z
1.200000000000000000e+01
1.196992481203007408e+01
1.193984962406014994e+01
1.190977443609022401e+01
1.187969924812029987e+01
1.184962406015037573e+01
1.181954887218044981e+01
1.178947368421052566e+01
1.175939849624060152e+01
1.172932330827067560e+01
1.169924812030075145e+01
1.166917293233082731e+01
1.163909774436090139e+01
1.160902255639097724e+01
1.157894736842105132e+01
1.154887218045112718e+01
1.151879699248120303e+01
1.148872180451127711e+01
1.145864661654135297e+01
1.142857142857142705e+01
1.139849624060150290e+01
1.136842105263157876e+01
1.133834586466165284e+01
1.130827067669172870e+01
1.127819548872180455e+01
1.124812030075187863e+01
1.121804511278195449e+01
1.118796992481203034e+01
1.115789473684210442e+01
1.112781954887218028e+01
1.109774436090225436e+01
1.106766917293233021e+01
1.103759398496240607e+01
1.100751879699248015e+01
1.097744360902255600e+01
1.094736842105263008e+01
1.091729323308270594e+01
1.088721804511278179e+01
1.085714285714285587e+01
1.082706766917293173e+01
1.079699248120300759e+01
1.076691729323308166e+01
1.073684210526315752e+01
1.070676691729323338e+01
1.067669172932330746e+01
1.064661654135338331e+01
1.061654135338345739e+01
1.058646616541353325e+01
1.055639097744360910e+01
1.052631578947368318e+01
1.049624060150375904e+01
1.046616541353383312e+01
1.043609022556390897e+01
1.040601503759398483e+01
1.037593984962405891e+01
1.034586466165413476e+01
1.031578947368421062e+01
1.028571428571428470e+01
1.025563909774436055e+01
1.022556390977443641e+01
1.019548872180451049e+01
1.016541353383458635e+01
1.013533834586466043e+01
1.010526315789473628e+01
1.007518796992481214e+01
1.004511278195488622e+01
1.001503759398496207e+01
9.984962406015036152e+00
9.954887218045112007e+00
9.924812030075187863e+00
9.894736842105261942e+00
9.864661654135337798e+00
9.834586466165413654e+00
9.804511278195487733e+00
9.774436090225563589e+00
9.744360902255639445e+00
9.714285714285713524e+00
9.684210526315789380e+00
9.654135338345863460e+00
9.624060150375939315e+00
9.593984962406015171e+00
9.563909774436089251e+00
9.533834586466165106e+00
9.503759398496239186e+00
9.473684210526315042e+00
9.443609022556390897e+00
9.413533834586464977e+00
9.383458646616540832e+00
9.353383458646616688e+00
9.323308270676690768e+00
9.293233082706766623e+00
9.263157894736842479e+00
9.233082706766916559e+00
9.203007518796992414e+00
9.172932330827066494e+00
9.142857142857142350e+00
9.112781954887218205e+00
9.082706766917292285e+00
9.052631578947368141e+00
9.022556390977442220e+00
8.992481203007518076e+00
8.962406015037593932e+00
8.932330827067668011e+00
8.902255639097743867e+00
8.872180451127819723e+00
8.842105263157893802e+00
8.812030075187969658e+00
8.781954887218045513e+00
8.751879699248119593e+00
8.721804511278195449e+00
8.691729323308269528e+00
8.661654135338345384e+00
8.631578947368421240e+00
8.601503759398495319e+00
8.571428571428571175e+00
8.541353383458645254e+00
8.511278195488721110e+00
8.481203007518796966e+00
8.451127819548871045e+00
8.421052631578946901e+00
8.390977443609022757e+00
8.360902255639096836e+00
8.330827067669172692e+00
8.300751879699248548e+00
8.270676691729322627e+00
8.240601503759398483e+00
8.210526315789472562e+00
8.180451127819548418e+00
8.150375939849624274e+00
8.120300751879698353e+00
8.090225563909774209e+00
8.060150375939848288e+00
8.030075187969924144e+00
8.000000000000000000e+00
7.969924812030074968e+00
7.939849624060149935e+00
7.909774436090224903e+00
7.879699248120299870e+00
7.849624060150375726e+00
7.819548872180450694e+00
7.789473684210525661e+00
7.759398496240601517e+00
7.729323308270676485e+00
7.699248120300751452e+00
7.669172932330826420e+00
7.639097744360901387e+00
7.609022556390977243e+00
7.578947368421052211e+00
7.548872180451127178e+00
7.518796992481203034e+00
7.488721804511278002e+00
7.458646616541352969e+00
7.428571428571427937e+00
7.398496240601502905e+00
7.368421052631578760e+00
7.338345864661653728e+00
7.308270676691728696e+00
7.278195488721804551e+00
7.248120300751879519e+00
7.218045112781954487e+00
7.187969924812029454e+00
7.157894736842104422e+00
7.127819548872180277e+00
7.097744360902255245e+00
7.067669172932330213e+00
7.037593984962406068e+00
7.007518796992481036e+00
6.977443609022556004e+00
6.947368421052630971e+00
6.917293233082705939e+00
6.887218045112781795e+00
6.857142857142856762e+00
6.827067669172931730e+00
6.796992481203007586e+00
6.766917293233082553e+00
6.736842105263157521e+00
6.706766917293232488e+00
6.676691729323307456e+00
6.646616541353383312e+00
6.616541353383458279e+00
6.586466165413533247e+00
6.556390977443609103e+00
6.526315789473684070e+00
6.496240601503759038e+00
6.466165413533834005e+00
6.436090225563908973e+00
6.406015037593984829e+00
6.375939849624059796e+00
6.345864661654134764e+00
6.315789473684210620e+00
6.285714285714285587e+00
6.255639097744360555e+00
6.225563909774435523e+00
6.195488721804510490e+00
6.165413533834586346e+00
6.135338345864661314e+00
6.105263157894736281e+00
6.075187969924812137e+00
6.045112781954887105e+00
6.015037593984962072e+00
5.984962406015037040e+00
5.954887218045112007e+00
5.924812030075187863e+00
5.894736842105262831e+00
5.864661654135337798e+00
5.834586466165413654e+00
5.804511278195488622e+00
5.774436090225563589e+00
5.744360902255638557e+00
5.714285714285713524e+00
5.684210526315789380e+00
5.654135338345864348e+00
5.624060150375939315e+00
5.593984962406015171e+00
5.563909774436090139e+00
5.533834586466165106e+00
5.503759398496240074e+00
5.473684210526315042e+00
5.443609022556390897e+00
5.413533834586465865e+00
5.383458646616540832e+00
5.353383458646616688e+00
5.323308270676691656e+00
5.293233082706766623e+00
5.263157894736841591e+00
5.233082706766916559e+00
5.203007518796992414e+00
5.172932330827067382e+00
5.142857142857142350e+00
5.112781954887218205e+00
5.082706766917293173e+00
5.052631578947368141e+00
5.022556390977443108e+00
4.992481203007518076e+00
4.962406015037593932e+00
4.932330827067668899e+00
4.902255639097743867e+00
4.872180451127819723e+00
4.842105263157894690e+00
4.812030075187969658e+00
4.781954887218044625e+00
4.751879699248119593e+00
4.721804511278195449e+00
4.691729323308270416e+00
4.661654135338345384e+00
4.631578947368421240e+00
4.601503759398496207e+00
4.571428571428571175e+00
4.541353383458646142e+00
4.511278195488721110e+00
4.481203007518796966e+00
4.451127819548871933e+00
4.421052631578946901e+00
4.390977443609022757e+00
4.360902255639097724e+00
4.330827067669172692e+00
4.300751879699247660e+00
4.270676691729322627e+00
4.240601503759398483e+00
4.210526315789473450e+00
4.180451127819548418e+00
4.150375939849624274e+00
4.120300751879699241e+00
4.090225563909774209e+00
4.060150375939849177e+00
4.030075187969924144e+00
4.000000000000000000e+00
3.969924812030074968e+00
3.939849624060149935e+00
3.909774436090225347e+00
3.879699248120300759e+00
3.849624060150375726e+00
3.819548872180450694e+00
3.789473684210526105e+00
3.759398496240601517e+00
3.729323308270676485e+00
3.699248120300751452e+00
3.669172932330826864e+00
3.639097744360902276e+00
3.609022556390977243e+00
3.578947368421052211e+00
3.548872180451127623e+00
3.518796992481203034e+00
3.488721804511278002e+00
3.458646616541352969e+00
3.428571428571428381e+00
3.398496240601503793e+00
3.368421052631578760e+00
3.338345864661653728e+00
3.308270676691729140e+00
3.278195488721804551e+00
3.248120300751879519e+00
3.218045112781954487e+00
3.187969924812029898e+00
3.157894736842105310e+00
3.127819548872180277e+00
3.097744360902255245e+00
3.067669172932330657e+00
3.037593984962406068e+00
3.007518796992481036e+00
2.977443609022556004e+00
2.947368421052631415e+00
2.917293233082706827e+00
2.887218045112781795e+00
2.857142857142856762e+00
2.827067669172932174e+00
2.796992481203007586e+00
2.766917293233082553e+00
2.736842105263157521e+00
2.706766917293232932e+00
2.676691729323308344e+00
2.646616541353383312e+00
2.616541353383458279e+00
2.586466165413533691e+00
2.556390977443609103e+00
2.526315789473684070e+00
2.496240601503759038e+00
2.466165413533834450e+00
2.436090225563909861e+00
2.406015037593984829e+00
2.375939849624059796e+00
2.345864661654135208e+00
2.315789473684210620e+00
2.285714285714285587e+00
2.255639097744360555e+00
2.225563909774435967e+00
2.195488721804511378e+00
2.165413533834586346e+00
2.135338345864661314e+00
2.105263157894736725e+00
2.075187969924812137e+00
2.045112781954887105e+00
2.015037593984962072e+00
1.984962406015037484e+00
1.954887218045112673e+00
1.924812030075187863e+00
1.894736842105263053e+00
1.864661654135338242e+00
1.834586466165413432e+00
1.804511278195488622e+00
1.774436090225563811e+00
1.744360902255639001e+00
1.714285714285714191e+00
1.684210526315789380e+00
1.654135338345864570e+00
1.624060150375939759e+00
1.593984962406014949e+00
1.563909774436090139e+00
1.533834586466165328e+00
1.503759398496240518e+00
1.473684210526315708e+00
1.443609022556390897e+00
1.413533834586466087e+00
1.383458646616541277e+00
1.353383458646616466e+00
1.323308270676691656e+00
1.293233082706766846e+00
1.263157894736842035e+00
1.233082706766917225e+00
1.203007518796992414e+00
1.172932330827067604e+00
1.142857142857142794e+00
1.112781954887217983e+00
1.082706766917293173e+00
1.052631578947368363e+00
1.022556390977443552e+00
9.924812030075187419e-01
9.624060150375939315e-01
9.323308270676691212e-01
9.022556390977443108e-01
8.721804511278195005e-01
8.421052631578946901e-01
8.120300751879698797e-01
7.819548872180450694e-01
7.518796992481202590e-01
7.218045112781954487e-01
6.917293233082706383e-01
6.616541353383458279e-01
6.315789473684210176e-01
6.015037593984962072e-01
5.714285714285713969e-01
5.413533834586465865e-01
5.112781954887217761e-01
4.812030075187969658e-01
4.511278195488721554e-01
4.210526315789473450e-01
3.909774436090225347e-01
3.609022556390977243e-01
3.308270676691729140e-01
3.007518796992481036e-01
2.706766917293232932e-01
2.406015037593984829e-01
2.105263157894736725e-01
1.804511278195488622e-01
1.503759398496240518e-01
1.203007518796992414e-01
9.022556390977443108e-02
6.015037593984962072e-02
3.007518796992481036e-02
0.000000000000000000e+00
