# cl_g_non_linisw
2.996640814502796155e-05
3.068628694261744369e-05
3.134319637190309435e-05
3.192478190255575133e-05
3.242425678140225295e-05
3.283479368902412831e-05
3.313818215532161540e-05
3.331891320153687949e-05
3.336701839879340143e-05
3.326762663757712647e-05
3.301175675825701741e-05
3.259769734240090529e-05
3.202566720317556070e-05
3.130212783476362103e-05
3.043297228779141570e-05
2.943184605734930844e-05
2.832485821933717482e-05
2.713813387758388121e-05
2.589572802912097580e-05
2.462704485115279376e-05
2.336851934814202736e-05
2.215545911142779347e-05
2.101133151438329646e-05
1.994775430178441855e-05
1.895537017637539997e-05
1.804415267866854832e-05
1.717607927214459017e-05
1.631473070641475143e-05
1.541936475522342386e-05
1.446514032040169727e-05
1.344843593127668486e-05
1.238736671701015724e-05
1.132123310489128442e-05
1.030227746873755016e-05
9.371467573083282798e-06
8.543772548354835011e-06
7.804956419137664252e-06
7.126948375250728678e-06
6.489968111360537624e-06
5.891727563701674461e-06
5.333520562143628515e-06
4.810504481741877610e-06
4.311908692345962073e-06
3.839584859581853055e-06
3.416166778430515489e-06
3.054455832646000706e-06
2.734982727526840718e-06
2.433738357283078202e-06
2.148978418326198683e-06
1.895626345010489303e-06
1.675110861884237145e-06
1.479345274241461225e-06
1.300822413605501491e-06
1.139555118875239456e-06
9.991367372357693518e-07
8.763623921118771062e-07
7.650198757350228725e-07
6.674136369086619790e-07
5.813022671120005348e-07
5.053163291960107286e-07
4.387297271551470818e-07
3.800721243560130995e-07
3.286701880448966485e-07
2.839563896248755678e-07
2.451843504156711282e-07
2.114977640988782818e-07
1.822245534015196090e-07
1.568860676592735337e-07
1.350090051055925365e-07
1.160871641432029752e-07
9.963281590289927672e-08
8.532073530758681139e-08
7.296408125559967626e-08
6.236922470105691646e-08
5.330278399536827980e-08
4.551632612299770731e-08
3.882505327421619535e-08
3.310182183877215262e-08
2.822116673588207944e-08
2.404983714441934708e-08
