# k_h
1.041084669850533828e-05
1.150345997302792966e-05
1.271074233955005184e-05
1.404472914146026596e-05
1.551871719129849225e-05
1.714739846647717059e-05
1.894701017590705305e-05
2.093549119308590889e-05
2.313266122655477375e-05
2.556042272772174329e-05
2.824297735060099512e-05
3.120706605841405690e-05
3.448223287705332041e-05
3.810112684732303023e-05
4.209982216707430780e-05
4.651818017009645700e-05
5.140024222782813013e-05
5.679467358277179301e-05
6.275525083765387535e-05
6.934138218639418483e-05
7.661872950848191977e-05
8.465982682537287474e-05
9.354484063806012273e-05
1.033623266266658902e-04
1.142101536970585585e-04
1.261964644072577357e-04
1.394407154293730855e-04
1.540749508421868086e-04
1.702450535958632827e-04
1.881121861515566707e-04
2.078544785035774112e-04
2.296687162015587091e-04
2.537723339628428221e-04
2.804056275635957718e-04
3.098340821452438831e-04
3.423510061111301184e-04
3.782805870287120342e-04
4.179809766355901957e-04
4.618478706106543541e-04
5.103186122141778469e-04
5.638762959279119968e-04
6.230548606254160404e-04
6.884441827423870564e-04
7.606960716657340527e-04
8.405307889916002750e-04
9.287440916523337364e-04
1.026215380989015102e-03
1.133916201069951057e-03
1.252920133993029594e-03
1.384413568302989006e-03
1.529707107692956924e-03
1.690249191597104073e-03
1.867640065029263496e-03
2.063648076727986336e-03
2.280226908624172211e-03
2.519535832107067108e-03
2.783959731459617615e-03
3.076135180890560150e-03
3.398974193260073662e-03
3.755694953724741936e-03
4.149853251874446869e-03
4.585378337651491165e-03
5.066611804068088531e-03
5.598350428044795990e-03
6.185894832015037537e-03
6.835101637989282608e-03
7.552442140877246857e-03
8.345067501068115234e-03
9.220878593623638153e-03
1.018860563635826111e-02
1.125789526849985123e-02
1.243940647691488266e-02
1.374491583555936813e-02
1.518743857741355896e-02
1.678135246038436890e-02
1.854254864156246185e-02
2.048858068883419037e-02
2.263884805142879486e-02
2.501478418707847595e-02
2.764007449150085449e-02
3.054088726639747620e-02
3.374613821506500244e-02
3.728778287768363953e-02
4.120111837983131409e-02
4.532122984528541565e-02
4.944134131073951721e-02
5.356145277619361877e-02
5.768156424164772034e-02
6.180167570710182190e-02
6.592179089784622192e-02
7.004190236330032349e-02
7.416201382875442505e-02
7.828212529420852661e-02
8.240223675966262817e-02
8.652234822511672974e-02
9.263181686401367188e-02
9.874129295349121094e-02
1.048507615923881531e-01
1.109602376818656921e-01
1.170697063207626343e-01
1.231791824102401733e-01
1.292886584997177124e-01
1.353981196880340576e-01
1.415075957775115967e-01
1.476170718669891357e-01
1.537265479564666748e-01
1.598360091447830200e-01
1.659454852342605591e-01
1.720549613237380981e-01
1.781644374132156372e-01
1.842738986015319824e-01
1.903833746910095215e-01
1.964928507804870605e-01
2.026023268699645996e-01
2.087117880582809448e-01
2.148212641477584839e-01
2.209307402372360229e-01
2.270402163267135620e-01
2.331496775150299072e-01
2.392591536045074463e-01
2.453686296939849854e-01
2.514781057834625244e-01
2.575875818729400635e-01
2.636970579624176025e-01
2.698065042495727539e-01
2.759159803390502930e-01
2.820254564285278320e-01
2.881349325180053711e-01
2.942444086074829102e-01
3.003538846969604492e-01
3.064633607864379883e-01
3.125728368759155273e-01
3.186822831630706787e-01
3.247917592525482178e-01
3.309012353420257568e-01
3.370107114315032959e-01
3.431201875209808350e-01
3.492296636104583740e-01
3.553391396999359131e-01
3.614486157894134521e-01
3.675580620765686035e-01
3.736675381660461426e-01
3.797770142555236816e-01
3.858864903450012207e-01
3.919959664344787598e-01
3.981054425239562988e-01
4.042149186134338379e-01
4.103243947029113770e-01
4.164338409900665283e-01
4.296113252639770508e-01
5.995708703994750977e-01
8.367685675621032715e-01
1.167804598808288574e+00
1.629802584648132324e+00
2.274572849273681641e+00
3.174422025680541992e+00
4.430263042449951172e+00
6.182929992675781250e+00
8.628973960876464844e+00
1.204270267486572266e+01
1.680694580078125000e+01
2.345598220825195312e+01
3.273546218872070312e+01
4.568601608276367188e+01
6.375997161865234375e+01
8.898420715332031250e+01
