# tt
1.080044311523437500e+03
1.015890136718750000e+03
9.537928466796875000e+02
9.054315795898437500e+02
8.702238159179687500e+02
8.458464355468750000e+02
8.294725341796875000e+02
8.192131958007812500e+02
8.138278808593750000e+02
8.118966064453125000e+02
8.135445556640625000e+02
8.173950805664062500e+02
8.220211791992187500e+02
8.278681640625000000e+02
8.356125488281250000e+02
8.449832153320312500e+02
8.554752197265625000e+02
8.665971679687500000e+02
8.779676513671875000e+02
8.896350708007812500e+02
9.017213745117187500e+02
9.142161254882812500e+02
9.270626831054687500e+02
9.401523437500000000e+02
9.534036865234375000e+02
9.668970336914062500e+02
9.807133178710937500e+02
9.947732543945312500e+02
1.008988342285156250e+03
1.023392822265625000e+03
1.038037231445312500e+03
1.052913574218750000e+03
1.067982177734375000e+03
1.083134887695312500e+03
1.098304565429687500e+03
1.113655517578125000e+03
1.129351684570312500e+03
1.145321655273437500e+03
1.161435546875000000e+03
1.177590576171875000e+03
1.193795166015625000e+03
1.210085083007812500e+03
1.226495971679687500e+03
1.243063354492187500e+03
1.259816162109375000e+03
1.276753051757812500e+03
1.293865844726562500e+03
1.311146362304687500e+03
1.328586059570312500e+03
1.346179443359375000e+03
1.363930297851562500e+03
1.381844970703125000e+03
1.399930175781250000e+03
1.418192016601562500e+03
1.436635742187500000e+03
1.455261474609375000e+03
1.474067993164062500e+03
1.493054077148437500e+03
1.512218505859375000e+03
1.531561889648437500e+03
1.551090942382812500e+03
1.570814086914062500e+03
1.590739990234375000e+03
1.610876953125000000e+03
1.631231689453125000e+03
1.651802490234375000e+03
1.672585815429687500e+03
1.693578125000000000e+03
1.714775756835937500e+03
1.736177734375000000e+03
1.757793090820312500e+03
1.779632690429687500e+03
1.801708129882812500e+03
1.824030883789062500e+03
1.846609130859375000e+03
1.869440673828125000e+03
1.892520751953125000e+03
1.915844360351562500e+03
1.939406250000000000e+03
1.963202270507812500e+03
1.987229492187500000e+03
2.011486450195312500e+03
2.035970947265625000e+03
2.060681152343750000e+03
2.085614990234375000e+03
2.110769775390625000e+03
2.136142822265625000e+03
2.161732177734375000e+03
2.187534667968750000e+03
2.213548095703125000e+03
2.239769531250000000e+03
2.266196289062500000e+03
2.292825683593750000e+03
2.319655273437500000e+03
2.346682373046875000e+03
2.373904052734375000e+03
2.401317626953125000e+03
2.428920410156250000e+03
2.456710205078125000e+03
2.484683837890625000e+03
2.512838623046875000e+03
2.541172119140625000e+03
2.569681640625000000e+03
2.598364013671875000e+03
2.627217285156250000e+03
2.656238525390625000e+03
2.685424804687500000e+03
2.714773437500000000e+03
2.744281982421875000e+03
2.773946777343750000e+03
2.803759521484375000e+03
2.833710205078125000e+03
2.863790527343750000e+03
2.893990234375000000e+03
2.924300537109375000e+03
2.954711669921875000e+03
2.985214843750000000e+03
3.015799804687500000e+03
3.046458007812500000e+03
3.077179931640625000e+03
3.107955810546875000e+03
3.138776855468750000e+03
3.169633300781250000e+03
3.200515869140625000e+03
3.231415527343750000e+03
3.262322509765625000e+03
3.293227539062500000e+03
3.324121337890625000e+03
3.354994628906250000e+03
3.385838134765625000e+03
3.416643554687500000e+03
3.447403320312500000e+03
3.478108886718750000e+03
3.508752929687500000e+03
3.539326904296875000e+03
3.569822753906250000e+03
3.600232910156250000e+03
3.630549316406250000e+03
3.660764160156250000e+03
3.690868652343750000e+03
3.720855468750000000e+03
3.750717041015625000e+03
3.780444091796875000e+03
3.810029541015625000e+03
3.839465332031250000e+03
3.868743652343750000e+03
3.897855957031250000e+03
3.926794677734375000e+03
3.955551513671875000e+03
3.984118652343750000e+03
4.012487304687500000e+03
4.040647949218750000e+03
4.068591796875000000e+03
4.096310058593750000e+03
4.123792968750000000e+03
4.151032714843750000e+03
4.178019042968750000e+03
4.204743164062500000e+03
4.231196777343750000e+03
4.257370117187500000e+03
4.283254394531250000e+03
4.308840820312500000e+03
4.334119628906250000e+03
4.359082519531250000e+03
4.383720214843750000e+03
4.408023925781250000e+03
4.431983886718750000e+03
4.455591796875000000e+03
4.478838378906250000e+03
4.501714843750000000e+03
4.524211425781250000e+03
4.546319824218750000e+03
4.568030761718750000e+03
4.589335449218750000e+03
4.610224121093750000e+03
4.630690429687500000e+03
4.650727050781250000e+03
4.670325683593750000e+03
4.689479492187500000e+03
4.708182128906250000e+03
4.726425292968750000e+03
4.744201660156250000e+03
4.761504882812500000e+03
4.778327148437500000e+03
4.794660644531250000e+03
4.810499023437500000e+03
4.825834472656250000e+03
4.840660156250000000e+03
4.854968261718750000e+03
4.868751953125000000e+03
4.882003417968750000e+03
4.894715820312500000e+03
4.906882324218750000e+03
4.918494628906250000e+03
4.929546386718750000e+03
4.940029785156250000e+03
4.949937500000000000e+03
4.959262695312500000e+03
4.967998046875000000e+03
4.976137207031250000e+03
4.983681640625000000e+03
4.990632812500000000e+03
4.996993164062500000e+03
5.002764160156250000e+03
5.007948242187500000e+03
5.012547363281250000e+03
5.016563476562500000e+03
5.019999511718750000e+03
5.022856445312500000e+03
5.025137207031250000e+03
5.026843261718750000e+03
5.027977050781250000e+03
5.028540039062500000e+03
5.028535156250000000e+03
5.027963867187500000e+03
5.026828613281250000e+03
5.025130859375000000e+03
5.022873535156250000e+03
5.020058105468750000e+03
5.016687011718750000e+03
5.012762207031250000e+03
5.008285156250000000e+03
5.003258789062500000e+03
4.997684570312500000e+03
4.991564941406250000e+03
4.984901855468750000e+03
4.977697265625000000e+03
4.969954101562500000e+03
4.961673339843750000e+03
4.952856933593750000e+03
4.943507812500000000e+03
4.933627441406250000e+03
4.923218750000000000e+03
4.912282714843750000e+03
4.900821289062500000e+03
4.888837890625000000e+03
4.876333984375000000e+03
4.863311035156250000e+03
4.849771972656250000e+03
4.835718261718750000e+03
4.821151367187500000e+03
4.806075195312500000e+03
4.790490722656250000e+03
4.774399414062500000e+03
4.757804687500000000e+03
4.740708007812500000e+03
4.723110839843750000e+03
4.705016113281250000e+03
4.686424804687500000e+03
4.667341796875000000e+03
4.647775878906250000e+03
4.627736328125000000e+03
4.607234863281250000e+03
4.586281250000000000e+03
4.564886718750000000e+03
4.543060546875000000e+03
4.520813964843750000e+03
4.498157714843750000e+03
4.475101074218750000e+03
4.451655761718750000e+03
4.427832031250000000e+03
4.403639648437500000e+03
4.379089843750000000e+03
4.354192382812500000e+03
4.328958007812500000e+03
4.303397460937500000e+03
4.277520507812500000e+03
4.251338378906250000e+03
4.224861328125000000e+03
4.198099609375000000e+03
4.171063476562500000e+03
4.143764160156250000e+03
4.116211425781250000e+03
4.088415771484375000e+03
4.060387939453125000e+03
4.032138427734375000e+03
4.003677246093750000e+03
3.975015380859375000e+03
3.946163330078125000e+03
3.917130859375000000e+03
3.887928955078125000e+03
3.858567871093750000e+03
3.829058105468750000e+03
3.799410888671875000e+03
3.769635009765625000e+03
3.739742675781250000e+03
3.709742919921875000e+03
3.679647460937500000e+03
3.649465820312500000e+03
3.619208740234375000e+03
3.588886474609375000e+03
3.558510009765625000e+03
3.528089599609375000e+03
3.497635253906250000e+03
3.467158447265625000e+03
3.436668457031250000e+03
3.406176269531250000e+03
3.375692382812500000e+03
3.345227294921875000e+03
3.314791015625000000e+03
3.284391845703125000e+03
3.254037597656250000e+03
3.223736328125000000e+03
3.193496093750000000e+03
3.163324707031250000e+03
3.133230224609375000e+03
3.103220214843750000e+03
3.073303222656250000e+03
3.043486816406250000e+03
3.013778808593750000e+03
2.984187500000000000e+03
2.954720458984375000e+03
2.925385986328125000e+03
2.896191650390625000e+03
2.867145507812500000e+03
2.838255859375000000e+03
2.809530029296875000e+03
2.780976562500000000e+03
2.752603027343750000e+03
2.724417480468750000e+03
2.696427734375000000e+03
2.668642089843750000e+03
2.641068115234375000e+03
2.613713867187500000e+03
2.586586914062500000e+03
2.559695800781250000e+03
2.533048339843750000e+03
2.506652343750000000e+03
2.480515625000000000e+03
2.454646484375000000e+03
2.429052490234375000e+03
2.403741699218750000e+03
2.378722167968750000e+03
2.354001708984375000e+03
2.329588134765625000e+03
2.305489746093750000e+03
2.281714355468750000e+03
2.258269775390625000e+03
2.235163818359375000e+03
2.212404785156250000e+03
2.190000488281250000e+03
2.167958740234375000e+03
2.146287597656250000e+03
2.124994873046875000e+03
2.104088623046875000e+03
2.083576660156250000e+03
2.063467285156250000e+03
2.043767944335937500e+03
2.024487060546875000e+03
2.005630493164062500e+03
1.987199096679687500e+03
1.969191528320312500e+03
1.951606445312500000e+03
1.934443237304687500e+03
1.917700073242187500e+03
1.901376098632812500e+03
1.885470092773437500e+03
1.869981201171875000e+03
1.854907714843750000e+03
1.840249023437500000e+03
1.826003662109375000e+03
1.812170532226562500e+03
1.798748535156250000e+03
1.785736450195312500e+03
1.773133056640625000e+03
1.760937133789062500e+03
1.749147949218750000e+03
1.737763916015625000e+03
1.726783813476562500e+03
1.716206909179687500e+03
1.706031616210937500e+03
1.696257080078125000e+03
1.686882080078125000e+03
1.677905273437500000e+03
1.669325683593750000e+03
1.661142089843750000e+03
1.653353393554687500e+03
1.645958374023437500e+03
1.638955810546875000e+03
1.632344726562500000e+03
1.626123779296875000e+03
1.620291870117187500e+03
1.614847900390625000e+03
1.609790649414062500e+03
1.605119018554687500e+03
1.600831787109375000e+03
1.596927612304687500e+03
1.593405761718750000e+03
1.590264770507812500e+03
1.587503540039062500e+03
1.585121093750000000e+03
1.583115966796875000e+03
1.581487182617187500e+03
1.580233398437500000e+03
1.579353759765625000e+03
1.578846923828125000e+03
1.578711669921875000e+03
1.578947021484375000e+03
1.579551635742187500e+03
1.580523559570312500e+03
1.581856445312500000e+03
1.583543457031250000e+03
1.585577148437500000e+03
1.587950805664062500e+03
1.590656860351562500e+03
1.593688720703125000e+03
1.597038940429687500e+03
1.600700561523437500e+03
1.604666381835937500e+03
1.608929443359375000e+03
1.613482421875000000e+03
1.618318359375000000e+03
1.623430175781250000e+03
1.628810668945312500e+03
1.634452758789062500e+03
1.640349365234375000e+03
1.646493530273437500e+03
1.652877929687500000e+03
1.659495483398437500e+03
1.666339111328125000e+03
1.673401733398437500e+03
1.680676391601562500e+03
1.688155639648437500e+03
1.695832641601562500e+03
1.703700195312500000e+03
1.711751342773437500e+03
1.719978759765625000e+03
1.728375488281250000e+03
1.736934326171875000e+03
1.745648315429687500e+03
1.754510131835937500e+03
1.763512939453125000e+03
1.772649291992187500e+03
1.781912475585937500e+03
1.791294921875000000e+03
1.800790039062500000e+03
1.810390380859375000e+03
1.820089111328125000e+03
1.829878784179687500e+03
1.839752319335937500e+03
1.849703125000000000e+03
1.859723388671875000e+03
1.869806518554687500e+03
1.879945434570312500e+03
1.890132446289062500e+03
1.900361083984375000e+03
1.910623901367187500e+03
1.920913940429687500e+03
1.931223999023437500e+03
1.941547363281250000e+03
1.951878662109375000e+03
1.962212402343750000e+03
1.972543945312500000e+03
1.982867553710937500e+03
1.993178466796875000e+03
2.003471435546875000e+03
2.013741210937500000e+03
2.023983032226562500e+03
2.034191162109375000e+03
2.044360717773437500e+03
2.054486572265625000e+03
2.064563476562500000e+03
2.074586425781250000e+03
2.084550292968750000e+03
2.094449707031250000e+03
2.104279541015625000e+03
2.114034912109375000e+03
2.123710205078125000e+03
2.133300781250000000e+03
2.142801269531250000e+03
2.152206542968750000e+03
2.161511230468750000e+03
2.170710449218750000e+03
2.179798828125000000e+03
2.188771240234375000e+03
2.197622802734375000e+03
2.206348144531250000e+03
2.214942138671875000e+03
2.223399658203125000e+03
2.231715332031250000e+03
2.239884521484375000e+03
2.247901611328125000e+03
2.255761718750000000e+03
2.263459472656250000e+03
2.270989501953125000e+03
2.278347412109375000e+03
2.285527343750000000e+03
2.292524658203125000e+03
2.299333740234375000e+03
2.305949707031250000e+03
2.312367431640625000e+03
2.318581298828125000e+03
2.324586914062500000e+03
2.330378417968750000e+03
2.335951171875000000e+03
2.341299560546875000e+03
2.346419189453125000e+03
2.351303955078125000e+03
2.355949218750000000e+03
2.360351074218750000e+03
2.364509765625000000e+03
2.368426757812500000e+03
2.372103515625000000e+03
2.375541748046875000e+03
2.378743164062500000e+03
2.381708984375000000e+03
2.384441162109375000e+03
2.386940673828125000e+03
2.389209716796875000e+03
2.391249267578125000e+03
2.393061035156250000e+03
2.394646972656250000e+03
2.396008056640625000e+03
2.397146240234375000e+03
2.398062744140625000e+03
2.398759521484375000e+03
2.399237548828125000e+03
2.399499023437500000e+03
2.399544921875000000e+03
2.399377197265625000e+03
2.398997070312500000e+03
2.398406494140625000e+03
2.397606445312500000e+03
2.396599121093750000e+03
2.395385742187500000e+03
2.393967773437500000e+03
2.392346923828125000e+03
2.390524658203125000e+03
2.388502441406250000e+03
2.386281982421875000e+03
2.383864746093750000e+03
2.381252197265625000e+03
2.378446044921875000e+03
2.375447998046875000e+03
2.372259277343750000e+03
2.368881347656250000e+03
2.365316162109375000e+03
2.361564941406250000e+03
2.357629150390625000e+03
2.353510986328125000e+03
2.349211181640625000e+03
2.344731689453125000e+03
2.340074218750000000e+03
2.335239746093750000e+03
2.330230468750000000e+03
2.325047363281250000e+03
2.319692382812500000e+03
2.314166992187500000e+03
2.308472900390625000e+03
2.302611816406250000e+03
2.296588134765625000e+03
2.290407714843750000e+03
2.284074707031250000e+03
2.277594238281250000e+03
2.270971679687500000e+03
2.264211669921875000e+03
2.257319580078125000e+03
2.250300537109375000e+03
2.243158935546875000e+03
2.235900146484375000e+03
2.228529541015625000e+03
2.221051513671875000e+03
2.213471435546875000e+03
2.205794189453125000e+03
2.198024902343750000e+03
2.190168701171875000e+03
2.182230468750000000e+03
2.174215087890625000e+03
2.166127685546875000e+03
2.157973388671875000e+03
2.149757080078125000e+03
2.141483886718750000e+03
2.133158935546875000e+03
2.124786865234375000e+03
2.116372802734375000e+03
2.107921875000000000e+03
2.099439208984375000e+03
2.090929931640625000e+03
2.082398681640625000e+03
2.073850341796875000e+03
2.065290527343750000e+03
2.056724121093750000e+03
2.048155517578125000e+03
2.039590454101562500e+03
2.031033813476562500e+03
2.022490356445312500e+03
2.013965209960937500e+03
2.005463623046875000e+03
1.996990234375000000e+03
1.988550292968750000e+03
1.980148803710937500e+03
1.971790649414062500e+03
1.963480957031250000e+03
1.955224731445312500e+03
1.947027221679687500e+03
1.938892944335937500e+03
1.930827270507812500e+03
1.922835205078125000e+03
1.914921752929687500e+03
1.907091308593750000e+03
1.899347290039062500e+03
1.891692016601562500e+03
1.884128173828125000e+03
1.876658569335937500e+03
1.869285522460937500e+03
1.862011718750000000e+03
1.854840087890625000e+03
1.847772827148437500e+03
1.840812744140625000e+03
1.833962646484375000e+03
1.827224731445312500e+03
1.820602050781250000e+03
1.814097045898437500e+03
1.807712158203125000e+03
1.801450317382812500e+03
1.795314086914062500e+03
1.789305786132812500e+03
1.783428466796875000e+03
1.777684448242187500e+03
1.772076416015625000e+03
1.766607177734375000e+03
1.761278930664062500e+03
1.756094970703125000e+03
1.751057128906250000e+03
1.746168701171875000e+03
1.741431884765625000e+03
1.736849609375000000e+03
1.732424194335937500e+03
1.728158447265625000e+03
1.724054931640625000e+03
1.720116088867187500e+03
1.716344970703125000e+03
1.712743896484375000e+03
1.709315551757812500e+03
1.706062500000000000e+03
1.702987426757812500e+03
1.700093017578125000e+03
1.697381713867187500e+03
1.694856323242187500e+03
1.692519409179687500e+03
1.690373535156250000e+03
1.688421386718750000e+03
1.686665527343750000e+03
1.685108642578125000e+03
1.683753417968750000e+03
1.682602172851562500e+03
1.681657836914062500e+03
1.680922973632812500e+03
1.680400024414062500e+03
1.680091064453125000e+03
1.679994384765625000e+03
1.680107666015625000e+03
1.680428344726562500e+03
1.680954345703125000e+03
1.681682983398437500e+03
1.682612060546875000e+03
1.683739135742187500e+03
1.685062011718750000e+03
1.686577880859375000e+03
1.688284912109375000e+03
1.690180297851562500e+03
1.692261840820312500e+03
1.694527221679687500e+03
1.696973876953125000e+03
1.699599609375000000e+03
1.702401855468750000e+03
1.705378417968750000e+03
1.708526855468750000e+03
1.711844726562500000e+03
1.715329833984375000e+03
1.718979492187500000e+03
1.722791503906250000e+03
1.726763671875000000e+03
1.730893188476562500e+03
1.735178100585937500e+03
1.739615844726562500e+03
1.744203979492187500e+03
1.748940185546875000e+03
1.753822021484375000e+03
1.758847167968750000e+03
1.764013427734375000e+03
1.769318115234375000e+03
1.774759155273437500e+03
1.780333740234375000e+03
1.786040039062500000e+03
1.791875122070312500e+03
1.797836914062500000e+03
1.803923095703125000e+03
1.810131347656250000e+03
1.816458862304687500e+03
1.822903686523437500e+03
1.829463134765625000e+03
1.836135131835937500e+03
1.842917114257812500e+03
1.849806640625000000e+03
1.856801635742187500e+03
1.863899414062500000e+03
1.871097656250000000e+03
1.878393920898437500e+03
1.885785888671875000e+03
1.893269042968750000e+03
1.900838745117187500e+03
1.908490966796875000e+03
1.916221191406250000e+03
1.924024658203125000e+03
1.931896972656250000e+03
1.939833862304687500e+03
1.947830688476562500e+03
1.955883178710937500e+03
1.963986450195312500e+03
1.972136352539062500e+03
1.980328613281250000e+03
1.988558105468750000e+03
1.996821166992187500e+03
2.005112548828125000e+03
2.013428344726562500e+03
2.021763916015625000e+03
2.030114501953125000e+03
2.038476318359375000e+03
2.046843994140625000e+03
2.055213867187500000e+03
2.063581054687500000e+03
2.071941162109375000e+03
2.080289550781250000e+03
2.088622070312500000e+03
2.096933837890625000e+03
2.105220947265625000e+03
2.113478759765625000e+03
2.121702148437500000e+03
2.129887695312500000e+03
2.138030029296875000e+03
2.146125000000000000e+03
2.154168457031250000e+03
2.162155517578125000e+03
2.170081787109375000e+03
2.177942871093750000e+03
2.185734375000000000e+03
2.193451660156250000e+03
2.201090332031250000e+03
2.208645996093750000e+03
2.216114013671875000e+03
2.223489990234375000e+03
2.230769287109375000e+03
2.237947753906250000e+03
2.245020996093750000e+03
2.251984130859375000e+03
2.258833007812500000e+03
2.265562744140625000e+03
2.272169433593750000e+03
2.278648681640625000e+03
2.284998046875000000e+03
2.291215820312500000e+03
2.297300292968750000e+03
2.303249023437500000e+03
2.309060302734375000e+03
2.314732421875000000e+03
2.320263183593750000e+03
2.325650634765625000e+03
2.330893310546875000e+03
2.335988769531250000e+03
2.340935546875000000e+03
2.345730957031250000e+03
2.350374023437500000e+03
2.354862304687500000e+03
2.359193847656250000e+03
2.363366943359375000e+03
2.367379638671875000e+03
2.371229980468750000e+03
2.374915771484375000e+03
2.378435546875000000e+03
2.381787109375000000e+03
2.384968505859375000e+03
2.387978027343750000e+03
2.390813476562500000e+03
2.393473388671875000e+03
2.395955322265625000e+03
2.398257568359375000e+03
2.400378417968750000e+03
2.402315429687500000e+03
2.404067138671875000e+03
2.405631591796875000e+03
2.407006591796875000e+03
2.408190429687500000e+03
2.409181396484375000e+03
2.409976806640625000e+03
2.410575683593750000e+03
2.410975585937500000e+03
2.411174560546875000e+03
2.411170898437500000e+03
2.410962402343750000e+03
2.410547607421875000e+03
2.409924072265625000e+03
2.409090087890625000e+03
2.408043945312500000e+03
2.406783447265625000e+03
2.405306884765625000e+03
2.403612060546875000e+03
2.401697265625000000e+03
2.399560302734375000e+03
2.397200439453125000e+03
2.394618896484375000e+03
2.391818115234375000e+03
2.388799804687500000e+03
2.385567138671875000e+03
2.382121582031250000e+03
2.378465576171875000e+03
2.374601562500000000e+03
2.370531494140625000e+03
2.366257812500000000e+03
2.361782714843750000e+03
2.357108642578125000e+03
2.352237792968750000e+03
2.347171875000000000e+03
2.341913818359375000e+03
2.336465576171875000e+03
2.330829589843750000e+03
2.325007812500000000e+03
2.319002441406250000e+03
2.312816162109375000e+03
2.306450927734375000e+03
2.299908935546875000e+03
2.293192626953125000e+03
2.286304199218750000e+03
2.279245849609375000e+03
2.272019531250000000e+03
2.264628173828125000e+03
2.257073486328125000e+03
2.249357910156250000e+03
2.241483398437500000e+03
2.233452636718750000e+03
2.225267822265625000e+03
2.216931152343750000e+03
2.208444580078125000e+03
2.199810546875000000e+03
2.191031250000000000e+03
2.182109375000000000e+03
2.173046630859375000e+03
2.163845458984375000e+03
2.154507812500000000e+03
2.145036376953125000e+03
2.135433349609375000e+03
2.125700927734375000e+03
2.115841064453125000e+03
2.105856445312500000e+03
2.095749023437500000e+03
2.085521240234375000e+03
2.075175048828125000e+03
2.064713134765625000e+03
2.054137451171875000e+03
2.043450317382812500e+03
2.032655761718750000e+03
2.021757446289062500e+03
2.010759399414062500e+03
1.999665405273437500e+03
1.988479125976562500e+03
1.977204711914062500e+03
1.965845825195312500e+03
1.954406738281250000e+03
1.942890747070312500e+03
1.931302368164062500e+03
1.919644775390625000e+03
1.907922363281250000e+03
1.896138793945312500e+03
1.884298217773437500e+03
1.872404052734375000e+03
1.860460571289062500e+03
1.848471313476562500e+03
1.836440551757812500e+03
1.824371826171875000e+03
1.812268920898437500e+03
1.800136108398437500e+03
1.787976928710937500e+03
1.775795532226562500e+03
1.763595581054687500e+03
1.751380981445312500e+03
1.739155639648437500e+03
1.726923583984375000e+03
1.714688354492187500e+03
1.702454101562500000e+03
1.690224609375000000e+03
1.678003662109375000e+03
1.665795288085937500e+03
1.653603271484375000e+03
1.641431640625000000e+03
1.629283935546875000e+03
1.617164306640625000e+03
1.605076538085937500e+03
1.593024658203125000e+03
1.581012207031250000e+03
1.569043457031250000e+03
1.557121948242187500e+03
1.545251708984375000e+03
1.533436523437500000e+03
1.521680419921875000e+03
1.509987182617187500e+03
1.498360717773437500e+03
1.486804809570312500e+03
1.475323486328125000e+03
1.463920410156250000e+03
1.452599243164062500e+03
1.441362060546875000e+03
1.430210693359375000e+03
1.419146484375000000e+03
1.408171630859375000e+03
1.397287475585937500e+03
1.386496093750000000e+03
1.375798828125000000e+03
1.365197753906250000e+03
1.354694335937500000e+03
1.344290405273437500e+03
1.333987670898437500e+03
1.323787841796875000e+03
1.313692626953125000e+03
1.303703979492187500e+03
1.293823242187500000e+03
1.284052368164062500e+03
1.274393066406250000e+03
1.264847045898437500e+03
1.255416015625000000e+03
1.246101684570312500e+03
1.236905639648437500e+03
1.227829956054687500e+03
1.218876098632812500e+03
1.210045898437500000e+03
1.201340942382812500e+03
1.192763061523437500e+03
1.184313964843750000e+03
1.175995483398437500e+03
1.167809082031250000e+03
1.159756591796875000e+03
1.151839965820312500e+03
1.144060546875000000e+03
1.136420410156250000e+03
1.128920898437500000e+03
1.121564208984375000e+03
1.114351684570312500e+03
1.107285156250000000e+03
1.100366333007812500e+03
1.093597045898437500e+03
1.086979003906250000e+03
1.080513793945312500e+03
1.074203247070312500e+03
1.068049072265625000e+03
1.062052856445312500e+03
1.056216552734375000e+03
1.050541748046875000e+03
1.045030273437500000e+03
1.039683593750000000e+03
1.034503784179687500e+03
1.029491821289062500e+03
1.024646728515625000e+03
1.019967224121093750e+03
1.015451843261718750e+03
1.011098999023437500e+03
1.006907287597656250e+03
1.002875244140625000e+03
9.990014648437500000e+02
9.952844848632812500e+02
9.917227783203125000e+02
9.883150024414062500e+02
9.850596313476562500e+02
9.819551391601562500e+02
9.790002441406250000e+02
9.761933593750000000e+02
9.735330810546875000e+02
9.710178833007812500e+02
9.686464233398437500e+02
9.664171752929687500e+02
9.643286743164062500e+02
9.623795776367187500e+02
9.605682373046875000e+02
9.588933715820312500e+02
9.573534545898437500e+02
9.559468994140625000e+02
9.546725463867187500e+02
9.535286865234375000e+02
9.525139770507812500e+02
9.516270141601562500e+02
9.508661499023437500e+02
9.502301635742187500e+02
9.497174072265625000e+02
9.493264160156250000e+02
9.490559082031250000e+02
9.489044189453125000e+02
9.488703002929687500e+02
9.489522705078125000e+02
9.491488647460937500e+02
9.494584350585937500e+02
9.498798217773437500e+02
9.504113159179687500e+02
9.510516357421875000e+02
9.517991943359375000e+02
9.526525878906250000e+02
9.536104736328125000e+02
9.546710815429687500e+02
9.558333740234375000e+02
9.570956420898437500e+02
9.584564208984375000e+02
9.599143066406250000e+02
9.614677124023437500e+02
9.631140136718750000e+02
9.648507690429687500e+02
9.666752319335937500e+02
9.685845947265625000e+02
9.705762939453125000e+02
9.726478271484375000e+02
9.747962646484375000e+02
9.770191650390625000e+02
9.793139038085937500e+02
9.816775512695312500e+02
9.841076660156250000e+02
9.866014404296875000e+02
9.891564331054687500e+02
9.917697753906250000e+02
9.944389038085937500e+02
9.971611938476562500e+02
9.999338378906250000e+02
1.002754394531250000e+03
1.005619995117187500e+03
1.008528076171875000e+03
1.011476074218750000e+03
1.014461059570312500e+03
1.017480773925781250e+03
1.020532165527343750e+03
1.023612792968750000e+03
1.026719970703125000e+03
1.029850830078125000e+03
1.033003173828125000e+03
1.036173950195312500e+03
1.039360473632812500e+03
1.042560302734375000e+03
1.045770751953125000e+03
1.048989257812500000e+03
1.052212768554687500e+03
1.055438964843750000e+03
1.058665161132812500e+03
1.061888549804687500e+03
1.065106567382812500e+03
1.068316650390625000e+03
1.071515747070312500e+03
1.074701782226562500e+03
1.077871582031250000e+03
1.081022949218750000e+03
1.084152832031250000e+03
1.087258666992187500e+03
1.090338012695312500e+03
1.093387817382812500e+03
1.096405883789062500e+03
1.099389160156250000e+03
1.102335449218750000e+03
1.105243164062500000e+03
1.108111083984375000e+03
1.110938110351562500e+03
1.113722900390625000e+03
1.116464111328125000e+03
1.119160644531250000e+03
1.121811279296875000e+03
1.124414672851562500e+03
1.126969726562500000e+03
1.129474975585937500e+03
1.131929321289062500e+03
1.134331787109375000e+03
1.136680664062500000e+03
1.138974975585937500e+03
1.141213256835937500e+03
1.143394775390625000e+03
1.145517700195312500e+03
1.147581176757812500e+03
1.149583984375000000e+03
1.151524536132812500e+03
1.153401855468750000e+03
1.155214843750000000e+03
1.156961914062500000e+03
1.158641967773437500e+03
1.160253906250000000e+03
1.161796386718750000e+03
1.163268066406250000e+03
1.164667846679687500e+03
1.165994628906250000e+03
1.167246704101562500e+03
1.168423339843750000e+03
1.169523071289062500e+03
1.170544677734375000e+03
1.171486816406250000e+03
1.172348388671875000e+03
1.173128295898437500e+03
1.173825073242187500e+03
1.174437377929687500e+03
1.174964233398437500e+03
1.175404296875000000e+03
1.175756347656250000e+03
1.176019287109375000e+03
1.176191528320312500e+03
1.176272094726562500e+03
1.176259765625000000e+03
1.176153198242187500e+03
1.175951171875000000e+03
1.175652465820312500e+03
1.175255859375000000e+03
1.174760375976562500e+03
1.174166870117187500e+03
1.173476196289062500e+03
1.172689331054687500e+03
1.171807495117187500e+03
1.170831542968750000e+03
1.169762573242187500e+03
1.168601440429687500e+03
1.167349243164062500e+03
1.166007202148437500e+03
1.164575927734375000e+03
1.163056640625000000e+03
1.161450561523437500e+03
1.159758422851562500e+03
1.157981323242187500e+03
1.156120239257812500e+03
1.154176147460937500e+03
1.152150268554687500e+03
1.150043457031250000e+03
1.147856811523437500e+03
1.145591186523437500e+03
1.143247680664062500e+03
1.140827392578125000e+03
1.138331176757812500e+03
1.135760253906250000e+03
1.133115478515625000e+03
1.130397827148437500e+03
1.127608520507812500e+03
1.124748413085937500e+03
1.121818481445312500e+03
1.118819824218750000e+03
1.115753417968750000e+03
1.112620483398437500e+03
1.109421630859375000e+03
1.106158203125000000e+03
1.102831054687500000e+03
1.099441284179687500e+03
1.095989990234375000e+03
1.092477905273437500e+03
1.088906127929687500e+03
1.085275878906250000e+03
1.081588012695312500e+03
1.077843627929687500e+03
1.074043701171875000e+03
1.070189086914062500e+03
1.066281005859375000e+03
1.062320312500000000e+03
1.058308349609375000e+03
1.054245727539062500e+03
1.050133666992187500e+03
1.045973144531250000e+03
1.041766113281250000e+03
1.037514160156250000e+03
1.033218994140625000e+03
1.028882568359375000e+03
1.024506591796875000e+03
1.020092834472656250e+03
1.015643249511718750e+03
1.011159362792968750e+03
1.006643005371093750e+03
1.002096130371093750e+03
9.975203857421875000e+02
9.929176025390625000e+02
9.882895507812500000e+02
9.836380004882812500e+02
9.789647827148437500e+02
9.742716674804687500e+02
9.695604248046875000e+02
9.648328247070312500e+02
9.600906372070312500e+02
9.553357543945312500e+02
9.505698242187500000e+02
9.457946166992187500e+02
9.410120849609375000e+02
9.362239990234375000e+02
9.314318847656250000e+02
9.266378173828125000e+02
9.218435668945312500e+02
9.170505981445312500e+02
9.122610473632812500e+02
9.074765625000000000e+02
9.026990356445312500e+02
8.979299926757812500e+02
8.931713867187500000e+02
8.884250488281250000e+02
8.836927490234375000e+02
8.789761352539062500e+02
8.742771606445312500e+02
8.695975341796875000e+02
8.649389648437500000e+02
8.603034057617187500e+02
8.556925659179687500e+02
8.511080932617187500e+02
8.465520019531250000e+02
8.420259399414062500e+02
8.375317382812500000e+02
8.330711669921875000e+02
8.286459960937500000e+02
8.242579956054687500e+02
8.199090576171875000e+02
8.156006469726562500e+02
8.113336791992187500e+02
8.071090087890625000e+02
8.029272460937500000e+02
7.987890625000000000e+02
7.946952514648437500e+02
7.906465454101562500e+02
7.866435546875000000e+02
7.826871337890625000e+02
7.787778930664062500e+02
7.749165649414062500e+02
7.711039428710937500e+02
7.673406372070312500e+02
7.636275024414062500e+02
7.599650878906250000e+02
7.563542480468750000e+02
7.527956542968750000e+02
7.492899780273437500e+02
7.458379516601562500e+02
7.424403686523437500e+02
7.390979003906250000e+02
7.358112182617187500e+02
7.325810546875000000e+02
7.294082031250000000e+02
7.262932128906250000e+02
7.232370605468750000e+02
7.202402343750000000e+02
7.173035278320312500e+02
7.144276733398437500e+02
7.116134033203125000e+02
7.088613891601562500e+02
7.061723632812500000e+02
7.035470581054687500e+02
7.009861450195312500e+02
6.984904174804687500e+02
6.960604858398437500e+02
6.936971435546875000e+02
6.914011230468750000e+02
6.891730957031250000e+02
6.870138549804687500e+02
6.849239501953125000e+02
6.829042358398437500e+02
6.809554443359375000e+02
6.790782470703125000e+02
6.772733154296875000e+02
6.755414428710937500e+02
6.738833007812500000e+02
6.722996215820312500e+02
6.707910766601562500e+02
6.693585205078125000e+02
6.680022583007812500e+02
6.667217407226562500e+02
6.655161743164062500e+02
6.643846435546875000e+02
6.633263549804687500e+02
6.623403320312500000e+02
6.614258422851562500e+02
6.605820312500000000e+02
6.598079833984375000e+02
6.591029052734375000e+02
6.584659423828125000e+02
6.578961791992187500e+02
6.573928222656250000e+02
6.569549560546875000e+02
6.565818481445312500e+02
6.562725219726562500e+02
6.560261840820312500e+02
6.558420410156250000e+02
6.557191162109375000e+02
6.556566162109375000e+02
6.556537475585937500e+02
6.557095336914062500e+02
6.558231811523437500e+02
6.559938964843750000e+02
6.562207641601562500e+02
6.565029296875000000e+02
6.568395996093750000e+02
6.572297973632812500e+02
6.576728515625000000e+02
6.581677246093750000e+02
6.587136840820312500e+02
6.593098754882812500e+02
6.599554443359375000e+02
6.606494750976562500e+02
6.613911743164062500e+02
6.621796875000000000e+02
6.630140380859375000e+02
6.638935546875000000e+02
6.648173217773437500e+02
6.657844848632812500e+02
6.667941284179687500e+02
6.678455200195312500e+02
6.689377441406250000e+02
6.700699462890625000e+02
6.712412719726562500e+02
6.724508056640625000e+02
6.736978149414062500e+02
6.749813842773437500e+02
6.763007202148437500e+02
6.776549072265625000e+02
6.790430297851562500e+02
6.804638671875000000e+02
6.819160156250000000e+02
6.833981323242187500e+02
6.849089355468750000e+02
6.864470825195312500e+02
6.880112304687500000e+02
6.896000366210937500e+02
6.912121582031250000e+02
6.928462524414062500e+02
6.945009765625000000e+02
6.961750488281250000e+02
6.978670654296875000e+02
6.995756835937500000e+02
7.012995605468750000e+02
7.030374755859375000e+02
7.047879638671875000e+02
7.065497436523437500e+02
7.083214721679687500e+02
7.101017456054687500e+02
7.118893432617187500e+02
7.136828613281250000e+02
7.154809570312500000e+02
7.172822875976562500e+02
7.190855712890625000e+02
7.208894042968750000e+02
7.226925048828125000e+02
7.244934692382812500e+02
7.262910156250000000e+02
7.280838012695312500e+02
7.298704833984375000e+02
7.316496582031250000e+02
7.334200439453125000e+02
7.351803588867187500e+02
7.369291992187500000e+02
7.386652832031250000e+02
7.403871459960937500e+02
7.420935668945312500e+02
7.437831420898437500e+02
7.454546508789062500e+02
7.471065673828125000e+02
7.487377319335937500e+02
7.503467407226562500e+02
7.519321899414062500e+02
7.534928588867187500e+02
7.550272827148437500e+02
7.565342407226562500e+02
7.580123291015625000e+02
7.594602661132812500e+02
7.608765869140625000e+02
7.622602539062500000e+02
7.636104125976562500e+02
7.649266357421875000e+02
7.662083129882812500e+02
7.674548950195312500e+02
7.686657104492187500e+02
7.698403930664062500e+02
7.709782104492187500e+02
7.720786743164062500e+02
7.731411743164062500e+02
7.741652221679687500e+02
7.751502075195312500e+02
7.760955200195312500e+02
7.770007324218750000e+02
7.778651733398437500e+02
7.786882324218750000e+02
7.794695434570312500e+02
7.802083740234375000e+02
7.809041748046875000e+02
7.815564575195312500e+02
7.821645507812500000e+02
7.827280273437500000e+02
7.832462158203125000e+02
7.837186279296875000e+02
7.841446533203125000e+02
7.845237426757812500e+02
7.848553466796875000e+02
7.851388549804687500e+02
7.853737792968750000e+02
7.855595092773437500e+02
7.856954956054687500e+02
7.857811279296875000e+02
7.858159179687500000e+02
7.857992553710937500e+02
7.857305908203125000e+02
7.856093750000000000e+02
7.854350585937500000e+02
7.852069702148437500e+02
7.849246826171875000e+02
7.845875854492187500e+02
7.841951293945312500e+02
7.837467041015625000e+02
7.832417602539062500e+02
7.826797485351562500e+02
7.820601806640625000e+02
7.813823242187500000e+02
7.806457519531250000e+02
7.798499145507812500e+02
7.789940795898437500e+02
7.780778808593750000e+02
7.771008911132812500e+02
7.760636596679687500e+02
7.749669799804687500e+02
7.738115844726562500e+02
7.725983276367187500e+02
7.713279418945312500e+02
7.700011596679687500e+02
7.686187744140625000e+02
7.671815795898437500e+02
7.656903686523437500e+02
7.641458129882812500e+02
7.625488281250000000e+02
7.609001464843750000e+02
7.592005004882812500e+02
7.574506835937500000e+02
7.556514892578125000e+02
7.538036499023437500e+02
7.519079589843750000e+02
7.499652099609375000e+02
7.479761352539062500e+02
7.459415283203125000e+02
7.438621826171875000e+02
7.417388305664062500e+02
7.395723266601562500e+02
7.373634033203125000e+02
7.351127319335937500e+02
7.328212280273437500e+02
7.304896240234375000e+02
7.281187133789062500e+02
7.257091674804687500e+02
7.232618408203125000e+02
7.207775878906250000e+02
7.182570190429687500e+02
7.157009887695312500e+02
7.131102905273437500e+02
7.104856567382812500e+02
7.078278808593750000e+02
7.051377563476562500e+02
7.024159545898437500e+02
6.996634521484375000e+02
6.968808593750000000e+02
6.940689697265625000e+02
6.912285766601562500e+02
6.883604736328125000e+02
6.854653930664062500e+02
6.825441284179687500e+02
6.795974731445312500e+02
6.766262207031250000e+02
6.736311035156250000e+02
6.706129150390625000e+02
6.675722656250000000e+02
6.645098266601562500e+02
6.614260253906250000e+02
6.583211669921875000e+02
6.551958007812500000e+02
6.520503540039062500e+02
6.488852539062500000e+02
6.457010498046875000e+02
6.424980468750000000e+02
6.392767333984375000e+02
6.360376586914062500e+02
6.327810668945312500e+02
6.295076293945312500e+02
6.262175903320312500e+02
6.229115600585937500e+02
6.195898437500000000e+02
6.162530517578125000e+02
6.129014282226562500e+02
6.095356445312500000e+02
6.061559448242187500e+02
6.027628784179687500e+02
5.993568725585937500e+02
5.959383544921875000e+02
5.925078125000000000e+02
5.890657348632812500e+02
5.856123657226562500e+02
5.821483764648437500e+02
5.786740722656250000e+02
5.751900634765625000e+02
5.716965332031250000e+02
5.681942138671875000e+02
5.646833496093750000e+02
5.611644287109375000e+02
5.576380004882812500e+02
5.541043701171875000e+02
5.505640869140625000e+02
5.470174560546875000e+02
5.434651489257812500e+02
5.399074096679687500e+02
5.363448486328125000e+02
5.327777709960937500e+02
5.292066650390625000e+02
5.256320190429687500e+02
5.220542602539062500e+02
5.184737548828125000e+02
5.148911132812500000e+02
5.113065795898437500e+02
5.077207946777343750e+02
5.041340942382812500e+02
5.005469055175781250e+02
