# cl_delta_noiseisw
2.930382963626048100e-14
1.260336202739375363e-14
6.512931337807612428e-15
3.754211259366935661e-15
2.306639478707004558e-15
1.472065918120993495e-15
9.935848780839487379e-16
7.687892107165846398e-16
6.504938658794710856e-16
5.380897658787381711e-16
4.307944188399103606e-16
3.324181228631350376e-16
2.568968100677476465e-16
2.034719273157206913e-16
1.648293618221641917e-16
1.372027479229794907e-16
1.154419745690238874e-16
9.918423725644516637e-17
8.810447300513970991e-17
7.981002060534772990e-17
7.304006169923302737e-17
6.684034064824846329e-17
6.087545459755380361e-17
5.540284185962671348e-17
5.047546188126470184e-17
4.608702464905035865e-17
4.218218044002886641e-17
3.870609589064471139e-17
3.561525591537951183e-17
3.284839736913390354e-17
3.035627735667144942e-17
2.808801424001486510e-17
2.600697220308622977e-17
2.410138000394391396e-17
2.236059880380114699e-17
2.076794477178530098e-17
1.931039146526550411e-17
1.797498421167302870e-17
1.674786517545150015e-17
1.562199735174421420e-17
1.458585405706105147e-17
1.363303914202650892e-17
1.275382753780286510e-17
1.194474258231368436e-17
1.119859847361006803e-17
1.050782272981850494e-17
9.866412858020122433e-18
9.270792686709463162e-18
8.719248858632899223e-18
8.207038094309804441e-18
7.732202641141354480e-18
7.289402581340344871e-18
6.875588959094360984e-18
6.489558094334361542e-18
6.130043011321727405e-18
5.794612322433530096e-18
5.481335922523799988e-18
5.187963746151869511e-18
4.913062140885755694e-18
4.656244617209905246e-18
4.414401071643707692e-18
4.187062665056609366e-18
3.973843645185251199e-18
3.772802362807980471e-18
3.583811588313005995e-18
3.405809276289338675e-18
3.238651276515900204e-18
3.081167536769693393e-18
2.932834416660446483e-18
2.792592431668086727e-18
2.659884592203243829e-18
2.534147993712209595e-18
2.415062938882681583e-18
2.302451600366717952e-18
2.195934974794329316e-18
2.095188725145134062e-18
1.999861160926524012e-18
1.909586256143630629e-18
1.824123655319360839e-18
1.743042929310379673e-18
1.666215711960186966e-18
1.593256991008299191e-18
1.524088890735102333e-18
1.458306369219048890e-18
1.395812043599876769e-18
1.336590186608919355e-18
1.280156268660799875e-18
1.226546819045591802e-18
1.175591595720757446e-18
1.127059684698563000e-18
1.080941121988109529e-18
1.037082122191961896e-18
9.952675379212315489e-19
9.554757347623443950e-19
9.174665279597314104e-19
8.813597272210705074e-19
8.447052834599532784e-19
8.141571217038825127e-19
7.829107341913548019e-19
7.530799253748910073e-19
7.247229388345863042e-19
6.975453261991562323e-19
6.716234461870644309e-19
6.466741106640369442e-19
6.231329146494528686e-19
6.004442065403439321e-19
5.788038841463596439e-19
5.580944445518635198e-19
5.382709841961181269e-19
5.193003122438918044e-19
5.012014141824361068e-19
4.838066995996346421e-19
4.670934707707041520e-19
4.512020237438446921e-19
4.358937272562631263e-19
4.212597795844726490e-19
4.072436512105086758e-19
3.938107973639334057e-19
3.809089770175912205e-19
3.685504956386517168e-19
3.566659526240690714e-19
3.452549524724295651e-19
3.343303540613589065e-19
3.238265085688236060e-19
3.137459490391625347e-19
3.040506342837384665e-19
2.947531491327739051e-19
2.858246208106016954e-19
2.772449585088387364e-19
2.690103561433777096e-19
2.611149236967659380e-19
2.535168515060202349e-19
2.462503466560580483e-19
2.392610066273667597e-19
2.325507926833707648e-19
2.261156644888321012e-19
2.199350709386086680e-19
2.140108904902436027e-19
2.083202806498233172e-19
2.028497778895821627e-19
1.976182991807807330e-19
1.926055778855058561e-19
1.877834612717001199e-19
1.831741613332574065e-19
1.787550280804396849e-19
1.745209959108013070e-19
1.704518187809468141e-19
1.665630525636007420e-19
1.628523428865488641e-19
1.592949756341220342e-19
1.558733008693316033e-19
1.521743531190067410e-19
1.495097083181915746e-19
1.465396088473370071e-19
1.436957829171209437e-19
1.409928997693488054e-19
1.384173159011725356e-19
1.359471946628521686e-19
1.336032520690416175e-19
1.313796841861996809e-19
1.292519971491316475e-19
1.272358982061255638e-19
1.253125728275860068e-19
1.234929800483174324e-19
1.217724509652078388e-19
1.201250175562037023e-19
1.185806114012054071e-19
1.171131821443060025e-19
1.157317225422869355e-19
1.144335410174811562e-19
1.132055198506999174e-19
1.120408164338072166e-19
1.109464958923408879e-19
1.099293232498032734e-19
1.089791351900984804e-19
1.080862965495012631e-19
1.072639775554231127e-19
1.064869376005894372e-19
1.057662218730309646e-19
1.050903230365318640e-19
1.044814772397623585e-19
1.038920101984903080e-19
1.033439490472846970e-19
1.024681131984383638e-19
1.023427618953833226e-19
1.018904069283798753e-19
1.014561127079724368e-19
1.010375573237899985e-19
1.006375372292642690e-19
1.002388800971839778e-19
9.984438624331773303e-20
9.944167227395223571e-20
9.903443426038195395e-20
9.860849623205273683e-20
9.815976539146965082e-20
9.768379753291485317e-20
9.715957994062835511e-20
9.660973346223320758e-20
9.601308819951194232e-20
9.536423901487413910e-20
9.465755612746766871e-20
9.388811812486239263e-20
9.304779313901308423e-20
9.213777868900647327e-20
9.115160811771043082e-20
9.008941330761225618e-20
8.894615099299544489e-20
8.772383565606009145e-20
8.642286694569561782e-20
8.504487175774515210e-20
8.358995888755815924e-20
8.206501480849337308e-20
8.047213076746920248e-20
7.881773020167995521e-20
7.693897705790988826e-20
7.534767664674509704e-20
7.354563402731954082e-20
7.170845290078526904e-20
6.984476378659805782e-20
6.796138573148687076e-20
6.606637540484110349e-20
6.416457753471572092e-20
6.226767230680787733e-20
6.037866081329394717e-20
5.852547528684495505e-20
5.666737600101763513e-20
5.484163967335882549e-20
5.304757554683451873e-20
5.128748738652344519e-20
4.956515845045211855e-20
4.788464729191423046e-20
4.623124194063942535e-20
4.463961496047809139e-20
4.309590342321663587e-20
4.159908494139395396e-20
4.015123142405697311e-20
3.875257271221583816e-20
3.740229559203143965e-20
3.609930201104241778e-20
3.484880370606499363e-20
3.364122868547960248e-20
3.248014778775556593e-20
3.136303595046722083e-20
3.029021654175820172e-20
2.925978648077531737e-20
2.827046202321158427e-20
2.732239580815654567e-20
2.641161196688358534e-20
2.553658982324167594e-20
2.469883177889604627e-20
2.378908391240983939e-20
2.312443016468064360e-20
2.238583148038796275e-20
2.167616023835372634e-20
2.099628881772726103e-20
2.034523051400666116e-20
1.971845208470218081e-20
1.911932680539246159e-20
1.854195714582672141e-20
1.799097732809443298e-20
1.745899313397925174e-20
1.694838236085477696e-20
1.645795017288105016e-20
1.598871061062559343e-20
1.553537282525426142e-20
1.510054559963920566e-20
1.468132931157661902e-20
1.427705532605215756e-20
1.388858087124254739e-20
1.351375296144717957e-20
1.315532032848603242e-20
1.280658267381587309e-20
1.247388178239400397e-20
1.215018760996768721e-20
1.184063684083980055e-20
1.153917097777571826e-20
1.125035254813920595e-20
1.097166767651877501e-20
1.070000974319780446e-20
1.043957319183159944e-20
1.018682322680380107e-20
9.942912594756098318e-21
9.706989652046250910e-21
9.478647599341111564e-21
9.242322198054049113e-21
9.043114464916906837e-21
8.835780453838724389e-21
8.634362665787913752e-21
8.438702072187445012e-21
8.251158530858741581e-21
8.066429704122764348e-21
7.888717484754303892e-21
7.715095904036913369e-21
7.547708513212463437e-21
7.384758924750724576e-21
7.224951120576888831e-21
7.070959947385862348e-21
6.921867201847438191e-21
6.775958266682614371e-21
6.633715449636967996e-21
6.494750912199010613e-21
6.360458854670194398e-21
6.230596774254238976e-21
6.103161538364966225e-21
5.978891037989673489e-21
5.858422987945073942e-21
5.740693419121587650e-21
5.626515517282926817e-21
5.514174473791671029e-21
5.405973209813355473e-21
5.299549199550480965e-21
5.196198761994083726e-21
5.095081630259961200e-21
4.996492877137767800e-21
4.900424759187264802e-21
4.806326134802070826e-21
4.714815197611095840e-21
4.625323327679156579e-21
4.537644853042280778e-21
4.452475843789162021e-21
4.368982763586111561e-21
4.287492521081406403e-21
4.208423757097826091e-21
4.120304232817029863e-21
4.045458752551765367e-21
3.971631048165128924e-21
3.907278624310421620e-21
3.836340260664103479e-21
3.766930258942510948e-21
3.699022428095921635e-21
3.632408524331488288e-21
3.567234425954278880e-21
3.503709321043834876e-21
3.441318622226341531e-21
3.380281648635843905e-21
3.320992400097144622e-21
3.262471218858374673e-21
3.205625141368411703e-21
3.149527795681517482e-21
3.094753314151624907e-21
3.041345960951481676e-21
2.988891209985808226e-21
2.937626905878983923e-21
2.887228565346376466e-21
2.837873228008270513e-21
2.789578544573380748e-21
2.742338024545634743e-21
2.696061205479608309e-21
2.650618704796378672e-21
2.606444409101282818e-21
2.562911617432823472e-21
2.520166565078427167e-21
2.478387544188694489e-21
2.437524889831345693e-21
2.397348151473710410e-21
2.358041421385080262e-21
2.319456560407881892e-21
2.281640319929282558e-21
2.244627961460333887e-21
2.208341119366548553e-21
2.172828965582936023e-21
2.131091725590268867e-21
2.096962398681727982e-21
2.063365655818642719e-21
2.037556358784738560e-21
2.005416118990885801e-21
1.973768257974631331e-21
1.942970963908418698e-21
1.912684976029400210e-21
1.882938395013239821e-21
1.853785075453101384e-21
1.825230206897054059e-21
1.797245370567183684e-21
1.769818466955664662e-21
1.742939944049327123e-21
1.716574248391519263e-21
1.690661302364491735e-21
1.665254937079054837e-21
1.640438299409897465e-21
1.616007235552418357e-21
1.591989289899183614e-21
1.568520720820171779e-21
1.545576920819591519e-21
1.522945611812150267e-21
1.500826116358720318e-21
1.479067950654363165e-21
1.457737346832960600e-21
1.436823473020691570e-21
1.416327780704088762e-21
1.396238321320530967e-21
1.376480100898272851e-21
1.357181765174834803e-21
1.338201049457729413e-21
1.319537923602136621e-21
1.301314268718698461e-21
1.283333249762896291e-21
1.265782902245903765e-21
1.248530687191019811e-21
1.231573515783633792e-21
1.214970375939039312e-21
1.198716783488160863e-21
1.182749111211939190e-21
1.167065117281865979e-21
1.151722347526727609e-21
1.136600280427931514e-21
1.121814121221895074e-21
1.105315463716161687e-21
1.091129726568200934e-21
1.077154615026298589e-21
1.065517158368562400e-21
1.052089636652539540e-21
1.038929493006370589e-21
1.025981372009769991e-21
1.013352978121794796e-21
1.000933990947505227e-21
9.887252230284913451e-22
9.767797557964817506e-22
9.650970010390119680e-22
9.536244800409155984e-22
9.424129465732113695e-22
9.314093982650053042e-22
9.205688014997364584e-22
9.099389942246019202e-22
8.995699268546787458e-22
8.894135007921985390e-22
8.794171635675334309e-22
8.696375864000200393e-22
8.600246428567657099e-22
8.506704938598195314e-22
8.414829315897709785e-22
8.324179292833561856e-22
8.236212317132785200e-22
8.149441378666422164e-22
8.064454203050164573e-22
7.981615842891687692e-22
7.900535667636605600e-22
7.820830483199906021e-22
7.743317629946394812e-22
7.667194198267011803e-22
7.592830143508520786e-22
7.519497848934406683e-22
7.448415625272806640e-22
7.378841371035434395e-22
7.310610165948304670e-22
7.243640682405729952e-22
7.178529812192258076e-22
7.114467067726470523e-22
7.052427543749310989e-22
6.991954721915919327e-22
6.932658269876914707e-22
6.874579420286406354e-22
6.818540930840578063e-22
6.763346169476834926e-22
6.694389045656295802e-22
6.642940112408383983e-22
6.591845062762126958e-22
6.542871789371994515e-22
6.509133898286602807e-22
6.462436731615673338e-22
6.416856348319627513e-22
6.372921064885811293e-22
6.329654829811313487e-22
6.288323760351728536e-22
6.247607578048402181e-22
6.208754512846669342e-22
6.171273723839977353e-22
6.134894735691236697e-22
6.099414678723355584e-22
6.065775703510360816e-22
6.032788049716004629e-22
6.001432096407271679e-22
5.971260643719587391e-22
5.942338553262046213e-22
5.914813905724304415e-22
5.888330969065810495e-22
5.862528961121713332e-22
5.838572262114874775e-22
5.815247868075728155e-22
5.793364940804231369e-22
5.772755124845846421e-22
5.753525111503012367e-22
5.734650896743764779e-22
5.716802956666849405e-22
5.700594337192047531e-22
5.685346001978632853e-22
5.670943644391912667e-22
5.657306744083415418e-22
5.644839983935209322e-22
5.633560024027977658e-22
5.622450807065411767e-22
5.612646519763865572e-22
5.603468690413128473e-22
5.595168492149069535e-22
5.587214110320952283e-22
5.579970810563398562e-22
5.573326983472261420e-22
5.567018283027369383e-22
5.561665066105599371e-22
5.556269300609587885e-22
5.550914600736476003e-22
5.546368911607139868e-22
5.541489992083952306e-22
5.536605412497624630e-22
5.532270340669116698e-22
5.516042471448987168e-22
5.511302802604467565e-22
5.506084189208052959e-22
5.500555678338688833e-22
5.494319481298595941e-22
5.487918981850006313e-22
5.480648753895315039e-22
5.472804389816398815e-22
5.464140723053689119e-22
5.454595784188600533e-22
5.454366390792546085e-22
5.442542877267541643e-22
5.429827187658857917e-22
5.416203775059813524e-22
5.401175952328376715e-22
5.384726164419896387e-22
5.367038710075893433e-22
5.348253780684701660e-22
5.328160651171549679e-22
5.306399898190606301e-22
5.283504739903353273e-22
5.259659530555413481e-22
5.234126928769862346e-22
5.207327700995847279e-22
5.179067237760317724e-22
5.150130616362942485e-22
5.119455670333303493e-22
5.087626793149913853e-22
5.054691884556344194e-22
5.020700939885717002e-22
4.985711348507197612e-22
4.949943882602499262e-22
4.912950719514732871e-22
4.875300020137772436e-22
4.836885669102424496e-22
4.797605601734953462e-22
4.757851053918570559e-22
4.717359277481022791e-22
4.676514637836010918e-22
4.635056941759831604e-22
4.584019461894762540e-22
4.541869149772165167e-22
4.499596221263809038e-22
4.457095726596633309e-22
4.414419417854000945e-22
4.371764437089569951e-22
4.328873456759255783e-22
4.286083873518652633e-22
4.243290091375127864e-22
4.200524038278003529e-22
4.157818181159900930e-22
4.115350395180866265e-22
4.073001431388519733e-22
4.039379617477906280e-22
3.997536940393613439e-22
3.955594208867035406e-22
3.914272801028202857e-22
3.873145878863390134e-22
3.832404175762446142e-22
3.791879123204753157e-22
3.751743625925587545e-22
3.711988112103432159e-22
3.672629236925002201e-22
3.633518760540670790e-22
3.594947492706966837e-22
3.556640560246134257e-22
3.518722669565232279e-22
3.481331071947919369e-22
3.444325293027971590e-22
3.407705634023560802e-22
3.371589137483735846e-22
3.335722830828326090e-22
3.300348027748179929e-22
3.265457906695148737e-22
3.231045652115624063e-22
3.196725908114090385e-22
3.162990334757722418e-22
3.129705378715054125e-22
3.096851987303941484e-22
3.064426034716120777e-22
3.032295885674077176e-22
3.000689913866540711e-22
2.969365508240540597e-22
2.938422516898956563e-22
2.907847981616031634e-22
2.877753842710938826e-22
2.848007647306520648e-22
2.818598615335986121e-22
2.789410786025277363e-22
2.760643241246632731e-22
2.732407535174970551e-22
2.704456950289289489e-22
2.677113356769143361e-22
2.649930247638223691e-22
