# cl_g_isw
1.885323167625023121e-06
2.441258192990357053e-06
2.915251252128402622e-06
3.319041800805806495e-06
3.662282945190907182e-06
3.952733961494542860e-06
4.197070217709663554e-06
4.399904342012330979e-06
4.566256479303426690e-06
4.699650631434124964e-06
4.804074357506211804e-06
4.882873424198537351e-06
4.939236944874215341e-06
4.975817920095400965e-06
4.994801256072888371e-06
4.998175183877514417e-06
4.987845694936969075e-06
4.965592918596223402e-06
4.933077610681551646e-06
4.891890057241885876e-06
4.843479079065188825e-06
4.789060301366662256e-06
4.729642767976777454e-06
4.666119198890140643e-06
4.599294884397473414e-06
4.529861148229034871e-06
4.458410123600542906e-06
4.385484900614811717e-06
4.311602797305617346e-06
4.237237638384560804e-06
4.162791221408703142e-06
4.088585247371929278e-06
4.014877708058072910e-06
3.941890472000922909e-06
3.869821732868083670e-06
3.798844781361395157e-06
3.729102732032786704e-06
3.660704763898504145e-06
3.593728140828455830e-06
3.528209787819622519e-06
3.464217122003126262e-06
3.401754998597552736e-06
3.340832258660382643e-06
3.281447769042606603e-06
3.223592160296580410e-06
3.167250037431445619e-06
3.112402266857766137e-06
3.059026446708570869e-06
3.007096628468701470e-06
2.956572600259337261e-06
2.907441027616708767e-06
2.859651343360611269e-06
2.813169279793125298e-06
2.767934896320145588e-06
2.723910370420380767e-06
2.681048713047971532e-06
2.639303547499631839e-06
2.598628570169049642e-06
2.558977609280916747e-06
2.520322629774134393e-06
2.482586296682833077e-06
2.445742382903809506e-06
2.409750380016546144e-06
2.374570780214873185e-06
2.340165419364630401e-06
2.306499269231406075e-06
2.273539846862217110e-06
2.241250405100100681e-06
2.209619696157026639e-06
2.178613059993890491e-06
2.148206758000288609e-06
2.118379708903964143e-06
2.089114042289333268e-06
2.060382976251516984e-06
2.032206791718659562e-06
2.004548260018358355e-06
1.977401633561834631e-06
1.950756549727547364e-06
1.924603518300474792e-06
1.898934031206150914e-06
1.873773547491790537e-06
1.849048408576927533e-06
1.824785499381762727e-06
1.800979687546209937e-06
1.777625418391991408e-06
1.754717321542105270e-06
1.732250804561134309e-06
1.710220513888137688e-06
1.688621091684987262e-06
1.667427893636981246e-06
1.646670789780295503e-06
1.626325265800296906e-06
1.606384216731250435e-06
1.586840972774796673e-06
1.567687328282121078e-06
1.548914026413617369e-06
1.526238115612792952e-06
1.512507143179126393e-06
1.494819653804545456e-06
1.477472720897528579e-06
1.460458260350345140e-06
1.443752464703217750e-06
1.427287321819215473e-06
1.410747695460438858e-06
1.395104698605527007e-06
1.379478017169407299e-06
1.364101407265416623e-06
1.348962811641667701e-06
1.334051152022444369e-06
1.319355439552059496e-06
1.305060928724489242e-06
1.290712412572683538e-06
1.276459015634289674e-06
1.262595310242073252e-06
1.248813257305760186e-06
1.235196281713896102e-06
1.221689871575486557e-06
1.208385291399140825e-06
1.195222005928792907e-06
1.182194788083542679e-06
1.169299461243466517e-06
1.156556278089365866e-06
1.143913107801953614e-06
1.131406587163187619e-06
1.118990338880351728e-06
1.106717187741642050e-06
1.094565117180951075e-06
1.082534137686473264e-06
1.070624626211993646e-06
1.058837363094216785e-06
1.047173249367624534e-06
1.035633753023199410e-06
1.024220374052933923e-06
1.012934723692414427e-06
1.001778779971380010e-06
9.907542974613036963e-07
9.798633403475447453e-07
9.691078388883821504e-07
9.584897370480819849e-07
9.480008859735583874e-07
9.376633713249262252e-07
9.274682507585009949e-07
9.174172847709851777e-07
9.075114788640706107e-07
8.977518523545202900e-07
8.881395476492945965e-07
8.786753562496815092e-07
8.693598358759253280e-07
8.601930729163492549e-07
8.511750307105613809e-07
8.423058067033241294e-07
8.310126281939541653e-07
8.250109554554216344e-07
8.165833765340951306e-07
8.083111480694834347e-07
8.001719837202544468e-07
7.921747125748074359e-07
7.843174708901910814e-07
7.765982836181025181e-07
7.690150719206440284e-07
7.615653439335314264e-07
7.542464551020914773e-07
7.470561447917456863e-07
7.399917504887198452e-07
7.330502446963259349e-07
7.262217999970502263e-07
7.195174897536273126e-07
7.129274889135686148e-07
7.064487306077553264e-07
7.000781632836115780e-07
6.938126650844867945e-07
6.876492948606210233e-07
6.814718665934473429e-07
6.755054235331329250e-07
6.696322369161232604e-07
6.638490904358817647e-07
6.581531965125677475e-07
6.525418736059494340e-07
6.470124874351552259e-07
6.415624819632734845e-07
6.362941000624614126e-07
6.309935912707962388e-07
6.257648992985918687e-07
6.182365548271796622e-07
6.155130009932991399e-07
6.104854461164959949e-07
6.055209515377340430e-07
6.006175178857200457e-07
5.957732847924636389e-07
5.909864591753379835e-07
5.862553810279532883e-07
5.815786249866694341e-07
5.769547879242193957e-07
5.723823172744044047e-07
5.678598057269024844e-07
5.633860040159977271e-07
5.588690035920147897e-07
5.544899907302896263e-07
5.501561697235504435e-07
5.458668225591536228e-07
5.416213144623726847e-07
5.374188097404826330e-07
5.332584986133897642e-07
5.291395138010880991e-07
5.250609698599444152e-07
5.210221648125572284e-07
5.170226611202959613e-07
5.130620844558044222e-07
5.091399651539898987e-07
5.052557646659103029e-07
5.014086870948068522e-07
4.975978840488391349e-07
4.938229843475779407e-07
4.900837839806889395e-07
4.852188310460539699e-07
4.827110076046805811e-07
4.790762609212832844e-07
4.754752645886408275e-07
4.719077117152706759e-07
4.683733029427652114e-07
4.648716142685823268e-07
4.614022021887874274e-07
4.579647618283323308e-07
4.545590336220028702e-07
4.513511874631591967e-07
4.479643078431886375e-07
4.446531565489311511e-07
4.413737350628361172e-07
4.381253940488017376e-07
4.349076040711361151e-07
4.317198203436960454e-07
4.283748198906677185e-07
4.252405414883488173e-07
4.221350425052767073e-07
4.190582380668386908e-07
4.160099648245406815e-07
4.129900787942898064e-07
4.099984057827161240e-07
4.070346899501710422e-07
4.041381640303510713e-07
4.012296637775393950e-07
3.983486211641797517e-07
3.954948767078232501e-07
3.926683128316257351e-07
3.898688881011633412e-07
3.870964976596175543e-07
3.843509521761151794e-07
3.816321054954688216e-07
3.789027263837095517e-07
3.762370915864687467e-07
3.717355412012682534e-07
3.709847643197854049e-07
3.683979019556303525e-07
3.658369445943555852e-07
3.633016506120724470e-07
3.607918259700460527e-07
3.583073461114613746e-07
3.558481203299811231e-07
3.534140508902220059e-07
3.510049364868317810e-07
3.486205445059066494e-07
3.462606339935725041e-07
3.439249186370704976e-07
3.416131814049638030e-07
3.393252344039252678e-07
3.370608826167552336e-07
3.348199714297213908e-07
3.326022327680969383e-07
3.304073003989949276e-07
3.282348532199845118e-07
3.260846727498918994e-07
3.239565556868522348e-07
3.218502952951648282e-07
3.197655659021916961e-07
3.177020295398206032e-07
3.156593415824283255e-07
3.136372146248576875e-07
3.116354240768989718e-07
3.096536827954719201e-07
3.076916830441761446e-07
3.057491352080125847e-07
3.038257415986292036e-07
3.019212142219974386e-07
3.000352819723412146e-07
2.975789318616414418e-07
2.963178585040662972e-07
2.944856291678255610e-07
2.926707259199471537e-07
2.908729529636230335e-07
2.890920517941796053e-07
2.873277365708147213e-07
2.855796423497273228e-07
2.838474088731119914e-07
2.821307673705303562e-07
2.804295073485301709e-07
2.787434264264710371e-07
2.770722948694806857e-07
2.754158304046384665e-07
2.737737083624960082e-07
2.721455838143678925e-07
2.705311820970687853e-07
2.689303174196174207e-07
2.673428525912336356e-07
2.657686806510321765e-07
2.642076337593190837e-07
2.626594280224923119e-07
2.611237657987721837e-07
2.596003997987133572e-07
2.580879415180462495e-07
2.565885722969903496e-07
2.551009560119135465e-07
2.536249509000556483e-07
2.521604142714580941e-07
2.507071665930711247e-07
2.492649913316581289e-07
2.478337194310444862e-07
2.464132439460123527e-07
2.450034861013776442e-07
2.436043704558181355e-07
2.422157868582369377e-07
2.408376035350967771e-07
2.394696725606127672e-07
2.381118572963670004e-07
2.360889285799504301e-07
2.348009970277497274e-07
2.334924593128638561e-07
2.327793238545924812e-07
2.314703596673664059e-07
2.301709376349202933e-07
2.288809713646568925e-07
2.276003682578722305e-07
2.263290761033022050e-07
2.250670620739198237e-07
2.238143038079394739e-07
2.225707828718385900e-07
2.213364192763934702e-07
2.201111398701005456e-07
2.188948579420181232e-07
2.176874919747279452e-07
2.164889734597785978e-07
2.152992492274972251e-07
2.141182786202113822e-07
2.129460235430301065e-07
2.117824284338827549e-07
2.106273962694947863e-07
2.094808362471838105e-07
2.083427160913325488e-07
2.072130513765527753e-07
2.060918584464965878e-07
2.049791479281907234e-07
2.038749002986940444e-07
2.027790583145798748e-07
2.016915600036924242e-07
2.006123378053578955e-07
1.995413044683963200e-07
1.984783840292512792e-07
1.974235158202131006e-07
1.963766603531466403e-07
1.953377861411827269e-07
1.943068396514507029e-07
1.932837499123220499e-07
1.914964186686732366e-07
1.904786541065780629e-07
1.894588958325788782e-07
1.892683046413905683e-07
1.882834700253685609e-07
1.873062422420020785e-07
1.863366027104699231e-07
1.853745091648186583e-07
1.844199026171802816e-07
1.834727084058084731e-07
1.825328392091600781e-07
1.816001834348597142e-07
1.806859020272432490e-07
1.797672947853389902e-07
1.788556556165299668e-07
1.779509410347208078e-07
1.770530949311968284e-07
1.761620366741805593e-07
1.752776706954603820e-07
1.743999261398553531e-07
1.735287391170970882e-07
1.726640561300775078e-07
1.718058538629355072e-07
1.709541350976654896e-07
1.701088822963873370e-07
1.692700354597530469e-07
1.684375175365956740e-07
1.676112456947786094e-07
1.667911339249244101e-07
1.659770913032011250e-07
1.651690034649088024e-07
1.643667610657192336e-07
1.635702873159884306e-07
1.627795167923663114e-07
1.619943811293619094e-07
1.612148046290444473e-07
1.604407229102160708e-07
1.596720859181869104e-07
1.589088435739300929e-07
1.581509455922330060e-07
1.573983491125160845e-07
1.566510295330868726e-07
1.559089477678077749e-07
1.551720435969115082e-07
1.544402529127544316e-07
1.533522051257024536e-07
1.526260771174445801e-07
1.519040202744565433e-07
1.515625349430217341e-07
1.508550343303133629e-07
1.501521543841957050e-07
1.494538330699554576e-07
1.487600018761034558e-07
1.480705961667032770e-07
1.473855561049424566e-07
1.467048415418460182e-07
1.460284304820685663e-07
1.453563080063126192e-07
1.446884616014754320e-07
1.440248514558512249e-07
1.433654115575858765e-07
1.427100775906088633e-07
1.420587892056710252e-07
1.414114872876912874e-07
1.407681136493913284e-07
1.401286129858250585e-07
1.394929374992567306e-07
1.388610410946903475e-07
1.382328847176669490e-07
1.376084300084923740e-07
1.369876319223061650e-07
1.363704498628657768e-07
1.357568570057351278e-07
1.351468426759521128e-07
1.345403988746388364e-07
1.339375042135600003e-07
1.333381301040099228e-07
1.327422506854511344e-07
1.321498260158345989e-07
1.315608110362503882e-07
1.309751645651777636e-07
1.303928490872382822e-07
1.298138374526451339e-07
1.292381165644297279e-07
1.286656805891772181e-07
1.280965204606323900e-07
1.275306227829496481e-07
1.269679727236397883e-07
1.264085530826236670e-07
1.258523462376854574e-07
1.252993299636325033e-07
1.247494870190844404e-07
1.238178028442204277e-07
1.232793294462060815e-07
1.227438334364296301e-07
1.222112992251347210e-07
1.220474130742467758e-07
1.215163737968305394e-07
1.209884345819958191e-07
1.204635849062656294e-07
1.199418186248920497e-07
1.194231293062669055e-07
1.189075092238572959e-07
1.183949436036071668e-07
1.178854256728645301e-07
1.173789539244717135e-07
1.168755212791680602e-07
1.163751150429892267e-07
1.158777241443509497e-07
1.153833407688544507e-07
1.148919568133384331e-07
1.144035681795907358e-07
1.139181720920733317e-07
1.134357627742006416e-07
1.129563279044089383e-07
1.124798495298759989e-07
1.120063158798532456e-07
1.115357160300149590e-07
1.110680367236740042e-07
1.106032664358044202e-07
1.101413952475469904e-07
1.096824111315432086e-07
1.092262971009807866e-07
1.087730395586837280e-07
1.083226265794507425e-07
1.078750423027580287e-07
1.074302691907863755e-07
1.069882916804796429e-07
1.065490939320593618e-07
1.061126629668516969e-07
1.056789834777923670e-07
1.052480339069523932e-07
1.048197917382451486e-07
1.043942332347152117e-07
1.039713338929098021e-07
1.035510727232805817e-07
1.031334318806811619e-07
1.027183930672760318e-07
1.023059344063270271e-07
1.018960336511867557e-07
1.014886702119114940e-07
1.010838212226605100e-07
1.006814602656143662e-07
9.997989221852013184e-08
9.958571607834385537e-08
9.919397506839308969e-08
9.880460992740992997e-08
9.841756091970185621e-08
9.803277224104569323e-08
9.765019584252909791e-08
9.726978396646545685e-08
9.689148960935606232e-08
9.651526598695542768e-08
9.641241097875961520e-08
9.603792945670192414e-08
9.566560228751756837e-08
9.529540745536930779e-08
9.492732212882693867e-08
9.456132334334239897e-08
9.419738708361621460e-08
9.383548768692402594e-08
9.347559971651770082e-08
9.311769740555774704e-08
9.276175307043699450e-08
9.240774007566788759e-08
9.205563410533797987e-08
9.170541295110661353e-08
9.135705606705177005e-08
9.101054431633040361e-08
9.066585793104266439e-08
9.032297658526411160e-08
8.998188001433548285e-08
8.964254898142955296e-08
8.930496315227754781e-08
8.896910094437196143e-08
8.863494234982271525e-08
8.830246783713334777e-08
8.797165796603059602e-08
8.764249535400788509e-08
8.731496543629085885e-08
8.698905569988220136e-08
8.666475480037731023e-08
8.634205061615794698e-08
8.574932565458038806e-08
8.542902970195406008e-08
8.511035134940113227e-08
8.479328329476826425e-08
8.447781555027424056e-08
8.416393847568226678e-08
8.385164343292624607e-08
8.354092258018231282e-08
8.323176824990809049e-08
8.292417279078994351e-08
8.261812905418064491e-08
8.231363370584053284e-08
8.201068871942618844e-08
8.198463391641055200e-08
8.168443946808050129e-08
8.138568138848155564e-08
8.108835385745459043e-08
8.079244843408666094e-08
8.049795777203066804e-08
8.020487525694592822e-08
7.991319445802284684e-08
7.962290800607725772e-08
7.933400882093703024e-08
7.904649186506045491e-08
7.876035273203253292e-08
7.847558786987102489e-08
7.819219612258620728e-08
7.791017905099126595e-08
7.762953823796382744e-08
7.735027354727020948e-08
7.707238393379764542e-08
7.679586336014870891e-08
7.652070163465481608e-08
7.624688897126609020e-08
7.597441678218860748e-08
7.570327946083574531e-08
7.543347246837589716e-08
7.516499249434221464e-08
7.489783869695254744e-08
7.463200997409913478e-08
7.436750541525325593e-08
7.410432401485508888e-08
7.384246336625665506e-08
7.358192068442214718e-08
7.332269317719577102e-08
7.306477895026573770e-08
7.280817304966878591e-08
7.255286613912899131e-08
7.229884901492063021e-08
7.204611326567207749e-08
7.179465233217913438e-08
7.154445999320411867e-08
7.129552977879608291e-08
7.104785607921123476e-08
