# cl_delta_noiseisw
5.695519871254934425e-05
4.116846095997390254e-05
2.652927269745973624e-05
2.036263160413480313e-05
1.504241963657225190e-05
1.021288377503921275e-05
7.154389213316120531e-06
5.103699200769502755e-06
3.334930411052562127e-06
2.380890490098332436e-06
1.550262035449915562e-06
1.074171076177207897e-06
6.971905421679689285e-07
4.657007685790017865e-07
3.063609716341654945e-07
1.986164745571994307e-07
1.279453269079738608e-07
8.209949976444181826e-08
5.245254953116831130e-08
3.317729175569969074e-08
2.094180774436863110e-08
1.309731057209610213e-08
8.063164098394601418e-09
4.943852529182212792e-09
3.021981979767413843e-09
1.816709715320380594e-09
1.080203535681111045e-09
6.377428832060653244e-10
3.745979872292245549e-10
2.172834231764492731e-10
1.250098723471763823e-10
7.137593187361535282e-11
4.052136566320251116e-11
2.248236039411383624e-11
1.259320326021367356e-11
7.362399893805372180e-12
3.642289754090838764e-12
2.143491242472762350e-12
1.009622976452228045e-12
5.791365672871994790e-13
2.973175810801158193e-13
1.496947731487815487e-13
6.186933518305471134e-14
4.638603222665341351e-14
1.347618393759629397e-14
1.172268935024465703e-14
7.616498018854764251e-15
2.893999935029067258e-15
-3.521842351734905918e-15
4.482870715199101077e-16
-2.248800240954895747e-15
5.708433374283878119e-15
5.794748373195952455e-15
1.082346594618663280e-16
5.437987958256353954e-17
9.989152398561018737e-17
-3.010775530547665798e-16
-1.527713835000948560e-17
-1.483448637223813362e-16
-4.156718567997434030e-17
2.061214163615757294e-17
-1.158382247503232060e-18
4.252512132676289870e-18
1.960554399425662295e-18
5.212718513007588061e-20
3.673272767701680176e-20
1.490618676407775017e-18
4.626055395901388919e-19
-3.787162770276664470e-19
2.360541802535694616e-20
