# cl_isw_isw
4.669091887800182278e-12
3.729106638967656431e-12
2.968447747546216627e-12
2.355407677305569086e-12
1.863247266971875512e-12
1.469581899009434425e-12
1.155799026542528492e-12
9.065197543911122284e-13
7.091113701026325333e-13
5.532535204060972765e-13
4.305574597260043112e-13
3.342366434265208622e-13
2.588249186082725822e-13
1.999375218669120805e-13
1.540706150780856584e-13
1.184343028116212732e-13
9.081466639609580672e-14
6.946042393449044162e-14
5.299042767039068526e-14
4.031854693311333120e-14
3.059295518890779853e-14
2.314734236766598612e-14
1.746183100112067534e-14
1.313179920680893247e-14
9.843089884982323589e-15
7.352368098782724064e-15
5.471608816806190913e-15
4.055872462508615272e-15
2.993694009033333403e-15
2.199605557470348959e-15
1.608115251073822762e-15
1.169467193999699091e-15
8.458171582895380684e-16
6.078976847806326722e-16
4.339010976096662694e-16
3.073285319580800937e-16
2.158719240925822433e-16
1.503258152787814307e-16
1.037405321805724832e-16
7.090714543641534210e-17
4.800429295531136711e-17
3.220108387459560670e-17
2.142046267659839120e-17
1.415063081862004194e-17
9.303018056517251794e-18
6.102652126990679283e-18
4.004172054256462960e-18
2.632045545426375412e-18
1.733075599911637465e-18
1.140240128305752598e-18
7.463643564153556378e-19
4.839400926200720259e-19
3.099318690511530405e-19
1.964724356020367467e-19
1.239222739508571005e-19
7.810300754127062879e-20
4.916835355254376421e-20
3.073941269472209924e-20
1.903989752516278459e-20
1.174846640511016188e-20
7.264730182346842588e-21
4.478997238946669922e-21
2.740133264263203700e-21
1.671924379335651343e-21
1.017741255878977130e-21
6.157904315661305650e-22
3.717768677578377442e-22
2.236820474636581048e-22
1.341871545486849709e-22
8.025264350660478774e-23
