# cl_iswg_isw
2.877912797007618573e-08
2.521150891271152766e-08
2.163320140802284186e-08
1.906521778162948882e-08
1.641757906532102689e-08
1.409174321021758367e-08
1.201915190490866387e-08
1.034753317727781461e-08
8.409754483074675356e-09
7.277631298025116859e-09
6.074878529084116139e-09
5.028920482280879927e-09
3.805175923144567121e-09
3.349772467627862047e-09
2.700279129368585491e-09
2.165341591051774770e-09
1.732089498567403010e-09
1.383656441761002610e-09
1.105182187511803017e-09
8.805284432161784524e-10
6.978970682040884396e-10
5.515046428392248661e-10
4.337343086880852714e-10
3.371895160454384845e-10
2.572642822490970941e-10
1.935309973847321233e-10
1.454455761600175253e-10
1.105074771961854752e-10
8.586097374286481392e-11
6.762171251222343984e-11
5.236755856745971179e-11
3.901652366942467538e-11
2.811049659702578434e-11
2.032167968654945287e-11
1.500538854715678042e-11
1.108657581299791366e-11
8.198854950638954590e-12
6.196874297581539254e-12
4.563174529520714531e-12
3.165175505476834201e-12
2.244653940529851900e-12
1.656153913548909650e-12
1.223801752931769920e-12
8.607177863687582420e-13
6.025095895804747436e-13
4.364438174445630245e-13
3.073457215148649809e-13
2.178944665609754583e-13
1.556327147971238184e-13
1.080422211331299686e-13
7.660076074901946500e-14
5.339569404889814015e-14
3.702490836437540386e-14
2.580293597941980808e-14
1.799806349188508943e-14
1.261951947951828100e-14
8.770035105994494174e-15
6.055795414277446354e-15
4.170990473266211005e-15
2.867896634395646693e-15
1.964898027786504025e-15
1.347660496078913426e-15
9.298132817116266274e-16
6.415529873738694209e-16
4.390480474717114593e-16
2.990577703212202945e-16
2.036779270706121051e-16
1.384032716039460058e-16
9.376710282867489984e-17
6.371893156636354303e-17
