# bb
1.885317374217265751e-06
3.771386673179222271e-06
6.287286396400304511e-06
9.434011190023738891e-06
1.321276249655056745e-05
1.762496140145231038e-05
2.267223135277163237e-05
2.835639133991207927e-05
3.467943315627053380e-05
4.164349229540675879e-05
4.925085522700101137e-05
5.750392301706597209e-05
6.640517676714807749e-05
7.595717761432752013e-05
8.616253762738779187e-05
9.702390525490045547e-05
1.085438998416066170e-04
1.207251480082049966e-04
1.335702108917757869e-04
1.470815914217382669e-04
1.612616906641051173e-04
1.761127932695671916e-04
1.916371111292392015e-04
2.078365796478465199e-04
2.247130905743688345e-04
2.422682446194812655e-04
2.605034969747066498e-04
2.794201136566698551e-04
2.990190114360302687e-04
3.193010052200406790e-04
3.402665897738188505e-04
3.619160270318388939e-04
3.842493460979312658e-04
4.072662850376218557e-04
4.309663490857928991e-04
4.553488397505134344e-04
4.804127383977174759e-04
5.061568226665258408e-04
5.325796664692461491e-04
5.596796981990337372e-04
5.874549970030784607e-04
6.159035838209092617e-04
6.450233049690723419e-04
6.748117739334702492e-04
7.052666042000055313e-04
7.363853510469198227e-04
7.681652205064892769e-04
8.006037678569555283e-04
8.336981409229338169e-04
8.674457203596830368e-04
9.018439450301229954e-04
9.368900209665298462e-04
9.725815034471452236e-04
1.008916064165532589e-03
1.045891200192272663e-03
1.083504757843911648e-03
1.121754758059978485e-03
1.160639338195323944e-03
1.200156984850764275e-03
1.240306068211793900e-03
1.281085540540516376e-03
1.322494586929678917e-03
1.364532392472028732e-03
1.407198607921600342e-03
1.450493116863071918e-03
1.494416152127087116e-03
1.538968062959611416e-03
1.584149664267897606e-03
1.629962003789842129e-03
1.676406478509306908e-03
1.723484601825475693e-03
1.771198236383497715e-03
1.819549710489809513e-03
1.868541352450847626e-03
1.918175490573048592e-03
1.968455733731389046e-03
2.019384410232305527e-03
2.070965245366096497e-03
2.123201731592416763e-03
2.176097361370921135e-03
2.229656092822551727e-03
2.283881651237607002e-03
2.338778460398316383e-03
2.394350012764334679e-03
2.450600964948534966e-03
2.507535275071859360e-03
2.565157366916537285e-03
2.623471198603510857e-03
2.682481659576296806e-03
2.742192475125193596e-03
2.802607836201786995e-03
2.863731933757662773e-03
2.925569191575050354e-03
2.988123102113604546e-03
3.051397856324911118e-03
3.115397412329912186e-03
3.180125495418906212e-03
3.245585365220904350e-03
3.311781212687492371e-03
3.378715598955750465e-03
3.446392947807908058e-03
3.514816053211688995e-03
3.583988174796104431e-03
3.653912572190165520e-03
3.724591806530952454e-03
3.796029835939407349e-03
3.868229221552610397e-03
3.941193222999572754e-03
4.014924634248018265e-03
4.089426714926958084e-03
4.164702259004116058e-03
4.240754991769790649e-03
4.317588172852993011e-03
4.395205061882734299e-03
4.473609384149312973e-03
4.552804864943027496e-03
4.632794763892889023e-03
4.713583737611770630e-03
4.795175977051258087e-03
4.877576604485511780e-03
4.960789810866117477e-03
5.044820252805948257e-03
5.129674449563026428e-03
5.215357057750225067e-03
5.301874596625566483e-03
5.389233119785785675e-03
5.477439612150192261e-03
5.566500592976808548e-03
5.656423512846231461e-03
5.747216288000345230e-03
5.838885903358459473e-03
5.931441206485033035e-03
6.024891044944524765e-03
6.119242869317531586e-03
6.214507389813661575e-03
6.310692988336086273e-03
6.407809443771839142e-03
6.505865603685379028e-03
6.604872643947601318e-03
6.704839412122964859e-03
6.805777084082365036e-03
6.907694973051548004e-03
7.010604254901409149e-03
7.114513311535120010e-03
7.219434715807437897e-03
7.325376849621534348e-03
7.432349957525730133e-03
7.540364284068346024e-03
7.649428676813840866e-03
7.759552914649248123e-03
7.870745845139026642e-03
7.983016781508922577e-03
8.096372708678245544e-03
8.210822008550167084e-03
8.326373063027858734e-03
8.443031460046768188e-03
8.560805581510066986e-03
8.679697290062904358e-03
8.799715898931026459e-03
8.920864202082157135e-03
9.043144993484020233e-03
9.166563861072063446e-03
9.291121736168861389e-03
9.416820481419563293e-03
9.543662890791893005e-03
9.671646170318126678e-03
9.800773113965988159e-03
9.931040927767753601e-03
1.006244868040084839e-02
1.019499264657497406e-02
1.032866910099983215e-02
1.046347618103027344e-02
1.059940736740827560e-02
1.073645707219839096e-02
1.087461970746517181e-02
1.101388875395059586e-02
1.115425676107406616e-02
1.129571441560983658e-02
1.143825519829988480e-02
1.158186700195074081e-02
1.172654237598180771e-02
1.187227107584476471e-02
1.201904192566871643e-02
1.216684468090534210e-02
1.231566537171602249e-02
1.246549561619758606e-02
1.261632144451141357e-02
1.276813168078660965e-02
1.292091328650712967e-02
1.307465322315692902e-02
1.322933938354253769e-02
1.338495779782533646e-02
1.354149542748928070e-02
1.369894016534090042e-02
1.385727897286415100e-02
1.401649508625268936e-02
1.417658012360334396e-02
1.433751732110977173e-02
1.449929550290107727e-02
1.466189976781606674e-02
1.482531800866127014e-02
1.498953532427549362e-02
1.515454053878784180e-02
1.532031875103712082e-02
1.548685878515243530e-02
1.565414853394031525e-02
1.582217030227184296e-02
1.599091477692127228e-02
1.616036891937255859e-02
1.633051596581935883e-02
1.650134660303592682e-02
1.667284779250621796e-02
1.684500277042388916e-02
1.701780036091804504e-02
1.719122566282749176e-02
1.736526750028133392e-02
1.753990910947322845e-02
1.771513558924198151e-02
1.789093390107154846e-02
1.806728914380073547e-02
1.824418641626834869e-02
1.842160709202289581e-02
1.859953813254833221e-02
1.877796277403831482e-02
1.895686239004135132e-02
1.913622207939624786e-02
1.931602135300636292e-02
1.949624344706535339e-02
1.967686787247657776e-02
1.985787600278854370e-02
2.003925107419490814e-02
2.022096700966358185e-02
2.040300518274307251e-02
2.058534324169158936e-02
2.076796256005764008e-02
2.095083519816398621e-02
2.113394252955913544e-02
2.131725661456584930e-02
2.150075696408748627e-02
2.168441750109195709e-02
2.186821214854717255e-02
2.205211669206619263e-02
2.223610505461692810e-02
2.242015115916728973e-02
2.260422706604003906e-02
2.278831042349338531e-02
2.297236770391464233e-02
2.315637841820716858e-02
2.334031276404857635e-02
2.352414466440677643e-02
2.370784431695938110e-02
2.389138750731945038e-02
2.407474443316459656e-02
2.425789274275302887e-02
2.444080449640750885e-02
2.462344989180564880e-02
2.480580843985080719e-02
2.498785220086574554e-02
2.516955509781837463e-02
2.535089291632175446e-02
2.553184330463409424e-02
2.571238204836845398e-02
2.589248679578304291e-02
2.607213519513607025e-02
2.625130489468574524e-02
2.642997726798057556e-02
2.660812996327877045e-02
2.678574621677398682e-02
2.696280553936958313e-02
2.713929489254951477e-02
2.731519192457199097e-02
2.749048359692096710e-02
2.766515687108039856e-02
2.783919498324394226e-02
2.801258489489555359e-02
2.818531543016433716e-02
2.835737541317939758e-02
2.852875180542469025e-02
2.869943715631961823e-02
2.886942028999328613e-02
2.903869748115539551e-02
2.920725569128990173e-02
2.937508933246135712e-02
2.954219654202461243e-02
2.970856614410877228e-02
2.987419627606868744e-02
3.003908321261405945e-02
3.020321950316429138e-02
3.036660514771938324e-02
3.052923642098903656e-02
3.069111332297325134e-02
3.085223026573657990e-02
3.101258911192417145e-02
3.117218427360057831e-02
3.133101761341094971e-02
3.148908540606498718e-02
3.164639696478843689e-02
3.180293738842010498e-02
3.195871785283088684e-02
3.211373090744018555e-02
3.226798772811889648e-02
3.242147341370582581e-02
3.257419914007186890e-02
3.272616490721702576e-02
3.287736326456069946e-02
3.302780166268348694e-02
3.317748382687568665e-02
3.332640603184700012e-02
3.347456827759742737e-02
3.362197428941726685e-02
3.376862406730651855e-02
3.391451761126518250e-02
3.405966237187385559e-02
3.420405089855194092e-02
3.434769064188003540e-02
3.449058905243873596e-02
3.463273867964744568e-02
3.477415069937705994e-02
3.491481766104698181e-02
3.505475446581840515e-02
3.519396111369132996e-02
3.533243760466575623e-02
3.547019883990287781e-02
3.560724109411239624e-02
3.574357554316520691e-02
3.587920591235160828e-02
3.601413965225219727e-02
3.614839166402816772e-02
3.628196194767951965e-02
3.641486167907714844e-02
3.654710575938224792e-02
3.667870163917541504e-02
3.680966421961784363e-02
3.694000095129013062e-02
3.706973046064376831e-02
3.719886392354965210e-02
3.732742369174957275e-02
3.745541721582412720e-02
3.758286684751510620e-02
3.770979121327400208e-02
3.783620521426200867e-02
3.796213492751121521e-02
3.808759152889251709e-02
3.821260854601860046e-02
3.833720088005065918e-02
3.846139460802078247e-02
3.858521208167076111e-02
3.870867565274238586e-02
3.883181512355804443e-02
3.895465657114982605e-02
3.907722607254981995e-02
3.919954225420951843e-02
3.932164981961250305e-02
3.944355994462966919e-02
3.956530988216400146e-02
3.968692570924758911e-02
3.980844095349311829e-02
3.992987796664237976e-02
4.005127027630805969e-02
4.017264395952224731e-02
4.029403254389762878e-02
4.041546583175659180e-02
4.053696990013122559e-02
4.065857455134391785e-02
4.078030586242675781e-02
4.090220108628273010e-02
4.102427884936332703e-02
4.114657640457153320e-02
4.126911610364913940e-02
4.139192402362823486e-02
4.151503369212150574e-02
4.163846373558044434e-02
4.176224395632743835e-02
4.188640043139457703e-02
4.201095178723335266e-02
4.213592782616615295e-02
4.226135089993476868e-02
4.238723963499069214e-02
4.251362755894660950e-02
4.264052212238311768e-02
4.276794940233230591e-02
4.289592802524566650e-02
4.302448034286499023e-02
4.315362870693206787e-02
4.328338429331779480e-02
4.341376572847366333e-02
4.354479536414146423e-02
4.367648437619209290e-02
4.380885139107704163e-02
4.394191130995750427e-02
4.407567530870437622e-02
4.421016573905944824e-02
4.434539005160331726e-02
4.448136687278747559e-02
4.461810737848281860e-02
4.475562274456024170e-02
4.489393159747123718e-02
4.503304138779640198e-02
4.517297074198722839e-02
4.531372338533401489e-02
4.545531421899795532e-02
4.559775814414024353e-02
4.574107006192207336e-02
4.588525369763374329e-02
4.603032395243644714e-02
4.617629945278167725e-02
4.632317647337913513e-02
4.647098109126091003e-02
4.661972075700759888e-02
4.676940664649009705e-02
4.692004621028900146e-02
4.707165062427520752e-02
4.722424596548080444e-02
4.737782478332519531e-02
4.753240942955017090e-02
4.768800362944602966e-02
4.784462600946426392e-02
4.800228029489517212e-02
4.816098511219024658e-02
4.832074418663978577e-02
4.848157241940498352e-02
4.864347726106643677e-02
4.880646616220474243e-02
4.897055402398109436e-02
4.913574457168579102e-02
4.930204898118972778e-02
4.946947097778320312e-02
4.963802173733711243e-02
4.980770498514175415e-02
4.997852817177772522e-02
5.015049874782562256e-02
5.032362043857574463e-02
5.049788951873779297e-02
5.067331343889236450e-02
5.084989964962005615e-02
5.102764070034027100e-02
5.120654031634330750e-02
5.138659104704856873e-02
5.156780406832695007e-02
5.175016447901725769e-02
5.193367227911949158e-02
5.211832374334335327e-02
5.230410769581794739e-02
5.249101668596267700e-02
5.267904698848724365e-02
5.286818742752075195e-02
5.305842310190200806e-02
5.324973911046981812e-02
5.344212800264358521e-02
5.363557487726211548e-02
5.383005738258361816e-02
5.402556806802749634e-02
5.422208458185195923e-02
5.441958829760551453e-02
5.461805686354637146e-02
5.481747165322303772e-02
5.501781031489372253e-02
5.521904677152633667e-02
5.542116612195968628e-02
5.562413483858108521e-02
5.582792684435844421e-02
5.603252723813056946e-02
5.623790621757507324e-02
5.644402652978897095e-02
5.665087327361106873e-02
5.685841292142868042e-02
5.706661194562911987e-02
5.727545544505119324e-02
5.748489499092102051e-02
5.769491940736770630e-02
5.790548399090766907e-02
5.811657384037971497e-02
5.832815170288085938e-02
5.854018405079841614e-02
5.875264480710029602e-02
5.896550789475440979e-02
5.917873606085777283e-02
5.939230695366859436e-02
5.960618332028388977e-02
5.982034280896186829e-02
6.003475561738014221e-02
6.024938821792602539e-02
6.046420708298683167e-02
6.067920103669166565e-02
6.089432165026664734e-02
6.110956147313117981e-02
6.132487207651138306e-02
6.154024228453636169e-02
6.175563484430313110e-02
6.197102740406990051e-02
6.218639016151428223e-02
6.240169703960418701e-02
6.261692196130752563e-02
6.283203512430191040e-02
6.304702162742614746e-02
6.326185166835784912e-02
6.347648054361343384e-02
6.369090825319290161e-02
6.390509009361267090e-02
6.411901116371154785e-02
6.433264166116714478e-02
6.454595923423767090e-02
6.475893408060073853e-02
6.497153639793395996e-02
6.518374383449554443e-02
6.539553403854370117e-02
6.560687720775604248e-02
6.581774353981018066e-02
6.602810323238372803e-02
6.623793393373489380e-02
6.644721329212188721e-02
6.665590405464172363e-02
6.686398386955261230e-02
6.707141548395156860e-02
6.727817654609680176e-02
6.748424470424652100e-02
6.768958270549774170e-02
6.789416074752807617e-02
6.809794902801513672e-02
6.830091774463653564e-02
6.850303709506988525e-02
6.870427727699279785e-02
6.890460848808288574e-02
6.910399347543716431e-02
6.930241733789443970e-02
6.949983537197113037e-02
6.969621777534484863e-02
6.989153474569320679e-02
7.008575648069381714e-02
7.027885317802429199e-02
7.047080248594284058e-02
7.066155225038528442e-02
7.085109502077102661e-02
7.103939354419708252e-02
7.122641056776046753e-02
7.141213119029998779e-02
7.159651815891265869e-02
7.177954167127609253e-02
7.196118682622909546e-02
7.214141637086868286e-02
7.232020795345306396e-02
7.249754667282104492e-02
7.267339527606964111e-02
7.284773141145706177e-02
7.302053272724151611e-02
7.319179177284240723e-02
7.336147874593734741e-02
7.352957874536514282e-02
7.369606941938400269e-02
7.386093586683273315e-02
7.402416318655014038e-02
7.418573647737503052e-02
7.434564828872680664e-02
7.450387626886367798e-02
7.466042041778564453e-02
7.481525093317031860e-02
7.496839016675949097e-02
7.511981576681137085e-02
7.526951283216476440e-02
7.541748881340026855e-02
7.556372880935668945e-02
7.570824772119522095e-02
7.585103064775466919e-02
7.599208503961563110e-02
7.613140344619750977e-02
7.626900076866149902e-02
7.640485465526580811e-02
7.653899490833282471e-02
7.667141407728195190e-02
7.680211961269378662e-02
7.693111896514892578e-02
7.705841213464736938e-02
7.718402147293090820e-02
7.730793952941894531e-02
7.743018120527267456e-02
7.755075395107269287e-02
7.766966521739959717e-02
7.778694480657577515e-02
7.790257781744003296e-02
7.801658660173416138e-02
7.812899351119995117e-02
7.823979854583740234e-02
7.834900170564651489e-02
7.845664024353027344e-02
7.856270670890808105e-02
7.866723090410232544e-02
7.877022027969360352e-02
7.887168228626251221e-02
7.897163182497024536e-02
7.907009124755859375e-02
7.916706055402755737e-02
7.926256209611892700e-02
7.935661077499389648e-02
7.944921404123306274e-02
7.954039424657821655e-02
7.963016629219055176e-02
7.971853762865066528e-02
7.980552315711975098e-02
7.989113777875900269e-02
7.997541129589080811e-02
8.005833625793457031e-02
8.013994246721267700e-02
8.022024482488632202e-02
8.029925823211669922e-02
8.037699013948440552e-02
8.045347779989242554e-02
8.052871376276016235e-02
8.060274273157119751e-02
8.067556470632553101e-02
8.074720948934555054e-02
8.081767708063125610e-02
8.088701963424682617e-02
8.095522969961166382e-02
8.102234452962875366e-02
8.108837902545928955e-02
8.115335553884506226e-02
8.121729642152786255e-02
8.128023892641067505e-02
8.134219050407409668e-02
8.140319585800170898e-02
8.146326243877410889e-02
8.152243494987487793e-02
8.158072829246520996e-02
8.163817971944808960e-02
8.169481158256530762e-02
8.175066858530044556e-02
8.180576562881469727e-02
8.186014741659164429e-02
8.191384375095367432e-02
8.196687698364257812e-02
8.201929926872253418e-02
8.207114040851593018e-02
8.212242275476455688e-02
8.217319846153259277e-02
8.222348988056182861e-02
8.227334916591644287e-02
8.232280611991882324e-02
8.237190544605255127e-02
8.242066204547882080e-02
8.246914297342300415e-02
8.251737803220748901e-02
8.256539702415466309e-02
8.261324465274810791e-02
8.266095817089080811e-02
8.270858228206634521e-02
8.275614678859710693e-02
8.280368894338607788e-02
8.285126090049743652e-02
8.289888501167297363e-02
8.294661343097686768e-02
8.299446105957031250e-02
8.304248005151748657e-02
8.309070765972137451e-02
8.313917368650436401e-02
8.318791538476943970e-02
8.323696255683898926e-02
8.328635245561599731e-02
8.333611488342285156e-02
8.338627964258193970e-02
8.343688398599624634e-02
8.348795026540756226e-02
8.353950828313827515e-02
8.359158784151077271e-02
8.364422619342803955e-02
8.369743824005126953e-02
8.375124633312225342e-02
8.380568027496337891e-02
8.386076241731643677e-02
8.391652256250381470e-02
8.397297561168670654e-02
8.403013646602630615e-02
8.408802747726440430e-02
8.414667844772338867e-02
8.420610427856445312e-02
8.426631987094879150e-02
8.432733267545700073e-02
8.438917249441146851e-02
8.445185422897338867e-02
8.451537042856216431e-02
8.457977324724197388e-02
8.464504778385162354e-02
8.471120893955230713e-02
8.477828651666641235e-02
8.484627306461334229e-02
8.491519838571548462e-02
8.498506247997283936e-02
8.505587279796600342e-02
8.512765169143676758e-02
8.520040661096572876e-02
8.527413755655288696e-02
8.534886687994003296e-02
8.542459458112716675e-02
8.550134301185607910e-02
8.557911217212677002e-02
8.565790951251983643e-02
8.573775738477706909e-02
8.581864833831787109e-02
8.590060472488403320e-02
8.598362654447555542e-02
8.606773614883422852e-02
8.615291863679885864e-02
8.623920381069183350e-02
8.632659912109375000e-02
8.641510456800460815e-02
8.650472015142440796e-02
8.659547567367553711e-02
8.668735623359680176e-02
8.678039163351058960e-02
8.687457442283630371e-02
8.696991205215454102e-02
8.706641197204589844e-02
8.716408163309097290e-02
8.726292848587036133e-02
8.736295253038406372e-02
8.746416121721267700e-02
8.756655454635620117e-02
8.767013251781463623e-02
8.777490258216857910e-02
8.788087218999862671e-02
8.798802644014358521e-02
8.809637278318405151e-02
8.820591121912002563e-02
8.831663429737091064e-02
8.842854201793670654e-02
8.854162693023681641e-02
8.865588158369064331e-02
8.877131342887878418e-02
8.888788521289825439e-02
8.900561928749084473e-02
8.912448585033416748e-02
8.924447745084762573e-02
8.936557918787002563e-02
8.948779106140136719e-02
8.961106836795806885e-02
8.973541855812072754e-02
8.986081928014755249e-02
8.998724073171615601e-02
9.011466801166534424e-02
9.024308621883392334e-02
9.037246555089950562e-02
9.050277620553970337e-02
9.063400328159332275e-02
9.076611697673797607e-02
9.089908748865127563e-02
9.103288501501083374e-02
9.116747975349426270e-02
9.130285680294036865e-02
9.143896400928497314e-02
9.157577902078628540e-02
9.171327203512191772e-02
9.185140579938888550e-02
9.199015051126480103e-02
9.212946891784667969e-02
9.226933121681213379e-02
9.240968525409698486e-02
9.255052357912063599e-02
9.269178658723831177e-02
9.283345937728881836e-02
9.297548234462738037e-02
9.311784058809280396e-02
9.326048940420150757e-02
9.340340644121170044e-02
9.354653209447860718e-02
9.368985891342163086e-02
9.383332729339599609e-02
9.397692233324050903e-02
9.412059187889099121e-02
9.426432102918624878e-02
9.440806508064270020e-02
9.455180168151855469e-02
9.469548612833023071e-02
9.483909606933593750e-02
9.498258680105209351e-02
9.512594342231750488e-02
9.526912868022918701e-02
9.541212022304534912e-02
9.555488079786300659e-02
9.569738805294036865e-02
9.583960473537445068e-02
9.598150849342346191e-02
9.612307697534561157e-02
9.626427292823791504e-02
9.640508890151977539e-02
9.654547274112701416e-02
9.668541699647903442e-02
9.682489186525344849e-02
9.696386754512786865e-02
9.710232913494110107e-02
9.724024683237075806e-02
9.737759083509445190e-02
9.751433134078979492e-02
9.765046834945678711e-02
9.778594970703125000e-02
9.792076796293258667e-02
9.805487841367721558e-02
9.818828850984573364e-02
9.832093864679336548e-02
9.845282137393951416e-02
9.858390688896179199e-02
9.871416538953781128e-02
9.884356707334518433e-02
9.897209703922271729e-02
9.909971803426742554e-02
9.922640770673751831e-02
9.935212135314941406e-02
9.947685897350311279e-02
9.960056096315383911e-02
9.972321987152099609e-02
9.984479099512100220e-02
9.996525198221206665e-02
1.000845730304718018e-01
1.002027094364166260e-01
1.003196462988853455e-01
1.004353463649749756e-01
1.005497723817825317e-01
1.006628945469856262e-01
1.007746830582618713e-01
1.008850932121276855e-01
1.009941250085830688e-01
1.011017039418220520e-01
1.012078374624252319e-01
1.013124585151672363e-01
1.014155671000480652e-01
1.015171110630035400e-01
1.016170680522918701e-01
1.017154082655906677e-01
1.018121019005775452e-01
1.019071191549301147e-01
1.020004302263259888e-01
1.020920127630233765e-01
1.021818369626998901e-01
1.022698804736137390e-01
1.023561209440231323e-01
1.024405360221862793e-01
1.025230959057807922e-01
1.026037931442260742e-01
1.026825979351997375e-01
1.027594953775405884e-01
1.028344780206680298e-01
1.029075235128402710e-01
1.029786244034767151e-01
1.030477583408355713e-01
1.031149253249168396e-01
1.031801104545593262e-01
1.032433211803436279e-01
1.033045351505279541e-01
1.033637523651123047e-01
1.034209728240966797e-01
1.034761965274810791e-01
1.035294309258460999e-01
1.035806685686111450e-01
1.036299094557762146e-01
1.036771684885025024e-01
1.037224456667900085e-01
1.037657558917999268e-01
1.038070917129516602e-01
1.038464754819869995e-01
1.038839221000671387e-01
1.039194315671920776e-01
1.039530262351036072e-01
1.039847061038017273e-01
1.040144935250282288e-01
1.040424033999443054e-01
1.040684506297111511e-01
1.040926426649093628e-01
1.041150093078613281e-01
1.041355580091476440e-01
1.041542962193489075e-01
1.041712611913681030e-01
1.041864603757858276e-01
1.041999012231826782e-01
1.042116135358810425e-01
1.042215898633003235e-01
1.042298823595046997e-01
1.042364761233329773e-01
1.042414084076881409e-01
1.042446792125701904e-01
1.042463108897209167e-01
1.042463183403015137e-01
1.042447090148925781e-01
1.042415052652359009e-01
1.042367219924926758e-01
1.042303591966629028e-01
1.042224392294883728e-01
1.042129844427108765e-01
1.042019873857498169e-01
1.041894629597663879e-01
1.041754409670829773e-01
1.041599214076995850e-01
1.041429042816162109e-01
1.041244193911552429e-01
1.041044741868972778e-01
1.040830761194229126e-01
1.040602400898933411e-01
1.040359735488891602e-01
1.040102913975715637e-01
1.039832085371017456e-01
1.039547324180603027e-01
1.039248853921890259e-01
1.038936749100685120e-01
1.038611158728599548e-01
1.038272306323051453e-01
1.037920266389846802e-01
1.037555336952209473e-01
1.037177518010139465e-01
1.036787182092666626e-01
1.036384478211402893e-01
1.035969629883766174e-01
1.035542786121368408e-01
1.035104319453239441e-01
1.034654453396797180e-01
1.034193411469459534e-01
1.033721491694450378e-01
1.033238917589187622e-01
1.032746136188507080e-01
1.032243445515632629e-01
1.031731143593788147e-01
1.031209528446197510e-01
1.030678972601890564e-01
1.030139923095703125e-01
1.029592752456665039e-01
1.029037758708000183e-01
1.028475463390350342e-01
1.027906239032745361e-01
1.027330458164215088e-01
1.026748642325401306e-01
1.026161089539527893e-01
1.025568395853042603e-01
1.024970933794975281e-01
1.024369224905967712e-01
1.023763567209243774e-01
1.023154482245445251e-01
1.022542566061019897e-01
1.021928116679191589e-01
1.021311655640602112e-01
1.020693555474281311e-01
1.020074263215065002e-01
1.019454374909400940e-01
1.018834114074707031e-01
1.018214076757431030e-01
1.017594486474990845e-01
1.016975939273834229e-01
1.016358733177185059e-01
1.015743240714073181e-01
1.015129834413528442e-01
1.014518961310386658e-01
1.013910844922065735e-01
1.013305783271789551e-01
1.012704223394393921e-01
1.012106388807296753e-01
1.011512577533721924e-01
1.010923087596893311e-01
1.010337993502616882e-01
1.009757816791534424e-01
1.009182482957839966e-01
1.008612439036369324e-01
1.008047759532928467e-01
1.007488518953323364e-01
1.006935089826583862e-01
1.006387472152709961e-01
1.005845814943313599e-01
1.005310341715812683e-01
1.004781052470207214e-01
1.004258096218109131e-01
1.003741547465324402e-01
1.003231480717658997e-01
1.002727970480918884e-01
1.002231165766716003e-01
1.001741066575050354e-01
1.001257747411727905e-01
1.000781208276748657e-01
1.000311598181724548e-01
9.998490661382675171e-02
9.993933886289596558e-02
9.989449381828308105e-02
9.985034912824630737e-02
9.980693459510803223e-02
9.976425766944885254e-02
9.972230345010757446e-02
9.968110173940658569e-02
9.964065998792648315e-02
9.960097819566726685e-02
9.956207126379013062e-02
9.952395409345626831e-02
9.948664158582687378e-02
9.945014119148254395e-02
9.941446781158447266e-02
9.937964379787445068e-02
9.934567660093307495e-02
9.931258857250213623e-02
9.928039461374282837e-02
9.924911707639694214e-02
9.921877086162567139e-02
9.918937832117080688e-02
9.916095435619354248e-02
9.913352876901626587e-02
9.910712391138076782e-02
9.908175468444824219e-02
9.905743598937988281e-02
9.903421252965927124e-02
9.901208430528640747e-02
9.899108111858367920e-02
9.897121042013168335e-02
9.895251691341400146e-02
9.893500804901123047e-02
9.891869872808456421e-02
9.890361130237579346e-02
9.888975322246551514e-02
9.887716174125671387e-02
9.886582940816879272e-02
9.885578602552413940e-02
9.884702414274215698e-02
9.883957356214523315e-02
9.883341938257217407e-02
9.882859140634536743e-02
9.882507473230361938e-02
9.882287681102752686e-02
9.882201254367828369e-02
9.882245212793350220e-02
9.882421046495437622e-02
9.882726520299911499e-02
9.883163124322891235e-02
9.883727133274078369e-02
9.884418547153472900e-02
9.885235875844955444e-02
9.886176884174346924e-02
9.887239336967468262e-02
9.888420999050140381e-02
9.889720380306243896e-02
9.891133755445480347e-02
9.892659634351730347e-02
9.894294291734695435e-02
9.896034747362136841e-02
9.897878021001815796e-02
9.899820387363433838e-02
9.901858121156692505e-02
9.903988987207412720e-02
9.906208515167236328e-02
9.908513724803924561e-02
9.910899400711059570e-02
9.913363307714462280e-02
9.915900230407714844e-02
9.918508678674697876e-02
9.921183437108993530e-02
9.923920780420303345e-02
9.926717728376388550e-02
9.929570555686950684e-02
9.932475537061691284e-02
9.935430437326431274e-02
9.938430041074752808e-02
9.941473603248596191e-02
9.944556653499603271e-02
9.947676211595535278e-02
9.950831532478332520e-02
9.954017400741577148e-02
9.957233071327209473e-02
9.960477054119110107e-02
9.963745623826980591e-02
9.967038035392761230e-02
9.970352053642272949e-02
9.973686933517456055e-02
9.977040439844131470e-02
9.980411827564239502e-02
9.983799606561660767e-02
9.987203031778335571e-02
9.990622103214263916e-02
9.994055330753326416e-02
9.997501969337463379e-02
1.000096276402473450e-01
1.000443547964096069e-01
1.000792086124420166e-01
1.001141816377639771e-01
1.001492738723754883e-01
1.001844778656959534e-01
1.002198010683059692e-01
1.002552285790443420e-01
1.002907603979110718e-01
1.003263965249061584e-01
1.003621220588684082e-01
1.003979369997978210e-01
1.004338413476943970e-01
1.004698127508163452e-01
1.005058437585830688e-01
1.005419418215751648e-01
1.005780696868896484e-01
1.006142199039459229e-01
1.006503850221633911e-01
1.006865426898002625e-01
1.007226705551147461e-01
1.007587462663650513e-01
1.007947325706481934e-01
1.008306294679641724e-01
1.008663922548294067e-01
1.009019911289215088e-01
1.009373888373374939e-01
1.009725704789161682e-01
1.010074764490127563e-01
1.010420769453048706e-01
1.010763421654701233e-01
1.011102125048637390e-01
1.011436656117439270e-01
1.011766344308853149e-01
1.012090966105461121e-01
1.012409776449203491e-01
1.012722626328468323e-01
1.013028919696807861e-01
1.013328060507774353e-01
1.013619750738143921e-01
1.013903394341468811e-01
1.014178544282913208e-01
1.014444753527641296e-01
1.014701575040817261e-01
1.014948487281799316e-01
1.015185117721557617e-01
1.015411019325256348e-01
1.015625894069671631e-01
1.015829071402549744e-01
1.016020476818084717e-01
1.016199588775634766e-01
1.016366109251976013e-01
1.016519889235496521e-01
1.016660332679748535e-01
1.016787514090538025e-01
1.016901060938835144e-01
1.017000824213027954e-01
1.017086505889892578e-01
1.017158254981040955e-01
1.017215698957443237e-01
1.017258912324905396e-01
1.017287746071815491e-01
1.017302274703979492e-01
1.017302498221397400e-01
1.017288491129875183e-01
1.017260104417800903e-01
1.017217710614204407e-01
1.017161309719085693e-01
1.017090976238250732e-01
1.017007008194923401e-01
1.016909405589103699e-01
1.016798466444015503e-01
1.016674414277076721e-01
1.016537323594093323e-01
1.016387641429901123e-01
1.016225442290306091e-01
1.016051024198532104e-01
1.015864610671997070e-01
1.015666425228118896e-01
1.015456691384315491e-01
1.015235707163810730e-01
1.015003696084022522e-01
1.014760732650756836e-01
1.014507189393043518e-01
1.014243140816688538e-01
1.013968959450721741e-01
1.013684570789337158e-01
1.013390198349952698e-01
1.013085991144180298e-01
1.012772023677825928e-01
1.012448370456695557e-01
1.012115180492401123e-01
1.011772304773330688e-01
1.011419966816902161e-01
1.011057868599891663e-01
1.010686308145523071e-01
1.010304987430572510e-01
1.009913831949234009e-01
1.009512841701507568e-01
1.009101793169975281e-01
1.008680537343025208e-01
1.008249074220657349e-01
1.007807031273841858e-01
1.007354259490966797e-01
1.006890609860420227e-01
1.006415784358978271e-01
1.005929633975028992e-01
1.005431860685348511e-01
1.004922166466712952e-01
1.004400551319122314e-01
1.003866493701934814e-01
1.003319993615150452e-01
1.002760604023933411e-01
1.002188324928283691e-01
1.001602858304977417e-01
1.001003980636596680e-01
1.000391691923141479e-01
9.997656196355819702e-02
9.991257637739181519e-02
9.984720498323440552e-02
9.978043287992477417e-02
9.971226006746292114e-02
9.964268654584884644e-02
9.957171231508255005e-02
9.949933737516403198e-02
9.942557662725448608e-02
9.935044497251510620e-02
9.927395731210708618e-02
9.919611364603042603e-02
9.911696612834930420e-02
9.903652220964431763e-02
9.895481914281845093e-02
9.887188673019409180e-02
9.878776222467422485e-02
9.870248287916183472e-02
9.861608594655990601e-02
9.852863848209381104e-02
9.844015538692474365e-02
9.835071116685867310e-02
9.826035052537918091e-02
9.816912561655044556e-02
9.807709604501724243e-02
9.798431396484375000e-02
9.789083898067474365e-02
9.779673069715499878e-02
9.770204126834869385e-02
9.760683774948120117e-02
9.751117974519729614e-02
9.741511195898056030e-02
9.731870144605636597e-02
9.722200781106948853e-02
9.712507575750350952e-02
9.702795743942260742e-02
9.693070501089096069e-02
9.683337807655334473e-02
9.673599153757095337e-02
9.663861989974975586e-02
9.654128551483154297e-02
9.644402563571929932e-02
9.634688496589660645e-02
9.624986350536346436e-02
9.615302085876464844e-02
9.605635702610015869e-02
9.595990180969238281e-02
9.586366266012191772e-02
9.576765447854995728e-02
9.567187726497650146e-02
9.557634592056274414e-02
9.548105299472808838e-02
9.538599848747253418e-02
9.529117494821548462e-02
9.519657492637634277e-02
9.510218352079391479e-02
9.500799328088760376e-02
9.491398930549621582e-02
9.482014924287796021e-02
9.472644329071044922e-02
9.463286399841308594e-02
9.453938901424407959e-02
9.444598853588104248e-02
9.435264766216278076e-02
9.425934404134750366e-02
9.416604787111282349e-02
9.407273679971694946e-02
9.397940337657928467e-02
9.388602524995803833e-02
9.379257261753082275e-02
9.369903802871704102e-02
9.360541403293609619e-02
9.351167827844619751e-02
9.341783076524734497e-02
9.332387149333953857e-02
9.322979301214218140e-02
9.313559532165527344e-02
9.304129332304000854e-02
9.294688701629638672e-02
9.285239875316619873e-02
9.275783598423004150e-02
9.266322106122970581e-02
9.256859123706817627e-02
9.247395396232604980e-02
9.237936139106750488e-02
9.228482842445373535e-02
9.219041466712951660e-02
9.209614992141723633e-02
9.200207889080047607e-02
9.190825372934341431e-02
9.181472659111022949e-02
9.172154963016510010e-02
9.162876009941101074e-02
9.153643250465393066e-02
9.144462645053863525e-02
9.135337918996810913e-02
9.126276522874832153e-02
9.117284417152404785e-02
9.108366072177886963e-02
9.099528193473815918e-02
9.090775996446609497e-02
9.082113951444625854e-02
9.073549509048461914e-02
9.065085649490356445e-02
9.056728333234786987e-02
9.048480540513992310e-02
9.040348231792449951e-02
9.032333642244338989e-02
9.024440497159957886e-02
9.016671776771545410e-02
9.009030461311340332e-02
9.001518040895462036e-02
8.994136005640029907e-02
8.986885845661163330e-02
8.979767560958862305e-02
8.972781151533126831e-02
8.965927362442016602e-02
8.959203958511352539e-02
8.952610194683074951e-02
8.946143835783004761e-02
8.939802646636962891e-02
8.933585137128829956e-02
8.927486091852188110e-02
8.921502530574798584e-02
8.915631473064422607e-02
8.909867703914642334e-02
8.904206007719039917e-02
8.898642659187316895e-02
8.893173187971115112e-02
8.887790143489837646e-02
8.882489800453186035e-02
8.877265453338623047e-02
8.872113376855850220e-02
8.867025375366210938e-02
8.861997723579406738e-02
8.857024461030960083e-02
8.852099627256393433e-02
8.847218006849288940e-02
8.842375129461288452e-02
8.837565779685974121e-02
8.832785487174987793e-02
8.828029781579971313e-02
8.823294937610626221e-02
8.818577229976654053e-02
8.813873678445816040e-02
8.809181302785873413e-02
8.804497867822647095e-02
8.799821883440017700e-02
8.795151114463806152e-02
8.790485560894012451e-02
8.785823732614517212e-02
8.781167119741439819e-02
8.776514977216720581e-02
8.771868795156478882e-02
8.767230063676834106e-02
8.762599527835845947e-02
8.757980912923812866e-02
8.753376454114913940e-02
8.748788386583328247e-02
8.744221180677413940e-02
8.739677816629409790e-02
8.735162019729614258e-02
8.730678260326385498e-02
8.726230263710021973e-02
8.721822500228881836e-02
8.717460930347442627e-02
8.713147044181823730e-02
8.708888292312622070e-02
8.704687654972076416e-02
8.700549602508544922e-02
8.696477860212326050e-02
8.692477643489837646e-02
8.688551187515258789e-02
8.684702962636947632e-02
8.680935949087142944e-02
8.677252382040023804e-02
8.673654496669769287e-02
8.670145273208618164e-02
8.666724711656570435e-02
8.663394302129745483e-02
8.660154789686203003e-02
8.657005429267883301e-02
8.653946220874786377e-02
8.650974184274673462e-02
8.648090064525604248e-02
8.645290136337280273e-02
8.642570674419403076e-02
8.639929443597793579e-02
8.637361973524093628e-02
8.634863048791885376e-02
8.632428944110870361e-02
8.630052208900451660e-02
8.627729117870330811e-02
8.625451475381851196e-02
8.623213320970535278e-02
8.621007204055786133e-02
8.618825674057006836e-02
8.616662025451660156e-02
8.614507317543029785e-02
8.612354099750518799e-02
8.610193431377410889e-02
8.608018606901168823e-02
8.605821430683135986e-02
8.603593707084655762e-02
8.601326495409011841e-02
8.599013835191726685e-02
8.596646785736083984e-02
8.594219386577606201e-02
8.591724187135696411e-02
8.589154481887817383e-02
8.586505055427551270e-02
8.583770692348480225e-02
8.580943942070007324e-02
8.578024059534072876e-02
8.575003594160079956e-02
8.571881055831909180e-02
8.568652719259262085e-02
8.565317094326019287e-02
8.561871945858001709e-02
8.558318018913269043e-02
8.554653078317642212e-02
8.550878614187240601e-02
8.546994626522064209e-02
8.543004095554351807e-02
8.538907766342163086e-02
8.534709364175796509e-02
8.530411124229431152e-02
8.526017516851425171e-02
8.521532267332077026e-02
8.516959846019744873e-02
8.512306213378906250e-02
8.507574349641799927e-02
8.502771705389022827e-02
8.497903496026992798e-02
8.492974936962127686e-02
8.487992733716964722e-02
8.482962101697921753e-02
8.477889746427536011e-02
8.472780883312225342e-02
8.467640727758407593e-02
8.462476730346679688e-02
8.457291871309280396e-02
8.452092111110687256e-02
8.446881920099258423e-02
8.441665768623352051e-02
8.436448127031326294e-02
8.431229740381240845e-02
8.426015824079513550e-02
8.420807123184204102e-02
8.415605872869491577e-02
8.410412818193435669e-02
8.405228704214096069e-02
8.400052785873413086e-02
8.394885063171386719e-02
8.389721810817718506e-02
8.384563028812408447e-02
8.379404991865158081e-02
8.374244719743728638e-02
8.369077742099761963e-02
8.363899588584899902e-02
8.358704298734664917e-02
8.353488147258758545e-02
8.348243683576583862e-02
8.342964947223663330e-02
8.337644487619400024e-02
8.332274854183197021e-02
8.326850831508636475e-02
8.321361988782882690e-02
8.315802365541458130e-02
8.310163766145706177e-02
8.304437994956970215e-02
8.298617601394653320e-02
8.292695134878158569e-02
8.286663144826889038e-02
8.280514180660247803e-02
8.274240046739578247e-02
8.267836272716522217e-02
8.261296153068542480e-02
8.254613727331161499e-02
8.247783780097961426e-02
8.240801095962524414e-02
8.233663439750671387e-02
8.226366341114044189e-02
8.218906819820404053e-02
8.211284130811691284e-02
8.203496038913726807e-02
8.195543289184570312e-02
8.187425881624221802e-02
8.179143071174621582e-02
8.170699328184127808e-02
8.162095397710800171e-02
8.153335750102996826e-02
8.144424110651016235e-02
8.135364949703216553e-02
8.126162737607955933e-02
8.116825670003890991e-02
8.107358217239379883e-02
8.097768574953079224e-02
8.088064193725585938e-02
8.078252524137496948e-02
8.068342506885528564e-02
8.058343082666397095e-02
8.048261702060699463e-02
8.038108795881271362e-02
8.027892559766769409e-02
8.017622679471969604e-02
8.007308095693588257e-02
7.996957749128341675e-02
7.986579835414886475e-02
7.976184040307998657e-02
7.965777814388275146e-02
7.955370098352432251e-02
7.944966107606887817e-02
7.934574782848358154e-02
7.924202084541320801e-02
7.913852483034133911e-02
7.903532683849334717e-02
7.893247157335281372e-02
7.882998883724212646e-02
7.872790098190307617e-02
7.862624526023864746e-02
7.852502912282943726e-02
7.842426747083663940e-02
7.832394540309906006e-02
7.822405546903610229e-02
7.812460511922836304e-02
7.802554219961166382e-02
7.792685180902481079e-02
7.782848924398422241e-02
7.773041725158691406e-02
7.763258367776870728e-02
7.753492146730422974e-02
7.743739336729049683e-02
7.733990997076034546e-02
7.724241912364959717e-02
7.714483886957168579e-02
7.704710960388183594e-02
7.694914191961288452e-02
7.685086131095886230e-02
7.675219327211380005e-02
7.665305584669113159e-02
7.655338197946548462e-02
7.645308971405029297e-02
7.635211199522018433e-02
7.625038176774978638e-02
7.614783942699432373e-02
7.604441046714782715e-02
7.594005763530731201e-02
7.583472877740859985e-02
7.572838664054870605e-02
7.562098652124404907e-02
7.551250606775283813e-02
7.540293037891387939e-02
7.529224455356597900e-02
7.518045604228973389e-02
7.506754994392395020e-02
7.495355606079101562e-02
7.483848929405212402e-02
7.472238689661026001e-02
7.460528612136840820e-02
7.448722422122955322e-02
7.436827570199966431e-02
7.424848526716232300e-02
7.412792742252349854e-02
7.400669157505035400e-02
7.388484477996826172e-02
7.376247644424438477e-02
7.363969087600708008e-02
7.351657748222351074e-02
7.339323312044143677e-02
7.326976954936981201e-02
7.314629852771759033e-02
7.302290946245193481e-02
7.289972901344299316e-02
7.277685403823852539e-02
7.265438884496688843e-02
7.253244519233703613e-02
7.241112738847732544e-02
7.229053974151611328e-02
7.217075675725936890e-02
7.205187529325485229e-02
7.193398475646972656e-02
7.181715965270996094e-02
7.170146703720092773e-02
7.158697396516799927e-02
7.147374004125595093e-02
7.136180251836776733e-02
7.125121355056762695e-02
7.114198058843612671e-02
7.103414833545684814e-02
7.092770934104919434e-02
7.082267105579376221e-02
7.071902602910995483e-02
7.061675935983657837e-02
7.051584124565124512e-02
7.041623443365097046e-02
7.031791657209396362e-02
7.022080570459365845e-02
7.012485712766647339e-02
7.003001123666763306e-02
6.993617862462997437e-02
6.984329223632812500e-02
6.975127011537551880e-02
6.966001540422439575e-02
6.956944614648818970e-02
6.947946548461914062e-02
6.938996911048889160e-02
6.930086761713027954e-02
6.921204924583435059e-02
6.912343949079513550e-02
6.903491914272308350e-02
6.894640624523162842e-02
6.885780394077301025e-02
6.876903772354125977e-02
6.868000328540802002e-02
6.859064102172851562e-02
6.850086897611618042e-02
6.841063499450683594e-02
6.831987202167510986e-02
6.822853535413742065e-02
6.813658028841018677e-02
6.804398447275161743e-02
6.795071065425872803e-02
6.785676628351211548e-02
6.776212900876998901e-02
6.766681373119354248e-02
6.757082045078277588e-02
6.747420132160186768e-02
6.737695634365081787e-02
6.727916002273559570e-02
6.718084216117858887e-02
6.708206981420516968e-02
6.698291748762130737e-02
6.688345223665237427e-02
6.678376346826553345e-02
6.668392568826675415e-02
6.658404320478439331e-02
6.648421287536621094e-02
6.638453155755996704e-02
6.628511101007461548e-02
6.618605554103851318e-02
6.608746945858001709e-02
6.598946452140808105e-02
6.589214503765106201e-02
6.579561531543731689e-02
6.569998711347579956e-02
6.560534983873367310e-02
6.551180779933929443e-02
6.541944295167922974e-02
6.532833725214004517e-02
6.523858755826950073e-02
6.515024602413177490e-02
6.506337970495223999e-02
6.497804075479507446e-02
6.489427387714385986e-02
6.481211632490158081e-02
6.473159790039062500e-02
6.465271860361099243e-02
6.457549333572387695e-02
6.449991464614868164e-02
6.442596018314361572e-02
6.435360759496688843e-02
6.428282707929611206e-02
6.421355158090591431e-02
6.414573639631271362e-02
6.407932192087173462e-02
6.401421129703521729e-02
6.395033746957778931e-02
6.388759613037109375e-02
6.382590532302856445e-02
6.376513838768005371e-02
6.370519846677780151e-02
6.364597380161285400e-02
6.358733028173446655e-02
6.352915614843368530e-02
6.347133219242095947e-02
6.341371685266494751e-02
6.335620582103729248e-02
6.329867243766784668e-02
6.324098259210586548e-02
6.318303197622299194e-02
6.312469393014907837e-02
6.306587159633636475e-02
6.300645321607589722e-02
6.294634938240051270e-02
6.288546323776245117e-02
6.282372027635574341e-02
6.276104599237442017e-02
6.269736588001251221e-02
6.263265013694763184e-02
6.256683915853500366e-02
6.249989569187164307e-02
6.243181601166725159e-02
6.236257031559944153e-02
6.229216605424880981e-02
6.222061812877655029e-02
6.214794516563415527e-02
6.207418069243431091e-02
6.199935823678970337e-02
6.192354485392570496e-02
6.184679642319679260e-02
6.176917999982833862e-02
6.169077754020690918e-02
6.161167472600936890e-02
6.153196468949317932e-02
6.145174801349639893e-02
6.137112900614738464e-02
6.129021570086479187e-02
6.120911613106727600e-02
6.112794578075408936e-02
6.104682385921478271e-02
6.096585094928741455e-02
6.088515743613243103e-02
6.080484762787818909e-02
6.072502955794334412e-02
6.064580753445625305e-02
6.056727841496467590e-02
6.048954278230667114e-02
6.041269004344940186e-02
6.033678352832794189e-02
6.026191264390945435e-02
6.018812954425811768e-02
6.011549383401870728e-02
6.004403904080390930e-02
5.997380241751670837e-02
5.990479514002799988e-02
5.983704328536987305e-02
5.977052822709083557e-02
5.970524996519088745e-02
5.964117869734764099e-02
5.957827344536781311e-02
5.951649323105812073e-02
5.945577099919319153e-02
5.939605087041854858e-02
5.933724343776702881e-02
5.927926674485206604e-02
5.922201648354530334e-02
5.916539207100868225e-02
5.910928547382354736e-02
5.905357375741004944e-02
5.899813398718833923e-02
5.894283577799797058e-02
5.888755246996879578e-02
5.883214250206947327e-02
5.877647548913955688e-02
5.872041732072830200e-02
5.866383016109466553e-02
5.860659107565879822e-02
5.854855105280876160e-02
5.848960205912590027e-02
5.842961743474006653e-02
5.836848169565200806e-02
5.830609053373336792e-02
5.824233964085578918e-02
5.817714333534240723e-02
5.811042338609695435e-02
5.804210528731346130e-02
5.797212198376655579e-02
5.790043622255325317e-02
5.782701075077056885e-02
5.775181204080581665e-02
5.767483264207839966e-02
5.759607255458831787e-02
5.751553922891616821e-02
5.743325874209403992e-02
5.734926834702491760e-02
5.726361274719238281e-02
5.717636272311210632e-02
5.708757415413856506e-02
5.699732527136802673e-02
5.690571665763854980e-02
5.681284144520759583e-02
5.671881139278411865e-02
5.662373453378677368e-02
5.652773007750511169e-02
5.643092840909957886e-02
5.633345991373062134e-02
5.623544380068778992e-02
5.613703280687332153e-02
5.603834986686706543e-02
5.593953281641006470e-02
5.584071204066276550e-02
5.574202165007591248e-02
5.564358830451965332e-02
5.554553493857383728e-02
5.544797331094741821e-02
5.535101890563964844e-02
5.525476858019828796e-02
5.515931174159049988e-02
5.506473779678344727e-02
5.497111752629280090e-02
5.487851426005363464e-02
5.478698015213012695e-02
5.469655618071556091e-02
5.460726469755172729e-02
5.451911687850952148e-02
5.443212762475013733e-02
5.434627458453178406e-02
5.426153913140296936e-02
5.417788401246070862e-02
5.409527197480201721e-02
5.401363223791122437e-02
5.393290147185325623e-02
5.385299399495124817e-02
5.377381667494773865e-02
5.369528383016586304e-02
5.361727625131607056e-02
5.353967845439910889e-02
5.346237868070602417e-02
5.338523536920547485e-02
5.330812558531761169e-02
5.323091894388198853e-02
5.315346643328666687e-02
5.307564511895179749e-02
5.299730971455574036e-02
5.291832238435745239e-02
5.283856019377708435e-02
5.275788903236389160e-02
5.267617851495742798e-02
5.259332433342933655e-02
5.250921100378036499e-02
5.242372676730155945e-02
5.233679339289665222e-02
5.224831774830818176e-02
5.215823277831077576e-02
5.206647515296936035e-02
5.197298899292945862e-02
5.187774822115898132e-02
5.178072676062583923e-02
5.168190971016883850e-02
5.158130452036857605e-02
5.147891491651535034e-02
5.137478560209274292e-02
5.126894637942314148e-02
5.116145685315132141e-02
5.105238780379295349e-02
5.094180628657341003e-02
5.082981660962104797e-02
5.071651190519332886e-02
5.060200393199920654e-02
5.048641189932823181e-02
5.036986991763114929e-02
5.025250464677810669e-02
5.013446137309074402e-02
5.001588165760040283e-02
4.989692196249961853e-02
4.977773129940032959e-02
4.965845867991447449e-02
4.953926429152488708e-02
4.942029714584350586e-02
4.930170252919197083e-02
4.918362945318222046e-02
4.906622320413589478e-02
4.894961416721343994e-02
4.883392900228500366e-02
4.871929436922073364e-02
4.860581457614898682e-02
4.849359393119812012e-02
4.838271811604499817e-02
4.827326908707618713e-02
4.816531017422676086e-02
4.805890098214149475e-02
4.795408248901367188e-02
4.785087332129478455e-02
4.774929210543632507e-02
4.764933511614799500e-02
4.755099117755889893e-02
4.745423793792724609e-02
4.735902696847915649e-02
4.726530984044075012e-02
4.717301577329635620e-02
4.708207026124000549e-02
4.699238389730453491e-02
4.690385982394218445e-02
4.681638628244400024e-02
4.672984406352043152e-02
4.664411395788192749e-02
4.655906185507774353e-02
4.647455364465713501e-02
4.639044404029846191e-02
4.630659893155097961e-02
4.622286185622215271e-02
4.613909870386123657e-02
4.605515673756599426e-02
4.597089812159538269e-02
4.588618874549865723e-02
4.580089077353477478e-02
4.571487754583358765e-02
4.562802985310554504e-02
4.554023221135139465e-02
4.545138403773307800e-02
4.536139219999313354e-02
4.527017474174499512e-02
4.517766088247299194e-02
4.508379474282264709e-02
4.498852789402008057e-02
4.489183053374290466e-02
4.479368403553962708e-02
4.469408839941024780e-02
4.459304735064506531e-02
4.449059069156646729e-02
4.438675194978713989e-02
4.428159072995185852e-02
4.417516291141510010e-02
4.406754672527313232e-02
4.395883902907371521e-02
4.384913295507431030e-02
4.373855143785476685e-02
4.362720623612403870e-02
4.351523518562316895e-02
4.340277239680290222e-02
4.328996688127517700e-02
4.317696392536163330e-02
4.306392371654510498e-02
0.000000000000000000e+00
0.000000000000000000e+00
0.000000000000000000e+00
0.000000000000000000e+00
0.000000000000000000e+00
0.000000000000000000e+00
0.000000000000000000e+00
0.000000000000000000e+00
0.000000000000000000e+00
0.000000000000000000e+00
0.000000000000000000e+00
0.000000000000000000e+00
0.000000000000000000e+00
0.000000000000000000e+00
0.000000000000000000e+00
0.000000000000000000e+00
0.000000000000000000e+00
0.000000000000000000e+00
0.000000000000000000e+00
0.000000000000000000e+00
0.000000000000000000e+00
0.000000000000000000e+00
0.000000000000000000e+00
0.000000000000000000e+00
0.000000000000000000e+00
0.000000000000000000e+00
0.000000000000000000e+00
0.000000000000000000e+00
0.000000000000000000e+00
0.000000000000000000e+00
0.000000000000000000e+00
0.000000000000000000e+00
0.000000000000000000e+00
0.000000000000000000e+00
0.000000000000000000e+00
0.000000000000000000e+00
0.000000000000000000e+00
0.000000000000000000e+00
0.000000000000000000e+00
0.000000000000000000e+00
0.000000000000000000e+00
0.000000000000000000e+00
0.000000000000000000e+00
0.000000000000000000e+00
0.000000000000000000e+00
0.000000000000000000e+00
0.000000000000000000e+00
0.000000000000000000e+00
0.000000000000000000e+00
0.000000000000000000e+00
0.000000000000000000e+00
0.000000000000000000e+00
0.000000000000000000e+00
0.000000000000000000e+00
0.000000000000000000e+00
0.000000000000000000e+00
0.000000000000000000e+00
0.000000000000000000e+00
0.000000000000000000e+00
0.000000000000000000e+00
0.000000000000000000e+00
0.000000000000000000e+00
0.000000000000000000e+00
0.000000000000000000e+00
0.000000000000000000e+00
0.000000000000000000e+00
0.000000000000000000e+00
0.000000000000000000e+00
0.000000000000000000e+00
0.000000000000000000e+00
0.000000000000000000e+00
0.000000000000000000e+00
0.000000000000000000e+00
0.000000000000000000e+00
0.000000000000000000e+00
0.000000000000000000e+00
0.000000000000000000e+00
0.000000000000000000e+00
0.000000000000000000e+00
0.000000000000000000e+00
0.000000000000000000e+00
0.000000000000000000e+00
0.000000000000000000e+00
0.000000000000000000e+00
0.000000000000000000e+00
0.000000000000000000e+00
0.000000000000000000e+00
0.000000000000000000e+00
0.000000000000000000e+00
0.000000000000000000e+00
0.000000000000000000e+00
0.000000000000000000e+00
0.000000000000000000e+00
0.000000000000000000e+00
0.000000000000000000e+00
0.000000000000000000e+00
0.000000000000000000e+00
0.000000000000000000e+00
0.000000000000000000e+00
0.000000000000000000e+00
