# ee
6.214171275496482849e-02
9.169986099004745483e-02
9.260388463735580444e-02
7.283115386962890625e-02
4.716891795396804810e-02
2.657214179635047913e-02
1.466591749340295792e-02
9.661054238677024841e-03
8.046710863709449768e-03
7.226123940199613571e-03
6.362098269164562225e-03
5.362403113394975662e-03
4.854663275182247162e-03
4.801769275218248367e-03
4.977826494723558426e-03
5.286925937980413437e-03
5.531911738216876984e-03
5.829358473420143127e-03
6.388993002474308014e-03
7.212113589048385620e-03
8.325573056936264038e-03
9.707420133054256439e-03
1.129534281790256500e-02
1.308568846434354782e-02
1.505428180098533630e-02
1.720046065747737885e-02
1.954346150159835815e-02
2.204419486224651337e-02
2.467747777700424194e-02
2.749269269406795502e-02
3.054166585206985474e-02
3.385974466800689697e-02
3.747390210628509521e-02
4.134579002857208252e-02
4.544720798730850220e-02
4.982322081923484802e-02
5.452619865536689758e-02
5.953621491789817810e-02
6.482086330652236938e-02
7.036098092794418335e-02
7.617039233446121216e-02
8.227097243070602417e-02
8.866975456476211548e-02
9.538415819406509399e-02
1.024301946163177490e-01
1.098048761487007141e-01
1.175075098872184753e-01
1.255151182413101196e-01
1.337972730398178101e-01
1.423210203647613525e-01
1.511694639921188354e-01
1.604900062084197998e-01
1.702740341424942017e-01
1.804980337619781494e-01
1.910180002450942993e-01
2.017279416322708130e-01
2.126391977071762085e-01
2.237927466630935669e-01
2.352445125579833984e-01
2.470896095037460327e-01
2.593125402927398682e-01
2.718702852725982666e-01
2.847717404365539551e-01
2.979886233806610107e-01
3.114509284496307373e-01
3.251591920852661133e-01
3.391538560390472412e-01
3.533936142921447754e-01
3.679189383983612061e-01
3.827181160449981689e-01
3.977636098861694336e-01
4.130204319953918457e-01
4.284757375717163086e-01
4.441390931606292725e-01
4.600103795528411865e-01
4.760807454586029053e-01
4.923764467239379883e-01
5.088418722152709961e-01
5.254808664321899414e-01
5.422423481941223145e-01
5.591449141502380371e-01
5.761595368385314941e-01
5.932794213294982910e-01
6.104756593704223633e-01
6.277573108673095703e-01
6.450929045677185059e-01
6.624965071678161621e-01
6.799523234367370605e-01
6.974225640296936035e-01
7.148986458778381348e-01
7.323644161224365234e-01
7.498108148574829102e-01
7.671992778778076172e-01
7.845281362533569336e-01
8.017809987068176270e-01
8.189415335655212402e-01
8.360007405281066895e-01
8.529199361801147461e-01
8.696975708007812500e-01
8.863915801048278809e-01
9.028517603874206543e-01
9.191511273384094238e-01
9.352878928184509277e-01
9.511862993240356445e-01
9.669192433357238770e-01
9.823365807533264160e-01
9.975109696388244629e-01
1.012366890907287598e+00
1.026902556419372559e+00
1.041190743446350098e+00
1.055155754089355469e+00
1.068795800209045410e+00
1.082034587860107422e+00
1.095019340515136719e+00
1.107525467872619629e+00
1.119625449180603027e+00
1.131466150283813477e+00
1.142897367477416992e+00
1.153768897056579590e+00
1.164376139640808105e+00
1.174420356750488281e+00
1.183974027633666992e+00
1.193109750747680664e+00
1.201751947402954102e+00
1.209972858428955078e+00
1.217622399330139160e+00
1.224847435951232910e+00
1.231497764587402344e+00
1.237571716308593750e+00
1.243216514587402344e+00
1.248282313346862793e+00
1.252842664718627930e+00
1.256896495819091797e+00
1.260368704795837402e+00
1.263258337974548340e+00
1.265638828277587891e+00
1.267435073852539062e+00
1.268794536590576172e+00
1.269493579864501953e+00
1.269605398178100586e+00
1.269203662872314453e+00
1.268287301063537598e+00
1.266781210899353027e+00
1.264833092689514160e+00
1.262218952178955078e+00
1.259160995483398438e+00
1.255509614944458008e+00
1.251338243484497070e+00
1.246720194816589355e+00
1.241580724716186523e+00
1.235845327377319336e+00
1.229663014411926270e+00
1.223034024238586426e+00
1.215958714485168457e+00
1.208437323570251465e+00
1.200470328330993652e+00
1.192131876945495605e+00
1.183274030685424805e+00
1.174045562744140625e+00
1.164520978927612305e+00
1.154551982879638672e+00
1.144213080406188965e+00
1.133578896522521973e+00
1.122575402259826660e+00
1.111351370811462402e+00
1.099684119224548340e+00
1.087945461273193359e+00
1.075838327407836914e+00
1.063585877418518066e+00
1.051188468933105469e+00
1.038571834564208984e+00
1.025736212730407715e+00
1.012979030609130859e+00
1.000003218650817871e+00
9.870321750640869141e-01
9.739926457405090332e-01
9.611088633537292480e-01
9.480850696563720703e-01
9.351451992988586426e-01
9.222907423973083496e-01
9.095973372459411621e-01
8.969918489456176758e-01
8.845499157905578613e-01
8.724213838577270508e-01
8.604663610458374023e-01
8.488273024559020996e-01
8.374904990196228027e-01
8.264943957328796387e-01
8.158922791481018066e-01
8.057075142860412598e-01
7.959636449813842773e-01
7.867065072059631348e-01
7.779669165611267090e-01
7.697832584381103516e-01
7.621938586235046387e-01
7.552443146705627441e-01
7.489582300186157227e-01
7.433738112449645996e-01
7.385219335556030273e-01
7.344630956649780273e-01
7.312062978744506836e-01
7.288125753402709961e-01
7.273056507110595703e-01
7.267317175865173340e-01
7.271293401718139648e-01
7.285223603248596191e-01
7.309642434120178223e-01
7.344787716865539551e-01
7.391194105148315430e-01
7.449173331260681152e-01
7.519036531448364258e-01
7.601243853569030762e-01
7.695735692977905273e-01
7.804457545280456543e-01
7.925565242767333984e-01
8.060632944107055664e-01
8.209674358367919922e-01
8.372702598571777344e-01
8.551217913627624512e-01
8.744489550590515137e-01
8.954017162322998047e-01
9.179070591926574707e-01
9.419661760330200195e-01
9.677290916442871094e-01
9.951969385147094727e-01
1.024371147155761719e+00
1.055252671241760254e+00
1.087917327880859375e+00
1.122366070747375488e+00
1.158674597740173340e+00
1.196769714355468750e+00
1.236875653266906738e+00
1.278844833374023438e+00
1.322752714157104492e+00
1.368600487709045410e+00
1.416463732719421387e+00
1.466417670249938965e+00
1.518315196037292480e+00
1.572231292724609375e+00
1.628316044807434082e+00
1.686421751976013184e+00
1.746698498725891113e+00
1.809072494506835938e+00
1.873619675636291504e+00
1.940340995788574219e+00
2.009163141250610352e+00
2.080458879470825195e+00
2.153709173202514648e+00
2.229360818862915039e+00
2.307117700576782227e+00
2.387202024459838867e+00
2.469390630722045898e+00
2.553980112075805664e+00
2.640672922134399414e+00
2.729839563369750977e+00
2.821033477783203125e+00
2.914626598358154297e+00
3.010468721389770508e+00
3.108559846878051758e+00
3.208825111389160156e+00
3.311486959457397461e+00
3.416321754455566406e+00
3.523403406143188477e+00
3.632656574249267578e+00
3.744304656982421875e+00
3.857975006103515625e+00
3.974038600921630859e+00
4.092198371887207031e+00
4.212527275085449219e+00
4.334951400756835938e+00
4.459766864776611328e+00
4.586379528045654297e+00
4.715382575988769531e+00
4.846256256103515625e+00
4.979222774505615234e+00
5.114281177520751953e+00
5.251357555389404297e+00
5.390377521514892578e+00
5.531340122222900391e+00
5.674319267272949219e+00
5.819018363952636719e+00
5.965658664703369141e+00
6.114166736602783203e+00
6.264542102813720703e+00
6.416635513305664062e+00
6.570447444915771484e+00
6.725976943969726562e+00
6.883150100708007812e+00
7.041818618774414062e+00
7.202724456787109375e+00
7.364752769470214844e+00
7.527533531188964844e+00
7.692550659179687500e+00
7.858319759368896484e+00
8.026326179504394531e+00
8.194340705871582031e+00
8.364592552185058594e+00
8.536339759826660156e+00
8.708095550537109375e+00
8.881344795227050781e+00
9.055344581604003906e+00
9.230836868286132812e+00
9.407817840576171875e+00
9.584802627563476562e+00
9.762531280517578125e+00
9.941002845764160156e+00
1.012170219421386719e+01
1.030165481567382812e+01
1.048160362243652344e+01
1.066377639770507812e+01
1.084519863128662109e+01
1.102735710144042969e+01
1.121024894714355469e+01
1.139238643646240234e+01
1.157525634765625000e+01
1.175737094879150391e+01
1.194095706939697266e+01
1.212378692626953125e+01
1.230659961700439453e+01
1.249013996124267578e+01
1.267217636108398438e+01
1.285419464111328125e+01
1.303693771362304688e+01
1.321668815612792969e+01
1.339790344238281250e+01
1.357835388183593750e+01
1.375729751586914062e+01
1.393621730804443359e+01
1.411362838745117188e+01
1.429027175903320312e+01
1.446689224243164062e+01
1.464199829101562500e+01
1.481633853912353516e+01
1.498842430114746094e+01
1.515973949432373047e+01
1.533028411865234375e+01
1.549857330322265625e+01
1.566683483123779297e+01
1.583283901214599609e+01
1.599658775329589844e+01
1.616030693054199219e+01
1.632102584838867188e+01
1.648022842407226562e+01
1.663717460632324219e+01
1.679335021972656250e+01
1.694652366638183594e+01
1.709743881225585938e+01
1.724683761596679688e+01
1.739323616027832031e+01
1.753812026977539062e+01
1.768074798583984375e+01
1.782037734985351562e+01
1.795775794982910156e+01
1.809288787841796875e+01
1.822577285766601562e+01
1.835566902160644531e+01
1.848183822631835938e+01
1.860576629638671875e+01
1.872745895385742188e+01
1.884617424011230469e+01
1.896191215515136719e+01
1.907542228698730469e+01
1.918447494506835938e+01
1.929130363464355469e+01
1.939516639709472656e+01
1.949457931518554688e+01
1.959177589416503906e+01
1.968601226806640625e+01
1.977655410766601562e+01
1.986339569091796875e+01
1.994728851318359375e+01
2.002749061584472656e+01
2.010474586486816406e+01
2.017831611633300781e+01
2.024894523620605469e+01
2.031514930725097656e+01
2.037767601013183594e+01
2.043726921081542969e+01
2.049393081665039062e+01
2.054394721984863281e+01
2.059252548217773438e+01
2.063669395446777344e+01
2.067645454406738281e+01
2.071403884887695312e+01
2.074722290039062500e+01
2.077600479125976562e+01
2.080113220214843750e+01
2.082037734985351562e+01
2.083894729614257812e+01
2.085238075256347656e+01
2.086365699768066406e+01
2.086980247497558594e+01
2.087230682373046875e+01
2.087042808532714844e+01
2.086491584777832031e+01
2.085576629638671875e+01
2.084224510192871094e+01
2.082509040832519531e+01
2.080430793762207031e+01
2.077915763854980469e+01
2.074964141845703125e+01
2.071724891662597656e+01
2.068049812316894531e+01
2.063939285278320312e+01
2.059542083740234375e+01
2.054710006713867188e+01
2.049517822265625000e+01
2.044039916992187500e+01
2.038053894042968750e+01
2.031782722473144531e+01
2.025152778625488281e+01
2.018164253234863281e+01
2.010817146301269531e+01
2.003186416625976562e+01
1.995123672485351562e+01
1.986777687072753906e+01
1.977925872802734375e+01
1.968865776062011719e+01
1.959523391723632812e+01
1.949824523925781250e+01
1.939769554138183594e+01
1.929358673095703125e+01
1.918666648864746094e+01
1.907618904113769531e+01
1.896364784240722656e+01
1.884755706787109375e+01
1.872866249084472656e+01
1.860696411132812500e+01
1.848321151733398438e+01
1.835591697692871094e+01
1.822582626342773438e+01
1.809442710876464844e+01
1.795949363708496094e+01
1.782325363159179688e+01
1.768422698974609375e+01
1.754241180419921875e+01
1.739855384826660156e+01
1.725339508056640625e+01
1.710545730590820312e+01
1.695547676086425781e+01
1.680346107482910156e+01
1.665015220642089844e+01
1.649554824829101562e+01
1.633742523193359375e+01
1.617949867248535156e+01
1.602027893066406250e+01
1.585828781127929688e+01
1.569574928283691406e+01
1.553266811370849609e+01
1.536755466461181641e+01
1.520189762115478516e+01
1.503569126129150391e+01
1.486819744110107422e+01
1.470015239715576172e+01
1.453081607818603516e+01
1.436166954040527344e+01
1.419197082519531250e+01
1.402245998382568359e+01
1.385164928436279297e+01
1.368102359771728516e+01
1.350983810424804688e+01
1.333957767486572266e+01
1.316949462890625000e+01
1.299959087371826172e+01
1.282911872863769531e+01
1.265956306457519531e+01
1.249092197418212891e+01
1.232170677185058594e+01
1.215414428710937500e+01
1.198823261260986328e+01
1.182248306274414062e+01
1.165763664245605469e+01
1.149443435668945312e+01
1.133138561248779297e+01
1.117071914672851562e+01
1.101094532012939453e+01
1.085206222534179688e+01
1.069555282592773438e+01
1.054067039489746094e+01
1.038741397857666016e+01
1.023652172088623047e+01
1.008724975585937500e+01
9.940338134765625000e+00
9.795039176940917969e+00
9.652836799621582031e+00
9.512986183166503906e+00
9.374740600585937500e+00
9.239581108093261719e+00
9.107506752014160156e+00
8.977771759033203125e+00
8.851114273071289062e+00
8.726046562194824219e+00
8.605535507202148438e+00
8.487351417541503906e+00
8.372976303100585938e+00
8.261661529541015625e+00
8.152664184570312500e+00
8.048207283020019531e+00
7.946059703826904297e+00
7.848447799682617188e+00
7.754618644714355469e+00
7.663824081420898438e+00
7.576799392700195312e+00
7.494278907775878906e+00
7.415662288665771484e+00
7.340643405914306641e+00
7.270256519317626953e+00
7.203526973724365234e+00
7.141116619110107422e+00
7.082719802856445312e+00
7.028776168823242188e+00
6.979055404663085938e+00
6.933845996856689453e+00
6.893067359924316406e+00
6.856784820556640625e+00
6.825141906738281250e+00
6.797981739044189453e+00
6.775519371032714844e+00
6.757672786712646484e+00
6.744510173797607422e+00
6.736247062683105469e+00
6.732727050781250000e+00
6.733943462371826172e+00
6.740037918090820312e+00
6.751003265380859375e+00
6.766831398010253906e+00
6.787517547607421875e+00
6.813350677490234375e+00
6.844100952148437500e+00
6.879687309265136719e+00
6.920401573181152344e+00
6.966086864471435547e+00
7.016811847686767578e+00
7.072644233703613281e+00
7.133428573608398438e+00
7.199232578277587891e+00
7.270200252532958984e+00
7.346026897430419922e+00
7.427151679992675781e+00
7.513124465942382812e+00
7.604161739349365234e+00
7.700331211090087891e+00
7.801479339599609375e+00
7.907599925994873047e+00
8.018465042114257812e+00
8.134291648864746094e+00
8.255074501037597656e+00
8.380808830261230469e+00
8.511489868164062500e+00
8.647110939025878906e+00
8.787666320800781250e+00
8.931664466857910156e+00
9.082070350646972656e+00
9.236649513244628906e+00
9.396138191223144531e+00
9.559786796569824219e+00
9.729077339172363281e+00
9.901773452758789062e+00
1.007861232757568359e+01
1.026033306121826172e+01
1.044692993164062500e+01
1.063691043853759766e+01
1.083249950408935547e+01
1.103071880340576172e+01
1.123379421234130859e+01
1.144023227691650391e+01
1.165151786804199219e+01
1.186690139770507812e+01
1.208563518524169922e+01
1.230845737457275391e+01
1.253462314605712891e+01
1.276412487030029297e+01
1.299770545959472656e+01
1.323387145996093750e+01
1.347410774230957031e+01
1.371766567230224609e+01
1.396380043029785156e+01
1.421399497985839844e+01
1.446675682067871094e+01
1.472208690643310547e+01
1.498072147369384766e+01
1.524191761016845703e+01
1.550566959381103516e+01
1.577197837829589844e+01
1.604009437561035156e+01
1.631150436401367188e+01
1.658471870422363281e+01
1.686047935485839844e+01
1.713729476928710938e+01
1.741739654541015625e+01
1.769780731201171875e+01
1.798150062561035156e+01
1.826624298095703125e+01
1.855129051208496094e+01
1.883961296081542969e+01
1.912675476074218750e+01
1.941642761230468750e+01
1.970713996887207031e+01
1.999889945983886719e+01
2.029170036315917969e+01
2.058406257629394531e+01
2.087821960449218750e+01
2.117194938659667969e+01
2.146599769592285156e+01
2.176037216186523438e+01
2.205507659912109375e+01
2.235012054443359375e+01
2.264401817321777344e+01
2.293752288818359375e+01
2.323138236999511719e+01
2.352560234069824219e+01
2.381647300720214844e+01
2.410846138000488281e+01
2.439859771728515625e+01
2.468912124633789062e+01
2.497855377197265625e+01
2.526689720153808594e+01
2.555490493774414062e+01
2.583960914611816406e+01
2.612399101257324219e+01
2.640657043457031250e+01
2.668661117553710938e+01
2.696486473083496094e+01
2.724133300781250000e+01
2.751603317260742188e+01
2.778822135925292969e+01
2.805790519714355469e+01
2.832509422302246094e+01
2.858979606628417969e+01
2.885202026367187500e+01
2.911102485656738281e+01
2.936830711364746094e+01
2.962090492248535156e+01
2.987179374694824219e+01
3.012023925781250000e+01
3.036327934265136719e+01
3.060463142395019531e+01
3.084133529663085938e+01
3.107562637329101562e+01
3.130602645874023438e+01
3.153180122375488281e+01
3.175518417358398438e+01
3.197246551513671875e+01
3.218663406372070312e+01
3.239694595336914062e+01
3.260266876220703125e+01
3.280455017089843750e+01
3.300111770629882812e+01
3.319311523437500000e+01
3.338204193115234375e+01
3.356567764282226562e+01
3.374329757690429688e+01
3.391714096069335938e+01
3.408647918701171875e+01
3.425058746337890625e+01
3.440947341918945312e+01
3.456390380859375000e+01
3.471313858032226562e+01
3.485645675659179688e+01
3.499460983276367188e+01
3.512836074829101562e+01
3.525696945190429688e+01
3.537897109985351562e+01
3.549586486816406250e+01
3.560766220092773438e+01
3.571363449096679688e+01
3.581453704833984375e+01
3.590963745117187500e+01
3.599895477294921875e+01
3.608398437500000000e+01
3.616176986694335938e+01
3.623528671264648438e+01
3.630233001708984375e+01
3.636364746093750000e+01
3.641925811767578125e+01
3.646916961669921875e+01
3.651264953613281250e+01
3.655119705200195312e+01
3.658408355712890625e+01
3.661057662963867188e+01
3.663069152832031250e+01
3.664665985107421875e+01
3.665478515625000000e+01
3.665805053710937500e+01
3.665497970581054688e+01
3.664706802368164062e+01
3.663209915161132812e+01
3.661156845092773438e+01
3.658623504638671875e+01
3.655313110351562500e+01
3.651598358154296875e+01
3.647257614135742188e+01
3.642291641235351562e+01
3.636923980712890625e+01
3.630859375000000000e+01
3.624246597290039062e+01
3.617012405395507812e+01
3.609306335449218750e+01
3.600981140136718750e+01
3.592111206054687500e+01
3.582772445678710938e+01
3.572816467285156250e+01
3.562393188476562500e+01
3.551354598999023438e+01
3.539850234985351562e+01
3.527806472778320312e+01
3.515298080444335938e+01
3.502252197265625000e+01
3.488668823242187500e+01
3.474623489379882812e+01
3.460116195678710938e+01
3.445074081420898438e+01
3.429645919799804688e+01
3.413683700561523438e+01
3.397262191772460938e+01
3.380456924438476562e+01
3.363193511962890625e+01
3.345323944091796875e+01
3.327146148681640625e+01
3.308660125732421875e+01
3.289644241333007812e+01
3.270320892333984375e+01
3.250542831420898438e+01
3.230458068847656250e+01
3.210142517089843750e+01
3.189297676086425781e+01
3.167999649047851562e+01
3.146471023559570312e+01
3.124637985229492188e+01
3.102351570129394531e+01
3.079984474182128906e+01
3.057164764404296875e+01
3.034115791320800781e+01
3.010689163208007812e+01
2.987033462524414062e+01
2.963223266601562500e+01
2.939184570312500000e+01
2.914842605590820312e+01
2.890272712707519531e+01
2.865399932861328125e+01
2.840596199035644531e+01
2.815638542175292969e+01
2.790378189086914062e+01
2.764964103698730469e+01
2.739470291137695312e+01
2.713748550415039062e+01
2.688021278381347656e+01
2.661991691589355469e+01
2.636030960083007812e+01
2.609916114807128906e+01
2.583869171142578125e+01
2.557592010498046875e+01
2.531380462646484375e+01
2.505085372924804688e+01
2.478779792785644531e+01
2.452536773681640625e+01
2.426206970214843750e+01
2.399863433837890625e+01
2.373579216003417969e+01
2.347353744506835938e+01
2.321185493469238281e+01
2.295147895812988281e+01
2.269091224670410156e+01
2.243088531494140625e+01
2.217287445068359375e+01
2.191612434387207031e+01
2.165987968444824219e+01
2.140413284301757812e+01
2.115109825134277344e+01
2.089928245544433594e+01
2.064941024780273438e+01
2.040147781372070312e+01
2.015546798706054688e+01
1.991137123107910156e+01
1.966991996765136719e+01
1.943035697937011719e+01
1.919341659545898438e+01
1.895908546447753906e+01
1.872586441040039062e+01
1.849745941162109375e+01
1.827088546752929688e+01
1.804761886596679688e+01
1.782764434814453125e+01
1.761021041870117188e+01
1.739604377746582031e+01
1.718588066101074219e+01
1.697821807861328125e+01
1.677304840087890625e+01
1.657407379150390625e+01
1.637756729125976562e+01
1.618574333190917969e+01
1.599859523773193359e+01
1.581536388397216797e+01
1.563529586791992188e+01
1.546060848236083984e+01
1.528906059265136719e+01
1.512286949157714844e+01
1.496128177642822266e+01
1.480354118347167969e+01
1.465112209320068359e+01
1.450326347351074219e+01
1.435920333862304688e+01
1.422115421295166016e+01
1.408761119842529297e+01
1.395855522155761719e+01
1.383545684814453125e+01
1.371755218505859375e+01
1.360482597351074219e+01
1.349725914001464844e+01
1.339483451843261719e+01
1.329902076721191406e+01
1.320682907104492188e+01
1.312121200561523438e+01
1.304066944122314453e+01
1.296592712402343750e+01
1.289622402191162109e+01
1.283303070068359375e+01
1.277484416961669922e+01
1.272239208221435547e+01
1.267491340637207031e+01
1.263462448120117188e+01
1.259927940368652344e+01
1.257034873962402344e+01
1.254633140563964844e+01
1.252944087982177734e+01
1.251743412017822266e+01
1.251178455352783203e+01
1.251247501373291016e+01
1.251875019073486328e+01
1.253059482574462891e+01
1.254799842834472656e+01
1.257168865203857422e+01
1.260090923309326172e+01
1.263713550567626953e+01
1.267812442779541016e+01
1.272535037994384766e+01
1.277880191802978516e+01
1.283772373199462891e+01
1.290359020233154297e+01
1.297416305541992188e+01
1.305017280578613281e+01
1.313235282897949219e+01
1.322069263458251953e+01
1.331369590759277344e+01
1.341432666778564453e+01
1.351885795593261719e+01
1.362950992584228516e+01
1.374553298950195312e+01
1.386765956878662109e+01
1.399514007568359375e+01
1.412870216369628906e+01
1.426685428619384766e+01
1.441106986999511719e+01
1.456059265136718750e+01
1.471393108367919922e+01
1.487330341339111328e+01
1.503944110870361328e+01
1.520787715911865234e+01
1.538231849670410156e+01
1.556201457977294922e+01
1.574621105194091797e+01
1.593564414978027344e+01
1.612881851196289062e+01
1.632721328735351562e+01
1.653007698059082031e+01
1.673814582824707031e+01
1.694992828369140625e+01
1.716615867614746094e+01
1.738608551025390625e+01
1.761044692993164062e+01
1.783923721313476562e+01
1.807170677185058594e+01
1.830859184265136719e+01
1.854766082763671875e+01
1.879187583923339844e+01
1.903900527954101562e+01
1.928904533386230469e+01
1.954347419738769531e+01
1.980080413818359375e+01
2.006028747558593750e+01
2.032340431213378906e+01
2.059015464782714844e+01
2.085830116271972656e+01
2.113007164001464844e+01
2.140472221374511719e+01
2.168076133728027344e+01
2.196041679382324219e+01
2.224071311950683594e+01
2.252462005615234375e+01
2.280990791320800781e+01
2.309657478332519531e+01
2.338610458374023438e+01
2.367626571655273438e+01
2.396780395507812500e+01
2.426145744323730469e+01
2.455648803710937500e+01
2.485214424133300781e+01
2.514917755126953125e+01
2.544684028625488281e+01
2.574513435363769531e+01
2.604407119750976562e+01
2.634365844726562500e+01
2.664316558837890625e+01
2.694408988952636719e+01
2.724421119689941406e+01
2.754428863525390625e+01
2.784432792663574219e+01
2.814434432983398438e+01
2.844509696960449219e+01
2.874361419677734375e+01
2.904288864135742188e+01
2.934070396423339844e+01
2.963781356811523438e+01
2.993422698974609375e+01
3.022921943664550781e+01
3.052428627014160156e+01
3.081720924377441406e+01
3.110874938964843750e+01
3.139891433715820312e+01
3.168772315979003906e+01
3.197444152832031250e+01
3.225908279418945312e+01
3.254240036010742188e+01
3.282292556762695312e+01
3.310216140747070312e+01
3.337862014770507812e+01
3.365307617187500000e+01
3.392478561401367188e+01
3.419302368164062500e+01
3.446002960205078125e+01
3.472285079956054688e+01
3.498297882080078125e+01
3.524116897583007812e+01
3.549521255493164062e+01
3.574585723876953125e+01
3.599386215209960938e+01
3.623849105834960938e+01
3.647827529907226562e+01
3.671545410156250000e+01
3.694855880737304688e+01
3.717758941650390625e+01
3.740256500244140625e+01
3.762350082397460938e+01
3.783965301513671875e+01
3.805252838134765625e+01
3.826065063476562500e+01
3.846550750732421875e+01
3.866415023803710938e+01
3.885881042480468750e+01
3.904950332641601562e+01
3.923550796508789062e+01
3.941536331176757812e+01
3.959133148193359375e+01
3.976194381713867188e+01
3.992796707153320312e+01
4.008795166015625000e+01
4.024265289306640625e+01
4.039359283447265625e+01
4.053855895996093750e+01
4.067832565307617188e+01
4.081290817260742188e+01
4.094233703613281250e+01
4.106589126586914062e+01
4.118434143066406250e+01
4.129770660400390625e+01
4.140600967407226562e+01
4.150704956054687500e+01
4.160307312011718750e+01
4.169410705566406250e+01
4.177942276000976562e+01
4.185831451416015625e+01
4.193153381347656250e+01
4.199984741210937500e+01
4.206254196166992188e+01
4.211814498901367188e+01
4.216891098022460938e+01
4.221411895751953125e+01
4.225378417968750000e+01
4.228718566894531250e+01
4.231360626220703125e+01
4.233603286743164062e+01
4.235225677490234375e+01
4.236081314086914062e+01
4.236543655395507812e+01
4.236391830444335938e+01
4.235626983642578125e+01
4.234400177001953125e+01
4.232490539550781250e+01
4.230345535278320312e+01
4.227297592163085938e+01
4.223720550537109375e+01
4.219541549682617188e+01
4.214911270141601562e+01
4.209682464599609375e+01
4.203707885742187500e+01
4.197435379028320312e+01
4.190494537353515625e+01
4.183036041259765625e+01
4.175061035156250000e+01
4.166496658325195312e+01
4.157343292236328125e+01
4.147751235961914062e+01
4.137571716308593750e+01
4.126880264282226562e+01
4.115603256225585938e+01
4.103815078735351562e+01
4.091516876220703125e+01
4.078709030151367188e+01
4.065466308593750000e+01
4.051789093017578125e+01
4.037529373168945312e+01
4.022910690307617188e+01
4.007709884643554688e+01
3.992150878906250000e+01
3.976010513305664062e+01
3.959512710571289062e+01
3.942434310913085938e+01
3.925072479248046875e+01
3.907056427001953125e+01
3.888683700561523438e+01
3.869953918457031250e+01
3.850718307495117188e+01
3.831052398681640625e+01
3.811103820800781250e+01
3.790650177001953125e+01
3.769988250732421875e+01
3.748895645141601562e+01
3.727371978759765625e+01
3.705566024780273438e+01
3.683403396606445312e+01
3.660735321044921875e+01
3.637858200073242188e+01
3.614772796630859375e+01
3.591255950927734375e+01
3.567381668090820312e+01
3.543297576904296875e+01
3.519004821777343750e+01
3.494353103637695312e+01
3.469417572021484375e+01
3.444346237182617188e+01
3.418915557861328125e+01
3.393273925781250000e+01
3.367346954345703125e+01
3.341431427001953125e+01
3.315155029296875000e+01
3.288666915893554688e+01
3.262040328979492188e+01
3.235274505615234375e+01
3.208295059204101562e+01
3.181175804138183594e+01
3.153916168212890625e+01
3.126514625549316406e+01
3.099044609069824219e+01
3.071505546569824219e+01
3.043821716308593750e+01
3.016066169738769531e+01
2.988312530517578125e+01
2.960410690307617188e+01
2.932434654235839844e+01
2.904530906677246094e+01
2.876550292968750000e+01
2.848566055297851562e+01
2.820576667785644531e+01
2.792506790161132812e+01
2.764503860473632812e+01
2.736566352844238281e+01
2.708619117736816406e+01
2.680809593200683594e+01
2.652913284301757812e+01
2.625226020812988281e+01
2.597523689270019531e+01
2.569953918457031250e+01
2.542514991760253906e+01
2.515056991577148438e+01
2.487801361083984375e+01
2.460672760009765625e+01
2.433744049072265625e+01
2.406865119934082031e+01
2.380108833312988281e+01
2.353696632385253906e+01
2.327404594421386719e+01
2.301230812072753906e+01
2.275322723388671875e+01
2.249604797363281250e+01
2.224149322509765625e+01
2.198955535888671875e+01
2.173798751831054688e+01
2.149049377441406250e+01
2.124557113647460938e+01
2.100246429443359375e+01
2.076189994812011719e+01
2.052535629272460938e+01
2.029058265686035156e+01
2.006054687500000000e+01
1.983151435852050781e+01
1.960644531250000000e+01
1.938532829284667969e+01
1.916740798950195312e+01
1.895341491699218750e+01
1.874184799194335938e+01
1.853417015075683594e+01
1.833035659790039062e+01
1.813112640380859375e+01
1.793496513366699219e+01
1.774185371398925781e+01
1.755324745178222656e+01
1.736764335632324219e+01
1.718427085876464844e+01
1.700756454467773438e+01
1.683453369140625000e+01
1.666515159606933594e+01
1.650088691711425781e+01
1.633948326110839844e+01
1.618315505981445312e+01
1.603113555908203125e+01
1.588340187072753906e+01
1.574068069458007812e+01
1.560146522521972656e+01
1.546722316741943359e+01
1.533719062805175781e+01
1.521134948730468750e+01
1.509116935729980469e+01
1.497440052032470703e+01
1.486251544952392578e+01
1.475549316406250000e+01
1.465257549285888672e+01
1.455523300170898438e+01
1.446270370483398438e+01
1.437423229217529297e+01
1.429054260253906250e+01
1.421162128448486328e+01
1.413819599151611328e+01
1.406876564025878906e+01
1.400405979156494141e+01
1.394480419158935547e+01
1.388950157165527344e+01
1.384036540985107422e+01
1.379441070556640625e+01
1.375459575653076172e+01
1.371793365478515625e+01
1.368738555908203125e+01
1.366070938110351562e+01
1.363863563537597656e+01
1.362263584136962891e+01
1.361047172546386719e+01
1.360361385345458984e+01
1.360056686401367188e+01
1.360280323028564453e+01
1.360956954956054688e+01
1.362085342407226562e+01
1.363664340972900391e+01
1.365766906738281250e+01
1.368317508697509766e+01
1.371314811706542969e+01
1.374683475494384766e+01
1.378496646881103516e+01
1.382827377319335938e+01
1.387525939941406250e+01
1.392739963531494141e+01
1.398319816589355469e+01
1.404338550567626953e+01
1.410795402526855469e+01
1.417689323425292969e+01
1.424945163726806641e+01
1.432636356353759766e+01
1.440687465667724609e+01
1.449172592163085938e+01
1.458016109466552734e+01
1.467217636108398438e+01
1.476850700378417969e+01
1.486840438842773438e+01
1.497186279296875000e+01
1.507813167572021484e+01
1.518795299530029297e+01
1.530131816864013672e+01
1.541897010803222656e+01
1.553867530822753906e+01
1.566340255737304688e+01
1.579092121124267578e+01
1.592048645019531250e+01
1.605358123779296875e+01
1.618946266174316406e+01
1.632738685607910156e+01
1.646958541870117188e+01
1.661382484436035156e+01
1.676085472106933594e+01
1.690992927551269531e+01
1.706179618835449219e+01
1.721571159362792969e+01
1.737242126464843750e+01
1.753118705749511719e+01
1.769201278686523438e+01
1.785489845275878906e+01
1.801985168457031250e+01
1.818761825561523438e+01
1.835597038269042969e+01
1.852640533447265625e+01
1.869817733764648438e+01
1.887203979492187500e+01
1.904651069641113281e+01
1.922383308410644531e+01
1.940179252624511719e+01
1.958114433288574219e+01
1.976041984558105469e+01
1.994186210632324219e+01
2.012399864196777344e+01
2.030758857727050781e+01
2.049115753173828125e+01
2.067546463012695312e+01
2.086126899719238281e+01
2.104709625244140625e+01
2.123296356201171875e+01
2.142037010192871094e+01
2.160709953308105469e+01
2.179465103149414062e+01
2.198229789733886719e+01
2.217079544067382812e+01
2.235792541503906250e+01
2.254519462585449219e+01
2.273186302185058594e+01
2.291943740844726562e+01
2.310644149780273438e+01
2.329140090942382812e+01
2.347730255126953125e+01
2.366192817687988281e+01
2.384603309631347656e+01
2.402963066101074219e+01
2.421198654174804688e+01
2.439311408996582031e+01
2.457376861572265625e+01
2.475247764587402344e+01
2.493147850036621094e+01
2.510781288146972656e+01
2.528372001647949219e+01
2.545698356628417969e+01
2.562909889221191406e+01
2.580008125305175781e+01
2.596845245361328125e+01
2.613571357727050781e+01
2.630038642883300781e+01
2.646471405029296875e+01
2.662499618530273438e+01
2.678495407104492188e+01
2.694237327575683594e+01
2.709652328491210938e+01
2.724890136718750000e+01
2.739878082275390625e+01
2.754765319824218750e+01
2.769256401062011719e+01
2.783427047729492188e+01
2.797502326965332031e+01
2.811187362670898438e+01
2.824558639526367188e+01
2.837768363952636719e+01
2.850594711303710938e+01
2.863189888000488281e+01
2.875406837463378906e+01
2.887397384643554688e+01
2.899014663696289062e+01
2.910410499572753906e+01
2.921512413024902344e+01
2.932248878479003906e+01
2.942696952819824219e+01
2.952784156799316406e+01
2.962587356567382812e+01
2.971960449218750000e+01
2.981202888488769531e+01
2.989871025085449219e+01
2.998264503479003906e+01
3.006385803222656250e+01
3.014162635803222656e+01
3.021522903442382812e+01
3.028468513488769531e+01
3.035150527954101562e+01
3.041496467590332031e+01
3.047508049011230469e+01
3.053113746643066406e+01
3.058314323425292969e+01
3.063260841369628906e+01
3.067806243896484375e+01
3.071952247619628906e+01
3.075774574279785156e+01
3.079200744628906250e+01
3.082306480407714844e+01
3.084944343566894531e+01
3.087264633178710938e+01
3.089194107055664062e+01
3.090808296203613281e+01
3.091959762573242188e+01
3.092798042297363281e+01
3.093101310729980469e+01
3.093242073059082031e+01
3.092924118041992188e+01
3.092222404479980469e+01
3.091211891174316406e+01
3.089818954467773438e+01
3.088044548034667969e+01
3.085889244079589844e+01
3.083278846740722656e+01
3.080436897277832031e+01
3.077142143249511719e+01
3.073468399047851562e+01
3.069491577148437500e+01
3.065063285827636719e+01
3.060407829284667969e+01
3.055302047729492188e+01
3.049821472167968750e+01
3.043892478942871094e+01
3.037738037109375000e+01
3.031211090087890625e+01
3.024385452270507812e+01
3.017113876342773438e+01
3.009545326232910156e+01
3.001680374145507812e+01
2.993370628356933594e+01
2.984914398193359375e+01
2.975940513610839844e+01
2.966672515869140625e+01
2.957111358642578125e+01
2.947331047058105469e+01
2.937035942077636719e+01
2.926523208618164062e+01
2.915719223022460938e+01
2.904625320434570312e+01
2.893241119384765625e+01
2.881642150878906250e+01
2.869754791259765625e+01
2.857504844665527344e+01
2.844967842102050781e+01
2.832218360900878906e+01
2.819183158874511719e+01
2.805862426757812500e+01
2.792404937744140625e+01
2.778589439392089844e+01
2.764638137817382812e+01
2.750329971313476562e+01
2.735887336730957031e+01
2.721162605285644531e+01
2.706304931640625000e+01
2.691314125061035156e+01
2.676042556762695312e+01
2.660564422607421875e+01
2.644880294799804688e+01
2.629138946533203125e+01
2.613117408752441406e+01
2.596964645385742188e+01
2.580680656433105469e+01
2.564116859436035156e+01
2.547570228576660156e+01
2.530817604064941406e+01
2.513932800292968750e+01
2.497063255310058594e+01
2.479984855651855469e+01
2.462770652770996094e+01
2.445568275451660156e+01
2.428153419494628906e+01
2.410673141479492188e+01
2.393126487731933594e+01
2.375660324096679688e+01
2.357901763916015625e+01
2.340146064758300781e+01
2.322317695617675781e+01
2.304489135742187500e+01
2.286584281921386719e+01
2.268601417541503906e+01
2.250538825988769531e+01
2.232617568969726562e+01
2.214538574218750000e+01
2.196522903442382812e+01
2.178494262695312500e+01
2.160450935363769531e+01
2.142465209960937500e+01
2.124460792541503906e+01
2.106435966491699219e+01
2.088463211059570312e+01
2.070614624023437500e+01
2.052591705322265625e+01
2.034837913513183594e+01
2.016905975341796875e+01
1.999165725708007812e+01
1.981466674804687500e+01
1.963807487487792969e+01
1.946260452270507812e+01
1.928750228881835938e+01
1.911349296569824219e+01
1.894056129455566406e+01
1.876795387268066406e+01
1.859640312194824219e+01
1.842663574218750000e+01
1.825789642333984375e+01
1.809017944335937500e+01
1.792421531677246094e+01
1.775924873352050781e+01
1.759527587890625000e+01
1.743377113342285156e+01
1.727324485778808594e+01
1.711368560791015625e+01
1.695731925964355469e+01
1.680191040039062500e+01
1.664745140075683594e+01
1.649615669250488281e+01
1.634652709960937500e+01
1.619928741455078125e+01
1.605293846130371094e+01
1.590969181060791016e+01
1.576804924011230469e+01
1.562799644470214844e+01
1.549100303649902344e+01
1.535557174682617188e+01
1.522242736816406250e+01
1.509230232238769531e+01
1.496443843841552734e+01
1.483882045745849609e+01
1.471543502807617188e+01
1.459500789642333984e+01
1.447604084014892578e+01
1.436000251770019531e+01
1.424687957763671875e+01
1.413665294647216797e+01
1.402856540679931641e+01
1.392334175109863281e+01
1.382096767425537109e+01
1.372142028808593750e+01
1.362468719482421875e+01
1.353074836730957031e+01
1.343958187103271484e+01
1.335042953491210938e+01
1.326549816131591797e+01
1.318254184722900391e+01
1.310227966308593750e+01
1.302543640136718750e+01
1.295124912261962891e+01
1.288043880462646484e+01
1.281149864196777344e+01
1.274589443206787109e+01
1.268360424041748047e+01
1.262312126159667969e+01
1.256665515899658203e+01
1.251269817352294922e+01
1.246123027801513672e+01
1.241297435760498047e+01
1.236865520477294922e+01
1.232602310180664062e+01
1.228728866577148438e+01
1.225020694732666016e+01
1.221698760986328125e+01
1.218687343597412109e+01
1.215835952758789062e+01
1.213366413116455078e+01
1.211202812194824219e+01
1.209269237518310547e+01
1.207638168334960938e+01
1.206308364868164062e+01
1.205204105377197266e+01
1.204472541809082031e+01
1.203889560699462891e+01
1.203677272796630859e+01
1.203685951232910156e+01
1.204063510894775391e+01
1.204512023925781250e+01
1.205327987670898438e+01
1.206436824798583984e+01
1.207763671875000000e+01
1.209382915496826172e+01
1.211294174194335938e+01
1.213423252105712891e+01
1.215844249725341797e+01
1.218483448028564453e+01
1.221340847015380859e+01
1.224565315246582031e+01
1.228008747100830078e+01
1.231671619415283203e+01
1.235554313659667969e+01
1.239657402038574219e+01
1.244055938720703125e+01
1.248676013946533203e+01
1.253518390655517578e+01
1.258657932281494141e+01
1.264021015167236328e+01
1.269534015655517578e+01
1.275346088409423828e+01
1.281383609771728516e+01
1.287572765350341797e+01
1.293988418579101562e+01
1.300705242156982422e+01
1.307501029968261719e+01
1.314598751068115234e+01
1.321924686431884766e+01
1.329330253601074219e+01
1.336964416503906250e+01
1.344827079772949219e+01
1.352769756317138672e+01
1.360941123962402344e+01
1.369340896606445312e+01
1.377894592285156250e+01
1.386527824401855469e+01
1.395388507843017578e+01
1.404327774047851562e+01
1.413493824005126953e+01
1.422737598419189453e+01
1.432133102416992188e+01
1.441680240631103516e+01
1.451304912567138672e+01
1.461080932617187500e+01
1.470933723449707031e+01
1.480937767028808594e+01
1.491018104553222656e+01
1.501100444793701172e+01
1.511407470703125000e+01
1.521715831756591797e+01
1.532099819183349609e+01
1.542559337615966797e+01
1.553168392181396484e+01
1.563778209686279297e+01
1.574389171600341797e+01
1.585075283050537109e+01
1.595836925506591797e+01
1.606525611877441406e+01
1.617290115356445312e+01
1.628131103515625000e+01
1.638900375366210938e+01
1.649672889709472656e+01
1.660523605346679688e+01
1.671379280090332031e+01
1.682166099548339844e+01
1.692885971069335938e+01
1.703688049316406250e+01
1.714425277709960938e+01
1.725098991394042969e+01
1.735785484313964844e+01
1.746486091613769531e+01
1.757053947448730469e+01
1.767639923095703125e+01
1.778171539306640625e+01
1.788576316833496094e+01
1.799005699157714844e+01
1.809387016296386719e+01
1.819574165344238281e+01
1.829718208312988281e+01
1.839895820617675781e+01
1.849960899353027344e+01
1.859841728210449219e+01
1.869763374328613281e+01
1.879505538940429688e+01
1.889144897460937500e+01
1.898758316040039062e+01
1.908273696899414062e+01
1.917619323730468750e+01
1.926871681213378906e+01
1.936032867431640625e+01
1.945031929016113281e+01
1.954020118713378906e+01
1.962926101684570312e+01
1.971603965759277344e+01
1.980130958557128906e+01
1.988583564758300781e+01
1.996964454650878906e+01
2.005052757263183594e+01
2.013147735595703125e+01
2.021028327941894531e+01
2.028845024108886719e+01
2.036450386047363281e+01
2.043994903564453125e+01
2.051256752014160156e+01
2.058459854125976562e+01
2.065307998657226562e+01
2.072247695922851562e+01
2.078908157348632812e+01
2.085512351989746094e+01
2.092061233520507812e+01
2.098183250427246094e+01
2.104249763488769531e+01
2.110038566589355469e+01
2.115771675109863281e+01
2.121077919006347656e+01
2.126328468322753906e+01
2.131374359130859375e+01
2.136141014099121094e+01
2.140851211547851562e+01
2.145281600952148438e+01
2.149505996704101562e+01
2.153375244140625000e+01
2.157186698913574219e+01
2.160791587829589844e+01
2.164040756225585938e+01
2.167156982421875000e+01
2.169991683959960938e+01
2.172619247436523438e+01
2.174965667724609375e+01
2.177105331420898438e+01
2.179038619995117188e+01
2.180691719055175781e+01
2.182139587402343750e+01
2.183382987976074219e+01
2.184274291992187500e+01
2.184963226318359375e+01
2.185376358032226562e+01
2.185589408874511719e+01
2.185603904724121094e+01
2.185347366333007812e+01
2.184747314453125000e+01
2.183955001831054688e+01
2.182898330688476562e+01
2.181654548645019531e+01
2.180151557922363281e+01
2.178466796875000000e+01
2.176602745056152344e+01
2.174339675903320312e+01
2.171903038024902344e+01
2.169296073913574219e+01
2.166372680664062500e+01
2.163284492492675781e+01
2.160034751892089844e+01
2.156551361083984375e+01
2.152837562561035156e+01
2.148970031738281250e+01
2.144877052307128906e+01
2.140561485290527344e+01
2.136099243164062500e+01
2.131344413757324219e+01
2.126521682739257812e+01
2.121484565734863281e+01
2.116308975219726562e+01
2.110847282409667969e+01
2.105324363708496094e+01
2.099517631530761719e+01
2.093651580810546875e+01
2.087577629089355469e+01
2.081370735168457031e+01
2.074956512451171875e+01
2.068335151672363281e+01
2.061654472351074219e+01
2.054765892028808594e+01
2.047816658020019531e+01
2.040509033203125000e+01
2.033213043212890625e+01
2.025778770446777344e+01
2.018130111694335938e+01
2.010340118408203125e+01
2.002406311035156250e+01
1.994326782226562500e+01
1.986248207092285156e+01
1.977796363830566406e+01
1.969266128540039062e+01
1.960655212402343750e+01
1.951886558532714844e+01
1.942957878112792969e+01
1.933940505981445312e+01
1.924683761596679688e+01
1.915407371520996094e+01
1.905811882019042969e+01
1.896191596984863281e+01
1.886543655395507812e+01
1.876717376708984375e+01
1.866709709167480469e+01
1.856593132019042969e+01
1.846291160583496094e+01
1.835876274108886719e+01
1.825420761108398438e+01
1.814774513244628906e+01
1.804084968566894531e+01
1.793276786804199219e+01
1.782274436950683594e+01
1.771226310729980469e+01
1.760057449340820312e+01
1.748842048645019531e+01
1.737505912780761719e+01
1.726123428344726562e+01
1.714620780944824219e+01
1.702998924255371094e+01
1.691332817077636719e+01
1.679549407958984375e+01
1.667873001098632812e+01
1.656007575988769531e+01
1.644029235839843750e+01
1.632162284851074219e+01
1.620111656188964844e+01
1.608176422119140625e+01
1.596135520935058594e+01
1.583990859985351562e+01
1.571967697143554688e+01
1.559993457794189453e+01
1.547921752929687500e+01
1.535903072357177734e+01
1.523939228057861328e+01
1.511883163452148438e+01
1.499959850311279297e+01
1.488096237182617188e+01
1.476219367980957031e+01
1.464478778839111328e+01
1.452653026580810547e+01
1.440965175628662109e+01
1.429415988922119141e+01
1.417782783508300781e+01
1.406362533569335938e+01
1.394932365417480469e+01
1.383639907836914062e+01
1.372410202026367188e+01
1.361167716979980469e+01
1.350208187103271484e+01
1.339231872558593750e+01
1.328458976745605469e+01
1.317663288116455078e+01
1.307064628601074219e+01
1.296362018585205078e+01
1.285848808288574219e+01
1.275521087646484375e+01
1.265300273895263672e+01
1.255256175994873047e+01
1.245310020446777344e+01
1.235308361053466797e+01
1.225469398498535156e+01
1.215788269042968750e+01
1.206111526489257812e+01
1.196582698822021484e+01
1.187122535705566406e+01
1.177800655364990234e+01
1.168537712097167969e+01
1.159403514862060547e+01
1.150393390655517578e+01
1.141354274749755859e+01
1.132430648803710938e+01
1.123692703247070312e+01
1.114913940429687500e+01
1.106313610076904297e+01
1.097739887237548828e+01
1.089412975311279297e+01
1.081107234954833984e+01
1.072820568084716797e+01
1.064625167846679688e+01
1.056519794464111328e+01
1.048577499389648438e+01
1.040648841857910156e+01
1.032882213592529297e+01
1.025129032135009766e+01
1.017612457275390625e+01
1.010110378265380859e+01
1.002772521972656250e+01
9.955262184143066406e+00
9.883728981018066406e+00
9.813893318176269531e+00
9.745033264160156250e+00
9.677919387817382812e+00
9.611095428466796875e+00
9.546821594238281250e+00
9.484386444091796875e+00
9.423825263977050781e+00
9.363687515258789062e+00
9.305496215820312500e+00
9.248541831970214844e+00
9.192859649658203125e+00
9.138478279113769531e+00
9.086914062500000000e+00
9.037975311279296875e+00
8.989903450012207031e+00
8.943840026855468750e+00
8.899662017822265625e+00
8.857538223266601562e+00
8.817564010620117188e+00
8.779606819152832031e+00
8.743603706359863281e+00
8.709865570068359375e+00
8.678320884704589844e+00
8.648677825927734375e+00
8.621082305908203125e+00
8.595529556274414062e+00
8.572159767150878906e+00
8.550810813903808594e+00
8.531391143798828125e+00
8.514102935791015625e+00
8.498698234558105469e+00
8.485220909118652344e+00
8.473713874816894531e+00
8.464065551757812500e+00
8.456162452697753906e+00
8.450184822082519531e+00
8.445791244506835938e+00
8.443155288696289062e+00
8.442078590393066406e+00
8.442509651184082031e+00
8.444468498229980469e+00
8.447828292846679688e+00
8.452459335327148438e+00
8.458454132080078125e+00
8.465610504150390625e+00
8.474022865295410156e+00
8.483414649963378906e+00
8.493809700012207031e+00
8.505157470703125000e+00
8.517338752746582031e+00
8.530383110046386719e+00
8.544173240661621094e+00
8.558601379394531250e+00
8.573854446411132812e+00
8.589607238769531250e+00
8.605834960937500000e+00
8.622593879699707031e+00
8.639942169189453125e+00
8.657723426818847656e+00
8.675858497619628906e+00
8.694351196289062500e+00
8.713284492492675781e+00
8.732525825500488281e+00
8.752243041992187500e+00
8.772387504577636719e+00
8.792917251586914062e+00
8.813644409179687500e+00
8.834683418273925781e+00
8.856306076049804688e+00
8.878337860107421875e+00
8.900908470153808594e+00
8.923927307128906250e+00
8.947456359863281250e+00
8.971559524536132812e+00
8.996229171752929688e+00
9.021535873413085938e+00
9.047549247741699219e+00
9.074414253234863281e+00
9.101830482482910156e+00
9.130167961120605469e+00
9.159274101257324219e+00
9.189365386962890625e+00
9.220065116882324219e+00
9.251661300659179688e+00
9.285030364990234375e+00
9.319046020507812500e+00
9.353981971740722656e+00
9.389147758483886719e+00
9.426815986633300781e+00
9.464798927307128906e+00
9.503872871398925781e+00
9.544067382812500000e+00
9.584658622741699219e+00
9.627150535583496094e+00
9.671551704406738281e+00
9.714891433715820312e+00
9.760137557983398438e+00
9.806535720825195312e+00
9.852580070495605469e+00
9.900476455688476562e+00
9.948705673217773438e+00
9.997229576110839844e+00
1.004674816131591797e+01
1.009646892547607422e+01
1.014707851409912109e+01
1.019777393341064453e+01
1.024849128723144531e+01
1.029916095733642578e+01
1.034971332550048828e+01
1.040081405639648438e+01
1.045239543914794922e+01
1.050215244293212891e+01
1.055150032043457031e+01
1.059962177276611328e+01
1.064793014526367188e+01
1.069635486602783203e+01
1.074259662628173828e+01
1.078881740570068359e+01
1.083272457122802734e+01
1.087649059295654297e+01
1.091857051849365234e+01
1.095966243743896484e+01
1.100046253204345703e+01
1.103870773315429688e+01
1.107510948181152344e+01
1.111038970947265625e+01
1.114379024505615234e+01
1.117530441284179688e+01
1.120567703247070312e+01
1.123492050170898438e+01
1.126156616210937500e+01
1.128713035583496094e+01
1.131016349792480469e+01
1.133219718933105469e+01
1.135254287719726562e+01
1.137126541137695312e+01
1.138769149780273438e+01
1.140264415740966797e+01
1.141620922088623047e+01
1.142847824096679688e+01
1.144029617309570312e+01
1.144953632354736328e+01
1.145928192138671875e+01
1.146667480468750000e+01
1.147406005859375000e+01
1.148007202148437500e+01
1.148483085632324219e+01
1.148920249938964844e+01
1.149330902099609375e+01
1.149726772308349609e+01
1.150045680999755859e+01
1.150373268127441406e+01
1.150646400451660156e+01
1.150949764251708984e+01
1.151293563842773438e+01
1.151538467407226562e+01
1.151841354370117188e+01
1.152210044860839844e+01
1.152502632141113281e+01
0.000000000000000000e+00
0.000000000000000000e+00
0.000000000000000000e+00
0.000000000000000000e+00
0.000000000000000000e+00
0.000000000000000000e+00
0.000000000000000000e+00
0.000000000000000000e+00
0.000000000000000000e+00
0.000000000000000000e+00
0.000000000000000000e+00
0.000000000000000000e+00
0.000000000000000000e+00
0.000000000000000000e+00
0.000000000000000000e+00
0.000000000000000000e+00
0.000000000000000000e+00
0.000000000000000000e+00
0.000000000000000000e+00
0.000000000000000000e+00
0.000000000000000000e+00
0.000000000000000000e+00
0.000000000000000000e+00
0.000000000000000000e+00
0.000000000000000000e+00
0.000000000000000000e+00
0.000000000000000000e+00
0.000000000000000000e+00
0.000000000000000000e+00
0.000000000000000000e+00
0.000000000000000000e+00
0.000000000000000000e+00
0.000000000000000000e+00
0.000000000000000000e+00
0.000000000000000000e+00
0.000000000000000000e+00
0.000000000000000000e+00
0.000000000000000000e+00
0.000000000000000000e+00
0.000000000000000000e+00
0.000000000000000000e+00
0.000000000000000000e+00
0.000000000000000000e+00
0.000000000000000000e+00
0.000000000000000000e+00
0.000000000000000000e+00
0.000000000000000000e+00
0.000000000000000000e+00
0.000000000000000000e+00
0.000000000000000000e+00
0.000000000000000000e+00
0.000000000000000000e+00
0.000000000000000000e+00
0.000000000000000000e+00
0.000000000000000000e+00
0.000000000000000000e+00
0.000000000000000000e+00
0.000000000000000000e+00
0.000000000000000000e+00
0.000000000000000000e+00
0.000000000000000000e+00
0.000000000000000000e+00
0.000000000000000000e+00
0.000000000000000000e+00
0.000000000000000000e+00
0.000000000000000000e+00
0.000000000000000000e+00
0.000000000000000000e+00
0.000000000000000000e+00
0.000000000000000000e+00
0.000000000000000000e+00
0.000000000000000000e+00
0.000000000000000000e+00
0.000000000000000000e+00
0.000000000000000000e+00
0.000000000000000000e+00
0.000000000000000000e+00
0.000000000000000000e+00
0.000000000000000000e+00
0.000000000000000000e+00
0.000000000000000000e+00
0.000000000000000000e+00
0.000000000000000000e+00
0.000000000000000000e+00
0.000000000000000000e+00
0.000000000000000000e+00
0.000000000000000000e+00
0.000000000000000000e+00
0.000000000000000000e+00
0.000000000000000000e+00
0.000000000000000000e+00
0.000000000000000000e+00
0.000000000000000000e+00
0.000000000000000000e+00
0.000000000000000000e+00
0.000000000000000000e+00
0.000000000000000000e+00
0.000000000000000000e+00
0.000000000000000000e+00
0.000000000000000000e+00
