# pp
1.657878919523617890e-07
2.548683013106718687e-07
3.337536603752239187e-07
4.033871504880713418e-07
4.648439196211600716e-07
5.193419848058834390e-07
5.678688006637159626e-07
6.112862565643284889e-07
6.501780796713330444e-07
6.852718414089443859e-07
7.168362453475828711e-07
7.452569706932529093e-07
7.709505363710139208e-07
7.941828759480901006e-07
8.151839852424414503e-07
8.341906944328066352e-07
8.514152874152740885e-07
8.669650285945514875e-07
8.809389806592994813e-07
8.935084189253706210e-07
9.048409900076567933e-07
9.150176130900144764e-07
9.241042149688699642e-07
9.321934803219615732e-07
9.393799525620950569e-07
9.457388521610320954e-07
9.513289017555440912e-07
9.561621555834842464e-07
9.602560838672738345e-07
9.636964891665235567e-07
9.665726554509728363e-07
9.689194599936864513e-07
9.707606067376533791e-07
9.721295130022355224e-07
9.730611001233705334e-07
9.735865921269284665e-07
9.737341671903626607e-07
9.735235174075278245e-07
9.729722133513790622e-07
9.720982857771927534e-07
9.709216061695333438e-07
9.694625061952874016e-07
9.677413175213410714e-07
9.657783718145807095e-07
9.635928855315403831e-07
9.611996142873433083e-07
9.586121984867602001e-07
9.558442785345628324e-07
9.529094948355217084e-07
9.498206853312478655e-07
9.465874781107125710e-07
9.432186987997270969e-07
9.397231730241031387e-07
9.361097264096515449e-07
9.323865675335969158e-07
9.285594367788143068e-07
9.246334574795927368e-07
9.206137529702204836e-07
9.165054465849856134e-07
9.123141719191198823e-07
9.080476036116256781e-07
9.037139265624487611e-07
8.993213256715345740e-07
8.948779858388284535e-07
8.903913771003027165e-07
8.858661100360356948e-07
8.813060803621328061e-07
8.767151837946985150e-07
8.720973160498383453e-07
8.674558445665073600e-07
8.627920236750619573e-07
8.581065794287082864e-07
8.534002378806530263e-07
8.486737250841024322e-07
8.439282174380065120e-07
8.391666927242885895e-07
8.343925790706163765e-07
8.296093046046563141e-07
8.248202974540759025e-07
8.200287950639153472e-07
8.152372721487067357e-07
8.104480127403558140e-07
8.056633008707682223e-07
8.008854205718489655e-07
7.961164851344428353e-07
7.913579248851490066e-07
7.866109994095058058e-07
7.818769682930515592e-07
7.771570911213241699e-07
7.724525174558838624e-07
7.677639567623773952e-07
7.630920084824727898e-07
7.584372720578388089e-07
7.538003469301432621e-07
7.491818325410548061e-07
7.445823283322420977e-07
7.400024337453730524e-07
7.354427482221161153e-07
7.309038712041397313e-07
7.263864021331122395e-07
7.218909404507019790e-07
7.174180855985772888e-07
7.129684370184066140e-07
7.085425941518580820e-07
7.041411564406003493e-07
6.997647233263014375e-07
6.954138942506300034e-07
6.910892686552542800e-07
6.867914459818426066e-07
6.825209364944420962e-07
6.782778937466148516e-07
6.740623821143012203e-07
6.698744659734426086e-07
6.657142096999794697e-07
6.615816776698525747e-07
6.574769342590025886e-07
6.534000438433703882e-07
6.493510707988968505e-07
6.453300795015224287e-07
6.413371343271882114e-07
6.373722996518346520e-07
6.334356398514028390e-07
6.295272193018333317e-07
6.256471023790670069e-07
6.217953534590445297e-07
6.179720369177066711e-07
6.141772171309943079e-07
6.104109584748479992e-07
6.066733253252087279e-07
6.029643455115815687e-07
5.992839006777289176e-07
5.956318359209774742e-07
5.920079963386545736e-07
5.884122270280864921e-07
5.848443730866005647e-07
5.813042796115232794e-07
5.777917917001817594e-07
5.743067544499025986e-07
5.708490129580127085e-07
5.674184123218390007e-07
5.640147976387082807e-07
5.606380140059473543e-07
5.572879065208832387e-07
5.539643202808426337e-07
5.506671003831522392e-07
5.473960919251391783e-07
5.441511400041302567e-07
5.409320897174520682e-07
5.377387861624317361e-07
5.345710744712552836e-07
5.314287999155461327e-07
5.283118078017871348e-07
5.252199434364607177e-07
5.221530521260498387e-07
5.191109791770372432e-07
5.160935698959056768e-07
5.131006695891376731e-07
5.101321235632160834e-07
5.071877771246236533e-07
5.042674755798431282e-07
5.013710642353570418e-07
4.984983883976483514e-07
4.956492933731998025e-07
4.928236244684937169e-07
4.900212269900133696e-07
4.872419462442412943e-07
4.844856275376599187e-07
4.817521161767524120e-07
4.790412574680012019e-07
4.763528967178890339e-07
4.736868792328988123e-07
4.710430503195131237e-07
4.684212552842147666e-07
4.658213394334864334e-07
4.632431401133130693e-07
4.606864628276884171e-07
4.581511051201086312e-07
4.556368645340695482e-07
4.531435386130674283e-07
4.506709249005980022e-07
4.482188209401575300e-07
4.457870242752419015e-07
4.433753324493470590e-07
4.409835430059692098e-07
4.386114534886042436e-07
4.362588614407482086e-07
4.339255644058971533e-07
4.316113599275470731e-07
4.293160455491939636e-07
4.270394188143338201e-07
4.247812772664627441e-07
4.225414184490766250e-07
4.203196399056716172e-07
4.181157391797436632e-07
4.159295138147887585e-07
4.137607613543030044e-07
4.116092793417823963e-07
4.094748653207228238e-07
4.073573168346204942e-07
4.052564428044976273e-07
4.031720976614818699e-07
4.011041472142270931e-07
3.990524572713874328e-07
3.970168936416166543e-07
3.949973221335687876e-07
3.929936085558977566e-07
3.910056187172575386e-07
3.890332184263020575e-07
3.870762734916852905e-07
3.851346497220610557e-07
3.832082129260834890e-07
3.812968289124064615e-07
3.794003634896838445e-07
3.775186824665696149e-07
3.756516516517178027e-07
3.737991368537822791e-07
3.719610038814169682e-07
3.701371185432759000e-07
3.683273466480129455e-07
3.665315540042821349e-07
3.647496064207373922e-07
3.629813697060325356e-07
3.612267096688215950e-07
3.594854921177586535e-07
3.577575828614974234e-07
3.560428477086920404e-07
3.543411524679963229e-07
3.526523629480641948e-07
3.509763449575498451e-07
3.493129643051069861e-07
3.476620867993895947e-07
3.460235782490517540e-07
3.443973044627471762e-07
3.427831312491299443e-07
3.411809244168540882e-07
3.395905497745734262e-07
3.380118731309419353e-07
3.364447602946135925e-07
3.348890770742422691e-07
3.333446892784819419e-07
3.318114627159866941e-07
3.302892631954103437e-07
3.287779565254067619e-07
3.272774085146299787e-07
3.257874849717340241e-07
3.243080517053726634e-07
3.228389745242000854e-07
3.213801192368700023e-07
3.199313516520364972e-07
3.184925471088722844e-07
3.170636190686254518e-07
3.156444905230630361e-07
3.142350844639519684e-07
3.128353238830590209e-07
3.114451317721513364e-07
3.100644311229956870e-07
3.086931449273591096e-07
3.073311961770085353e-07
3.059785078637110010e-07
3.046350029792332258e-07
3.033006045153422468e-07
3.019752354638050478e-07
3.006588188163885598e-07
2.993512775648596610e-07
2.980525347009853353e-07
2.967625132165325137e-07
2.954811361032681801e-07
2.942083263529591597e-07
2.929440069573724893e-07
2.916881009082750472e-07
2.904405311974338700e-07
2.892012208166158360e-07
2.879700927575878761e-07
2.867470700121168684e-07
2.855320755719698497e-07
2.843250324289136983e-07
2.831258635747154509e-07
2.819344920011418797e-07
2.807508406999601276e-07
2.795748326629369137e-07
2.784063908818393279e-07
2.772454383484343013e-07
2.760918980544887648e-07
2.749456929917695964e-07
2.738067461520437273e-07
2.726749805270782473e-07
2.715503191086398755e-07
2.704326848884957548e-07
2.693220008584127103e-07
2.682181900101576731e-07
2.671211753354975740e-07
2.660308798261995031e-07
2.649472264740302323e-07
2.638701382707567988e-07
2.627995382081460275e-07
2.617353492779649553e-07
2.606774944719805663e-07
2.596258967819596856e-07
2.585804791996692441e-07
2.575411703729760535e-07
2.565079215741460245e-07
2.554806897315446305e-07
2.544594317735378216e-07
2.534441046284911772e-07
2.524346652247702239e-07
2.514310704907408059e-07
2.504332773547685554e-07
2.494412427452191050e-07
2.484549235904582458e-07
2.474742768188515572e-07
2.464992593587646718e-07
2.455298281385633277e-07
2.445659400866133161e-07
2.436075521312800577e-07
2.426546212009294496e-07
2.417071042239270713e-07
2.407649581286385550e-07
2.398281398434297451e-07
2.388966062966661150e-07
2.379703144167134560e-07
2.370492211319374798e-07
2.361332833707037395e-07
2.352224580613779998e-07
2.343167021323259196e-07
2.334159725119131577e-07
2.325202261285053995e-07
2.316294199104683302e-07
2.307435107861675824e-07
2.298624556839689206e-07
2.289862115322379245e-07
2.281147352593403322e-07
2.272479837936418291e-07
2.263859140635080211e-07
2.255284829973046201e-07
2.246756475233973113e-07
2.238273645701517800e-07
2.229835910659337117e-07
2.221442839391087123e-07
2.213094001180425464e-07
2.204788965311008200e-07
2.196527301066492449e-07
2.188308577730534800e-07
2.180132364586792371e-07
2.171998230918921751e-07
2.163905746010579262e-07
2.155854479145422024e-07
2.147843999607106890e-07
2.139873876679290448e-07
2.131943679645629816e-07
2.124053010643955294e-07
2.116201603228792283e-07
2.108389223808841749e-07
2.100615638792803071e-07
2.092880614589375889e-07
2.085183917607259846e-07
2.077525314255155378e-07
2.069904570941762128e-07
2.062321454075779472e-07
2.054775730065908112e-07
2.047267165320847426e-07
2.039795526249296525e-07
2.032360579259956110e-07
2.024962090761526089e-07
2.017599827162706104e-07
2.010273554872195797e-07
2.002983040298695074e-07
1.995728049850903843e-07
1.988508349937521745e-07
1.981323706967248687e-07
1.974173887348785106e-07
1.967058657490830379e-07
1.959977783802083618e-07
1.952931032691245790e-07
1.945918170567016272e-07
1.938938963838094705e-07
1.931993178913181527e-07
1.925080582200975849e-07
1.918200940110177578e-07
1.911354019049487152e-07
1.904539585427603947e-07
1.897757405653227869e-07
1.891007246135059092e-07
1.884288873281796726e-07
1.877602053502140944e-07
1.870946553204792183e-07
1.864322138798449024e-07
1.857728576691812699e-07
1.851165633293582056e-07
1.844633075012457531e-07
1.838130668257137971e-07
1.831658179436324608e-07
1.825215374958716289e-07
1.818802021233013450e-07
1.812417884667915204e-07
1.806062731672121988e-07
1.799736328654333443e-07
1.793438442023249477e-07
1.787168838187569466e-07
1.780927283555994111e-07
1.774713562939264504e-07
1.768527534756292554e-07
1.762369075828029767e-07
1.756238062975429768e-07
1.750134373019445385e-07
1.744057882781029713e-07
1.738008469081135051e-07
1.731986008740714759e-07
1.725990378580721402e-07
1.720021455422108867e-07
1.714079116085828925e-07
1.708163237392834671e-07
1.702273696164079198e-07
1.696410369220515601e-07
1.690573133383096180e-07
1.684761865472774558e-07
1.678976442310503301e-07
1.673216740717234972e-07
1.667482637513922666e-07
1.661774009521519742e-07
1.656090733560978500e-07
1.650432686453252034e-07
1.644799745019293703e-07
1.639191786080055277e-07
1.633608686456490645e-07
1.628050322969552637e-07
1.622516572440193552e-07
1.617007311689366749e-07
1.611522417538024793e-07
1.606061766807121043e-07
1.600625236317608063e-07
1.595212702890439213e-07
1.589824043346566528e-07
1.584459134506943631e-07
1.579117853192522822e-07
1.573800076224257725e-07
1.568505680423100640e-07
1.563234542610004926e-07
1.557986539605922883e-07
1.552761548231807870e-07
1.547559445308612716e-07
1.542380107657290515e-07
1.537223412098793303e-07
1.532089235454074968e-07
1.526977454544088075e-07
1.521887946189785188e-07
1.516820587212119666e-07
1.511775254432043810e-07
1.506751824670511772e-07
1.501750174748474794e-07
1.496770185260630037e-07
1.491811751896646699e-07
1.486874774119937250e-07
1.481959151393914956e-07
1.477064783181991493e-07
1.472191568947579861e-07
1.467339408154092795e-07
1.462508200264943032e-07
1.457697844743542777e-07
1.452908241053305295e-07
1.448139288657642528e-07
1.443390887019967211e-07
1.438662935603692345e-07
1.433955333872230399e-07
1.429267981288994110e-07
1.424600777317396213e-07
1.419953621420848650e-07
1.415326413062764420e-07
1.410719051706556524e-07
1.406131436815637433e-07
1.401563467853419088e-07
1.397015044283315018e-07
1.392486065568737430e-07
1.387976431173099060e-07
1.383486040559812377e-07
1.379014793192290118e-07
1.374562588533945018e-07
1.370129326048189548e-07
1.365714905198436179e-07
1.361319225448097910e-07
1.356942186260587478e-07
1.352583687099317088e-07
1.348243627427699476e-07
1.343921906709147377e-07
1.339618424407072733e-07
1.335333079984889603e-07
1.331065772906009399e-07
1.326816402633845121e-07
1.322584868631809504e-07
1.318371070363315284e-07
1.314174907291774667e-07
1.309996278880600653e-07
1.305835084593205714e-07
1.301691223893002319e-07
1.297564596243403205e-07
1.293455101107821371e-07
1.289362637949668760e-07
1.285287106232358635e-07
1.281228405419303203e-07
1.277186434973915464e-07
1.273161100306267281e-07
1.269152330613069412e-07
1.265160061037692533e-07
1.261184226723507060e-07
1.257224762813882612e-07
1.253281604452190397e-07
1.249354686781800298e-07
1.245443944946082466e-07
1.241549314088407843e-07
1.237670729352146313e-07
1.233808125880668556e-07
1.229961438817344454e-07
1.226130603305544688e-07
1.222315554488639935e-07
1.218516227509999550e-07
1.214732557512995006e-07
1.210964479640996187e-07
1.207211929037372977e-07
1.203474840845496585e-07
1.199753150208736895e-07
1.196046792270464055e-07
1.192355702174049009e-07
1.188679815062861377e-07
1.185019066080271969e-07
1.181373390369651199e-07
1.177742723074369216e-07
1.174126999337796301e-07
1.170526154303303266e-07
1.166940123114259466e-07
1.163368840914036504e-07
1.159812242846003869e-07
1.156270264053532239e-07
1.152742839679991895e-07
1.149229904868753251e-07
1.145731394763186457e-07
1.142247244506661925e-07
1.138777389242550335e-07
1.135321764114221570e-07
1.131880304265046309e-07
1.128452944838394702e-07
1.125039620977637162e-07
1.121640267826144102e-07
1.118254820527285672e-07
1.114883214224432550e-07
1.111525384060955018e-07
1.108181265180223092e-07
1.104850792725607318e-07
1.101533901840478110e-07
1.098230527668205750e-07
1.094940605352160784e-07
1.091664071598919944e-07
1.088400869367888148e-07
1.085150943181676370e-07
1.081914237562896376e-07
1.078690697034158609e-07
1.075480266118074968e-07
1.072282889337256427e-07
1.069098511214314618e-07
1.065927076271860384e-07
1.062768529032505357e-07
1.059622814018860643e-07
1.056489875753537347e-07
1.053369658759146971e-07
1.050262107558300753e-07
1.047167166673610061e-07
1.044084780627686133e-07
1.041014893943140075e-07
1.037957451142583388e-07
1.034912396748627045e-07
1.031879675283882813e-07
1.028859231270961266e-07
1.025851009232474570e-07
1.022854953691033167e-07
1.019871009169248559e-07
1.016899120189732380e-07
1.013939231275095604e-07
1.010991286947949599e-07
1.008055231730905604e-07
1.005131010146574723e-07
1.002218566717568458e-07
9.993178459664981785e-08
9.964287924159749902e-08
9.935513505886102622e-08
9.906854650070150998e-08
9.878310801938007401e-08
9.849881406715788175e-08
9.821565909629603047e-08
9.793363755905565714e-08
9.765274390769787224e-08
9.737297259448385246e-08
9.709431807167466858e-08
9.681677479153147081e-08
9.654033720631540935e-08
9.626499976828755499e-08
9.599075692970909763e-08
9.571760314284114779e-08
9.544553285994478947e-08
9.517454053328119936e-08
9.490462061511148796e-08
9.463576755769679222e-08
9.436797598719338527e-08
9.410124122533824366e-08
9.383555876776349332e-08
9.357092411010127342e-08
9.330733274798367019e-08
9.304478017704283603e-08
9.278326189291091012e-08
9.252277339121997869e-08
9.226331016760220737e-08
9.200486771768972211e-08
9.174744153711460912e-08
9.149102712150903405e-08
9.123561996650512284e-08
9.098121556773498818e-08
9.072780942083072954e-08
9.047539702142453903e-08
9.022397386514847641e-08
8.997353544763470732e-08
8.972407726451534446e-08
8.947559481142251376e-08
8.922808358398835440e-08
8.898153907784500554e-08
8.873595678862455341e-08
8.849133221195912395e-08
8.824766084348088280e-08
8.800493817882192942e-08
8.776315971361438975e-08
8.752232094349040295e-08
8.728241736408208174e-08
8.704344447102159174e-08
8.680539775994099272e-08
8.656827272647246355e-08
8.633206486624811693e-08
8.609676967490006557e-08
8.586238264806043539e-08
8.562889928136137880e-08
8.539631507043500851e-08
8.516462551091343720e-08
8.493382609842883053e-08
8.470391232861326148e-08
8.447487969709886923e-08
8.424672369951781941e-08
8.401943983150221150e-08
8.379302358868417142e-08
8.356747046669581187e-08
8.334277596116929851e-08
8.311893556773670431e-08
8.289594478203019492e-08
8.267379909968189627e-08
8.245249401632392107e-08
8.223202516490311656e-08
8.201238872762512255e-08
8.179358102401037958e-08
8.157559837357924878e-08
8.135843709585209128e-08
8.114209351034933437e-08
8.092656393659133919e-08
8.071184469409850656e-08
8.049793210239117114e-08
8.028482248098979994e-08
8.007251214941474084e-08
7.986099742718634175e-08
7.965027463382505642e-08
7.944034008885123276e-08
7.923119011178524512e-08
7.902282102214749434e-08
7.881522913945836801e-08
7.860841078323824049e-08
7.840236227300752585e-08
7.819707992828659845e-08
7.799256006859580618e-08
7.778879901345557635e-08
7.758579308238628331e-08
7.738353859490830143e-08
7.718203187054204477e-08
7.698126922880788770e-08
7.678124698922617810e-08
7.658196147131734327e-08
7.638340899460175759e-08
7.618558587859979540e-08
7.598848844283185754e-08
7.579211300681834485e-08
7.559645589007961845e-08
7.540151341213605269e-08
7.520728189250806165e-08
7.501375765071600646e-08
7.482093700628030117e-08
7.462881627872129369e-08
7.443739178755941130e-08
7.424665985231500191e-08
7.405661679250846634e-08
7.386725892766019220e-08
7.367858257729058031e-08
7.349058406091999179e-08
7.330325969806882749e-08
7.311660580825744852e-08
7.293061871100626896e-08
7.274529472583564992e-08
7.256063017226600548e-08
7.237662136981771000e-08
7.219326476949023888e-08
7.201055734819948499e-08
7.182849621434042898e-08
7.164707847630807799e-08
7.146630124249741270e-08
7.128616162130340051e-08
7.110665672112104859e-08
7.092778365034533758e-08
7.074953951737124817e-08
7.057192143059378747e-08
7.039492649840793616e-08
7.021855182920866168e-08
7.004279453139098438e-08
6.986765171334985847e-08
6.969312048348030432e-08
6.951919795017727613e-08
6.934588122183579426e-08
6.917316740685081291e-08
6.900105361361733922e-08
6.882953695053038032e-08
6.865861452598486394e-08
6.848828344837585015e-08
6.831854082609826669e-08
6.814938376754713392e-08
6.798080938111741928e-08
6.781281477520412989e-08
6.764539705820225967e-08
6.747855333850674956e-08
6.731228072451263319e-08
6.714657632461489120e-08
6.698143724720850428e-08
6.681686060068845309e-08
6.665284349344971828e-08
6.648938303388730701e-08
6.632647633039621316e-08
6.616412049137140418e-08
6.600231262520787395e-08
6.584104984030058992e-08
6.568032924504458569e-08
6.552014794783481545e-08
6.536050305706625987e-08
6.520139168113392609e-08
6.504281092843280800e-08
6.488475790735785981e-08
6.472722972630411512e-08
6.457022349366652812e-08
6.441373631784006625e-08
6.425776530721977635e-08
6.410230757020061262e-08
6.394736021517755571e-08
6.379292046966302234e-08
6.363898603763909399e-08
6.348555474220526171e-08
6.333262440646104302e-08
6.318019285350590251e-08
6.302825790643938415e-08
6.287681738836095254e-08
6.272586912237013843e-08
6.257541093156641965e-08
6.242544063904930046e-08
6.227595606791827193e-08
6.212695504127283834e-08
6.197843538221251722e-08
6.183039491383678638e-08
6.168283145924515010e-08
6.153574284153712591e-08
6.138912688381220486e-08
6.124298140916985154e-08
6.109730424070960992e-08
6.095209320153097107e-08
6.080734611473342604e-08
6.066306080341647911e-08
6.051923509067960809e-08
6.037586679962235699e-08
6.023295375334419038e-08
6.009049377494461255e-08
5.994848468752314101e-08
5.980692431417926683e-08
5.966581047801246782e-08
5.952514100212226149e-08
5.938491370960815876e-08
5.924512642356965067e-08
5.910577696710622828e-08
5.896686316331740249e-08
5.882838283530266435e-08
5.869033380616151814e-08
5.855271389899346155e-08
5.841552093689800547e-08
5.827875274297463433e-08
5.814240714032285242e-08
5.800648195204215079e-08
5.787097500123204697e-08
5.773588411099203201e-08
5.760120710442160357e-08
5.746694180462026594e-08
5.733308603468751017e-08
5.719963761772284056e-08
5.706659437682576800e-08
5.693395413509577692e-08
5.680171471563237162e-08
5.666987403923601874e-08
5.653843041751104099e-08
5.640738225976273007e-08
5.627672797529638428e-08
5.614646597341728207e-08
5.601659466343070852e-08
5.588711245464196856e-08
5.575801775635635387e-08
5.562930897787913630e-08
5.550098452851563400e-08
5.537304281757111219e-08
5.524548225435086918e-08
5.511830124816019666e-08
5.499149820830438633e-08
5.486507154408872324e-08
5.473901966481851896e-08
5.461334097979902546e-08
5.448803389833556751e-08
5.436309682973341697e-08
5.423852818329786551e-08
5.411432636833421807e-08
5.399048979414774648e-08
5.386701687004374904e-08
5.374390600532751746e-08
5.362115560930434341e-08
5.349876409127951860e-08
5.337672986055832147e-08
5.325505132644605695e-08
5.313372689824799688e-08
5.301275498526945941e-08
5.289213399681570978e-08
5.277186234219204628e-08
5.265193843070376722e-08
5.253236067165615107e-08
5.241312747435448950e-08
5.229423724810408083e-08
5.217568840221022337e-08
5.205747934597818233e-08
5.193960848871326926e-08
5.182207423972075600e-08
5.170487500830594085e-08
5.158800920377412874e-08
5.147147523543060474e-08
5.135527151258064069e-08
5.123939644452954152e-08
5.112384844058259229e-08
5.100862591004508471e-08
5.089372726222231045e-08
5.077915090641956782e-08
5.066489525194213529e-08
5.055095878330095117e-08
5.043734028582954035e-08
5.032403862006706772e-08
5.021105264655272463e-08
5.009838122582564290e-08
4.998602321842501389e-08
4.987397748488999587e-08
4.976224288575976697e-08
4.965081828157349209e-08
4.953970253287034274e-08
4.942889450018949042e-08
4.931839304407008681e-08
4.920819702505131663e-08
4.909830530367234479e-08
4.898871674047232956e-08
4.887943019599046231e-08
4.877044453076589468e-08
4.866175860533780482e-08
4.855337128024535100e-08
4.844528141602770473e-08
4.833748787322403090e-08
4.822998951237350763e-08
4.812278519401529984e-08
4.801587377868858563e-08
4.790925412693251667e-08
4.780292509928627109e-08
4.769688555628902041e-08
4.759113435847992288e-08
4.748567036639815004e-08
4.738049244058287338e-08
4.727559944157327103e-08
4.717099022990850128e-08
4.706666366612773563e-08
4.696261861077013236e-08
4.685885392437486959e-08
4.675536846748112546e-08
4.665216110062805162e-08
4.654923068435482621e-08
4.644657607920062073e-08
4.634419614570458683e-08
4.624208974440590266e-08
4.614025573584375957e-08
4.603869298055728937e-08
4.593740033908568342e-08
4.583637667196810662e-08
4.573562083974371724e-08
4.563513170295170002e-08
4.553490812213120663e-08
4.543494895782142843e-08
4.533525307056151046e-08
4.523581937487032004e-08
4.513664700118550111e-08
4.503773513392434712e-08
4.493908295750419781e-08
4.484068965634235323e-08
4.474255441485614653e-08
4.464467641746288436e-08
4.454705484857989987e-08
4.444968889262448650e-08
4.435257773401399722e-08
4.425572055716572548e-08
4.415911654649699780e-08
4.406276488642513407e-08
4.396666476136745420e-08
4.387081535574126485e-08
4.377521585396389918e-08
4.367986544045267707e-08
4.358476329962489858e-08
4.348990861589790346e-08
4.339530057368899177e-08
4.330093835741549002e-08
4.320682115149472473e-08
4.311294814034400920e-08
4.301931850838065670e-08
4.292593144002198714e-08
4.283278611968532042e-08
4.273988173178798307e-08
4.264721746074728836e-08
4.255479249098054296e-08
4.246260600690508002e-08
4.237065719293821281e-08
4.227894523349727448e-08
4.218746931299955846e-08
4.209622861586239788e-08
4.200522232650309942e-08
4.191444962933900282e-08
4.182390970878740815e-08
4.173360174926564853e-08
4.164352493519103064e-08
4.155367845098088099e-08
4.146406148105250626e-08
4.137467320982323296e-08
4.128551282171038761e-08
4.119657950113127027e-08
4.110787243250322069e-08
4.101939080024353892e-08
4.093113378876955148e-08
4.084310058249858488e-08
4.075529036584794581e-08
4.066770232323496077e-08
4.058033567183880765e-08
4.049318975988615576e-08
4.040626396836551915e-08
4.031955767826545157e-08
4.023307027057446047e-08
4.014680112628106651e-08
4.006074962637382345e-08
3.997491515184123873e-08
3.988929708367185948e-08
3.980389480285419315e-08
3.971870769037677362e-08
3.963373512722814144e-08
3.954897649439680402e-08
3.946443117287130852e-08
3.938009854364017560e-08
3.929597798769193255e-08
3.921206888601511327e-08
3.912837061959823182e-08
3.904488256942983534e-08
3.896160411649843125e-08
3.887853464179256009e-08
3.879567352630076238e-08
3.871302015101153893e-08
3.863057389691343026e-08
3.854833414499497690e-08
3.846630027624468628e-08
3.838447167165109231e-08
3.830284771220274213e-08
3.822142777888812993e-08
3.814021125269580948e-08
3.805919751461430806e-08
3.797838594563214634e-08
3.789777592673784500e-08
3.781736683891995116e-08
3.773715806316696565e-08
3.765714898046744885e-08
3.757733897180990818e-08
3.749772741818287756e-08
3.741831370057488427e-08
3.733909719997445559e-08
3.726007729737012544e-08
3.718125337375041448e-08
3.710262481010385000e-08
3.702419098741896590e-08
3.694595128668428948e-08
3.686790508888835463e-08
3.679005177501966218e-08
3.671239072606677911e-08
3.663492132301820625e-08
3.655764294686249073e-08
3.648055500341224045e-08
3.640365699777649826e-08
3.632694845988837438e-08
3.625042891968103197e-08
3.617409790708756139e-08
3.609795495204110596e-08
3.602199958447480236e-08
3.594623133432176743e-08
3.587064973151511802e-08
3.579525430598801066e-08
3.572004458767354895e-08
3.564502010650486960e-08
3.557018039241510267e-08
3.549552497533736500e-08
3.542105338520481313e-08
3.534676515195054404e-08
3.527265980550770106e-08
3.519873687580940101e-08
3.512499589278878059e-08
3.505143638637896324e-08
3.497805788651308567e-08
3.490485992312427794e-08
3.483184202614565028e-08
3.475900372551033938e-08
3.468634455115147530e-08
3.461386403300218151e-08
3.454156170099559470e-08
3.446943708506483170e-08
3.439748971514302921e-08
3.432571912116331067e-08
3.425412483305880617e-08
3.418270638076263916e-08
3.411146329420794633e-08
3.404039510332784451e-08
3.396950133805547702e-08
3.389878152832395408e-08
3.382823520406641238e-08
3.375786189521598199e-08
3.368766113170578636e-08
3.361763244346896881e-08
3.354777536043861970e-08
3.347808941254790881e-08
3.340857412972993313e-08
3.333922904191784258e-08
3.327005367904476062e-08
3.320104757104380408e-08
3.313221024784810304e-08
3.306354123939080081e-08
3.299504007560500761e-08
3.292670628642386013e-08
3.285853940565267971e-08
3.279053898258561230e-08
3.272270457038897529e-08
3.265503572222910589e-08
3.258753199127234134e-08
3.252019293068500563e-08
3.245301809363342936e-08
3.238600703328395638e-08
3.231915930280290406e-08
3.225247445535661626e-08
3.218595204411141695e-08
3.211959162223364336e-08
3.205339274288961949e-08
3.198735495924569580e-08
3.192147782446818305e-08
3.185576089172342507e-08
3.179020371417774586e-08
3.172480584499748927e-08
3.165956683734898590e-08
3.159448624439854650e-08
3.152956361931252817e-08
3.146479851525725488e-08
3.140019048539905726e-08
3.133573908290425928e-08
3.127144386093920480e-08
3.120730437267023103e-08
3.114332017126365536e-08
3.107949080988580840e-08
3.101581584170303398e-08
3.095229481988166271e-08
3.088892729758801860e-08
3.082571282798844547e-08
3.076265096424926071e-08
3.069974125953680816e-08
3.063698326701741181e-08
3.057437653985740227e-08
3.051192063122313000e-08
3.044961509428090575e-08
3.038745948219707338e-08
3.032545334813795687e-08
3.026359624526989345e-08
3.020188772675921373e-08
3.014032734577224831e-08
3.007891465547532781e-08
3.001764920903479607e-08
2.995653055961697708e-08
2.989555826038818822e-08
2.983473186451477994e-08
2.977405092516308948e-08
2.971351499549943089e-08
2.965312364552028902e-08
2.959287651254270278e-08
2.953277325071386531e-08
2.947281351418096312e-08
2.941299695709117943e-08
2.935332323359170077e-08
2.929379199782972027e-08
2.923440290395241784e-08
2.917515560610698992e-08
2.911604975844061973e-08
2.905708501510048386e-08
2.899826103023378869e-08
2.893957745798770420e-08
2.888103395250942683e-08
2.882263016794614311e-08
2.876436575844503956e-08
2.870624037815329608e-08
2.864825368121811243e-08
2.859040532178666851e-08
2.853269495400615085e-08
2.847512223202374928e-08
2.841768680998665031e-08
2.836038834204204048e-08
2.830322648233710961e-08
2.824620088501904091e-08
2.818931120423501760e-08
2.813255709413224274e-08
2.807593820885788632e-08
2.801945420255914146e-08
2.796310472938320132e-08
2.790688944347724248e-08
2.785080799898846140e-08
2.779486005006404459e-08
2.773904525085116865e-08
2.768336325549703004e-08
2.762781371814881857e-08
2.757239629295371416e-08
2.751711063405890333e-08
2.746195639561158252e-08
2.740693323175893164e-08
2.735204079664813391e-08
2.729727874442638576e-08
2.724264672924087373e-08
2.718814440523878103e-08
2.713377142656729086e-08
2.707952744737359637e-08
2.702541212180488409e-08
2.697142510400834052e-08
2.691756604813115220e-08
2.686383460832050896e-08
2.681023043691524814e-08
2.675675317902084022e-08
2.670340247793439324e-08
2.665017797695303512e-08
2.659707931937387722e-08
2.654410614849404746e-08
2.649125810761065059e-08
2.643853484002081450e-08
2.638593598902165389e-08
2.633346119791029004e-08
2.628111010998383763e-08
2.622888236853941133e-08
2.617677761687414567e-08
2.612479549828514210e-08
2.607293565606952189e-08
2.602119773352440967e-08
2.596958137394692340e-08
2.591808622063417115e-08
2.586671191688328083e-08
2.581545810599137042e-08
2.576432443125554798e-08
2.571331053597295134e-08
2.566241606344068196e-08
2.561164065695586111e-08
2.556098395981561010e-08
2.551044561531704690e-08
2.546002526675729281e-08
2.540972255743346250e-08
2.535953713064266404e-08
2.530946862968203857e-08
2.525951669784868752e-08
2.520968097843973219e-08
2.515996111475229057e-08
2.511035675008348726e-08
2.506086752773043031e-08
2.501149309099024764e-08
2.496223308316005060e-08
2.491308714753696381e-08
2.486405492741809863e-08
2.481513606610057966e-08
2.476633020688151826e-08
2.471763699305804236e-08
2.466905606792726000e-08
2.462058707478629579e-08
2.457222965693226771e-08
2.452398345766229043e-08
2.447584812027348526e-08
2.442782328806297017e-08
2.437990860432786314e-08
2.433210371236528217e-08
2.428440826640854644e-08
2.423682196443579978e-08
2.418934451536138062e-08
2.414197562809963069e-08
2.409471501156488841e-08
2.404756237467149553e-08
2.400051742633379706e-08
2.395357987546612814e-08
2.390674943098284042e-08
2.386002580179826570e-08
2.381340869682674902e-08
2.376689782498262882e-08
2.372049289518025012e-08
2.367419361633395466e-08
2.362799969735807425e-08
2.358191084716696385e-08
2.353592677467495857e-08
2.349004718879639685e-08
2.344427179844562371e-08
2.339860031253698090e-08
2.335303243998480683e-08
2.330756788970344655e-08
2.326220637060723516e-08
2.321694759161051441e-08
2.317179126162763595e-08
2.312673708957293489e-08
2.308178478436074965e-08
2.303693405490541867e-08
2.299218461012129029e-08
2.294753615892270623e-08
2.290298841022400493e-08
2.285854107293952812e-08
2.281419385598361752e-08
2.276994646827061156e-08
2.272579861871485197e-08
2.268175001623068380e-08
2.263780036973244877e-08
2.259394938813447869e-08
2.255019678035113184e-08
2.250654225529673009e-08
2.246298552188562510e-08
2.241952628903216522e-08
2.237616426565067896e-08
2.233289916065551134e-08
2.228973068296100410e-08
2.224665854148150228e-08
2.220368244513133769e-08
2.216080210282486530e-08
2.211801722347641359e-08
2.207532751600033423e-08
2.203273269320209604e-08
2.199023248345174234e-08
2.194782661901043362e-08
2.190551483213934692e-08
2.186329685509964272e-08
2.182117242015249805e-08
2.177914125955908001e-08
2.173720310558056234e-08
2.169535769047811213e-08
2.165360474651289980e-08
2.161194400594609576e-08
2.157037520103886382e-08
2.152889806405238430e-08
2.148751232724782101e-08
2.144621772288634105e-08
2.140501398322912146e-08
2.136390084053732933e-08
2.132287802707213177e-08
2.128194527509469921e-08
2.124110231686620535e-08
2.120034888464781730e-08
2.115968471070070880e-08
2.111910952728604032e-08
2.107862306666498890e-08
2.103822506109872494e-08
2.099791524284841226e-08
2.095769334417523118e-08
2.091755909734034220e-08
2.087751223460491903e-08
2.083755248823012879e-08
2.079767959047714520e-08
2.075789327360713866e-08
2.071819326988127629e-08
2.067857931156072849e-08
2.063905113090665908e-08
2.059960846018024837e-08
2.056025103164266018e-08
2.052097857755507153e-08
2.048179083017863961e-08
2.044268752177454805e-08
2.040366838460396067e-08
2.036473315092804124e-08
2.032588155300797012e-08
2.028711332310490780e-08
2.024842819348003129e-08
2.020982589639451103e-08
2.017130616410950417e-08
2.013286872888619770e-08
2.009451332298575208e-08
2.005623967866934105e-08
2.001804753543344413e-08
1.997993666171582031e-08
1.994190683318952779e-08
1.990395782552763465e-08
1.986608941440320240e-08
1.982830137548930245e-08
1.979059348445899298e-08
1.975296551698534541e-08
1.971541724874142453e-08
1.967794845540028853e-08
1.964055891263501213e-08
1.960324839611865682e-08
1.956601668152428409e-08
1.952886354452496536e-08
1.949178876079376543e-08
1.945479210600374909e-08
1.941787335582797452e-08
1.938103228593951315e-08
1.934426867201143639e-08
1.930758228971679579e-08
1.927097291472866609e-08
1.923444032272011209e-08
1.919798428936419858e-08
1.916160459033398044e-08
1.912530100130254231e-08
1.908907329794293576e-08
1.905292125592823221e-08
1.901684465093148653e-08
1.898084325862578006e-08
1.894491685468416436e-08
1.890906521477971417e-08
1.887328811458549096e-08
1.883758532977456285e-08
1.880195663601998471e-08
1.876640180899483457e-08
1.873092062437216730e-08
1.869551285782506094e-08
1.866017828502657037e-08
1.862491668164976368e-08
1.858972782336770568e-08
1.855461148585346448e-08
1.851956744478009824e-08
1.848459547582068502e-08
1.844969535464827637e-08
1.841486685693595033e-08
1.838010975835676176e-08
1.834542383458377878e-08
1.831080886129006619e-08
1.827626461414869539e-08
1.824179086883272458e-08
1.820738740867716425e-08
1.817305404766478462e-08
1.813879060744031152e-08
1.810459690964845093e-08
1.807047277593392538e-08
1.803641802794144748e-08
1.800243248731573643e-08
1.796851597570150485e-08
1.793466831474347527e-08
1.790088932608636028e-08
1.786717883137487580e-08
1.783353665225373773e-08
1.779996261036766200e-08
1.776645652736136781e-08
1.773301822487957108e-08
1.769964752456698772e-08
1.766634424806832702e-08
1.763310821702831814e-08
1.759993925309166704e-08
1.756683717790309627e-08
1.753380181310731512e-08
1.750083298034904941e-08
1.746793050127300846e-08
1.743509419752390816e-08
1.740232389074647104e-08
1.736961940258540972e-08
1.733698055468544009e-08
1.730440716869127807e-08
1.727189906624763296e-08
1.723945606899923720e-08
1.720707799859080009e-08
1.717476467666703424e-08
1.714251592487265886e-08
1.711033156485238986e-08
1.707821141825093985e-08
1.704615530671303136e-08
1.701416305188337698e-08
1.698223447540669593e-08
1.695036939892770083e-08
1.691856764409111088e-08
1.688682903254163869e-08
1.685515338592400679e-08
1.682354052588292779e-08
1.679199027406311758e-08
1.676050245210929208e-08
1.672907688166616721e-08
1.669771338437846549e-08
1.666641178189089622e-08
1.663517189584817199e-08
1.660399354789502196e-08
1.657287656375352056e-08
1.654182078545523590e-08
1.651082605910909791e-08
1.647989223082403325e-08
1.644901914670897515e-08
1.641820665287285356e-08
1.638745459542459843e-08
1.635676282047314300e-08
1.632613117412741722e-08
1.629555950249635103e-08
1.626504765168887768e-08
1.623459546781392050e-08
1.620420279698041937e-08
1.617386948529729759e-08
1.614359537887349174e-08
1.611338032381793175e-08
1.608322416623954427e-08
1.605312675224726254e-08
1.602308792795001650e-08
1.599310753945673611e-08
1.596318543287635460e-08
1.593332145431780524e-08
1.590351544989001134e-08
1.587376726570190617e-08
1.584407674786242297e-08
1.581444374248049168e-08
1.578486809566504225e-08
1.575534965352500131e-08
1.572588826216930211e-08
1.569648376770688453e-08
1.566713601624666858e-08
1.563784485389758751e-08
1.560861012676857126e-08
1.557943168096855640e-08
1.555030936260646294e-08
1.552124301779123076e-08
1.549223249263178647e-08
1.546327763323706335e-08
1.543437828571598801e-08
1.540553429617750034e-08
1.537674551073051373e-08
1.534801177548397797e-08
1.531933293654681308e-08
1.529070884002794901e-08
1.526213933203632232e-08
1.523362425868086294e-08
1.520516346607049090e-08
1.517675680031415599e-08
1.514840410752077162e-08
1.512010523379927764e-08
1.509186003252266922e-08
1.506366838612022557e-08
1.503553018428528781e-08
1.500744531671120697e-08
1.497941367309131755e-08
1.495143514311896730e-08
1.492350961648750063e-08
1.489563698289026693e-08
1.486781713202060235e-08
1.484004995357185795e-08
1.481233533723737317e-08
1.478467317271049410e-08
1.475706334968456351e-08
1.472950575785293079e-08
1.470200028690893208e-08
1.467454682654592175e-08
1.464714526645723264e-08
1.461979549633621743e-08
1.459249740587621726e-08
1.456525088477057654e-08
1.453805582271263970e-08
1.451091210939575281e-08
1.448381963451325701e-08
1.445677828775849835e-08
1.442978795882481962e-08
1.440284853740556689e-08
1.437595991319408459e-08
1.434912197588371880e-08
1.432233461516780567e-08
1.429559772073969956e-08
1.426891118229273660e-08
1.424227488952026786e-08
1.421568873211563113e-08
1.418915259977217746e-08
1.416266638218324300e-08
1.413622996904218045e-08
1.410984325004232926e-08
1.408350611487703222e-08
1.405721845323964036e-08
1.403098015482349149e-08
1.400479110932193003e-08
1.397865120642830538e-08
1.395256033583595699e-08
1.392651838723823095e-08
1.390052525032847167e-08
1.387458081480002194e-08
1.384868497034622617e-08
1.382283760666043375e-08
1.379703861343598084e-08
1.377128788036621848e-08
1.374558529803892976e-08
1.371993076061967561e-08
1.369432416316845893e-08
1.366876540074528593e-08
1.364325436841015125e-08
1.361779096122306441e-08
1.359237507424402500e-08
1.356700660253303923e-08
1.354168544115010505e-08
1.351641148515522702e-08
1.349118462960841134e-08
1.346600476956965430e-08
1.344087180009896543e-08
1.341578561625634100e-08
1.339074611310178889e-08
1.336575318569531035e-08
1.334080672909690497e-08
1.331590663836658227e-08
1.329105280856433523e-08
1.326624513475017833e-08
1.324148351198410456e-08
1.321676783532612508e-08
1.319209799983623122e-08
1.316747390057443747e-08
1.314289543260073845e-08
1.311836249097514038e-08
1.309387497075764781e-08
1.306943276700826035e-08
1.304503577478697924e-08
1.302068388915381069e-08
1.299637700516875761e-08
1.297211501789182125e-08
1.294789782238300615e-08
1.292372531370231193e-08
1.289959738690974149e-08
1.287551393706530102e-08
1.285147485922899014e-08
1.282748004846081174e-08
1.280352939982077204e-08
1.277962280836886898e-08
1.275576016916510876e-08
1.273194137726949099e-08
1.270816632774202353e-08
1.268443491564270432e-08
1.266074703603153793e-08
1.263710258396852724e-08
1.261350145451367187e-08
1.258994354272697967e-08
1.256642874366845190e-08
1.254295695239808980e-08
1.251952806932122673e-08
1.249614201622453110e-08
1.247279872023999350e-08
1.244949810849961279e-08
1.242624010813538452e-08
1.240302464627930095e-08
1.237985165006335926e-08
1.235672104661955503e-08
1.233363276307988214e-08
1.231058672657634276e-08
1.228758286424092253e-08
1.226462110320562196e-08
1.224170137060243991e-08
1.221882359356336697e-08
1.219598769922039703e-08
1.217319361470553393e-08
1.215044126715076495e-08
1.212773058368808894e-08
1.210506149144949815e-08
1.208243391756699309e-08
1.205984778917256767e-08
1.203730303339821744e-08
1.201479957737593629e-08
1.199233734823772144e-08
1.196991627311556512e-08
1.194753627914146620e-08
1.192519729344742188e-08
1.190289924316542110e-08
1.188064205542746439e-08
1.185842565736554728e-08
1.183624997611166533e-08
1.181411493879780914e-08
1.179202047255598252e-08
1.176996650451817276e-08
1.174795296181637872e-08
1.172597977158259925e-08
1.170404686094882496e-08
1.168215415704705305e-08
1.166030158700927907e-08
1.163848907796750022e-08
1.161671655705370711e-08
1.159498395139990189e-08
1.157329118813807350e-08
1.155163819440022246e-08
1.153002489731834267e-08
1.150845122402442968e-08
1.148691710165047573e-08
1.146542245732848134e-08
1.144396721819044041e-08
1.142255131136834684e-08
1.140117466323310399e-08
1.137983719711122826e-08
1.135853883556815379e-08
1.133727950116930149e-08
1.131605911648009722e-08
1.129487760406597346e-08
1.127373488649235279e-08
1.125263088632466105e-08
1.123156552612832744e-08
1.121053872846877947e-08
1.118955041591143804e-08
1.116860051102173729e-08
1.114768893636509648e-08
1.112681561450694975e-08
1.110598046801271633e-08
1.108518341944783037e-08
1.106442439137771113e-08
1.104370330636778943e-08
1.102302008698349114e-08
1.100237465579024212e-08
1.098176693535347155e-08
1.096119684823860531e-08
1.094066431701106759e-08
1.092016926423628593e-08
1.089971161247968784e-08
1.087929128430669920e-08
1.085890820228274917e-08
1.083856228897326198e-08
1.081825346694366183e-08
1.079798165875938120e-08
1.077774678698584101e-08
1.075754877418847208e-08
1.073738754293270029e-08
1.071726301578394983e-08
1.069717511530764990e-08
1.067712376406922635e-08
1.065710888463410670e-08
1.063713039956771518e-08
1.061718823143548096e-08
1.059728230280282824e-08
1.057741253623518621e-08
1.055757885429797907e-08
1.053778117955663601e-08
1.051801943457658124e-08
1.049829354192324393e-08
1.047860342416204830e-08
1.045894900385842186e-08
1.043933020357779214e-08
1.041974694588558335e-08
1.040019915334722633e-08
1.038068675163208924e-08
1.036120967882532935e-08
1.034176787611605121e-08
1.032236128469334941e-08
1.030298984574633016e-08
1.028365350046409302e-08
1.026435219003574088e-08
1.024508585565037331e-08
1.022585443849709320e-08
1.020665787976500177e-08
1.018749612064320025e-08
1.016836910232078656e-08
1.014927676598686689e-08
1.013021905283054082e-08
1.011119590404090957e-08
1.009220726080707602e-08
1.007325306431813976e-08
1.005433325576320200e-08
1.003544777633136398e-08
1.001659656721172858e-08
9.997779569593395370e-09
9.978996724665468890e-09
9.960247973617048713e-09
9.941533257637231105e-09
9.922852517915127219e-09
9.904205695639828358e-09
9.885592732000445676e-09
9.867013568186073784e-09
9.848468145385813910e-09
9.829956404788772244e-09
9.811478287584045053e-09
9.793033734960740182e-09
9.774622688107950587e-09
9.756245088214784114e-09
9.737900876470338682e-09
9.719589994063718829e-09
9.701312382184022473e-09
9.683067982020349189e-09
9.664856734761808476e-09
9.646678581597496599e-09
9.628533463716511479e-09
9.610421322307962615e-09
9.592342098560944617e-09
9.574295733664560369e-09
9.556282168807912752e-09
9.538301345180104650e-09
9.520353203970230672e-09
9.502437686367398666e-09
9.484554733560709858e-09
9.466704286739262169e-09
9.448886286484291572e-09
9.431100670945564757e-09
9.413347377664983156e-09
9.395626344184446551e-09
9.377937508045854722e-09
9.360280806791105793e-09
9.342656177962101200e-09
9.325063559100742376e-09
9.307502887748927448e-09
9.289974101448559504e-09
9.272477137741536670e-09
9.255011934169757072e-09
9.237578428275123798e-09
9.220176557599536628e-09
9.202806259684895342e-09
9.185467472073098067e-09
9.168160132306047890e-09
9.150884177925642938e-09
9.133639546473784645e-09
9.116426175492372790e-09
9.099244002523305500e-09
9.082092965108487518e-09
9.064973000789815314e-09
9.047884047109188670e-09
9.030826041608507365e-09
9.013798921829674487e-09
8.996802625314589817e-09
8.979837089605151481e-09
8.962902252243257604e-09
8.945998050770814583e-09
8.929124422729713927e-09
8.912281305661866997e-09
8.895468637109163646e-09
8.878686354613508617e-09
8.861934395716800036e-09
8.845212697960942647e-09
8.828521198887831265e-09
8.811859836039368981e-09
8.795228546957453919e-09
8.778627269183989168e-09
8.762055940260869545e-09
8.745514497729999794e-09
8.729002879133281348e-09
8.712521022012607371e-09
8.696068863909884260e-09
8.679646342367010140e-09
8.663253394925886446e-09
8.646889959128411303e-09
8.630555972516484492e-09
8.614251372632007447e-09
8.597976098277528016e-09
8.581730093298184671e-09
8.565513302799760643e-09
8.549325671888049086e-09
8.533167145668831579e-09
8.517037669247893006e-09
8.500937187731024870e-09
8.484865646224010400e-09
8.468822989832632828e-09
8.452809163662685311e-09
8.436824112819949425e-09
8.420867782410211709e-09
8.404940117539258703e-09
8.389041063312880254e-09
8.373170564836856285e-09
8.357328567216979953e-09
8.341515015559032833e-09
8.325729854968803119e-09
8.309973030552079006e-09
8.294244487414640415e-09
8.278544170662280502e-09
8.262872025400784154e-09
8.247227996735934600e-09
8.231612029773518380e-09
8.216024069619326996e-09
8.200464061379142025e-09
8.184931950158750006e-09
8.169427681063940786e-09
8.153951199200495944e-09
8.138502449674205325e-09
8.123081377590852162e-09
8.107687928056226302e-09
8.092322046176112630e-09
8.076983677056296031e-09
8.061672765802563045e-09
8.046389257520703519e-09
8.031133097316502339e-09
8.015904230295741081e-09
8.000702601564212901e-09
7.985528156227699377e-09
7.970380839391988701e-09
7.955260596162865759e-09
7.940167371646118744e-09
7.925101110947534197e-09
7.910061759172897001e-09
7.895049261427993696e-09
7.880063562818610821e-09
7.865104608450536571e-09
7.850172343429552522e-09
7.835266712861450175e-09
7.820387663748794155e-09
7.805535150681286237e-09
7.790709130145402972e-09
7.775909558627627528e-09
7.761136392614436456e-09
7.746389588592311271e-09
7.731669103047735140e-09
7.716974892467184614e-09
7.702306913337139554e-09
7.687665122144081473e-09
7.673049475374491885e-09
7.658459929514848995e-09
7.643896441051632663e-09
7.629358966471322749e-09
7.614847462260400767e-09
7.600361884905346576e-09
7.585902190892641691e-09
7.571468336708762661e-09
7.557060278840192657e-09
7.542677973773411536e-09
7.528321377994894197e-09
7.513990447991128769e-09
7.499685140248590151e-09
7.485405411253761510e-09
7.471151217493121051e-09
7.456922515453148634e-09
7.442719261620324119e-09
7.428541412481129847e-09
7.414388924522042369e-09
7.400261754229546507e-09
7.386159858090119640e-09
7.372083192590240801e-09
7.358031714216392329e-09
7.344005379455053259e-09
7.330004144792703449e-09
7.316027966715824413e-09
7.302076801710893530e-09
7.288150606264394795e-09
7.274249336862804759e-09
7.260372949992605763e-09
7.246521402140276012e-09
7.232694649792297021e-09
7.218892649435149477e-09
7.205115357555311584e-09
7.191362730639265683e-09
7.177634725173490808e-09
7.163931297644464337e-09
7.150252404538671918e-09
7.136598002342589276e-09
7.122968047542698753e-09
7.109362490854901991e-09
7.095781259912797694e-09
7.082224276579405521e-09
7.068691462717745132e-09
7.055182740190835361e-09
7.041698030861697521e-09
7.028237256593352098e-09
7.014800339248819581e-09
7.001387200691117147e-09
6.987997762783269419e-09
6.974631947388292749e-09
6.961289676369208450e-09
6.947970871589037836e-09
6.934675454910798913e-09
6.921403348197511342e-09
6.908154473312198089e-09
6.894928752117878815e-09
6.881726106477569872e-09
6.868546458254295054e-09
6.855389729311074022e-09
6.842255841510923954e-09
6.829144716716871127e-09
6.816056276791929411e-09
6.802990443599120947e-09
6.789947139001465394e-09
6.776926284861984894e-09
6.763927803043697453e-09
6.750951615409623558e-09
6.737997643822783695e-09
6.725065810146198351e-09
6.712156036242887187e-09
6.699268243975869034e-09
6.686402355208165207e-09
6.673558291802797848e-09
6.660735975622782480e-09
6.647935328531142071e-09
6.635156272390897110e-09
6.622398729065065600e-09
6.609662620416669684e-09
6.596947868308729021e-09
6.584254394604262443e-09
6.571582121166290439e-09
6.558930969857835149e-09
6.546300862541913751e-09
6.533691721081547560e-09
6.521103467339758717e-09
6.508536023179561918e-09
6.495989310463982614e-09
6.483463251056038810e-09
6.470957766818750993e-09
6.458472806214719606e-09
6.446008424104867399e-09
6.433564701949702041e-09
6.421141721209727065e-09
6.408739563345444350e-09
6.396358309817362393e-09
6.383998042085985552e-09
6.371658841611814881e-09
6.359340789855359701e-09
6.347043968277122721e-09
6.334768458337608298e-09
6.322514341497320795e-09
6.310281699216766225e-09
6.298070612956448122e-09
6.285881164176871673e-09
6.273713434338543720e-09
6.261567504901964487e-09
6.249443457327642471e-09
6.237341373076080377e-09
6.225261333607784221e-09
6.213203420383256708e-09
6.201167714863005507e-09
6.189154298507534151e-09
6.177163252777345347e-09
6.165194659132945935e-09
6.153248599034841105e-09
6.141325153943533560e-09
6.129424405319530144e-09
6.117546434623332735e-09
6.105691323315449003e-09
6.093859152856382479e-09
6.082050004706636698e-09
6.070263960326719329e-09
6.058501101177131422e-09
6.046761508718378993e-09
6.035045264410969710e-09
6.023352449715403799e-09
6.011683146092189755e-09
6.000037435001830284e-09
5.988415397904829747e-09
5.976817116261692504e-09
5.965242671532926223e-09
5.953692145179031957e-09
5.942165618660517374e-09
5.930663173437886008e-09
5.919184890971642219e-09
5.907730852722290367e-09
5.896301140150334813e-09
5.884895834716283225e-09
5.873515017880638309e-09
5.862158675626956108e-09
5.850826412031008489e-09
5.839517735691615693e-09
5.828232155207600443e-09
5.816969179177782152e-09
5.805728316200983541e-09
5.794509074876028162e-09
5.783310963801736255e-09
5.772133491576929714e-09
5.760976166800432089e-09
5.749838498071061967e-09
5.738719993987643725e-09
5.727620163148996776e-09
5.716538514153945496e-09
5.705474555601309300e-09
5.694427796089912563e-09
5.683397744218575528e-09
5.672383908586118434e-09
5.661385797791365658e-09
5.650402920433137442e-09
5.639434785110256506e-09
5.628480900421544748e-09
5.617540774965822406e-09
5.606613917341913032e-09
5.595699836148636865e-09
5.584798039984815801e-09
5.573908037449274216e-09
5.563029337140830698e-09
5.552161447658307140e-09
5.541303877600528748e-09
5.530456135566313279e-09
5.519617730154484284e-09
5.508788169963864485e-09
5.497966963593274123e-09
5.487153619641534266e-09
5.476347646707468463e-09
5.465548553389898610e-09
5.454755848287644119e-09
5.443969039999530196e-09
5.433187637124375426e-09
5.422411148261003359e-09
5.411639082008235889e-09
5.400870946964894086e-09
5.390106251729799844e-09
5.379344504901773404e-09
5.368585215079640796e-09
5.357827890862218127e-09
5.347072040848332254e-09
5.336317173636802590e-09
5.325562797826451031e-09
