# pt
1.192826924497184779e-09
1.426790566144986636e-09
1.562446647466147140e-09
1.641957410951075545e-09
1.687023102454587524e-09
1.709986775563823482e-09
1.718204919397102709e-09
1.716508282436940559e-09
1.707675627607084582e-09
1.694305741630019741e-09
1.677399887078025787e-09
1.658004443745046152e-09
1.637155197812627866e-09
1.615314361513493052e-09
1.592791230492876123e-09
1.569857007994888049e-09
1.546720829857537564e-09
1.523381654695548107e-09
1.499820253641958544e-09
1.476154825126355770e-09
1.452513215482041087e-09
1.428924435360620008e-09
1.405405743847897650e-09
1.382026229448170433e-09
1.358857140599414857e-09
1.335926536055833113e-09
1.313240245555242155e-09
1.290758372453688779e-09
1.268455799885256904e-09
1.246412256477946612e-09
1.224712814209957761e-09
1.203359072966372105e-09
1.182334523747134238e-09
1.161633694104755315e-09
1.141254204282928273e-09
1.121195008737504751e-09
1.101454398128698162e-09
1.082026673722013822e-09
1.062905139434278632e-09
1.044083789490900014e-09
1.025559379351604811e-09
1.007329354784699358e-09
9.893911615584901963e-10
9.717422454412840741e-10
9.543800106718530607e-10
9.373016953708317504e-10
9.205044961293210921e-10
9.039856095384213114e-10
8.877422321892330471e-10
8.717715942411318411e-10
8.560710601265927433e-10
8.406380278463664301e-10
8.254698954012031647e-10
8.105640607918533133e-10
7.959178962486573713e-10
7.815286709203156269e-10
7.673936281851189106e-10
7.535100114213577430e-10
7.398750640073226445e-10
7.264860958962288078e-10
7.133406833409898035e-10
7.004364691694435645e-10
6.877710962094281268e-10
6.753422072887816299e-10
6.631472269877722681e-10
6.511827068963885577e-10
6.394449803570493803e-10
6.279303807121739273e-10
6.166352413041804598e-10
6.055558574316005680e-10
5.946883722174140915e-10
5.840288907407140958e-10
5.735735180805931294e-10
5.633183593161437408e-10
5.532597978219153140e-10
5.433953301542837482e-10
5.337227311650818819e-10
5.242397757061419327e-10
5.149442386292966356e-10
5.058338075430037278e-10
4.969058210822210592e-10
4.881575306385313786e-10
4.795861876035179519e-10
4.711890433687634246e-10
4.629632685247276788e-10
4.549057104573779403e-10
4.470131357515583099e-10
4.392823109921129915e-10
4.317100027638859306e-10
4.242930930452471264e-10
4.170289253886694997e-10
4.099149587401516629e-10
4.029486520456923317e-10
3.961274642512902221e-10
3.894488543029438948e-10
3.829102811466522723e-10
3.765092037284138121e-10
3.702430809942274367e-10
3.641093718900915518e-10
3.581055353620050800e-10
3.522290303559665304e-10
3.464773158179746704e-10
3.408478506940282159e-10
3.353380939301258311e-10
3.299455044722661800e-10
3.246675412664478750e-10
3.195016632586697872e-10
3.144453293949304256e-10
3.094959986212286093e-10
3.046512307030606900e-10
2.999089886839143381e-10
2.952673364267746528e-10
2.907243377946271989e-10
2.862780566504570756e-10
2.819265568572496924e-10
2.776679022779904590e-10
2.735001567756644230e-10
2.694213842132570973e-10
2.654296484537537880e-10
2.615230133601397495e-10
2.576995427954002881e-10
2.539573006225207098e-10
2.502943507044864242e-10
2.467087569042826339e-10
2.431985830848946970e-10
2.397618931093079194e-10
2.363967508405076074e-10
2.331012201414790670e-10
2.298733648752075786e-10
2.267113464213435475e-10
2.236137162261974921e-10
2.205791232527449265e-10
2.176062164639614166e-10
2.146936448228224765e-10
2.118400572923036721e-10
2.090441028353805692e-10
2.063044304150287080e-10
2.036196889942236283e-10
2.009885275359408444e-10
1.984095950031559737e-10
1.958815403588445306e-10
1.934030125659820549e-10
1.909726605875440350e-10
1.885891333865061402e-10
1.862510799258438846e-10
1.839571491685327824e-10
1.817059900775483477e-10
1.794962516158661723e-10
1.773265827464618479e-10
1.751957335720007045e-10
1.731028587539076976e-10
1.710472140932975470e-10
1.690280553912850242e-10
1.670446384489848487e-10
1.650962190675117922e-10
1.631820530479806000e-10
1.613013961915060696e-10
1.594535042992028947e-10
1.576376331721858727e-10
1.558530386115697491e-10
1.540989764184692953e-10
1.523747023939991536e-10
1.506794723392742504e-10
1.490125420554092279e-10
1.473731673435188576e-10
1.457606040047179109e-10
1.441741078401211333e-10
1.426129346508432704e-10
1.410763402379990678e-10
1.395635804027033227e-10
1.380739109460707550e-10
1.366065876692161101e-10
1.351608663732541854e-10
1.337360028592996746e-10
1.323313207135669511e-10
1.309464146626687435e-10
1.295809472183173822e-10
1.282345808922250685e-10
1.269069781961042102e-10
1.255978016416670605e-10
1.243067137406258978e-10
1.230333770046930787e-10
1.217774539455809077e-10
1.205386070750016376e-10
1.193164989046675990e-10
1.181107919462910964e-10
1.169211487115844602e-10
1.157472317122599564e-10
1.145887034600298895e-10
1.134452264666065770e-10
1.123164632437023364e-10
1.112020763030294336e-10
1.101017281563001862e-10
1.090150813152269244e-10
1.079417982915219143e-10
1.068815415968974861e-10
1.058339737430659188e-10
1.047987572417395297e-10
1.037755546046306365e-10
1.027640670803897589e-10
1.017641508654203297e-10
1.007757008930640871e-10
9.979861209666267903e-11
9.883277940955781804e-11
9.787809776509117786e-11
9.693446209660441927e-11
9.600176733743929357e-11
9.507990842093743572e-11
9.416878028044057116e-11
9.326827784929034776e-11
9.237829606082847804e-11
9.149872984839663573e-11
9.062947414533653334e-11
8.977042388498983169e-11
8.892147400069824327e-11
8.808251942580342891e-11
8.725345509364708818e-11
8.643417593757092068e-11
8.562457689091657428e-11
8.482455288702578734e-11
8.403399885924023361e-11
8.325280974090157388e-11
8.248088046535152068e-11
8.171810596593174773e-11
8.096438117598396754e-11
8.021960102884984093e-11
7.948366045787105455e-11
7.875645439638930799e-11
7.803787777774628791e-11
7.732782553528368097e-11
7.662619260234317382e-11
7.593287391226647898e-11
7.524776439839523141e-11
7.457075899407115654e-11
7.390175263263592811e-11
7.324064024743124570e-11
7.258731677179878305e-11
7.194167713908023973e-11
7.130361628261728950e-11
7.067302913575161900e-11
7.004981063182494074e-11
6.943385570417892847e-11
6.882505928615525591e-11
6.822331631109563558e-11
6.762852171234174120e-11
6.704057042323525944e-11
6.645935737711786404e-11
6.588477750733126751e-11
6.531672574721715649e-11
6.475510365950661906e-11
6.419983932448845223e-11
6.365086745184085443e-11
6.310812275124199822e-11
6.257153993237009497e-11
6.204105370490335602e-11
6.151659877851997978e-11
6.099810986289815176e-11
6.048552166771605745e-11
5.997876890265193405e-11
5.947778627738394121e-11
5.898250850159030320e-11
5.849287028494917967e-11
5.800880633713882074e-11
5.753025136783739899e-11
5.705714008672311283e-11
5.658940720347416069e-11
5.612698742776872160e-11
5.566981546928503276e-11
5.521782603770127321e-11
5.477095384269563490e-11
5.432913359394632919e-11
5.389230000113154157e-11
5.346038777392946399e-11
5.303333162201832075e-11
5.261106625507629086e-11
5.219352638278157921e-11
5.178064671481237130e-11
5.137236196084687848e-11
5.096860683056329917e-11
5.056931603363982534e-11
5.017442427975465539e-11
4.978386627858600069e-11
4.939757673981202733e-11
4.901549037311096607e-11
4.863754188816100238e-11
4.826366599464034116e-11
4.789379740222716791e-11
4.752787082059968751e-11
4.716582095943609838e-11
4.680758252841458602e-11
4.645309023721337471e-11
4.610227879551064993e-11
4.575508291298459720e-11
4.541143729931343431e-11
4.507127666417534676e-11
4.473453571724853299e-11
4.440114916821120433e-11
4.407105172674154628e-11
4.374417810251775727e-11
4.342046858268289256e-11
4.309988576423944775e-11
4.278239782165476235e-11
4.246797292939619526e-11
4.215657926193106662e-11
4.184818499372674823e-11
4.154275829925057963e-11
4.124026735296990032e-11
4.094068032935205628e-11
4.064396540286440641e-11
4.035009074797427730e-11
4.005902453914903431e-11
3.977073495085601050e-11
3.948519015756255831e-11
3.920235833373601724e-11
3.892220765384375267e-11
3.864470629235308472e-11
3.836982242373137228e-11
3.809752422244596135e-11
3.782777986296419788e-11
3.756055751975342787e-11
3.729582536728100375e-11
3.703355158001425857e-11
3.677370433242055123e-11
3.651625179896720832e-11
3.626116215412159520e-11
3.600840357235105786e-11
3.575794422812293580e-11
3.550975229590457501e-11
3.526379595016332792e-11
3.502004336536653404e-11
3.477846271598153289e-11
3.453902217647568983e-11
3.430168992131633792e-11
3.406643412497081667e-11
3.383322296190649144e-11
3.360202460659070175e-11
3.337280723349078064e-11
3.314553901707408703e-11
3.292018813180796688e-11
3.269672275215975971e-11
3.247511105259681796e-11
3.225532120758648761e-11
3.203732139159610817e-11
3.182107977909303207e-11
3.160656454454461176e-11
3.139374386241817383e-11
3.118258590718108364e-11
3.097305885330066778e-11
3.076513087524429808e-11
3.055877413894318078e-11
3.035397677618408606e-11
3.015073091021763141e-11
2.994902866429447959e-11
2.974886216166523518e-11
2.955022352558055446e-11
2.935310487929106788e-11
2.915749834604741232e-11
2.896339604910021823e-11
2.877079011170013220e-11
2.857967265709778142e-11
2.839003580854380280e-11
2.820187168928883324e-11
2.801517242258350963e-11
2.782993013167846887e-11
2.764613693982434786e-11
2.746378497027178026e-11
2.728286634627139651e-11
2.710337319107384320e-11
2.692529762792975077e-11
2.674863178008974642e-11
2.657336777080448967e-11
2.639949772332459479e-11
2.622701376090070191e-11
2.605590800678345117e-11
2.588617258422347946e-11
2.571779961647142045e-11
2.555078122677790457e-11
2.538510953839357842e-11
2.522077667456907242e-11
2.505777475855502025e-11
2.489609591360205880e-11
2.473573226296083144e-11
2.457667592988195890e-11
2.441891903761609101e-11
2.426245370941386143e-11
2.410727206852590061e-11
2.395336623820284866e-11
2.380072834169533925e-11
2.364935050225400929e-11
2.349922484312948921e-11
2.335034348757242560e-11
2.320269855883345212e-11
2.305628218016319921e-11
2.291108647481230377e-11
2.276710356603140592e-11
2.262432557707113288e-11
2.248274463118213123e-11
2.234235285161503141e-11
2.220314236162047032e-11
2.206510493493858008e-11
2.192823094726747054e-11
2.179251042479475970e-11
2.165793339370805262e-11
2.152448988019495762e-11
2.139216991044307976e-11
2.126096351064004352e-11
2.113086070697344426e-11
2.100185152563090323e-11
2.087392599280002548e-11
2.074707413466841610e-11
2.062128597742368662e-11
2.049655154725345182e-11
2.037286087034531998e-11
2.025020397288689620e-11
2.012857088106579846e-11
2.000795162106963184e-11
1.988833621908600142e-11
1.976971470130252196e-11
1.965207709390680823e-11
1.953541342308646206e-11
1.941971371502909824e-11
1.930496799592231860e-11
1.919116629195374114e-11
1.907829862931097093e-11
1.896635503418162274e-11
1.885532553275330811e-11
1.874520015121362564e-11
1.863596891575019335e-11
1.852762185255062275e-11
1.842014898780251894e-11
1.831354034769349020e-11
1.820778595841115132e-11
1.810287584614311058e-11
1.799880003707696985e-11
1.789554855740035680e-11
1.779311143330086682e-11
1.769147869096611144e-11
1.759064035658370544e-11
1.749058645634126035e-11
1.739130701642637154e-11
1.729279206302666348e-11
1.719503162232974125e-11
1.709801572052321637e-11
1.700173438379469393e-11
1.690617763833178868e-11
1.681133551032210571e-11
1.671719802595325979e-11
1.662375521141285597e-11
1.653099709288850904e-11
1.643891441673698227e-11
1.634750080999168468e-11
1.625675061985517381e-11
1.616665819353001365e-11
1.607721787821876173e-11
1.598842402112398851e-11
1.590027096944824829e-11
1.581275307039410831e-11
1.572586467116412608e-11
1.563960011896086561e-11
1.555395376098688767e-11
1.546891994444475624e-11
1.538449301653703532e-11
1.530066732446628245e-11
1.521743721543505839e-11
1.513479703664593359e-11
1.505274113530145913e-11
1.497126385860420547e-11
1.489035955375672690e-11
1.481002256796159389e-11
1.473024724842136073e-11
1.465102794233859789e-11
1.457235899691585966e-11
1.449423475935570519e-11
1.441664957686070979e-11
1.433959779663342454e-11
1.426307376587641503e-11
1.418707183179224042e-11
1.411158634158346631e-11
1.403661164245265348e-11
1.396214208160236269e-11
1.388817200623515793e-11
1.381469576355359835e-11
1.374170770076025280e-11
1.366920216505767072e-11
1.359717350364842742e-11
1.352561606373507398e-11
1.345452419252018085e-11
1.338389223720630394e-11
1.331371454499601049e-11
1.324398546309185641e-11
1.317469933869640893e-11
1.310585051901222720e-11
1.303743335124187197e-11
1.296944218258791210e-11
1.290187136025290027e-11
1.283471523143940370e-11
1.276796814334998316e-11
1.270162444318720264e-11
1.263567847815362130e-11
1.257012552393831582e-11
1.250496457017641690e-11
1.244019553498956954e-11
1.237581833649942036e-11
1.231183289282760952e-11
1.224823912209578363e-11
1.218503694242558771e-11
1.212222627193866676e-11
1.205980702875666255e-11
1.199777913100122816e-11
1.193614249679399567e-11
1.187489704425661978e-11
1.181404269151073742e-11
1.175357935667800005e-11
1.169350695788004783e-11
1.163382541323852900e-11
1.157453464087508371e-11
1.151563455891136182e-11
1.145712508546900024e-11
1.139900613866965207e-11
1.134127763663495746e-11
1.128393949748656303e-11
1.122699163934610894e-11
1.117043398033524504e-11
1.111426643857561310e-11
1.105848893218885651e-11
1.100310137929662674e-11
1.094810369802055910e-11
1.089349580648230344e-11
1.083927762280350476e-11
1.078544906510580645e-11
1.073201005151085191e-11
1.067896050014028775e-11
1.062630032911575735e-11
1.057402945655890412e-11
1.052214780059137466e-11
1.047065527933481398e-11
1.041955181091086548e-11
1.036883731344117577e-11
1.031851170504738662e-11
1.026857490385113981e-11
1.021902682797409004e-11
1.016986739553787423e-11
1.012109652466413738e-11
1.007271413347452451e-11
1.002472014009068384e-11
9.977114462634253913e-12
9.929897019226886205e-12
9.883067727990217638e-12
9.836626507045899679e-12
9.790571871788059929e-12
9.744896726700769304e-12
9.699592573540586165e-12
9.654650914064075334e-12
9.610063250027787095e-12
9.565821083188286270e-12
9.521915915302126373e-12
9.478339248125868994e-12
9.435082583416069265e-12
9.392137422929292006e-12
9.349495268422090733e-12
9.307147621651020574e-12
9.265085984372647967e-12
9.223301858343528042e-12
9.181786745320215929e-12
9.140532147059276449e-12
9.099529565317263118e-12
9.058770501850734294e-12
9.018246458416251570e-12
8.977948936770371690e-12
8.937869438669651400e-12
8.897999465870653907e-12
8.858330520129934339e-12
8.818854103204049442e-12
8.779561716849560808e-12
8.740444862823026796e-12
8.701495042881002537e-12
8.662703758780051236e-12
8.624062512276728025e-12
8.585562805127591262e-12
8.547196139089200924e-12
8.508954015918116987e-12
8.470827937370894581e-12
8.432809405204093680e-12
8.394889921174271032e-12
8.357060987037988225e-12
8.319314104551802007e-12
8.281640775472269121e-12
8.244032501555951159e-12
8.206480784559406482e-12
8.168977126239188603e-12
8.131513028351863960e-12
8.094079992653982837e-12
8.056669520902110056e-12
8.019273114852800745e-12
7.981882276262614882e-12
7.944488506888105980e-12
7.907083308485842093e-12
7.869658182812373503e-12
7.832204631624263418e-12
7.794716467261860388e-12
7.757196744400696342e-12
7.719650828300098244e-12
7.682084084219388216e-12
7.644501877417886758e-12
7.606909573154924069e-12
7.569312536689819035e-12
7.531716133281898623e-12
7.494125728190486566e-12
7.456546686674911447e-12
7.418984373994490536e-12
7.381444155408549184e-12
7.343931396176415972e-12
7.306451461557411403e-12
7.269009716810860020e-12
7.231611527196089595e-12
7.194262257972419017e-12
7.156967274399174443e-12
7.119731941735681223e-12
7.082561625241263092e-12
7.045461690175243783e-12
7.008437501796948648e-12
6.971494425365699804e-12
6.934637826140824217e-12
6.897873069381643199e-12
6.861205520347482906e-12
6.824640544297667074e-12
6.788183506491521052e-12
6.751839772188366152e-12
6.715614706647528531e-12
6.679513675128331923e-12
6.643542042890101679e-12
6.607705175192160725e-12
6.572008437293832796e-12
6.536457194454444048e-12
6.501056811933315794e-12
6.465812654989776615e-12
6.430730088883145397e-12
6.395814478872750723e-12
6.361071190217915518e-12
6.326505588177961094e-12
6.292123038012216840e-12
6.257928904980003259e-12
6.223928554340644893e-12
6.190127351353467900e-12
6.156530661277794398e-12
6.123143849372949739e-12
6.089972280898257655e-12
6.057021321113042689e-12
6.024296335276629384e-12
5.991801414373263571e-12
5.959535552286885929e-12
5.927496468626358428e-12
5.895681883000544652e-12
5.864089515018304955e-12
5.832717084288502922e-12
5.801562310420002138e-12
5.770622913021661340e-12
5.739896611702346536e-12
5.709381126070921311e-12
5.679074175736242788e-12
5.648973480307178590e-12
5.619076759392587454e-12
5.589381732601334583e-12
5.559886119542280328e-12
5.530587639824289082e-12
5.501484013056221199e-12
5.472572958846941879e-12
5.443852196805309860e-12
5.415319446540191150e-12
5.386972427660446103e-12
5.358808859774938303e-12
5.330826462492528912e-12
5.303022955422081514e-12
5.275396058172458079e-12
5.247943490352520575e-12
5.220662971571131779e-12
5.193552221437156085e-12
5.166608959559451421e-12
5.139830905546885412e-12
5.113215779008317603e-12
5.086761299552609964e-12
5.060465186788626888e-12
5.034325160325229534e-12
5.008338939771279873e-12
4.982504244735641488e-12
4.956818794827176351e-12
4.931280309654747236e-12
4.905886508827216921e-12
4.880635111953447375e-12
4.855523838642298952e-12
4.830550408502637660e-12
4.805712541143323044e-12
4.781007956173221113e-12
4.756434373201190604e-12
4.731989511836095910e-12
4.707671091686797384e-12
4.683476832362160227e-12
4.659404453471045601e-12
4.635451674622317089e-12
4.611616563898359052e-12
4.587898583275655115e-12
4.564297543204212100e-12
4.540813254134036831e-12
4.517445526515134514e-12
4.494194170797511972e-12
4.471058997431176030e-12
4.448039816866134317e-12
4.425136439552392042e-12
4.402348675939956834e-12
4.379676336478833902e-12
4.357119231619029261e-12
4.334677171810552156e-12
4.312349967503405374e-12
4.290137429147600582e-12
4.268039367193139758e-12
4.246055592090030532e-12
4.224185914288280535e-12
4.202430144237895782e-12
4.180788092388882290e-12
4.159259569191246880e-12
4.137844385094997991e-12
4.116542350550138408e-12
4.095353276006677377e-12
4.074276971914620105e-12
4.053313248723974224e-12
4.032461916884746556e-12
4.011722786846941501e-12
3.991095669060567497e-12
3.970580373975629753e-12
3.950176712042137514e-12
3.929884493710092757e-12
3.909703529429507152e-12
3.889633629650383483e-12
3.869674604822729381e-12
3.849826265396551668e-12
3.830088421821857168e-12
3.810460884548651088e-12
3.790943464026941059e-12
3.771535970706734713e-12
3.752238215038035640e-12
3.733050007470852280e-12
3.713971158455191455e-12
3.695001478441059181e-12
3.676140777878461474e-12
3.657388867217405155e-12
3.638745556907897857e-12
3.620210657399944786e-12
3.601783979143552362e-12
3.583465332588728216e-12
3.565254326819673000e-12
3.547149765457368347e-12
3.529150250756989718e-12
3.511254384973714998e-12
3.493460770362718436e-12
3.475768009179177514e-12
3.458174703678267290e-12
3.440679456115164436e-12
3.423280868745046435e-12
3.405977543823087535e-12
3.388768083604464410e-12
3.371651090344353734e-12
3.354625166297930968e-12
3.337688913720373189e-12
3.320840934866855858e-12
3.304079831992556458e-12
3.287404207352648833e-12
3.270812663202310870e-12
3.254303801796718433e-12
3.237876225391047791e-12
3.221528536240474003e-12
3.205259336600176165e-12
3.189067228725326912e-12
3.172950814871104128e-12
3.156908697292684083e-12
3.140939478245242642e-12
3.125041759983955672e-12
3.109214144764000248e-12
3.093455234840551833e-12
3.077763632468787100e-12
3.062137939903881510e-12
3.046576759401011334e-12
3.031078693215353647e-12
3.015642343602084316e-12
3.000266312816378399e-12
2.984949203113414184e-12
2.969689616748365517e-12
2.954486155976409475e-12
2.939337423052723136e-12
2.924242020232481961e-12
2.909198549770861413e-12
2.894205613923038971e-12
2.879261814944190097e-12
2.864365755089491062e-12
2.849516036614118134e-12
2.834711261773247582e-12
2.819950032822054869e-12
2.805230952015716667e-12
2.790552621609410055e-12
2.775913643858309684e-12
2.761313325236315944e-12
2.746753789092223269e-12
2.732237862993549001e-12
2.717768374507811694e-12
2.703348151202526669e-12
2.688980020645213692e-12
2.674666810403390103e-12
2.660411348044573246e-12
2.646216461136280462e-12
2.632084977246030707e-12
2.618019723941339708e-12
2.604023528789726826e-12
2.590099219358709403e-12
2.576249623215804780e-12
2.562477567928529895e-12
2.548785881064404109e-12
2.535177390190943957e-12
2.521654922875667183e-12
2.508221306686091534e-12
2.494879369189734754e-12
2.481631937954114590e-12
2.468481840546749594e-12
2.455431904535155897e-12
2.442484957486851244e-12
2.429643826969354189e-12
2.416911340550182073e-12
2.404290325796852642e-12
2.391783610276883641e-12
2.379394021557792413e-12
2.367124387207097105e-12
2.354977534792314657e-12
2.342956291880963622e-12
2.331063486040561341e-12
2.319301944838625155e-12
2.307674495842672407e-12
2.296183966620222055e-12
2.284833184738790630e-12
2.273624977765896688e-12
2.262562173269057569e-12
2.251647598815790212e-12
2.240884081973613170e-12
2.230274450310043784e-12
2.219821531392599800e-12
2.209528152788798964e-12
2.199397142066159021e-12
2.189431326792197717e-12
2.179633534534431585e-12
2.170006592860379583e-12
2.160553329337559456e-12
2.151276571533488142e-12
2.142178014832318263e-12
2.133254825884739924e-12
2.124503039158078107e-12
2.115918689119658196e-12
2.107497810236803558e-12
2.099236436976840385e-12
2.091130603807093256e-12
2.083176345194887151e-12
2.075369695607546648e-12
2.067706689512397536e-12
2.060183361376762777e-12
2.052795745667968565e-12
2.045539876853339879e-12
2.038411789400200896e-12
2.031407517775876998e-12
2.024523096447693572e-12
2.017754559882973984e-12
2.011097942549044022e-12
2.004549278913228669e-12
1.998104603442852501e-12
1.991759950605240096e-12
1.985511354867717647e-12
1.979354850697608520e-12
1.973286472562238100e-12
1.967302254928931369e-12
1.961398232265013308e-12
1.955570439037808091e-12
1.949814909714641506e-12
1.944127678762838132e-12
1.938504780649722141e-12
1.932942249842619324e-12
1.927436120808854257e-12
1.921982428015751922e-12
1.916577205930636492e-12
1.911216489020833757e-12
1.905896311753667890e-12
1.900612708596464277e-12
1.895361714016547495e-12
1.890139362481242526e-12
1.884941688457874350e-12
1.879764726413766738e-12
1.874604510816246690e-12
1.869457076132637573e-12
1.864318456830264367e-12
1.859184687376452054e-12
1.854051802238526019e-12
1.848915835883810032e-12
1.843772822779630286e-12
1.838618797393310551e-12
1.833449794192176212e-12
1.828262672796169569e-12
1.823057593435703813e-12
1.817835541493809050e-12
1.812597502353516192e-12
1.807344461397855547e-12
1.802077404009857423e-12
1.796797315572552531e-12
1.791505181468971179e-12
1.786201987082144078e-12
1.780888717795101939e-12
1.775566358990874666e-12
1.770235896052493374e-12
1.764898314362988371e-12
1.759554599305389762e-12
1.754205736262728259e-12
1.748852710618034976e-12
1.743496507754339818e-12
1.738138113054672891e-12
1.732778511902065510e-12
1.727418689679547783e-12
1.722059631770150015e-12
1.716702323556903323e-12
1.711347750422837813e-12
1.705996897750983993e-12
1.700650750924371969e-12
1.695310295326033260e-12
1.689976516338997569e-12
1.684650399346295605e-12
1.679332929730957678e-12
1.674025092876014699e-12
1.668727874164496977e-12
1.663442258979435224e-12
1.658169232703859341e-12
1.652909780720800244e-12
1.647664888413288239e-12
1.642435541164354442e-12
1.637222724357028353e-12
1.632027423374341490e-12
1.626850623599323757e-12
1.621693310415005664e-12
1.616556469204417719e-12
1.611441085350590838e-12
1.606348144236554720e-12
1.601278631245340683e-12
1.596233531759979036e-12
1.591213831163499882e-12
1.586220514838933934e-12
1.581254568169312106e-12
1.576316976537664300e-12
1.571408725327021429e-12
1.566530577584162841e-12
1.561682407010864640e-12
1.556863864972652777e-12
1.552074602835051992e-12
1.547314271963587630e-12
1.542582523723785038e-12
1.537879009481169561e-12
1.533203380601266947e-12
1.528555288449601735e-12
1.523934384391700078e-12
1.519340319793086515e-12
1.514772746019286591e-12
1.510231314435825855e-12
1.505715676408229451e-12
1.501225483302022723e-12
1.496760386482731018e-12
1.492320037315879681e-12
1.487904087166993855e-12
1.483512187401598886e-12
1.479143989385220120e-12
1.474799144483383104e-12
1.470477304061613385e-12
1.466178119485435502e-12
1.461901242120374799e-12
1.457646323331957431e-12
1.453413014485707934e-12
1.449200966947152058e-12
1.445009832081814745e-12
1.440839261255221543e-12
1.436688905832898200e-12
1.432558417180369053e-12
1.428447446663160052e-12
1.424355645646796342e-12
1.420282665496803268e-12
1.416228157578706176e-12
1.412191773258030814e-12
1.408173163900301722e-12
1.404171980871044647e-12
1.400187875535784734e-12
1.396220499260047328e-12
1.392269503409357976e-12
1.388334539349241621e-12
1.384415258445224012e-12
1.380511312062830090e-12
1.376622351567585201e-12
1.372748028325014892e-12
1.368887993700643903e-12
1.365041899059998590e-12
1.361209395768603489e-12
1.357390135191983947e-12
1.353583824832448428e-12
1.349790396739436663e-12
1.346009839099172308e-12
1.342242140097877809e-12
1.338487287921775612e-12
1.334745270757089575e-12
1.331016076790042346e-12
1.327299694206856370e-12
1.323596111193755102e-12
1.319905315936961595e-12
1.316227296622698696e-12
1.312562041437189256e-12
1.308909538566656124e-12
1.305269776197322149e-12
1.301642742515410786e-12
1.298028425707144885e-12
1.294426813958747092e-12
1.290837895456440259e-12
1.287261658386447636e-12
1.283698090934992075e-12
1.280147181288296424e-12
1.276608917632584139e-12
1.273083288154077664e-12
1.269570281039000051e-12
1.266069884473574150e-12
1.262582086644023012e-12
1.259106875736569890e-12
1.255644239937437028e-12
1.252194167432847880e-12
1.248756646409025700e-12
1.245331665052192933e-12
1.241919211548572430e-12
1.238519274084387644e-12
1.235131840845861223e-12
1.231756900019215815e-12
1.228394439790675077e-12
1.225044448346461253e-12
1.221706913872797594e-12
1.218381824555907558e-12
1.215069168582013185e-12
1.211768934137338132e-12
1.208481109408104643e-12
1.205205682580536375e-12
1.201942641840856178e-12
1.198691975375286698e-12
1.195453671370050987e-12
1.192227718011371895e-12
1.189014103485472472e-12
1.185812815978575973e-12
1.182623843676905043e-12
1.179447162984305732e-12
1.176282703175115268e-12
1.173130381741295492e-12
1.169990116174806427e-12
1.166861823967609308e-12
1.163745422611664967e-12
1.160640829598933629e-12
1.157547962421376933e-12
1.154466738570955103e-12
1.151397075539629174e-12
1.148338890819360179e-12
1.145292101902108342e-12
1.142256626279834899e-12
1.139232381444500681e-12
1.136219284888066318e-12
1.133217254102493044e-12
1.130226206579740882e-12
1.127246059811771271e-12
1.124276731290545040e-12
1.121318138508022618e-12
1.118370198956165037e-12
1.115432830126933331e-12
1.112505949512287926e-12
1.109589474604189857e-12
1.106683322894599751e-12
1.103787411875478441e-12
1.100901659038787162e-12
1.098025981876486340e-12
1.095160297880536808e-12
1.092304524542899395e-12
1.089458579355534934e-12
1.086622379810404457e-12
1.083795843399468594e-12
1.080978887614687974e-12
1.078171429948023630e-12
1.075373387891436192e-12
1.072584678936886893e-12
1.069805220576335961e-12
1.067034930301744831e-12
1.064273725605073932e-12
1.061521523978283891e-12
1.058778242913336147e-12
1.056043799902190925e-12
1.053318112436809258e-12
1.050601098009152178e-12
1.047892674111180114e-12
1.045192758234854098e-12
1.042501267872134760e-12
1.039818120514983132e-12
1.037143233655360047e-12
1.034476535338858647e-12
1.031817995825603551e-12
1.029167595929350273e-12
1.026525316463856351e-12
1.023891138242877501e-12
1.021265042080171261e-12
1.018647008789493145e-12
1.016037019184600690e-12
1.013435054079249614e-12
1.010841094287197452e-12
1.008255120622199721e-12
1.005677113898013754e-12
1.003107054928395674e-12
1.000544924527102006e-12
9.979907035078896811e-13
9.954443726845152241e-13
9.929059128707349594e-13
9.903753048803054130e-13
9.878525295269833126e-13
9.853375676245253863e-13
9.828303999866879581e-13
9.803310074272275538e-13
9.778393707599011034e-13
9.753554707984645269e-13
9.728792883566751582e-13
9.704108042482889173e-13
9.679499992870625320e-13
9.654968542867529324e-13
9.630513500611162404e-13
9.606134674239091839e-13
9.581831871888884908e-13
9.557604901698104851e-13
9.533453571804316929e-13
9.509377690345088419e-13
9.485377065457984581e-13
9.461451505280570676e-13
9.437600817950411962e-13
9.413824811605079757e-13
9.390123294382131244e-13
9.366496074419135720e-13
9.342942959853656426e-13
9.319463758823264679e-13
9.296058279465521700e-13
9.272726329917994769e-13
9.249467718318249144e-13
9.226282252803848066e-13
9.203169741512360834e-13
9.180129992581352706e-13
9.157162814148386923e-13
9.134268014351030764e-13
9.111445380719451964e-13
9.088694618354231195e-13
9.066015411748547564e-13
9.043407445395586237e-13
9.020870403788526323e-13
8.998403971420549958e-13
8.976007832784840290e-13
8.953681672374578445e-13
8.931425174682944542e-13
8.909238024203124755e-13
8.887119905428297185e-13
8.865070502851642957e-13
8.843089500966347238e-13
8.821176584265588126e-13
8.799331437242552808e-13
8.777553744390418371e-13
8.755843190202367963e-13
8.734199459171583719e-13
8.712622235791245759e-13
8.691111204554538239e-13
8.669666049954642286e-13
8.648286456484741046e-13
8.626972108638012619e-13
8.605722690907642170e-13
8.584537887786809816e-13
8.563417383768698706e-13
8.542360863346489966e-13
8.521368011013365733e-13
8.500438511262505115e-13
8.479572048587095298e-13
8.458768307480313370e-13
8.438026972435342479e-13
8.417347727945365770e-13
8.396730258503565382e-13
8.376174248603118402e-13
8.355679382737213027e-13
8.335245345399027353e-13
8.314871821081743519e-13
8.294558494278544671e-13
8.274305049482611936e-13
8.254111171187124423e-13
8.233976543885269317e-13
8.213900852070225727e-13
8.193883780235174778e-13
8.173925012873298610e-13
8.154024234477779357e-13
8.134181129541798149e-13
8.114395382558539142e-13
8.094666678021181443e-13
8.074994700422908199e-13
8.055379194879758971e-13
8.035820148999210080e-13
8.016317611011593249e-13
7.996871629147247273e-13
7.977482251636498827e-13
7.958149526709685695e-13
7.938873502597139600e-13
7.919654227529196307e-13
7.900491749736187540e-13
7.881386117448450072e-13
7.862337378896314620e-13
7.843345582310115936e-13
7.824410775920186755e-13
7.805533007956861830e-13
7.786712326650473897e-13
7.767948780231359729e-13
7.749242416929847011e-13
7.730593284976275546e-13
7.712001432600976049e-13
7.693466908034282264e-13
7.674989759506527935e-13
7.656570035248048826e-13
7.638207783489175652e-13
7.619903052460242157e-13
7.601655890391584105e-13
7.583466345513535240e-13
7.565334466056428296e-13
7.547260300250596007e-13
7.529243896326374138e-13
7.511285302514094413e-13
7.493384567044091586e-13
7.475541738146699401e-13
7.457756864052251602e-13
7.440029992991079914e-13
7.422361173193520101e-13
7.404750452889905906e-13
7.387197880310571075e-13
7.369703503685847331e-13
7.352267371246072457e-13
7.334889531221576160e-13
7.317570031842691173e-13
7.300308921339757299e-13
7.283106247943102224e-13
7.265962059883061711e-13
7.248876405389970514e-13
7.231849332694160359e-13
7.214880890025965998e-13
7.197971125615721176e-13
7.181120087693760647e-13
7.164327824490416136e-13
7.147594203329892742e-13
7.130918367911870896e-13
7.114299281029906421e-13
7.097735905477554132e-13
7.081227204048362785e-13
7.064772139535887194e-13
7.048369674733681164e-13
7.032018772435298500e-13
7.015718395434289977e-13
6.999467506524212429e-13
6.983265068498613603e-13
6.967110044151050332e-13
6.951001396275076422e-13
6.934938087664242648e-13
6.918919081112102814e-13
6.902943339412210725e-13
6.887009825358119177e-13
6.871117501743379954e-13
6.855265331361548881e-13
6.839452277006176734e-13
6.823677301470817316e-13
6.807939367549024434e-13
6.792237438034350881e-13
6.776570475720348443e-13
6.760937443400571935e-13
6.745337303868574151e-13
6.729769019917908897e-13
6.714231554342126948e-13
6.698723869934783118e-13
6.683244929489431212e-13
6.667793695799622006e-13
6.652369131658911323e-13
6.636970199860850950e-13
6.621595863198992671e-13
6.606245084466891301e-13
6.590916826458100645e-13
6.575610051966172487e-13
6.560323723784659624e-13
6.545056804707117878e-13
6.529808257527096007e-13
6.514577045038148824e-13
6.499362130033832155e-13
6.484162475307696773e-13
6.468977043653294465e-13
6.453804797864182065e-13
6.438644700733909339e-13
6.423495715056029080e-13
6.408356803624098125e-13
6.393226929231667247e-13
6.378105054672290252e-13
6.362990063198684453e-13
6.347880519900235339e-13
6.332774910325491908e-13
6.317671720023005175e-13
6.302569434541322120e-13
6.287466539428995778e-13
6.272361520234573126e-13
6.257252862506604173e-13
6.242139051793638926e-13
6.227018573644228400e-13
6.211889913606919575e-13
6.196751557230264476e-13
6.181601990062812101e-13
6.166439697653111448e-13
6.151263165549713532e-13
6.136070879301167353e-13
6.120861324456021906e-13
6.105632986562827200e-13
6.090384351170134250e-13
6.075113903826490036e-13
6.059820130080446582e-13
6.044501515480553898e-13
6.029156545575358959e-13
6.013783705913413794e-13
5.998381482043267399e-13
5.982948359513467762e-13
5.967482823872567919e-13
5.951983360669116869e-13
5.936448455451660577e-13
5.920876593768753092e-13
5.905266261168942401e-13
5.889615943200777500e-13
5.873924125412808397e-13
5.858189293353585100e-13
5.842409932571657614e-13
5.826584528615574939e-13
5.810711567033888089e-13
5.794789533375144044e-13
5.778816913187894830e-13
5.762792192020690455e-13
5.746713855422078904e-13
5.730580388940610187e-13
5.714390278124833299e-13
5.698142008523300269e-13
5.681834065684561102e-13
5.665464935157161767e-13
5.649033102489652272e-13
5.632537053230587671e-13
5.615975272928511914e-13
5.599346247131977027e-13
5.582649233599975093e-13
5.565886578933264479e-13
5.549061401943047648e-13
5.532176821440527062e-13
5.515235956236905184e-13
5.498241925143381446e-13
5.481197846971160331e-13
5.464106840531442281e-13
5.446972024635430768e-13
5.429796518094326237e-13
5.412583439719331148e-13
5.395335908321645945e-13
5.378057042712475109e-13
5.360749961703019085e-13
5.343417784104479324e-13
5.326063628728059298e-13
5.308690614384959450e-13
5.291301859886382244e-13
5.273900484043529131e-13
5.256489605667603584e-13
5.239072343569804025e-13
5.221651816561336958e-13
5.204231143453401813e-13
5.186813443057200046e-13
5.169401834183935126e-13
5.151999435644806489e-13
5.134609366251017605e-13
5.117234744813771947e-13
5.099878690144268948e-13
5.082544321053712081e-13
5.065234756353300778e-13
5.047953114854239521e-13
5.030702515367730774e-13
5.013486076704973968e-13
4.996306917677172576e-13
4.979168157095527042e-13
4.962072913771240836e-13
4.945024306515515413e-13
4.928025454139553233e-13
4.911079475454554741e-13
4.894189489271722399e-13
4.877358614402257659e-13
4.860589969657365003e-13
4.843886673848243864e-13
4.827251845786096705e-13
4.810688604282123969e-13
4.794200068147530138e-13
4.777789356193516664e-13
4.761459587231283990e-13
4.745213880072035588e-13
4.729054666449948372e-13
4.712981629791114226e-13
4.696993766444593426e-13
4.681090072759456347e-13
4.665269545084764275e-13
4.649531179769583544e-13
4.633873973162981500e-13
4.618296921614020439e-13
4.602799021471768715e-13
4.587379269085288624e-13
4.572036660803647511e-13
4.556770192975909692e-13
4.541578861951139482e-13
4.526461664078404730e-13
4.511417595706768744e-13
4.496445653185298362e-13
4.481544832863057395e-13
4.466714131089110664e-13
4.451952544212525514e-13
4.437259068582366260e-13
4.422632700547697217e-13
4.408072436457585731e-13
4.393577272661094602e-13
4.379146205507290670e-13
4.364778231345239261e-13
4.350472346524005700e-13
4.336227547392654302e-13
4.322042830300251403e-13
4.307917191595860813e-13
4.293849627628549878e-13
4.279839134747382911e-13
4.265884709301424230e-13
4.251985347639741179e-13
4.238140046111397063e-13
4.224347801065458218e-13
4.210607608850989970e-13
4.196918465817056632e-13
4.183279368312725047e-13
4.169689312687059024e-13
4.156147295289124393e-13
4.142652312467985975e-13
4.129203360572710105e-13
4.115799435952361603e-13
4.102439534956005795e-13
4.089122653932708006e-13
4.075847789231533057e-13
4.062613937201546272e-13
4.049420094191813482e-13
4.036265256551399507e-13
4.023148420629370178e-13
4.010068758429378259e-13
3.997026144573430309e-13
3.984020629338119823e-13
3.971052263000043323e-13
3.958121095835793294e-13
3.945227178121964240e-13
3.932370560135150664e-13
3.919551292151947070e-13
3.906769424448947456e-13
3.894025007302747842e-13
3.881318090989939700e-13
3.868648725787119555e-13
3.856016961970880901e-13
3.843422849817818241e-13
3.830866439604525573e-13
3.818347781607598917e-13
3.805866926103630251e-13
3.793423923369214584e-13
3.781018823680947429e-13
3.768651677315421776e-13
3.756322534549232128e-13
3.744031445658975008e-13
3.731778460921241891e-13
3.719563630612628289e-13
3.707387005009728203e-13
3.695248634389136136e-13
3.683148569027446590e-13
3.671086859201254071e-13
3.659063555187152071e-13
3.647078707261736609e-13
3.635132365701600169e-13
3.623224580783338266e-13
3.611355402783544391e-13
3.599524881978813555e-13
3.587733068645739756e-13
3.575980013060918002e-13
3.564265765500942292e-13
3.552590376242406121e-13
3.540953895561905001e-13
3.529356373736032427e-13
3.517797861041382901e-13
3.506278407754551434e-13
3.494798064152132022e-13
3.483356880510718666e-13
3.471954907106905869e-13
3.460592194217287630e-13
3.449268792118458957e-13
3.437984751087014354e-13
3.426740121399547315e-13
3.415534953332652848e-13
3.404369249383550549e-13
3.393242820931963920e-13
3.382155431578243066e-13
3.371106844922736582e-13
3.360096824565792556e-13
3.349125134107761094e-13
3.338191537148992304e-13
3.327295797289833769e-13
3.316437678130635093e-13
3.305616943271746381e-13
3.294833356313515724e-13
3.284086680856292722e-13
3.273376680500426473e-13
3.262703118846266582e-13
3.252065759494161134e-13
3.241464366044460743e-13
3.230898702097513497e-13
3.220368531253668493e-13
3.209873617113276344e-13
3.199413723276684633e-13
3.188988613344242962e-13
3.178598050916301944e-13
3.168241799593208152e-13
3.157919622975312704e-13
3.147631284662963687e-13
3.137376548256511209e-13
3.127155177356304368e-13
3.116966935562691756e-13
3.106811586476021966e-13
3.096688893696646116e-13
3.086598620824911284e-13
3.076540531461168587e-13
3.066514389205766618e-13
3.056519957659052959e-13
3.046557000421378225e-13
3.036625281093091511e-13
3.026724563274542421e-13
3.016854610566079042e-13
3.007015186568051988e-13
2.997206054880808336e-13
2.987426979104699204e-13
2.977677722840073184e-13
2.967958049687278364e-13
2.958267723246665862e-13
2.948606507118583261e-13
2.938974164903380668e-13
2.929370460201406676e-13
2.919795156613010887e-13
2.910248017738542905e-13
2.900728807178350312e-13
2.891237325807431855e-13
2.881773523599374270e-13
2.872337387802416468e-13
2.862928905664793319e-13
2.853548064434741208e-13
2.844194851360497026e-13
2.834869253690296149e-13
2.825571258672376476e-13
2.816300853554973888e-13
2.807058025586324770e-13
2.797842762014665509e-13
2.788655050088231984e-13
2.779494877055262600e-13
2.770362230163990713e-13
2.761257096662655739e-13
2.752179463799492043e-13
2.743129318822737020e-13
2.734106648980627056e-13
2.725111441521398536e-13
2.716143683693287340e-13
2.707203362744529855e-13
2.698290465923364484e-13
2.689404980478024584e-13
2.680546893656749570e-13
2.671716192707773303e-13
2.662912864879333683e-13
2.654136897419667095e-13
2.645388277577009924e-13
2.636666992599598052e-13
2.627973029735667863e-13
2.619306376233456248e-13
2.610667019341200098e-13
2.602054946307135292e-13
2.593470144379497711e-13
2.584912600806524246e-13
2.576382302836452291e-13
2.567879237717517223e-13
2.559403392697954922e-13
2.550954755026003288e-13
2.542533311949898201e-13
2.534139050717875037e-13
2.525771958578171191e-13
2.517432022779023554e-13
2.509119230568667502e-13
2.500833569195340428e-13
2.492575025907277710e-13
2.484343587952716742e-13
2.476139242579893910e-13
2.467961977037045094e-13
2.459811778572406679e-13
2.451688617817676712e-13
2.443592398938396849e-13
2.435523009483569401e-13
2.427480337002198694e-13
2.419464269043287037e-13
2.411474693155837243e-13
2.403511496888852125e-13
2.395574567791334497e-13
2.387663793412288182e-13
2.379779061300716498e-13
2.371920259005621248e-13
2.364087274076004742e-13
2.356279994060872315e-13
2.348498306509224764e-13
2.340742098970066414e-13
2.333011258992400080e-13
2.325305674125227565e-13
2.317625231917553197e-13
2.309969819918379284e-13
2.302339325676709650e-13
2.294733636741545593e-13
2.287152640661891441e-13
2.279596224986750511e-13
2.272064277265124104e-13
2.264556685046016547e-13
2.257073335878430652e-13
2.249614117311368729e-13
2.242178916893834348e-13
2.234767622174830322e-13
2.227380120703359718e-13
2.220016300028425600e-13
2.212676047699030277e-13
2.205359251264177825e-13
2.198065798272870299e-13
2.190795576274110766e-13
2.183548472816902543e-13
2.176324375450248444e-13
2.169123171723151787e-13
2.161944749184615133e-13
2.154788995383641547e-13
2.147655797869233338e-13
2.140545044190394834e-13
2.133456621896128343e-13
2.126390418535436679e-13
2.119346321657322655e-13
2.112324218810790093e-13
2.105323997544841050e-13
2.098345545408478844e-13
2.091388749950706541e-13
2.084453498720527206e-13
2.077539689186688793e-13
2.070647258496919810e-13
2.063776153718694665e-13
2.056926321919487260e-13
2.050097710166770991e-13
2.043290265528020265e-13
2.036503935070708984e-13
2.029738665862310797e-13
2.022994404970299606e-13
2.016271099462150070e-13
2.009568696405335081e-13
2.002887142867329046e-13
1.996226385915606119e-13
1.989586372617639950e-13
1.982967050040904187e-13
1.976368365252873742e-13
1.969790265321021255e-13
1.963232697312821385e-13
1.956695608295748034e-13
1.950178945337275103e-13
1.943682655504876242e-13
1.937206685866025857e-13
1.930750983488197346e-13
1.924315495438865115e-13
1.917900168785502561e-13
1.911504950595584090e-13
1.905129787936583352e-13
1.898774627875974502e-13
1.892439417481230683e-13
1.886124103819827060e-13
1.879828633959236777e-13
1.873552954966933988e-13
1.867297013910392848e-13
1.861060757857086501e-13
1.854844133874489353e-13
1.848647089030075812e-13
1.842469570391319022e-13
1.836311525025693389e-13
1.830172900000672563e-13
1.824053642383730445e-13
1.817953699242340938e-13
1.811873017643978195e-13
1.805811544656116624e-13
1.799769227346229116e-13
1.793746012781790078e-13
1.787741848030273411e-13
1.781756680159153018e-13
1.775790456235902801e-13
1.769843123327996913e-13
1.763914628502909004e-13
1.758004919142140957e-13
1.752113943883308100e-13
1.746241651678052732e-13
1.740387991478017910e-13
1.734552912234845680e-13
1.728736362900179099e-13
1.722938292425661728e-13
1.717158649762935109e-13
1.711397383863643057e-13
1.705654443679428375e-13
1.699929778161932605e-13
1.694223336262799562e-13
1.688535066933671796e-13
1.682864919126191860e-13
1.677212841792002810e-13
1.671578783882747450e-13
1.665962694350068332e-13
1.660364522145608008e-13
1.654784216221009787e-13
1.649221725527915967e-13
1.643676999017969859e-13
1.638149985642813761e-13
1.632640634354090477e-13
1.627148894103443064e-13
1.621674713842513821e-13
1.616218042522945805e-13
1.610778829096382072e-13
1.605357022514464922e-13
1.599952571728837159e-13
1.594565425691142092e-13
1.589195533353021767e-13
1.583842843666119494e-13
1.578507305582077824e-13
1.573188868052539561e-13
1.567887480029147005e-13
1.562603090463543970e-13
1.557335648307372250e-13
1.552085102512275406e-13
1.546851402029895233e-13
1.541634495811875545e-13
1.536434332809858136e-13
1.531250861975486567e-13
1.526084032260403391e-13
1.520933792616251158e-13
1.515800091994672422e-13
1.510682879347310995e-13
1.505582103625808166e-13
1.500497713781808004e-13
1.495429658766952805e-13
1.490377887532885124e-13
1.485342350946771929e-13
1.480323007537878881e-13
1.475319817750994037e-13
1.470332742030907474e-13
1.465361740822407252e-13
1.460406774570282944e-13
1.455467803719323617e-13
1.450544788714318339e-13
1.445637690000056179e-13
1.440746468021326204e-13
1.435871083222917484e-13
1.431011496049619337e-13
1.426167666946220076e-13
1.421339556357509777e-13
1.416527124728277005e-13
1.411730332503311079e-13
1.406949140127400815e-13
1.402183508045335534e-13
1.397433396701904052e-13
1.392698766541895688e-13
1.387979578010099259e-13
1.383275791551304085e-13
1.378587367610299486e-13
1.373914266631873774e-13
1.369256449060817027e-13
1.364613875341917301e-13
1.359986505919964676e-13
1.355374301239747715e-13
1.350777221746054980e-13
1.346195227883676550e-13
1.341628280097400988e-13
1.337076338832017361e-13
1.332539364532314739e-13
1.328017317643082946e-13
1.323510158609109536e-13
1.319017847875185091e-13
1.314540345886097923e-13
1.310077613086637351e-13
1.305629609921592192e-13
1.301196296835751766e-13
1.296777634273905141e-13
1.292373582680841385e-13
1.287984102501349567e-13
1.283609154180218753e-13
1.279248698162238266e-13
1.274902694892196920e-13
1.270571104814883279e-13
1.266253888375087672e-13
1.261951006017597907e-13
1.257662418187204312e-13
1.253388084346976357e-13
1.249127960033110412e-13
1.244881999800083750e-13
1.240650158202374406e-13
1.236432389794458896e-13
1.232228649130815000e-13
1.228038890765920498e-13
1.223863069254252161e-13
1.219701139150287515e-13
1.215553055008504594e-13
1.211418771383380167e-13
1.207298242829391762e-13
1.203191423901016906e-13
1.199098269152732874e-13
1.195018733139017447e-13
1.190952770414347394e-13
1.186900335533200747e-13
1.182861383050054277e-13
1.178835867519386017e-13
1.174823743495672988e-13
1.170824965533392970e-13
1.166839488187023240e-13
1.162867266011040566e-13
1.158908253559922981e-13
1.154962405388148013e-13
1.151029676050192684e-13
1.147110020100535026e-13
1.143203392093651558e-13
1.139309746584020059e-13
1.135429038126118183e-13
1.131561221274423204e-13
1.127706250583412399e-13
1.123864080607563293e-13
1.120034665901353290e-13
1.116217961019259536e-13
1.112413920515759813e-13
1.108622498945331648e-13
1.104843650862451937e-13
1.101077330821598333e-13
1.097323493377248238e-13
1.093582093083879054e-13
1.089853084495968434e-13
1.086136422167993400e-13
1.082432060654431480e-13
1.078739954509760202e-13
1.075060058288456840e-13
1.071392326544998796e-13
1.067736713833863723e-13
1.064093174709528770e-13
1.060461663726471339e-13
1.056842135343651659e-13
1.053234543637960516e-13
1.049638842590770892e-13
1.046054986183456906e-13
1.042482928397391541e-13
1.038922623213948159e-13
1.035374024614500625e-13
1.031837086580421797e-13
1.028311763093085288e-13
1.024798008133864966e-13
1.021295775684133685e-13
1.017805019725265061e-13
1.014325694238632454e-13
1.010857753205609479e-13
1.007401150607569372e-13
1.003955840425885744e-13
1.000521776641931960e-13
9.970989132370811261e-14
9.936872041927071104e-14
9.902866034901828952e-14
9.868970651108823468e-14
9.835185430361788268e-14
9.801509912474454443e-14
9.767943637260558130e-14
9.734486144533834207e-14
9.701136974108016290e-14
9.667895665796837992e-14
9.634761759414035453e-14
9.601734794773339763e-14
9.568814311688488324e-14
9.535999849973213488e-14
9.503290949441248870e-14
9.470687149906330609e-14
9.438187991182194844e-14
9.405793013082567618e-14
9.373501755421191379e-14
9.341313758011798481e-14
9.309228560668121277e-14
9.277245703203897167e-14
9.245364725432855979e-14
9.213585167168732592e-14
9.181906568225266930e-14
9.150328468416186298e-14
9.118850407555229358e-14
9.087471925456128464e-14
9.056192561932617230e-14
9.025011856798431796e-14
8.993929349867304514e-14
8.962944580952971523e-14
8.932057089869165176e-14
8.901266512569260072e-14
8.870572869565179603e-14
8.839976277508494458e-14
8.809476853050769013e-14
8.779074712843566384e-14
8.748769973538453471e-14
8.718562751786995913e-14
8.688453164240759350e-14
8.658441327551308159e-14
8.628527358370214289e-14
8.598711373349034544e-14
8.568993489139338351e-14
8.539373822392691348e-14
8.509852489760657913e-14
8.480429607894807470e-14
8.451105293446703135e-14
8.421879663067908022e-14
8.392752833409991558e-14
8.363724921124518118e-14
8.334796042863052080e-14
8.305966315277160346e-14
8.277235855018409816e-14
8.248604778738363606e-14
8.220073203088589878e-14
8.191641244720649224e-14
8.163309020286113593e-14
8.135076646436544838e-14
8.106944239823511122e-14
8.078911917098574298e-14
8.050979794913302530e-14
8.023147989919262718e-14
7.995416618768016716e-14
7.967785798111133948e-14
7.940255644600176268e-14
7.912826274886711839e-14
7.885497805622307563e-14
7.858270353458525291e-14
7.831144035046933188e-14
7.804118967039096892e-14
7.777195266086583305e-14
7.750373048840951756e-14
7.723652431953774193e-14
7.697033532076616257e-14
7.670516465861039799e-14
7.644101349958612984e-14
7.617788301020900188e-14
7.591577435699468312e-14
7.565468870645881734e-14
7.539462722511704830e-14
7.513559107948507027e-14
7.487757781998514672e-14
7.462057053266615884e-14
7.436454868748355703e-14
7.410949175439288007e-14
7.385537920334957835e-14
7.360219050430917803e-14
7.334990512722712950e-14
7.309850254205895892e-14
7.284796221876014194e-14
7.259826362728620469e-14
7.234938623759255972e-14
7.210130951963478366e-14
7.185401294336831429e-14
7.160747597874866514e-14
7.136167809573132448e-14
7.111659876427179321e-14
7.087221745432553436e-14
7.062851363584804883e-14
7.038546677879486275e-14
7.014305635312142654e-14
6.990126182878325372e-14
6.966006267573581994e-14
6.941943836393463872e-14
6.917936836333517309e-14
6.893983214389293656e-14
6.870080917556340481e-14
6.846227892830207871e-14
6.822422087206445917e-14
6.798661447680599660e-14
6.774943921248226762e-14
6.751267454904867216e-14
6.727629995646073636e-14
6.704029490467397374e-14
6.680463886364385995e-14
6.656931130332584541e-14
6.633429169367549411e-14
6.609955950464824384e-14
6.586509420619962075e-14
6.563087526828508788e-14
6.539688216086014610e-14
6.516309435388029633e-14
6.492949131730101422e-14
6.469605252107781328e-14
6.446275743516616917e-14
6.422958552952158279e-14
6.399651627409951716e-14
6.376352913885549844e-14
6.353060359374501488e-14
6.329771910872352954e-14
6.306485515374656854e-14
