# te
-1.009800314903259277e+00
-8.436388969421386719e-01
-5.731460452079772949e-01
-3.323002755641937256e-01
-1.549101918935775757e-01
-3.981237486004829407e-02
2.485803142189979553e-02
5.245425179600715637e-02
5.508587136864662170e-02
4.412448778748512268e-02
2.764079719781875610e-02
1.159543637186288834e-02
-6.931312964297831059e-04
-7.993848063051700592e-03
-9.727044031023979187e-03
-9.026569314301013947e-03
-7.476168219000101089e-03
-3.507943358272314072e-03
1.575529575347900391e-03
6.180158816277980804e-03
8.018238469958305359e-03
7.223636843264102936e-03
4.657556302845478058e-03
1.594638917595148087e-03
3.491243696771562099e-04
-2.279752516187727451e-04
-6.643374217674136162e-04
-6.666333647444844246e-04
-9.616088354960083961e-04
-8.608805364929139614e-04
2.670810499694198370e-04
1.559883472509682178e-03
2.663481980562210083e-03
3.704395145177841187e-03
3.964173607528209686e-03
2.728105289861559868e-03
1.351110637187957764e-03
6.198890623636543751e-04
9.747289004735648632e-04
2.425465732812881470e-03
4.077545367181301117e-03
4.828894045203924179e-03
4.469166975468397141e-03
2.862329129129648209e-03
-1.814736519008874893e-03
-8.250105194747447968e-03
-1.169147435575723648e-02
-7.981032133102416992e-03
2.544320886954665184e-04
8.841610513627529144e-03
1.305387914180755615e-02
9.877370670437812805e-03
4.268811549991369247e-03
1.300851348787546158e-03
-2.194538101321086287e-04
-2.323952357983216643e-04
4.020769847556948662e-04
8.017164072953164577e-04
1.518476288765668869e-03
3.281855955719947815e-03
5.153596866875886917e-03
6.150054279714822769e-03
5.064648576080799103e-03
1.285287435166537762e-03
-3.396256128326058388e-03
-6.638689432293176651e-03
-7.263780105859041214e-03
-4.018984735012054443e-03
9.299337980337440968e-04
4.820452537387609482e-03
6.441472563892602921e-03
5.471356678754091263e-03
3.074687672778964043e-03
1.010541804134845734e-03
5.799255450256168842e-05
-2.577564191597048193e-05
-1.206689397804439068e-03
-2.489000326022505760e-04
8.816769113764166832e-04
1.154270838014781475e-03
1.049343030899763107e-03
4.962798557244241238e-04
9.106944198720157146e-04
7.357667200267314911e-04
6.054823752492666245e-04
9.997111046686768532e-04
1.616688095964491367e-03
6.684352410957217216e-04
8.256402797996997833e-04
1.005351077765226364e-03
1.458458253182470798e-03
1.654651714488863945e-03
2.549845958128571510e-03
2.870628377422690392e-03
2.829811070114374161e-03
2.640207530930638313e-03
4.000853281468153000e-03
3.409014781937003136e-03
4.793059080839157104e-03
4.650251939892768860e-03
4.679628182202577591e-03
3.607779042795300484e-03
3.876843256875872612e-03
3.470295108854770660e-03
2.600933657959103584e-03
2.224661642685532570e-03
1.068045385181903839e-03
8.697276643943041563e-05
2.373234456172212958e-04
-4.961760714650154114e-04
-1.894295215606689453e-03
-2.993408124893903732e-03
-3.573009977117180824e-03
-4.155716858804225922e-03
-4.521047696471214294e-03
-4.448533058166503906e-03
-5.203935783356428146e-03
-5.080590955913066864e-03
-4.601176828145980835e-03
-4.288382828235626221e-03
-3.921799827367067337e-03
-4.024141468107700348e-03
-2.145692473277449608e-03
-1.038516289554536343e-03
-4.822472983505576849e-04
-2.565282920841127634e-04
-1.410098775522783399e-04
8.465042628813534975e-05
6.407895125448703766e-04
-4.715115064755082130e-04
-7.522004307247698307e-04
-2.892917953431606293e-03
-2.897315658628940582e-03
-4.200143273919820786e-03
-3.548158099874854088e-03
-3.632993437349796295e-03
-3.430726472288370132e-03
-2.660537837073206902e-03
-2.527817850932478905e-03
-1.265507773496210575e-03
-7.897591422079131007e-05
5.695322179235517979e-04
9.608959080651402473e-04
1.376010826788842678e-03
1.352679566480219364e-03
1.914943335577845573e-03
1.114422339014708996e-03
-2.480215334799140692e-05
2.644812047947198153e-04
-1.396107720211148262e-03
-3.701642388477921486e-03
-4.547907970845699310e-03
-6.289325654506683350e-03
-8.307855576276779175e-03
-1.072854734957218170e-02
-1.219020504504442215e-02
-1.356094423681497574e-02
-1.496575027704238892e-02
-1.504336763173341751e-02
-1.540496479719877243e-02
-1.617546938359737396e-02
-1.599357835948467255e-02
-1.647040992975234985e-02
-1.550152711570262909e-02
-1.469802483916282654e-02
-1.492788456380367279e-02
-1.408663950860500336e-02
-1.229915395379066467e-02
-1.117650326341390610e-02
-8.614219725131988525e-03
-6.223386619240045547e-03
-4.128873813897371292e-03
-2.455560257658362389e-03
-5.852243630215525627e-04
1.404540729708969593e-03
2.139146672561764717e-03
3.263736842200160027e-03
4.937213845551013947e-03
5.832237657159566879e-03
6.107662804424762726e-03
7.408536039292812347e-03
8.407437242567539215e-03
1.000624429434537888e-02
1.013436261564493179e-02
1.192293502390384674e-02
1.404441054910421371e-02
1.517120003700256348e-02
1.694812253117561340e-02
1.730440743267536163e-02
1.937101967632770538e-02
2.107711322605609894e-02
2.109492197632789612e-02
2.181219123303890228e-02
2.115796692669391632e-02
2.003371343016624451e-02
1.711152121424674988e-02
1.329278293997049332e-02
7.992645725607872009e-03
6.262257811613380909e-04
-7.820363156497478485e-03
-1.825116015970706940e-02
-2.925609610974788666e-02
-4.314066469669342041e-02
-5.700860917568206787e-02
-7.145629823207855225e-02
-8.626267313957214355e-02
-1.012810245156288147e-01
-1.162159889936447144e-01
-1.312923878431320190e-01
-1.459027528762817383e-01
-1.603164821863174438e-01
-1.738220602273941040e-01
-1.869563609361648560e-01
-1.997955292463302612e-01
-2.111523747444152832e-01
-2.223662883043289185e-01
-2.325472831726074219e-01
-2.400622516870498657e-01
-2.487027049064636230e-01
-2.555721998214721680e-01
-2.614897191524505615e-01
-2.650449573993682861e-01
-2.692861855030059814e-01
-2.705736160278320312e-01
-2.719554901123046875e-01
-2.712781429290771484e-01
-2.693603336811065674e-01
-2.670208215713500977e-01
-2.628489136695861816e-01
-2.569201588630676270e-01
-2.500531077384948730e-01
-2.430663108825683594e-01
-2.345489561557769775e-01
-2.253194451332092285e-01
-2.147100269794464111e-01
-2.035390734672546387e-01
-1.911386698484420776e-01
-1.775840371847152710e-01
-1.644365638494491577e-01
-1.502851843833923340e-01
-1.352049857378005981e-01
-1.200142204761505127e-01
-1.033017113804817200e-01
-8.737187832593917847e-02
-7.007045298814773560e-02
-5.295870825648307800e-02
-3.536858037114143372e-02
-1.737513020634651184e-02
2.034713979810476303e-04
1.876663602888584137e-02
3.743747249245643616e-02
5.532734096050262451e-02
7.303379476070404053e-02
9.115437418222427368e-02
1.102865710854530334e-01
1.228536590933799744e-01
1.420859396457672119e-01
1.537186503410339355e-01
1.732113212347030640e-01
1.788680255413055420e-01
1.935793459415435791e-01
2.105114161968231201e-01
2.228303700685501099e-01
2.237022370100021362e-01
2.360174506902694702e-01
2.380798310041427612e-01
2.453485280275344849e-01
2.509894967079162598e-01
2.555996179580688477e-01
2.597758471965789795e-01
2.566839158535003662e-01
2.617828547954559326e-01
2.533761560916900635e-01
2.543538510799407959e-01
2.430194020271301270e-01
2.422627508640289307e-01
2.303872853517532349e-01
2.154207378625869751e-01
2.128219157457351685e-01
2.008941173553466797e-01
1.876650452613830566e-01
1.737312674522399902e-01
1.596893519163131714e-01
1.461358666419982910e-01
1.262362897396087646e-01
1.154493689537048340e-01
9.950949996709823608e-02
8.644437044858932495e-02
7.685057073831558228e-02
5.646253377199172974e-02
4.817019402980804443e-02
3.027691505849361420e-02
2.567268349230289459e-02
1.266092434525489807e-02
6.700581405311822891e-03
8.388435468077659607e-03
3.459103638306260109e-03
-5.946599412709474564e-05
-1.570385531522333622e-03
6.820754613727331161e-03
2.504283934831619263e-02
3.802898153662681580e-02
4.557452723383903503e-02
6.233706697821617126e-02
8.068091422319412231e-02
9.297043830156326294e-02
1.212944388389587402e-01
1.357240229845046997e-01
1.583480834960937500e-01
1.740999817848205566e-01
1.976375579833984375e-01
2.138942480087280273e-01
2.375279366970062256e-01
2.534721195697784424e-01
2.689535319805145264e-01
2.837679982185363770e-01
2.977111935615539551e-01
3.105788528919219971e-01
3.295978307723999023e-01
3.397017121315002441e-01
3.481172919273376465e-01
3.546403646469116211e-01
3.516355156898498535e-01
3.611918091773986816e-01
3.533805608749389648e-01
3.502907156944274902e-01
3.517180085182189941e-01
3.425958752632141113e-01
3.301510512828826904e-01
3.216102421283721924e-01
3.167690038681030273e-01
3.079918324947357178e-01
2.950742244720458984e-01
2.778117060661315918e-01
2.634307742118835449e-01
2.368646860122680664e-01
2.202021032571792603e-01
1.983762383460998535e-01
1.860445439815521240e-01
1.607090830802917480e-01
1.370272487401962280e-01
1.147943213582038879e-01
9.380546957254409790e-02
7.385584712028503418e-02
6.217172369360923767e-02
4.368600994348526001e-02
2.562488429248332977e-02
7.783430628478527069e-03
-2.612201031297445297e-03
-1.329855900257825851e-02
-2.498305588960647583e-02
-2.361140213906764984e-02
-3.228481113910675049e-02
-3.694901242852210999e-02
-3.098082169890403748e-02
-3.005037270486354828e-02
-2.010338008403778076e-02
-1.680996082723140717e-02
-9.831371717154979706e-03
-4.434168338775634766e-03
1.546209212392568588e-03
9.531224146485328674e-03
1.499748043715953827e-02
2.308202907443046570e-02
3.000462800264358521e-02
3.718682378530502319e-02
4.530707374215126038e-02
5.132832378149032593e-02
5.964464321732521057e-02
6.573279947042465210e-02
7.324381172657012939e-02
7.839760929346084595e-02
8.410216122865676880e-02
8.954989165067672729e-02
9.393327683210372925e-02
9.941725432872772217e-02
1.022218838334083557e-01
1.059983819723129272e-01
1.077099665999412537e-01
1.095216795802116394e-01
1.113692224025726318e-01
1.109590008854866028e-01
1.111992225050926208e-01
1.097963079810142517e-01
1.081722378730773926e-01
1.055196970701217651e-01
1.025175824761390686e-01
9.835857152938842773e-02
9.446468204259872437e-02
8.854237198829650879e-02
8.275675028562545776e-02
7.555738836526870728e-02
6.836627423763275146e-02
5.888983234763145447e-02
4.988761991262435913e-02
3.921466320753097534e-02
2.740115672349929810e-02
1.450911909341812134e-02
6.154107977636158466e-04
-1.444266643375158310e-02
-3.034431673586368561e-02
-4.704546555876731873e-02
-6.353600323200225830e-02
-8.118382096290588379e-02
-9.831007570028305054e-02
-1.169514954090118408e-01
-1.331999897956848145e-01
-1.498354375362396240e-01
-1.666653454303741455e-01
-1.820110082626342773e-01
-1.971661895513534546e-01
-2.111953496932983398e-01
-2.246492207050323486e-01
-2.358491420745849609e-01
-2.468321472406387329e-01
-2.574058473110198975e-01
-2.651486098766326904e-01
-2.713543176651000977e-01
-2.765738368034362793e-01
-2.798716723918914795e-01
-2.825418710708618164e-01
-2.829058766365051270e-01
-2.822576165199279785e-01
-2.789186537265777588e-01
-2.741829156875610352e-01
-2.693443596363067627e-01
-2.612381875514984131e-01
-2.519014775753021240e-01
-2.418850064277648926e-01
-2.302534133195877075e-01
-2.183004766702651978e-01
-2.036045789718627930e-01
-1.896888613700866699e-01
-1.748747080564498901e-01
-1.597128063440322876e-01
-1.432675719261169434e-01
-1.260896623134613037e-01
-1.102159023284912109e-01
-9.322442859411239624e-02
-7.789511978626251221e-02
-6.254916638135910034e-02
-4.848018288612365723e-02
-3.475240245461463928e-02
-2.265938557684421539e-02
-1.126532070338726044e-02
-3.349922364577651024e-03
2.022665925323963165e-03
5.788327660411596298e-03
5.167416762560606003e-03
1.977915875613689423e-03
-5.865049548447132111e-03
-1.584872975945472717e-02
-2.917590923607349396e-02
-4.556314274668693542e-02
-5.803898349404335022e-02
-8.043905347585678101e-02
-9.390212595462799072e-02
-1.137500479817390442e-01
-1.337544471025466919e-01
-1.543749719858169556e-01
-1.693832725286483765e-01
-1.970736235380172729e-01
-2.074381709098815918e-01
-2.299178689718246460e-01
-2.419359982013702393e-01
-2.580713033676147461e-01
-2.706093192100524902e-01
-2.866977453231811523e-01
-2.986221313476562500e-01
-3.060991168022155762e-01
-3.162764608860015869e-01
-3.214398026466369629e-01
-3.287369608879089355e-01
-3.304536044597625732e-01
-3.285357952117919922e-01
-3.323608040809631348e-01
-3.230676651000976562e-01
-3.248959183692932129e-01
-3.182415068149566650e-01
-3.065369427204132080e-01
-2.954440116882324219e-01
-2.869090139865875244e-01
-2.747039794921875000e-01
-2.600321173667907715e-01
-2.448398470878601074e-01
-2.288440912961959839e-01
-2.110188156366348267e-01
-1.925672888755798340e-01
-1.724634468555450439e-01
-1.533967852592468262e-01
-1.343412846326828003e-01
-1.135277897119522095e-01
-9.438893944025039673e-02
-7.515555620193481445e-02
-5.703096091747283936e-02
-3.898909315466880798e-02
-2.371945418417453766e-02
-7.966649718582630157e-03
4.093624185770750046e-03
1.431477256119251251e-02
2.340082451701164246e-02
2.991070039570331573e-02
3.611889109015464783e-02
3.909813985228538513e-02
4.186609014868736267e-02
4.298175498843193054e-02
4.397660121321678162e-02
4.266658052802085876e-02
4.058321565389633179e-02
3.851494565606117249e-02
3.576402366161346436e-02
3.163271769881248474e-02
2.690955623984336853e-02
2.238307520747184753e-02
1.735563203692436218e-02
1.187271624803543091e-02
5.979834124445915222e-03
1.208740752190351486e-03
-4.624339286237955093e-03
-1.073072105646133423e-02
-1.632170192897319794e-02
-2.209478057920932770e-02
-2.800433151423931122e-02
-3.251849859952926636e-02
-3.707785531878471375e-02
-4.163673892617225647e-02
-4.689259827136993408e-02
-5.057043582201004028e-02
-5.559701099991798401e-02
-5.821111425757408142e-02
-6.133950501680374146e-02
-6.419341266155242920e-02
-6.672717630863189697e-02
-6.889514625072479248e-02
-6.990856677293777466e-02
-7.046492397785186768e-02
-7.051859796047210693e-02
-7.002398371696472168e-02
-6.893550604581832886e-02
-6.646448373794555664e-02
-6.405159085988998413e-02
-6.046232208609580994e-02
-5.587410926818847656e-02
-5.009284615516662598e-02
-4.337031766772270203e-02
-3.521521762013435364e-02
-2.587938122451305389e-02
-1.527282223105430603e-02
-3.186692018061876297e-03
1.049934420734643936e-02
2.519491687417030334e-02
4.111286625266075134e-02
5.787153169512748718e-02
7.508922368288040161e-02
9.305304288864135742e-02
1.104152351617813110e-01
1.282059550285339355e-01
1.461177766323089600e-01
1.631001234054565430e-01
1.795886754989624023e-01
1.952759474515914917e-01
2.120837867259979248e-01
2.252460718154907227e-01
2.389139533042907715e-01
2.505506277084350586e-01
2.613348364830017090e-01
2.702159881591796875e-01
2.798590064048767090e-01
2.854978144168853760e-01
2.897973358631134033e-01
2.931932806968688965e-01
2.938919365406036377e-01
2.938152253627777100e-01
2.911695241928100586e-01
2.878766953945159912e-01
2.828863263130187988e-01
2.758910059928894043e-01
2.680695950984954834e-01
2.576285898685455322e-01
2.472330480813980103e-01
2.350895106792449951e-01
2.208906859159469604e-01
2.065586596727371216e-01
1.910430788993835449e-01
1.747798472642898560e-01
1.582048982381820679e-01
1.402679085731506348e-01
1.228910982608795166e-01
1.057673022150993347e-01
8.858940750360488892e-02
7.105031609535217285e-02
5.581536889076232910e-02
4.034816101193428040e-02
2.731407061219215393e-02
1.491982303559780121e-02
5.087699741125106812e-03
-2.489335136488080025e-03
-6.632093340158462524e-03
-8.390713483095169067e-03
-6.720531266182661057e-03
-2.601229352876543999e-03
5.825416184961795807e-03
1.595896854996681213e-02
2.817142568528652191e-02
4.209166765213012695e-02
5.734857544302940369e-02
7.357101887464523315e-02
9.038784354925155640e-02
1.074279025197029114e-01
1.250631362199783325e-01
1.436654776334762573e-01
1.606343984603881836e-01
1.770849227905273438e-01
1.933889091014862061e-01
2.091751247644424438e-01
2.240722924470901489e-01
2.369660437107086182e-01
2.504574954509735107e-01
2.619460523128509521e-01
2.718033790588378906e-01
2.796582281589508057e-01
2.873685061931610107e-01
2.930765450000762939e-01
2.964110076427459717e-01
2.984866499900817871e-01
2.989320158958435059e-01
2.973756492137908936e-01
2.941891551017761230e-01
2.882579267024993896e-01
2.821828424930572510e-01
2.733631432056427002e-01
2.636565268039703369e-01
2.526914775371551514e-01
2.404679358005523682e-01
2.272831946611404419e-01
2.121710926294326782e-01
1.969151049852371216e-01
1.801775693893432617e-01
1.631824672222137451e-01
1.455272883176803589e-01
1.276144385337829590e-01
1.095573678612709045e-01
9.165328741073608398e-02
7.382779568433761597e-02
5.637806281447410583e-02
3.908108919858932495e-02
2.349733933806419373e-02
8.512079715728759766e-03
-4.760087002068758011e-03
-1.675924658775329590e-02
-2.745625190436840057e-02
-3.614731132984161377e-02
-4.287173226475715637e-02
-4.915504530072212219e-02
-5.429344251751899719e-02
-5.758311226963996887e-02
-6.054955348372459412e-02
-6.248895078897476196e-02
-6.344056874513626099e-02
-6.270056962966918945e-02
-6.253753602504730225e-02
-6.224763020873069763e-02
-6.038387492299079895e-02
-5.847172811627388000e-02
-5.580731853842735291e-02
-5.317299440503120422e-02
-5.060796812176704407e-02
-4.740835726261138916e-02
-4.287026450037956238e-02
-3.926222771406173706e-02
-3.588034585118293762e-02
-3.127759695053100586e-02
-2.697938866913318634e-02
-2.302492409944534302e-02
-1.796716451644897461e-02
-1.333152130246162415e-02
-9.157170541584491730e-03
-4.740183241665363312e-03
-8.628442883491516113e-04
3.921892959624528885e-03
7.345527410507202148e-03
9.368893690407276154e-03
1.143904309719800949e-02
1.277370564639568329e-02
2.150793001055717468e-02
2.571279555559158325e-02
2.683537080883979797e-02
3.152449056506156921e-02
3.156679496169090271e-02
3.361112624406814575e-02
3.687522932887077332e-02
3.314575180411338806e-02
3.650264441967010498e-02
3.873256221413612366e-02
2.419106476008892059e-02
2.182031236588954926e-02
1.597586646676063538e-02
1.330660004168748856e-02
5.599182099103927612e-03
-7.864746265113353729e-03
-1.268588937819004059e-02
-3.898768499493598938e-02
-5.001366883516311646e-02
-6.102506443858146667e-02
-7.985200732946395874e-02
-9.946240484714508057e-02
-1.053930893540382385e-01
-1.277674585580825806e-01
-1.446912437677383423e-01
-1.565634310245513916e-01
-1.786452233791351318e-01
-1.890423446893692017e-01
-2.030159533023834229e-01
-2.209650874137878418e-01
-2.358576059341430664e-01
-2.406614273786544800e-01
-2.580688297748565674e-01
-2.587544322013854980e-01
-2.728415429592132568e-01
-2.710048556327819824e-01
-2.685055136680603027e-01
-2.731736004352569580e-01
-2.779770195484161377e-01
-2.758836746215820312e-01
-2.672925889492034912e-01
-2.674649357795715332e-01
-2.619375586509704590e-01
-2.585405409336090088e-01
-2.502418160438537598e-01
-2.374404221773147583e-01
-2.205353826284408569e-01
-2.147879600524902344e-01
-1.908727586269378662e-01
-1.863443702459335327e-01
-1.644463539123535156e-01
-1.553021818399429321e-01
-1.295865178108215332e-01
-1.099917739629745483e-01
-9.691703319549560547e-02
-8.333031088113784790e-02
-6.219962239265441895e-02
-4.878628253936767578e-02
-2.862723730504512787e-02
-2.441491931676864624e-02
6.070192321203649044e-04
8.883923292160034180e-03
1.487882900983095169e-02
1.076146867126226425e-02
1.099486369639635086e-02
7.877643220126628876e-03
9.086280129849910736e-03
1.328504586126655340e-04
-3.746171016246080399e-03
-1.703871227800846100e-02
-3.193940222263336182e-02
-4.064287617802619934e-02
-5.020596086978912354e-02
-6.768548488616943359e-02
-8.527608215808868408e-02
-1.026034727692604065e-01
-1.192933842539787292e-01
-1.349715292453765869e-01
-1.566947251558303833e-01
-1.692264974117279053e-01
-1.870546787977218628e-01
-2.023739367723464966e-01
-2.073788195848464966e-01
-2.239883095026016235e-01
-2.369658499956130981e-01
-2.459371089935302734e-01
-2.430966496467590332e-01
-2.503633797168731689e-01
-2.599318027496337891e-01
-2.639964222908020020e-01
-2.696140110492706299e-01
-2.689789533615112305e-01
-2.617168426513671875e-01
-2.623154520988464355e-01
-2.555381059646606445e-01
-2.558725476264953613e-01
-2.629442811012268066e-01
-2.540855407714843750e-01
-2.437839806079864502e-01
-2.390961647033691406e-01
-2.099231928586959839e-01
-1.930460184812545776e-01
-1.806589812040328979e-01
-1.723875254392623901e-01
-1.529948413372039795e-01
-1.295375078916549683e-01
-1.165030896663665771e-01
-9.122370183467864990e-02
-7.561805844306945801e-02
-5.444933846592903137e-02
-4.220512509346008301e-02
-2.364861778914928436e-02
-1.326739229261875153e-02
-3.255730727687478065e-03
6.760987453162670135e-03
9.789840318262577057e-03
2.881652489304542542e-02
2.744149789214134216e-02
3.614510595798492432e-02
4.082110896706581116e-02
4.222545027732849121e-02
4.111406579613685608e-02
4.567399621009826660e-02
4.179897904396057129e-02
4.510712996125221252e-02
4.818016663193702698e-02
4.731534421443939209e-02
4.401168227195739746e-02
4.125440865755081177e-02
3.757008910179138184e-02
3.371461480855941772e-02
2.970075421035289764e-02
2.554127573966979980e-02
2.124893665313720703e-02
1.757960021495819092e-02
1.231668330729007721e-02
7.702260278165340424e-03
3.749065566807985306e-03
4.698328557424247265e-04
-3.608928993344306946e-03
-6.988275330513715744e-03
-1.114170253276824951e-02
-1.457027252763509750e-02
-1.800437457859516144e-02
-2.291751280426979065e-02
-2.706763893365859985e-02
-3.118514455854892731e-02
-3.525731340050697327e-02
-3.852831199765205383e-02
-4.172852635383605957e-02
-4.410212859511375427e-02
-4.637949168682098389e-02
-4.780477657914161682e-02
-4.762212932109832764e-02
-4.730503261089324951e-02
-4.758384823799133301e-02
-4.473026841878890991e-02
-4.393330588936805725e-02
-4.072152823209762573e-02
-3.731149435043334961e-02
-3.346749395132064819e-02
-2.813637815415859222e-02
-2.249433286488056183e-02
-1.516866218298673630e-02
-6.510683801025152206e-03
3.577132010832428932e-03
1.517447363585233688e-02
2.795529551804065704e-02
4.092475771903991699e-02
5.546598881483078003e-02
7.013827562332153320e-02
8.461561053991317749e-02
9.931507706642150879e-02
1.153968721628189087e-01
1.303056627511978149e-01
1.444585323333740234e-01
1.590157002210617065e-01
1.721649169921875000e-01
1.850664317607879639e-01
1.959079504013061523e-01
2.058497369289398193e-01
2.145657390356063843e-01
2.224730402231216431e-01
2.292456477880477905e-01
2.345575392246246338e-01
2.380826175212860107e-01
2.409811168909072876e-01
2.421838641166687012e-01
2.413647919893264771e-01
2.404271811246871948e-01
2.383018434047698975e-01
2.339195609092712402e-01
2.284405231475830078e-01
2.222816944122314453e-01
2.151169478893280029e-01
2.058771103620529175e-01
1.957222223281860352e-01
1.835830360651016235e-01
1.721058636903762817e-01
1.587351858615875244e-01
1.446310430765151978e-01
1.302103847265243530e-01
1.151470020413398743e-01
9.985779225826263428e-02
8.327344059944152832e-02
6.804015487432479858e-02
5.383171141147613525e-02
3.957875072956085205e-02
2.569813653826713562e-02
1.483605150133371353e-02
4.436899907886981964e-03
-3.596254857257008553e-03
-9.589686989784240723e-03
-1.386967673897743225e-02
-1.453317794948816299e-02
-1.276328973472118378e-02
-7.968607358634471893e-03
-1.157654332928359509e-03
7.404157426208257675e-03
1.745141483843326569e-02
2.871870063245296478e-02
4.094060882925987244e-02
5.459483340382575989e-02
6.792974472045898438e-02
8.290927857160568237e-02
9.703868627548217773e-02
1.115387901663780212e-01
1.254010945558547974e-01
1.398464143276214600e-01
1.538662612438201904e-01
1.664521396160125732e-01
1.795680075883865356e-01
1.907191574573516846e-01
2.011264264583587646e-01
2.097813636064529419e-01
2.171617150306701660e-01
2.237452119588851929e-01
2.292665541172027588e-01
2.327172607183456421e-01
2.345750927925109863e-01
2.360609322786331177e-01
2.354232370853424072e-01
2.331398129463195801e-01
2.304314970970153809e-01
2.255467474460601807e-01
2.197064906358718872e-01
2.126453667879104614e-01
2.048411965370178223e-01
1.967717260122299194e-01
1.859423220157623291e-01
1.750600785017013550e-01
1.631165593862533569e-01
1.505895256996154785e-01
1.372136473655700684e-01
1.234666779637336731e-01
1.090832874178886414e-01
9.454121440649032593e-02
8.031819015741348267e-02
6.540576368570327759e-02
5.102474987506866455e-02
3.690978512167930603e-02
2.428168244659900665e-02
1.213193591684103012e-02
1.681351917795836926e-03
-8.078597486019134521e-03
-1.598793454468250275e-02
-2.187305875122547150e-02
-2.710740827023983002e-02
-3.083509765565395355e-02
-3.368647769093513489e-02
-3.629190474748611450e-02
-3.705241158604621887e-02
-3.808459267020225525e-02
-3.853260725736618042e-02
-3.679751604795455933e-02
-3.573903441429138184e-02
-3.375824168324470520e-02
-3.148554265499114990e-02
-2.806513011455535889e-02
-2.487052604556083679e-02
-2.104593254625797272e-02
-1.722177118062973022e-02
-1.328535843640565872e-02
-8.380900137126445770e-03
-4.625042434781789780e-03
-4.188820603303611279e-04
4.350264556705951691e-03
8.308863267302513123e-03
1.156960148364305496e-02
1.573139242827892303e-02
1.942071132361888885e-02
2.349336817860603333e-02
2.717033587396144867e-02
3.115881793200969696e-02
3.467979654669761658e-02
3.784599900245666504e-02
4.106740280985832214e-02
4.381396248936653137e-02
4.619470611214637756e-02
4.802887141704559326e-02
4.970045760273933411e-02
5.050482228398323059e-02
5.100061744451522827e-02
5.189513042569160461e-02
5.114614218473434448e-02
5.012975633144378662e-02
4.821569100022315979e-02
4.551677778363227844e-02
4.288896918296813965e-02
3.895888850092887878e-02
3.458251431584358215e-02
2.838647738099098206e-02
2.271298877894878387e-02
1.544559467583894730e-02
6.697173696011304855e-03
-1.892774482257664204e-03
-1.149562932550907135e-02
-2.249926328659057617e-02
-3.380533307790756226e-02
-4.431548714637756348e-02
-5.590381845831871033e-02
-6.747198104858398438e-02
-7.866473495960235596e-02
-8.986995369195938110e-02
-1.007324084639549255e-01
-1.108968779444694519e-01
-1.222374513745307922e-01
-1.314264833927154541e-01
-1.410811990499496460e-01
-1.493601799011230469e-01
-1.573944389820098877e-01
-1.648288071155548096e-01
-1.713080853223800659e-01
-1.772202104330062866e-01
-1.822100430727005005e-01
-1.866655349731445312e-01
-1.902315318584442139e-01
-1.903235912322998047e-01
-1.910452395677566528e-01
-1.875827163457870483e-01
-1.847826987504959106e-01
-1.808038651943206787e-01
-1.745480448007583618e-01
-1.686325967311859131e-01
-1.612162590026855469e-01
-1.512008458375930786e-01
-1.441762000322341919e-01
-1.353286504745483398e-01
-1.250462532043457031e-01
-1.152033433318138123e-01
-1.054448783397674561e-01
-9.541586786508560181e-02
-8.550439029932022095e-02
-7.238300889730453491e-02
-6.164159253239631653e-02
-4.846648126840591431e-02
-3.770443052053451538e-02
-2.528488263487815857e-02
-1.531147584319114685e-02
-8.172302506864070892e-03
3.175653982907533646e-03
3.482118947431445122e-03
7.221226114779710770e-03
1.400491874665021896e-02
1.601405069231987000e-02
1.295196730643510818e-02
1.231865026056766510e-02
6.843271199613809586e-03
-3.313882742077112198e-03
-1.056140754371881485e-02
-2.217008173465728760e-02
-3.054847009479999542e-02
-4.296731203794479370e-02
-5.183514207601547241e-02
-6.442265957593917847e-02
-7.313836365938186646e-02
-8.525291085243225098e-02
-9.317476302385330200e-02
-1.116056516766548157e-01
-1.255228668451309204e-01
-1.347659379243850708e-01
-1.391743123531341553e-01
-1.460185647010803223e-01
-1.625692248344421387e-01
-1.738035231828689575e-01
-1.795608550310134888e-01
-1.796806156635284424e-01
-1.814333051443099976e-01
-1.846582889556884766e-01
-1.891948878765106201e-01
-1.874513924121856689e-01
-1.941293030977249146e-01
-1.793435513973236084e-01
-1.800889968872070312e-01
-1.813427060842514038e-01
-1.755129098892211914e-01
-1.698700338602066040e-01
-1.642533689737319946e-01
-1.585022211074829102e-01
-1.450248360633850098e-01
-1.459538042545318604e-01
-1.239729374647140503e-01
-1.160770803689956665e-01
-9.981227666139602661e-02
-9.731114655733108521e-02
-7.868866622447967529e-02
-6.607748568058013916e-02
-5.188588798046112061e-02
-4.338435828685760498e-02
-4.041230678558349609e-02
-2.794694714248180389e-02
-1.325881015509366989e-02
-3.618445713073015213e-03
1.134682213887572289e-03
8.592194877564907074e-03
1.376589015126228333e-02
1.931091398000717163e-02
2.273368649184703827e-02
2.599927783012390137e-02
2.735718712210655212e-02
2.877245284616947174e-02
2.923765778541564941e-02
2.848848700523376465e-02
2.774682641029357910e-02
2.600522339344024658e-02
2.448555082082748413e-02
2.143722027540206909e-02
1.956830918788909912e-02
1.638510823249816895e-02
1.236635446548461914e-02
8.733878843486309052e-03
4.480189643800258636e-03
1.570230117067694664e-03
-2.489713020622730255e-03
-6.477802060544490814e-03
-9.172193706035614014e-03
-1.306659169495105743e-02
-1.693913899362087250e-02
-2.031108364462852478e-02
-2.270366251468658447e-02
-2.586742863059043884e-02
-2.858048863708972931e-02
-3.185026347637176514e-02
-3.371171280741691589e-02
-3.591534495353698730e-02
-3.872541710734367371e-02
-4.017684981226921082e-02
-4.202008992433547974e-02
-4.303313419222831726e-02
-4.348016902804374695e-02
-4.511159658432006836e-02
-4.447602108120918274e-02
-4.481001943349838257e-02
-4.340527579188346863e-02
-4.275522381067276001e-02
-4.089461639523506165e-02
-3.883063420653343201e-02
-3.682733699679374695e-02
-3.440565243363380432e-02
-3.108650073409080505e-02
-2.713389508426189423e-02
-2.281183935701847076e-02
-1.764122396707534790e-02
-1.262914296239614487e-02
-6.553360261023044586e-03
2.952104259748011827e-04
7.517919875681400299e-03
1.468918286263942719e-02
2.361274510622024536e-02
3.237679973244667053e-02
4.055574908852577209e-02
4.995333403348922729e-02
5.865771323442459106e-02
6.772950291633605957e-02
7.525684684514999390e-02
8.378654718399047852e-02
9.140672534704208374e-02
9.843481332063674927e-02
1.051882356405258179e-01
1.119843870401382446e-01
1.176544427871704102e-01
1.225157380104064941e-01
1.276287436485290527e-01
1.303383111953735352e-01
1.339341998100280762e-01
1.357612311840057373e-01
1.368797421455383301e-01
1.376069635152816772e-01
1.371454447507858276e-01
1.358866691589355469e-01
1.334046721458435059e-01
1.304624676704406738e-01
1.267083436250686646e-01
1.222364678978919983e-01
1.170666739344596863e-01
1.112187728285789490e-01
1.047125682234764099e-01
9.771645814180374146e-02
9.015360474586486816e-02
8.225926756858825684e-02
7.391200959682464600e-02
6.530248373746871948e-02
5.637612566351890564e-02
4.752421006560325623e-02
3.861785680055618286e-02
3.004835546016693115e-02
2.168681472539901733e-02
1.385022792965173721e-02
6.781269796192646027e-03
4.997017094865441322e-04
-5.123330745846033096e-03
-9.473558515310287476e-03
-1.364585198462009430e-02
-1.509382668882608414e-02
-1.506094168871641159e-02
-1.404349319636821747e-02
-1.058952976018190384e-02
-6.289792712777853012e-03
-5.056740483269095421e-04
5.915235728025436401e-03
1.361158676445484161e-02
2.099272422492504120e-02
3.018355928361415863e-02
3.959348052740097046e-02
4.837500676512718201e-02
5.716688930988311768e-02
6.660790741443634033e-02
7.659374177455902100e-02
8.553388714790344238e-02
9.406715631484985352e-02
1.020892858505249023e-01
1.102391257882118225e-01
1.169262230396270752e-01
1.242756620049476624e-01
1.299538612365722656e-01
1.353428363800048828e-01
1.388521492481231689e-01
1.433499902486801147e-01
1.450165957212448120e-01
1.459770351648330688e-01
1.468702107667922974e-01
1.461056321859359741e-01
1.450652480125427246e-01
1.421585679054260254e-01
1.395106017589569092e-01
1.355308294296264648e-01
1.316011250019073486e-01
1.253878176212310791e-01
1.197589188814163208e-01
1.131238341331481934e-01
1.061212122440338135e-01
9.790346771478652954e-02
8.910921961069107056e-02
7.963393628597259521e-02
7.085927575826644897e-02
6.119442731142044067e-02
5.276408791542053223e-02
4.226823523640632629e-02
3.339204564690589905e-02
2.439596317708492279e-02
1.688439399003982544e-02
9.192034602165222168e-03
1.882888958789408207e-03
-4.256132524460554123e-03
-9.478497318923473358e-03
-1.378435548394918442e-02
-1.727520860731601715e-02
-1.965062133967876434e-02
-2.120465412735939026e-02
-2.215707115828990936e-02
-2.225947938859462738e-02
-2.183568663895130157e-02
-2.083795331418514252e-02
-1.936715096235275269e-02
-1.741268672049045563e-02
-1.513487100601196289e-02
-1.238189823925495148e-02
-9.522128850221633911e-03
-6.626661401242017746e-03
-3.543640486896038055e-03
-1.955024636117741466e-04
3.049476072192192078e-03
6.194598972797393799e-03
9.689066559076309204e-03
1.227295305579900742e-02
1.521294191479682922e-02
1.814090646803379059e-02
2.068875357508659363e-02
2.323153801262378693e-02
2.614434808492660522e-02
2.831608615815639496e-02
3.086502663791179657e-02
3.268014267086982727e-02
3.487977385520935059e-02
3.560985997319221497e-02
3.747502341866493225e-02
3.862126171588897705e-02
3.942393139004707336e-02
3.951530903577804565e-02
4.001390561461448669e-02
3.980893641710281372e-02
4.001896083354949951e-02
3.879010677337646484e-02
3.872718662023544312e-02
3.723324835300445557e-02
3.542688861489295959e-02
3.294049948453903198e-02
2.940646000206470490e-02
2.817270159721374512e-02
2.441292814910411835e-02
2.221816405653953552e-02
1.824831031262874603e-02
1.436502020806074142e-02
9.457483887672424316e-03
4.644195083528757095e-03
-4.251229984220117331e-04
-5.287766922265291214e-03
-1.169291976839303970e-02
-1.767425425350666046e-02
-2.498102746903896332e-02
-3.090387955307960510e-02
-3.644904494285583496e-02
-4.410900920629501343e-02
-4.968832805752754211e-02
-5.642268434166908264e-02
-6.234604865312576294e-02
-6.772174686193466187e-02
-7.355628907680511475e-02
-7.788375020027160645e-02
-8.245381712913513184e-02
-8.604376763105392456e-02
-8.966024965047836304e-02
-9.208060055971145630e-02
-9.505464881658554077e-02
-9.661669284105300903e-02
-9.851659089326858521e-02
-9.878867864608764648e-02
-9.843976795673370361e-02
-9.847664833068847656e-02
-9.693370014429092407e-02
-9.556084871292114258e-02
-9.387867897748947144e-02
-8.992157876491546631e-02
-8.692565560340881348e-02
-8.292526006698608398e-02
-7.818404585123062134e-02
-7.370875030755996704e-02
-6.753363460302352905e-02
-6.215159595012664795e-02
-5.633994564414024353e-02
-4.887595400214195251e-02
-4.225238785147666931e-02
-3.524642810225486755e-02
-2.886452898383140564e-02
-2.336998283863067627e-02
-1.679670251905918121e-02
-1.089408714324235916e-02
-5.182153545320034027e-03
7.603139965794980526e-05
5.360568873584270477e-03
8.179179392755031586e-03
1.124141085892915726e-02
1.354131754487752914e-02
1.481612026691436768e-02
1.480309106409549713e-02
1.329321879893541336e-02
1.103530917316675186e-02
7.345661520957946777e-03
2.283719135448336601e-03
-3.347921883687376976e-03
-1.097596529871225357e-02
-1.756842620670795441e-02
-2.306573465466499329e-02
-3.112385608255863190e-02
-3.796763718128204346e-02
-4.576680809259414673e-02
-5.223241820931434631e-02
-6.102042645215988159e-02
-6.761256605386734009e-02
-7.343548536300659180e-02
-8.065894991159439087e-02
-8.699408173561096191e-02
-9.238140285015106201e-02
-9.676142781972885132e-02
-1.015609651803970337e-01
-1.052343919873237610e-01
-1.084654927253723145e-01
-1.111950054764747620e-01
-1.126205697655677795e-01
-1.141692698001861572e-01
-1.142957434058189392e-01
-1.144272089004516602e-01
-1.137615665793418884e-01
-1.122398972511291504e-01
-1.105464696884155273e-01
-1.071362942457199097e-01
-1.026937440037727356e-01
-9.864639490842819214e-02
-9.344944357872009277e-02
-8.778745681047439575e-02
-8.160194009542465210e-02
-7.483448833227157593e-02
-6.816982477903366089e-02
-6.006336957216262817e-02
-5.342928692698478699e-02
-4.597996920347213745e-02
-3.840028494596481323e-02
-3.063201531767845154e-02
-2.410317212343215942e-02
-1.652622967958450317e-02
-1.081543136388063431e-02
-4.683248698711395264e-03
1.185420551337301731e-03
6.105696782469749451e-03
1.013583410531282425e-02
1.337111275643110275e-02
1.531172264367341995e-02
1.698110811412334442e-02
1.791654713451862335e-02
1.839847676455974579e-02
1.722118072211742401e-02
1.615143753588199615e-02
1.472677569836378098e-02
1.322789862751960754e-02
1.044936198741197586e-02
8.158244192600250244e-03
5.892372690141201019e-03
3.189651295542716980e-03
1.074287458322942257e-03
-1.658761757425963879e-03
-4.728239495307207108e-03
-8.595920167863368988e-03
-1.075106300413608551e-02
-1.388462353497743607e-02
-1.697193458676338196e-02
-1.973138190805912018e-02
-2.262438833713531494e-02
-2.536921948194503784e-02
-2.768408879637718201e-02
-3.003027476370334625e-02
-3.212591260671615601e-02
-3.368909657001495361e-02
-3.592413291335105896e-02
-3.631975501775741577e-02
-3.830956295132637024e-02
-3.863918036222457886e-02
-3.925600275397300720e-02
-3.913499414920806885e-02
-3.873738273978233337e-02
-3.852441161870956421e-02
-3.895736858248710632e-02
-3.752515465021133423e-02
-3.766159713268280029e-02
-3.536949679255485535e-02
-3.408280760049819946e-02
-3.352001309394836426e-02
-3.191345930099487305e-02
-2.898178994655609131e-02
-2.667306549847126007e-02
-2.470611035823822021e-02
-2.131361700594425201e-02
-1.621459797024726868e-02
-1.358681544661521912e-02
-9.433920495212078094e-03
-4.961428698152303696e-03
-1.384112751111388206e-03
1.532732974737882614e-03
6.243891548365354538e-03
1.148851215839385986e-02
1.600566506385803223e-02
1.927745155990123749e-02
2.375834994018077850e-02
2.818722277879714966e-02
3.353220224380493164e-02
3.778894990682601929e-02
4.118239507079124451e-02
4.468056559562683105e-02
4.850834608078002930e-02
5.214750394225120544e-02
5.507979542016983032e-02
5.827321484684944153e-02
6.046643853187561035e-02
6.262748688459396362e-02
6.423821300268173218e-02
6.626670807600021362e-02
6.670871376991271973e-02
6.727553158998489380e-02
6.670615077018737793e-02
6.671202927827835083e-02
6.603229045867919922e-02
6.414926052093505859e-02
6.277467310428619385e-02
6.064793467521667480e-02
5.777184665203094482e-02
5.481811240315437317e-02
5.156681314110755920e-02
4.802107065916061401e-02
4.410981759428977966e-02
3.998501598834991455e-02
3.557582199573516846e-02
3.118304163217544556e-02
2.658741176128387451e-02
2.201563864946365356e-02
1.732296496629714966e-02
1.276599802076816559e-02
8.237309753894805908e-03
3.949080128222703934e-03
-1.242402213392779231e-04
-3.874384099617600441e-03
-7.200467865914106369e-03
-9.949553757905960083e-03
-1.211729925125837326e-02
-1.362503506243228912e-02
-1.424546819180250168e-02
-1.397423911839723587e-02
-1.254913490265607834e-02
-1.045991294085979462e-02
-7.566935848444700241e-03
-3.804931649938225746e-03
4.454432928469032049e-04
5.249325651675462723e-03
1.052314601838588715e-02
1.588600128889083862e-02
2.147705480456352234e-02
2.698951028287410736e-02
3.315678983926773071e-02
3.773977607488632202e-02
4.370097443461418152e-02
4.880098998546600342e-02
5.451586097478866577e-02
5.860591679811477661e-02
6.329001486301422119e-02
6.855755299329757690e-02
7.142534852027893066e-02
7.485495507717132568e-02
7.809225469827651978e-02
8.038300275802612305e-02
8.245903998613357544e-02
8.356590569019317627e-02
8.443522453308105469e-02
8.505540341138839722e-02
8.392859250307083130e-02
8.327236771583557129e-02
8.233181387186050415e-02
8.035196363925933838e-02
7.732091844081878662e-02
7.471297681331634521e-02
7.251618057489395142e-02
6.774615496397018433e-02
6.410650163888931274e-02
5.935599282383918762e-02
5.422586947679519653e-02
4.944741353392601013e-02
4.426576197147369385e-02
3.941234946250915527e-02
3.338936716318130493e-02
2.841465361416339874e-02
2.224750816822052002e-02
1.710600219666957855e-02
1.223589852452278137e-02
6.883098743855953217e-03
2.522978466004133224e-03
-1.598267583176493645e-03
-4.748071078211069107e-03
-7.679926231503486633e-03
-1.043472252786159515e-02
-1.168962195515632629e-02
-1.163850910961627960e-02
-1.196133624762296677e-02
-1.136546116322278976e-02
-1.078742649406194687e-02
-9.677413851022720337e-03
-7.485472131520509720e-03
-5.890856496989727020e-03
-4.343376960605382919e-03
-2.292741322889924049e-03
-6.747866282239556313e-04
1.804059254936873913e-03
4.208102356642484665e-03
6.344808731228113174e-03
9.507900103926658630e-03
1.127556804567575455e-02
1.353604439646005630e-02
1.565097831189632416e-02
1.779941283166408539e-02
2.038327045738697052e-02
2.202096208930015564e-02
2.370877191424369812e-02
2.517960593104362488e-02
2.653782255947589874e-02
2.766472846269607544e-02
2.859011851251125336e-02
2.941797301173210144e-02
3.002916462719440460e-02
3.045304119586944580e-02
3.071877360343933105e-02
3.078105114400386810e-02
3.066868335008621216e-02
3.026168420910835266e-02
2.973711118102073669e-02
2.908606268465518951e-02
2.806165441870689392e-02
2.684781514108181000e-02
2.548710256814956665e-02
2.395502291619777679e-02
2.227149717509746552e-02
2.051573805510997772e-02
1.841754466295242310e-02
1.622675359249114990e-02
1.411876827478408813e-02
1.182301528751850128e-02
9.440379217267036438e-03
7.145975250750780106e-03
4.668990150094032288e-03
2.110122703015804291e-03
-4.275518876966089010e-04
-2.905652625486254692e-03
-5.654936656355857849e-03
-8.708888664841651917e-03
-1.098627690225839615e-02
-1.400668825954198837e-02
-1.720891706645488739e-02
-1.928853988647460938e-02
-2.191345207393169403e-02
-2.452208474278450012e-02
-2.655271440744400024e-02
-2.892966754734516144e-02
-3.109087049961090088e-02
-3.321717306971549988e-02
-3.474610671401023865e-02
-3.585810586810112000e-02
-3.673338145017623901e-02
-3.755193203687667847e-02
-3.849351778626441956e-02
-3.899457678198814392e-02
-3.923441469669342041e-02
-3.939212486147880554e-02
-3.964657336473464966e-02
-3.869019821286201477e-02
-3.818766400218009949e-02
-3.757412359118461609e-02
-3.628452867269515991e-02
-3.523989766836166382e-02
-3.313174843788146973e-02
-3.162391111254692078e-02
-2.940764278173446655e-02
-2.740344777703285217e-02
-2.504550851881504059e-02
-2.251106314361095428e-02
-1.997731067240238190e-02
-1.687832362949848175e-02
-1.487750746309757233e-02
-1.192274782806634903e-02
-8.934416808187961578e-03
-6.832964718341827393e-03
-4.309602547436952591e-03
-7.987713324837386608e-04
1.292511820793151855e-03
1.786401495337486267e-03
3.477316349744796753e-03
4.700821358710527420e-03
6.764711346477270126e-03
6.517897825688123703e-03
6.010826211422681808e-03
5.807472858577966690e-03
3.526058513671159744e-03
2.094064140692353249e-03
7.500922074541449547e-04
-3.496854100376367569e-03
-5.463831126689910889e-03
-8.885480463504791260e-03
-1.229493878781795502e-02
-1.645492576062679291e-02
-1.989907585084438324e-02
-2.339059300720691681e-02
-2.769289910793304443e-02
-3.208339959383010864e-02
-3.509658575057983398e-02
-3.823955357074737549e-02
-4.153332114219665527e-02
-4.574215039610862732e-02
-4.791485518217086792e-02
-5.104520544409751892e-02
-5.292525142431259155e-02
-5.431950837373733521e-02
-5.673560500144958496e-02
-5.796558409929275513e-02
-5.877386406064033508e-02
-5.918169766664505005e-02
-5.921019613742828369e-02
-5.888035148382186890e-02
-5.821299552917480469e-02
-5.722875520586967468e-02
-5.594807490706443787e-02
-5.364803597331047058e-02
-5.109169706702232361e-02
-4.978496581315994263e-02
-4.677480459213256836e-02
-4.430963099002838135e-02
-4.166514053940773010e-02
-3.737358376383781433e-02
-3.368243947625160217e-02
-3.060953877866268158e-02
-2.594304457306861877e-02
-2.192946150898933411e-02
-1.858564093708992004e-02
-1.444189622998237610e-02
-1.025757752358913422e-02
-7.534844800829887390e-03
-3.316927934065461159e-03
-5.916780210100114346e-04
2.111949725076556206e-03
4.035884980112314224e-03
6.651578005403280258e-03
7.715089712291955948e-03
8.721936494112014771e-03
9.033461101353168488e-03
8.034852333366870880e-03
7.340670563280582428e-03
6.336156278848648071e-03
5.149641074240207672e-03
2.423180267214775085e-03
5.142934387549757957e-04
-1.935169333592057228e-03
-4.054179415106773376e-03
-5.714999977499246597e-03
-8.276324719190597534e-03
-1.086775958538055420e-02
-1.261917408555746078e-02
-1.563316769897937775e-02
-1.755399443209171295e-02
-1.974178664386272430e-02
-2.207081206142902374e-02
-2.367258816957473755e-02
-2.590834163129329681e-02
-2.716723270714282990e-02
-2.881126664578914642e-02
-2.997349016368389130e-02
-3.127358108758926392e-02
-3.184536099433898926e-02
-3.305237740278244019e-02
-3.328608721494674683e-02
-3.391075134277343750e-02
-3.406162559986114502e-02
-3.287428617477416992e-02
-3.320014476776123047e-02
-3.194599226117134094e-02
-3.122063539922237396e-02
-3.016063198447227478e-02
-2.790271863341331482e-02
-2.729931659996509552e-02
-2.525806240737438202e-02
-2.314531989395618439e-02
-2.158435806632041931e-02
-1.971221715211868286e-02
-1.666587777435779572e-02
-1.529777608811855316e-02
-1.251533254981040955e-02
-1.042756717652082443e-02
-8.170848712325096130e-03
-5.624412093311548233e-03
-3.410319797694683075e-03
-1.407212927006185055e-03
1.992827979847788811e-03
3.939432092010974884e-03
5.299517884850502014e-03
8.432023227214813232e-03
9.752781130373477936e-03
1.162295602262020111e-02
1.343172509223222733e-02
1.531184371560811996e-02
1.665342226624488831e-02
1.759014464914798737e-02
1.825615949928760529e-02
1.952917687594890594e-02
2.005801536142826080e-02
2.072124183177947998e-02
2.165471203625202179e-02
2.150844596326351166e-02
2.190524339675903320e-02
2.149577997624874115e-02
2.190345339477062225e-02
2.177946642041206360e-02
2.051833085715770721e-02
2.048716135323047638e-02
1.959452964365482330e-02
1.797840371727943420e-02
1.800610683858394623e-02
1.610005646944046021e-02
1.462747436016798019e-02
1.372613385319709778e-02
1.130430586636066437e-02
9.728704579174518585e-03
7.650230079889297485e-03
5.948808509856462479e-03
4.017793573439121246e-03
1.993262907490134239e-03
1.086610336642479524e-05
-1.051093917340040207e-03
-3.287243889644742012e-03
-5.077175330370664597e-03
-6.287235300987958908e-03
-9.013656526803970337e-03
-1.015146635472774506e-02
-1.179804001003503799e-02
-1.382199674844741821e-02
-1.460631564259529114e-02
-1.550697907805442810e-02
-1.639431156218051910e-02
-1.713917218148708344e-02
-1.686982810497283936e-02
-1.694436185061931610e-02
-1.574887894093990326e-02
-1.464234106242656708e-02
-1.349786575883626938e-02
-1.116667781025171280e-02
-8.802105672657489777e-03
-6.535475607961416245e-03
-2.937763696536421776e-03
4.474968009162694216e-04
4.083112347871065140e-03
7.763094268739223480e-03
1.172738429158926010e-02
1.562156807631254196e-02
1.946297660470008850e-02
2.334351651370525360e-02
2.698384784162044525e-02
3.055088035762310028e-02
3.391472250223159790e-02
3.709458932280540466e-02
3.988732025027275085e-02
4.261050745844841003e-02
4.498792439699172974e-02
4.696693271398544312e-02
4.864424094557762146e-02
4.996868222951889038e-02
5.088984966278076172e-02
5.143244192004203796e-02
5.169625952839851379e-02
5.141035467386245728e-02
5.082475021481513977e-02
4.989301785826683044e-02
4.849518090486526489e-02
4.680927842855453491e-02
4.479110613465309143e-02
4.239716008305549622e-02
3.965887799859046936e-02
3.675690665841102600e-02
3.335223719477653503e-02
2.999806962907314301e-02
2.620763517916202545e-02
2.231190912425518036e-02
1.819625496864318848e-02
1.404343172907829285e-02
9.739032946527004242e-03
5.465883295983076096e-03
1.183767686598002911e-03
-3.073415253311395645e-03
-7.123435847461223602e-03
-1.108169462531805038e-02
-1.469251420348882675e-02
-1.822096481919288635e-02
-2.126397937536239624e-02
-2.393941208720207214e-02
-2.614301070570945740e-02
-2.786176837980747223e-02
-2.914769761264324188e-02
-2.992127463221549988e-02
-3.040131554007530212e-02
-3.043624758720397949e-02
-3.002433292567729950e-02
-2.938801422715187073e-02
-2.845376729965209961e-02
-2.737229689955711365e-02
-2.592406421899795532e-02
-2.441101334989070892e-02
-2.261620946228504181e-02
-2.062124572694301605e-02
-1.858326606452465057e-02
-1.643770001828670502e-02
-1.426975335925817490e-02
-1.186848338693380356e-02
-9.618462063372135162e-03
-7.236409932374954224e-03
-5.034388974308967590e-03
-2.730733947828412056e-03
-6.389154004864394665e-04
1.447235001251101494e-03
3.361916402354836464e-03
5.161972250789403915e-03
6.904094479978084564e-03
8.422021754086017609e-03
9.772553108632564545e-03
1.108706928789615631e-02
1.205149572342634201e-02
1.294681057333946228e-02
1.368314772844314575e-02
1.417149137705564499e-02
1.447244454175233841e-02
1.449912879616022110e-02
1.446317508816719055e-02
1.405744347721338272e-02
1.357080042362213135e-02
1.284789014607667923e-02
1.188372075557708740e-02
1.089807972311973572e-02
9.592505171895027161e-03
8.339340798556804657e-03
7.067136466503143311e-03
5.632249638438224792e-03
4.116133321076631546e-03
2.602424705401062965e-03
9.540230967104434967e-04
-5.181137821637094021e-04
-2.021031919866800308e-03
0.000000000000000000e+00
0.000000000000000000e+00
0.000000000000000000e+00
0.000000000000000000e+00
0.000000000000000000e+00
0.000000000000000000e+00
0.000000000000000000e+00
0.000000000000000000e+00
0.000000000000000000e+00
0.000000000000000000e+00
0.000000000000000000e+00
0.000000000000000000e+00
0.000000000000000000e+00
0.000000000000000000e+00
0.000000000000000000e+00
0.000000000000000000e+00
0.000000000000000000e+00
0.000000000000000000e+00
0.000000000000000000e+00
0.000000000000000000e+00
0.000000000000000000e+00
0.000000000000000000e+00
0.000000000000000000e+00
0.000000000000000000e+00
0.000000000000000000e+00
0.000000000000000000e+00
0.000000000000000000e+00
0.000000000000000000e+00
0.000000000000000000e+00
0.000000000000000000e+00
0.000000000000000000e+00
0.000000000000000000e+00
0.000000000000000000e+00
0.000000000000000000e+00
0.000000000000000000e+00
0.000000000000000000e+00
0.000000000000000000e+00
0.000000000000000000e+00
0.000000000000000000e+00
0.000000000000000000e+00
0.000000000000000000e+00
0.000000000000000000e+00
0.000000000000000000e+00
0.000000000000000000e+00
0.000000000000000000e+00
0.000000000000000000e+00
0.000000000000000000e+00
0.000000000000000000e+00
0.000000000000000000e+00
0.000000000000000000e+00
0.000000000000000000e+00
0.000000000000000000e+00
0.000000000000000000e+00
0.000000000000000000e+00
0.000000000000000000e+00
0.000000000000000000e+00
0.000000000000000000e+00
0.000000000000000000e+00
0.000000000000000000e+00
0.000000000000000000e+00
0.000000000000000000e+00
0.000000000000000000e+00
0.000000000000000000e+00
0.000000000000000000e+00
0.000000000000000000e+00
0.000000000000000000e+00
0.000000000000000000e+00
0.000000000000000000e+00
0.000000000000000000e+00
0.000000000000000000e+00
0.000000000000000000e+00
0.000000000000000000e+00
0.000000000000000000e+00
0.000000000000000000e+00
0.000000000000000000e+00
0.000000000000000000e+00
0.000000000000000000e+00
0.000000000000000000e+00
0.000000000000000000e+00
0.000000000000000000e+00
0.000000000000000000e+00
0.000000000000000000e+00
0.000000000000000000e+00
0.000000000000000000e+00
0.000000000000000000e+00
0.000000000000000000e+00
0.000000000000000000e+00
0.000000000000000000e+00
0.000000000000000000e+00
0.000000000000000000e+00
0.000000000000000000e+00
0.000000000000000000e+00
0.000000000000000000e+00
0.000000000000000000e+00
0.000000000000000000e+00
0.000000000000000000e+00
0.000000000000000000e+00
0.000000000000000000e+00
0.000000000000000000e+00
0.000000000000000000e+00
