# tt
4.925010681152343750e+01
4.168006515502929688e+01
3.557357406616210938e+01
3.069340896606445312e+01
2.677809906005859375e+01
2.359556198120117188e+01
2.097141838073730469e+01
1.878352928161621094e+01
1.693564224243164062e+01
1.536339092254638672e+01
1.416341781616210938e+01
1.283557128906250000e+01
1.176936149597167969e+01
1.090727806091308594e+01
1.007744789123535156e+01
9.394820213317871094e+00
8.321961402893066406e+00
8.181024551391601562e+00
7.699200630187988281e+00
7.186088562011718750e+00
6.798642158508300781e+00
6.358579635620117188e+00
5.972527503967285156e+00
5.661446571350097656e+00
5.298450469970703125e+00
5.068346500396728516e+00
4.777132034301757812e+00
4.558874607086181641e+00
4.400698184967041016e+00
4.116985321044921875e+00
3.886128664016723633e+00
3.731837034225463867e+00
3.539932727813720703e+00
3.393858194351196289e+00
3.295643091201782227e+00
3.095605373382568359e+00
2.934632539749145508e+00
2.855700254440307617e+00
2.710106372833251953e+00
2.703084707260131836e+00
2.597836494445800781e+00
2.511499881744384766e+00
2.263967990875244141e+00
2.195312023162841797e+00
2.207463264465332031e+00
2.158951520919799805e+00
1.990344762802124023e+00
1.790833234786987305e+00
1.798228621482849121e+00
1.799442648887634277e+00
2.007115125656127930e+00
2.034363508224487305e+00
1.791549324989318848e+00
1.486278653144836426e+00
1.330924630165100098e+00
1.259689450263977051e+00
1.285853743553161621e+00
1.274076700210571289e+00
1.237639188766479492e+00
1.483190298080444336e+00
1.410140752792358398e+00
1.231446504592895508e+00
1.234374523162841797e+00
1.037392735481262207e+00
9.272432923316955566e-01
7.427040338516235352e-01
7.678940296173095703e-01
7.667554616928100586e-01
8.747855424880981445e-01
9.362334609031677246e-01
9.679548740386962891e-01
9.184904694557189941e-01
8.106919527053833008e-01
7.417218685150146484e-01
6.527290940284729004e-01
6.039167642593383789e-01
6.480960249900817871e-01
6.151452660560607910e-01
6.321863532066345215e-01
6.079688668251037598e-01
6.181062459945678711e-01
5.941498875617980957e-01
6.162735223770141602e-01
5.417175889015197754e-01
4.499194025993347168e-01
5.659943222999572754e-01
4.455228149890899658e-01
4.615058302879333496e-01
4.667675793170928955e-01
3.888079822063446045e-01
3.795199394226074219e-01
4.425392150878906250e-01
3.585685193538665771e-01
3.541764020919799805e-01
1.357543915510177612e-01
1.528038829565048218e-01
1.860272586345672607e-01
9.043778479099273682e-02
9.260375052690505981e-02
4.753837361931800842e-02
3.304318785667419434e-01
3.504314422607421875e-01
4.084163904190063477e-01
4.337109029293060303e-01
5.042613744735717773e-01
3.264591097831726074e-01
3.498056232929229736e-01
3.550034761428833008e-01
2.713772952556610107e-01
1.775683760643005371e-01
8.068465441465377808e-02
6.283965706825256348e-02
-1.678588055074214935e-02
-1.767085632309317589e-03
-1.072338744997978210e-01
-2.813898399472236633e-02
9.469905495643615723e-02
1.204619407653808594e-01
2.055755257606506348e-01
2.092219442129135132e-01
2.135164588689804077e-01
2.262635976076126099e-01
2.552680671215057373e-01
2.340237498283386230e-01
2.446467280387878418e-01
2.206312566995620728e-01
1.697827279567718506e-01
1.742176562547683716e-01
1.674307435750961304e-01
1.575624793767929077e-01
2.284034937620162964e-01
2.411462515592575073e-01
2.799162268638610840e-01
3.545278608798980713e-01
3.261736929416656494e-01
3.532900810241699219e-01
3.713804185390472412e-01
2.416369020938873291e-01
2.711176872253417969e-01
1.723927259445190430e-01
1.782087683677673340e-01
2.240683734416961670e-01
1.711628437042236328e-01
1.036162525415420532e-01
2.541743516921997070e-01
1.867835819721221924e-01
1.341890692710876465e-01
1.805135607719421387e-01
1.126354634761810303e-01
8.866865187883377075e-02
-3.179397061467170715e-02
-9.223503619432449341e-02
-1.590705662965774536e-01
-2.244060486555099487e-01
-4.289692640304565430e-01
-4.676225483417510986e-01
-5.554054975509643555e-01
-6.844251751899719238e-01
-7.724779844284057617e-01
-8.116716742515563965e-01
-8.684254288673400879e-01
-7.862253785133361816e-01
-8.544244766235351562e-01
-7.678875923156738281e-01
-6.673457622528076172e-01
-4.705973863601684570e-01
-3.926849663257598877e-01
-2.770960032939910889e-01
-1.159401759505271912e-01
-4.994912073016166687e-02
3.078532638028264046e-03
-2.327776513993740082e-02
2.749454602599143982e-02
8.897521346807479858e-02
2.055760100483894348e-02
-2.062296867370605469e-02
-1.002394407987594604e-01
-2.096534222364425659e-01
-1.916041076183319092e-01
-2.603852748870849609e-01
-3.330461680889129639e-01
-4.752576351165771484e-01
-5.297567844390869141e-01
-5.622134208679199219e-01
-9.355403780937194824e-01
-9.722962975502014160e-01
-1.035392761230468750e+00
-1.190496921539306641e+00
-9.830980300903320312e-01
-1.147660970687866211e+00
-1.155362725257873535e+00
-1.220489501953125000e+00
-1.111461043357849121e+00
-1.042562365531921387e+00
-1.005144596099853516e+00
-8.419365882873535156e-01
-6.185993552207946777e-01
-3.264822661876678467e-01
4.306563362479209900e-02
4.228010177612304688e-01
8.877671957015991211e-01
1.362801909446716309e+00
1.772743344306945801e+00
2.265362739562988281e+00
2.691188097000122070e+00
3.197991371154785156e+00
3.561989307403564453e+00
3.930953979492187500e+00
4.304036140441894531e+00
4.680385112762451172e+00
4.910529613494873047e+00
5.216552257537841797e+00
5.448980331420898438e+00
5.681273937225341797e+00
5.838271617889404297e+00
6.067742824554443359e+00
6.220214366912841797e+00
6.369144916534423828e+00
6.513680458068847656e+00
6.652967453002929688e+00
6.786151885986328125e+00
6.763755321502685547e+00
6.882166385650634766e+00
6.917595386505126953e+00
6.943495750427246094e+00
6.884697914123535156e+00
6.888964176177978516e+00
6.881124019622802734e+00
6.786003589630126953e+00
6.602742195129394531e+00
6.479099273681640625e+00
6.339899063110351562e+00
6.035655498504638672e+00
5.788435935974121094e+00
5.448751926422119141e+00
5.090047836303710938e+00
4.711455345153808594e+00
4.386417865753173828e+00
3.891133308410644531e+00
3.521975278854370117e+00
3.129451990127563477e+00
2.712693214416503906e+00
2.270827531814575195e+00
1.802983999252319336e+00
1.382601737976074219e+00
1.008809208869934082e+00
6.064232587814331055e-01
3.231942653656005859e-01
9.628128260374069214e-03
-1.880279034376144409e-01
-5.010935068130493164e-01
-5.679031014442443848e-01
-6.955898404121398926e-01
-8.197314739227294922e-01
-8.759052753448486328e-01
-8.739992380142211914e-01
-8.982113599777221680e-01
-8.841174840927124023e-01
-7.672926187515258789e-01
-7.062440514564514160e-01
-7.108564376831054688e-01
-4.194584488868713379e-01
-2.877992391586303711e-01
-2.514499127864837646e-01
-9.735885262489318848e-02
-5.833955109119415283e-02
4.350338596850633621e-03
-6.778996437788009644e-02
1.260560471564531326e-02
1.272694300860166550e-02
1.456307768821716309e-01
1.785086244344711304e-01
2.501077651977539062e-01
2.762432694435119629e-01
3.956638276576995850e-01
3.755638003349304199e-01
4.290042221546173096e-01
4.718026816844940186e-01
4.940881431102752686e-01
6.346121430397033691e-01
5.862606167793273926e-01
6.364076733589172363e-01
7.008728981018066406e-01
7.697868943214416504e-01
7.589694261550903320e-01
7.328624725341796875e-01
7.559078335762023926e-01
7.439253330230712891e-01
7.613565921783447266e-01
7.983320951461791992e-01
5.477380752563476562e-01
5.941925644874572754e-01
4.819588959217071533e-01
5.727213621139526367e-01
4.850536286830902100e-01
4.320167601108551025e-01
2.551164627075195312e-01
1.674127578735351562e-01
1.041005272418260574e-02
-1.513393074274063110e-01
-2.528214156627655029e-01
-3.775294721126556396e-01
-5.346463322639465332e-01
-6.590446829795837402e-01
-8.342196345329284668e-01
-9.950453042984008789e-01
-1.150707125663757324e+00
-1.236080646514892578e+00
-1.408974528312683105e+00
-1.529954433441162109e+00
-1.608208417892456055e+00
-1.727236270904541016e+00
-1.821916103363037109e+00
-1.901437401771545410e+00
-1.974990487098693848e+00
-2.051765680313110352e+00
-2.140953779220581055e+00
-2.177435398101806641e+00
-2.170400857925415039e+00
-2.203353404998779297e+00
-2.211173772811889648e+00
-2.203053236007690430e+00
-2.188183784484863281e+00
-2.101446151733398438e+00
-2.100653648376464844e+00
-2.046375989913940430e+00
-1.947804808616638184e+00
-1.888441801071166992e+00
-1.803166866302490234e+00
-1.626859784126281738e+00
-1.517332434654235840e+00
-1.409463763236999512e+00
-1.238132238388061523e+00
-1.161148548126220703e+00
-1.039079427719116211e+00
-8.811127543449401855e-01
-7.707472443580627441e-01
-5.685477852821350098e-01
-4.323229193687438965e-01
-3.712587058544158936e-01
-2.459186315536499023e-01
-1.397987306118011475e-01
1.222744956612586975e-02
5.235385894775390625e-02
1.200188547372817993e-01
1.317282468080520630e-01
1.526102572679519653e-01
9.917141497135162354e-02
3.654066473245620728e-02
1.055259853601455688e-01
-6.777021288871765137e-02
-1.870785355567932129e-01
-4.019953310489654541e-01
-5.648729205131530762e-01
-7.509964108467102051e-01
-9.613398909568786621e-01
-1.122566461563110352e+00
-1.384272217750549316e+00
-1.598809242248535156e+00
-1.841462850570678711e+00
-2.038896560668945312e+00
-2.266395568847656250e+00
-2.450624465942382812e+00
-2.666868209838867188e+00
-2.841792106628417969e+00
-2.976371288299560547e+00
-3.220204114913940430e+00
-3.277022600173950195e+00
-3.370736360549926758e+00
-3.502322673797607422e+00
-3.598448038101196289e+00
-3.660090446472167969e+00
-3.688227653503417969e+00
-3.758149862289428711e+00
-3.722214460372924805e+00
-3.655711174011230469e+00
-3.633931636810302734e+00
-3.583544254302978516e+00
-3.431219339370727539e+00
-3.326559305191040039e+00
-3.270546197891235352e+00
-3.115539073944091797e+00
-2.862519264221191406e+00
-2.735402584075927734e+00
-2.512237548828125000e+00
-2.342628955841064453e+00
-2.153248071670532227e+00
-1.945077538490295410e+00
-1.719099998474121094e+00
-1.476298093795776367e+00
-1.291965246200561523e+00
-1.018462061882019043e+00
-8.053928017616271973e-01
-6.537400484085083008e-01
-4.158637225627899170e-01
-3.156787455081939697e-01
-1.312338858842849731e-01
-1.213251426815986633e-02
4.064423590898513794e-02
1.016491204500198364e-01
1.760145574808120728e-01
1.957849264144897461e-01
1.673159450292587280e-01
1.712747067213058472e-01
6.539569795131683350e-02
4.657790996134281158e-03
-7.889275997877120972e-02
-1.045873090624809265e-01
-2.146898359060287476e-01
-2.542199194431304932e-01
-3.654408156871795654e-01
-4.676824212074279785e-01
-6.288962364196777344e-01
-6.941005587577819824e-01
-8.055573701858520508e-01
-9.569062590599060059e-01
-1.067475914955139160e+00
-1.130905270576477051e+00
-1.215144634246826172e+00
-1.239521741867065430e+00
-1.271986603736877441e+00
-1.380488872528076172e+00
-1.484356164932250977e+00
-1.502916336059570312e+00
-1.504118919372558594e+00
-1.555913805961608887e+00
-1.577628850936889648e+00
-1.637213826179504395e+00
-1.579686045646667480e+00
-1.547306656837463379e+00
-1.608026504516601562e+00
-1.532552003860473633e+00
-1.537456154823303223e+00
-1.542068481445312500e+00
-1.465718388557434082e+00
-1.376357793807983398e+00
-1.341938972473144531e+00
-1.207481384277343750e+00
-1.115249037742614746e+00
-9.845730662345886230e-01
-9.577179551124572754e-01
-8.053938746452331543e-01
-6.698659062385559082e-01
-5.447776317596435547e-01
-4.980839490890502930e-01
-3.748071491718292236e-01
-3.172135949134826660e-01
-1.703260391950607300e-01
-2.100534969940781593e-03
1.195175051689147949e-01
2.009364366531372070e-01
3.971972167491912842e-01
4.917857050895690918e-01
5.654315352439880371e-01
7.731752991676330566e-01
8.241918087005615234e-01
9.478323459625244141e-01
1.076204657554626465e+00
1.215727329254150391e+00
1.298508167266845703e+00
1.405276775360107422e+00
1.468141198158264160e+00
1.493520617485046387e+00
1.487834334373474121e+00
1.531812787055969238e+00
1.631875634193420410e+00
1.645820975303649902e+00
1.654380202293395996e+00
1.738284707069396973e+00
1.606711387634277344e+00
1.637636423110961914e+00
1.614548444747924805e+00
1.618180036544799805e+00
1.654953479766845703e+00
1.582669258117675781e+00
1.482061028480529785e+00
1.433862805366516113e+00
1.370187044143676758e+00
1.297457575798034668e+00
1.222098112106323242e+00
1.224843859672546387e+00
1.089186310768127441e+00
8.958609700202941895e-01
8.742257356643676758e-01
8.077725768089294434e-01
7.029264569282531738e-01
5.661126971244812012e-01
4.780675172805786133e-01
4.452162086963653564e-01
2.510511577129364014e-01
1.992415636777877808e-01
1.475907415151596069e-01
1.025238707661628723e-01
-3.845011582598090172e-03
-9.077997505664825439e-02
-1.518562585115432739e-01
-1.806493103504180908e-01
-9.642376005649566650e-02
-4.137751087546348572e-02
-8.436012268066406250e-02
7.348392158746719360e-02
1.355594247579574585e-01
1.768259108066558838e-01
4.208645522594451904e-01
4.967681765556335449e-01
7.024283409118652344e-01
8.155592083930969238e-01
9.854297041893005371e-01
1.064064145088195801e+00
1.275042057037353516e+00
1.396076083183288574e+00
1.576433777809143066e+00
1.742449522018432617e+00
1.894768238067626953e+00
2.034034729003906250e+00
2.086582660675048828e+00
2.201678037643432617e+00
2.379965066909790039e+00
2.473465919494628906e+00
2.482824325561523438e+00
2.482994794845581055e+00
2.548932313919067383e+00
2.606969356536865234e+00
2.509127616882324219e+00
2.478983879089355469e+00
2.591492414474487305e+00
2.550053358078002930e+00
2.503932476043701172e+00
2.379462718963623047e+00
2.474532604217529297e+00
2.343920230865478516e+00
2.211203575134277344e+00
2.077027559280395508e+00
1.942036747932434082e+00
1.806877255439758301e+00
1.746505498886108398e+00
1.538634777069091797e+00
1.406844258308410645e+00
1.277469992637634277e+00
1.076847791671752930e+00
9.542474150657653809e-01
7.616944909095764160e-01
6.484591364860534668e-01
4.665678143501281738e-01
3.652914464473724365e-01
1.966571062803268433e-01
1.099362522363662720e-01
3.146759420633316040e-02
-3.809887170791625977e-02
-2.464758604764938354e-02
-8.037845045328140259e-02
-6.109287217259407043e-02
-4.552506282925605774e-02
-3.809810057282447815e-02
-4.323496669530868530e-02
8.952450007200241089e-03
3.973030298948287964e-02
4.467575624585151672e-02
1.679879575967788696e-01
1.080000102519989014e-01
2.318439334630966187e-01
3.121635615825653076e-01
4.188467562198638916e-01
4.731589555740356445e-01
5.449876189231872559e-01
6.299088597297668457e-01
7.234985232353210449e-01
7.470211982727050781e-01
8.446741104125976562e-01
8.634103536605834961e-01
8.731153607368469238e-01
9.436745643615722656e-01
9.963507056236267090e-01
1.026717424392700195e+00
1.104658722877502441e+00
1.077125549316406250e+00
1.088312029838562012e+00
1.133790135383605957e+00
1.209131717681884766e+00
1.086974740028381348e+00
1.060134172439575195e+00
1.049869656562805176e+00
1.051751017570495605e+00
1.061348676681518555e+00
9.999209046363830566e-01
1.011658906936645508e+00
9.435101747512817383e-01
8.653542399406433105e-01
7.727599740028381348e-01
7.356069087982177734e-01
6.751524209976196289e-01
5.869647860527038574e-01
3.923012912273406982e-01
2.353522479534149170e-01
1.859967559576034546e-01
9.118115901947021484e-02
1.694067418575286865e-01
1.189979687333106995e-01
9.834363125264644623e-03
-8.815384656190872192e-02
-1.791451275348663330e-01
-3.415781855583190918e-01
-3.566476106643676758e-01
-4.514135420322418213e-01
-4.813810586929321289e-01
-7.479208111763000488e-01
-8.092930912971496582e-01
-8.182461261749267578e-01
-9.275276064872741699e-01
-9.926407337188720703e-01
-1.017710924148559570e+00
-1.155484557151794434e+00
-1.187153339385986328e+00
-1.265462994575500488e+00
-1.320226430892944336e+00
-1.281255722045898438e+00
-1.301296353340148926e+00
-1.384470820426940918e+00
-1.311968564987182617e+00
-1.385155797004699707e+00
-1.385221600532531738e+00
-1.316287517547607422e+00
-1.331097006797790527e+00
-1.359460473060607910e+00
-1.331188082695007324e+00
-1.250400662422180176e+00
-1.195530295372009277e+00
-1.096386671066284180e+00
-1.105712532997131348e+00
-1.079006552696228027e+00
-9.460785984992980957e-01
-9.339820742607116699e-01
-8.239050507545471191e-01
-6.942791938781738281e-01
-6.978474855422973633e-01
-6.157979369163513184e-01
-5.265627503395080566e-01
-4.342631697654724121e-01
-3.430207967758178711e-01
-2.569572627544403076e-01
-2.545055150985717773e-01
-1.911656111478805542e-01
-7.105991244316101074e-02
-4.693299159407615662e-02
-4.859664663672447205e-02
6.844805926084518433e-02
2.833847422152757645e-03
4.768116772174835205e-02
5.024424567818641663e-02
7.150832097977399826e-03
-8.196453750133514404e-02
-6.809377670288085938e-02
-1.737840175628662109e-01
-3.243385851383209229e-01
-3.707499504089355469e-01
-4.612548053264617920e-01
-6.697790026664733887e-01
-6.986933946609497070e-01
-7.705461382865905762e-01
-8.849523663520812988e-01
-9.672162532806396484e-01
-1.091264128684997559e+00
-1.182400226593017578e+00
-1.314550876617431641e+00
-1.413020372390747070e+00
-1.477424144744873047e+00
-1.655999183654785156e+00
-1.651116728782653809e+00
-1.759635925292968750e+00
-1.758238792419433594e+00
-1.869472980499267578e+00
-1.870020270347595215e+00
-1.908117532730102539e+00
-1.909067630767822266e+00
-1.946796298027038574e+00
-1.946606397628784180e+00
-1.908111929893493652e+00
-1.905237436294555664e+00
-1.788974761962890625e+00
-1.707559108734130859e+00
-1.660603284835815430e+00
-1.499098896980285645e+00
-1.445591449737548828e+00
-1.425382494926452637e+00
-1.363773703575134277e+00
-1.186066269874572754e+00
-1.114805579185485840e+00
-1.000981569290161133e+00
-9.185171127319335938e-01
-7.927133440971374512e-01
-6.974927783012390137e-01
-5.581563115119934082e-01
-5.229375958442687988e-01
-3.685151338577270508e-01
-2.431226819753646851e-01
-1.463719010353088379e-01
-7.787438482046127319e-02
-3.724187985062599182e-02
5.022487044334411621e-02
1.112134456634521484e-01
1.491641253232955933e-01
1.681274622678756714e-01
1.721539497375488281e-01
9.098288416862487793e-02
7.728649675846099854e-02
-1.350717712193727493e-02
4.558473452925682068e-02
-3.863203153014183044e-02
-3.917492553591728210e-02
-1.006165593862533569e-01
-1.445967257022857666e-01
-9.275537729263305664e-02
-2.382876425981521606e-01
-2.799007892608642578e-01
-2.878572940826416016e-01
-3.324197232723236084e-01
-4.095398187637329102e-01
-4.408584237098693848e-01
-5.709494948387145996e-01
-4.985211491584777832e-01
-5.910804867744445801e-01
-6.216467618942260742e-01
-6.604831814765930176e-01
-7.035421133041381836e-01
-6.724647879600524902e-01
-7.118255496025085449e-01
-7.432656884193420410e-01
-7.627373933792114258e-01
-8.405036926269531250e-01
-7.495838403701782227e-01
-7.831736803054809570e-01
-7.142919898033142090e-01
-6.875124573707580566e-01
-6.244756579399108887e-01
-6.697547435760498047e-01
-5.963679552078247070e-01
-6.231991648674011230e-01
-5.975770950317382812e-01
-5.897631645202636719e-01
-5.213965773582458496e-01
-4.627382159233093262e-01
-4.097378253936767578e-01
-2.840338945388793945e-01
-2.301975488662719727e-01
-2.441776692867279053e-01
-2.476119995117187500e-01
-1.621378660202026367e-01
-5.801447108387947083e-02
-5.500729195773601532e-03
7.367756962776184082e-02
1.831275224685668945e-01
2.520563304424285889e-01
2.839823961257934570e-01
4.310462176799774170e-01
3.995225727558135986e-01
5.644851922988891602e-01
5.578980445861816406e-01
6.805240511894226074e-01
7.129493951797485352e-01
7.330039739608764648e-01
8.928288817405700684e-01
8.986992835998535156e-01
9.770671129226684570e-01
9.828293323516845703e-01
1.068126797676086426e+00
1.087856054306030273e+00
1.119846820831298828e+00
1.167617559432983398e+00
1.160375237464904785e+00
1.175948977470397949e+00
1.143545627593994141e+00
1.140993714332580566e+00
1.097499370574951172e+00
1.165201663970947266e+00
1.050373315811157227e+00
9.794636964797973633e-01
1.104610919952392578e+00
9.834647178649902344e-01
9.167847037315368652e-01
9.080860018730163574e-01
8.122612833976745605e-01
7.814473509788513184e-01
7.448472976684570312e-01
6.316641569137573242e-01
5.940335392951965332e-01
4.868468642234802246e-01
3.879282176494598389e-01
3.007905781269073486e-01
3.032575547695159912e-01
2.502196729183197021e-01
2.195001840591430664e-01
1.403002291917800903e-01
1.613182388246059418e-02
-7.518217712640762329e-02
1.849202625453472137e-02
-7.088881731033325195e-02
-1.168800219893455505e-01
-1.159698888659477234e-01
-6.464670598506927490e-02
-3.433777019381523132e-02
-9.898241609334945679e-02
3.840703517198562622e-02
8.033041656017303467e-02
2.494646906852722168e-01
3.226209282875061035e-01
3.738545179367065430e-01
4.029098749160766602e-01
5.581538081169128418e-01
6.163981556892395020e-01
6.516991853713989258e-01
7.381134033203125000e-01
8.010753989219665527e-01
9.889531135559082031e-01
1.078559994697570801e+00
1.069642663002014160e+00
1.110569596290588379e+00
1.275399088859558105e+00
1.340945482254028320e+00
1.455578446388244629e+00
1.470423817634582520e+00
1.533851861953735352e+00
1.571299672126770020e+00
1.508205056190490723e+00
1.567249655723571777e+00
1.525249481201171875e+00
1.456264615058898926e+00
1.508666157722473145e+00
1.459270834922790527e+00
1.456449747085571289e+00
1.425641775131225586e+00
1.366596102714538574e+00
1.353373408317565918e+00
1.237101435661315918e+00
1.240462660789489746e+00
1.065962433815002441e+00
1.010594248771667480e+00
9.254853725433349609e-01
7.360740303993225098e-01
6.650422215461730957e-01
5.635166168212890625e-01
4.312460422515869141e-01
3.422898054122924805e-01
1.477741599082946777e-01
7.038003951311111450e-02
3.554413840174674988e-02
4.301389306783676147e-02
1.822545751929283142e-02
-1.133852899074554443e-01
-5.482777580618858337e-02
-1.041201129555702209e-01
-1.154964491724967957e-01
-9.233364462852478027e-02
-1.123198270797729492e-01
-1.788323968648910522e-01
-7.231604307889938354e-02
-9.339267015457153320e-02
-9.681843221187591553e-02
-8.597171306610107422e-02
1.007990166544914246e-02
3.933565318584442139e-02
7.272761315107345581e-02
1.068766936659812927e-01
1.384037137031555176e-01
1.530738733708858490e-02
2.543853223323822021e-01
2.577701807022094727e-01
3.193264901638031006e-01
3.613638281822204590e-01
3.805027902126312256e-01
4.476751387119293213e-01
4.851905405521392822e-01
4.896699190139770508e-01
5.320453047752380371e-01
5.346267223358154297e-01
4.940356612205505371e-01
6.298265457153320312e-01
5.670661330223083496e-01
5.996205210685729980e-01
6.498008370399475098e-01
6.399186253547668457e-01
6.409075856208801270e-01
7.237018942832946777e-01
6.619918942451477051e-01
6.010230779647827148e-01
6.117306351661682129e-01
5.421165823936462402e-01
6.117385625839233398e-01
4.456664323806762695e-01
4.120802879333496094e-01
4.332944750785827637e-01
4.316237568855285645e-01
3.293829560279846191e-01
3.461312651634216309e-01
2.555620074272155762e-01
2.029238045215606689e-01
1.105323731899261475e-01
1.236366182565689087e-01
9.024158120155334473e-02
6.974400486797094345e-03
1.911886222660541534e-02
-2.514693140983581543e-02
-2.032992839813232422e-01
-1.469485312700271606e-01
-2.308149784803390503e-01
-3.094420135021209717e-01
-3.116841018199920654e-01
-2.407067716121673584e-01
-2.482978105545043945e-01
-3.376229703426361084e-01
-3.632263541221618652e-01
-4.025851488113403320e-01
-6.817988753318786621e-01
-6.095461249351501465e-01
-7.091708779335021973e-01
-6.865964531898498535e-01
-7.679232954978942871e-01
-7.333862185478210449e-01
-7.347753643989562988e-01
-7.752591371536254883e-01
-7.093843221664428711e-01
-7.632530927658081055e-01
-7.914127111434936523e-01
-7.970330119132995605e-01
-7.089729905128479004e-01
-7.533359527587890625e-01
-7.103596925735473633e-01
-6.575260162353515625e-01
-6.723171472549438477e-01
-6.092826724052429199e-01
-6.202161312103271484e-01
-5.596675872802734375e-01
-5.051200985908508301e-01
-4.597459435462951660e-01
-4.267176985740661621e-01
-3.348968029022216797e-01
-3.360780179500579834e-01
-2.848120331764221191e-01
-1.842717379331588745e-01
-1.862518787384033203e-01
-1.453032940626144409e-01
-1.389097273349761963e-01
-2.162191644310951233e-02
5.476554855704307556e-02
8.708017319440841675e-02
1.464606076478958130e-01
1.554236859083175659e-01
3.648641332983970642e-02
8.372101932764053345e-02
7.102298736572265625e-02
7.000099867582321167e-02
7.982892543077468872e-02
2.583890222012996674e-02
-1.801464334130287170e-02
-1.263989657163619995e-01
-2.253590226173400879e-01
-2.409394085407257080e-01
-3.964284360408782959e-01
-3.949370384216308594e-01
-4.597529172897338867e-01
-5.912302732467651367e-01
-6.411010622978210449e-01
-6.840301156044006348e-01
-7.203706502914428711e-01
-8.247869014739990234e-01
-8.490095138549804688e-01
-9.420129060745239258e-01
-1.029838800430297852e+00
-1.038527727127075195e+00
-1.042742967605590820e+00
-1.117146968841552734e+00
-1.187780380249023438e+00
-1.254994630813598633e+00
-1.244829773902893066e+00
-1.231948137283325195e+00
-1.216700911521911621e+00
-1.199439167976379395e+00
-1.254824876785278320e+00
-1.160276412963867188e+00
-1.139077663421630859e+00
-1.117269039154052734e+00
-1.095201730728149414e+00
-9.989163875579833984e-01
-9.773864746093750000e-01
-8.823417425155639648e-01
-8.627562522888183594e-01
-8.446708917617797852e-01
-7.541272044181823730e-01
-6.657888293266296387e-01
-5.800083875656127930e-01
-4.971391558647155762e-01
-4.175343811511993408e-01
-4.158587157726287842e-01
-3.438440859317779541e-01
-2.018445581197738647e-01
-1.388366371393203735e-01
-8.086405694484710693e-02
-2.828178182244300842e-02
1.855492964386940002e-02
5.929057672619819641e-02
9.399349987506866455e-02
5.011716112494468689e-02
7.847191393375396729e-02
1.069348901510238647e-01
2.120050489902496338e-01
2.472482025623321533e-01
2.148519605398178101e-01
-3.161813691258430481e-02
-4.410868138074874878e-02
-4.336533322930335999e-02
-1.015118062496185303e-01
-1.420498639345169067e-01
-1.627922654151916504e-01
-1.615517586469650269e-01
-2.847630381584167480e-01
-3.073057830333709717e-01
-3.013035356998443604e-01
-3.388797640800476074e-01
-4.178467690944671631e-01
-3.873947262763977051e-01
-3.939576745033264160e-01
-4.353474080562591553e-01
-4.350645542144775391e-01
-4.652314782142639160e-01
-5.236594080924987793e-01
-3.109152317047119141e-01
-3.449866175651550293e-01
-4.007509946823120117e-01
-4.017074406147003174e-01
-4.199768900871276855e-01
-6.019908785820007324e-01
-5.740038156509399414e-01
-6.310687065124511719e-01
-5.480613112449645996e-01
-5.457231402397155762e-01
-5.475515127182006836e-01
-5.513544678688049316e-01
-4.806287288665771484e-01
-4.074929356575012207e-01
-4.783764481544494629e-01
-3.938423991203308105e-01
-3.746308088302612305e-01
-3.442375957965850830e-01
-2.261584401130676270e-01
-2.411329299211502075e-01
-1.640346348285675049e-01
-6.698097288608551025e-02
-9.640033543109893799e-02
-2.716610208153724670e-02
-5.706651136279106140e-03
4.450620710849761963e-02
1.257838755846023560e-01
9.183926880359649658e-02
9.362922608852386475e-02
5.917747318744659424e-02
6.512961536645889282e-02
1.138201281428337097e-01
2.818943262100219727e-01
3.487533330917358398e-01
3.910421431064605713e-01
4.110945165157318115e-01
4.855549633502960205e-01
3.938238024711608887e-01
4.354782402515411377e-01
4.642290174961090088e-01
4.080978333950042725e-01
4.923500120639801025e-01
4.963848292827606201e-01
4.968451261520385742e-01
5.703735947608947754e-01
4.963686168193817139e-01
5.000944733619689941e-01
5.838821530342102051e-01
5.271294116973876953e-01
5.550999045372009277e-01
5.215020179748535156e-01
5.772879719734191895e-01
5.018547773361206055e-01
4.461545050144195557e-01
4.868278801441192627e-01
4.032715857028961182e-01
3.464372456073760986e-01
3.186544179916381836e-01
3.222525715827941895e-01
2.852500975131988525e-01
2.842874825000762939e-01
2.473831623792648315e-01
1.768665015697479248e-01
1.493780314922332764e-01
9.293627738952636719e-02
8.418183028697967529e-02
1.254443824291229248e-01
7.043170183897018433e-02
-7.852629572153091431e-02
-2.185561135411262512e-02
-5.447008460760116577e-02
-9.972840547561645508e-02
-8.098913729190826416e-02
-7.023266702890396118e-02
-6.512822210788726807e-02
-6.365811079740524292e-02
8.356446772813796997e-02
7.974725216627120972e-02
1.482751220464706421e-01
1.409781277179718018e-01
2.069305032491683960e-01
2.722736299037933350e-01
3.374600112438201904e-01
3.286313116550445557e-01
3.948623538017272949e-01
3.879840672016143799e-01
5.313824415206909180e-01
5.282666087150573730e-01
5.277118086814880371e-01
6.044821739196777344e-01
6.847202777862548828e-01
6.945682764053344727e-01
7.087906002998352051e-01
8.021516203880310059e-01
8.264827132225036621e-01
8.565483689308166504e-01
8.928015828132629395e-01
8.613848686218261719e-01
9.113733768463134766e-01
8.945979475975036621e-01
8.858227729797363281e-01
8.855007290840148926e-01
8.940843343734741211e-01
9.120264649391174316e-01
7.911573052406311035e-01
8.291733860969543457e-01
8.035936951637268066e-01
7.148701548576354980e-01
7.120766639709472656e-01
6.470428705215454102e-01
5.945310592651367188e-01
5.549926757812500000e-01
5.288786292076110840e-01
5.166399478912353516e-01
4.444164037704467773e-01
3.869695365428924561e-01
3.447498381137847900e-01
3.182075917720794678e-01
1.591709554195404053e-01
1.653340309858322144e-01
1.142137199640274048e-01
8.057089895009994507e-02
-9.455651044845581055e-03
-6.794228218495845795e-03
-5.961716175079345703e-02
-1.916246488690376282e-02
-1.094617992639541626e-01
-3.467947244644165039e-02
-1.915676891803741455e-02
1.000905968248844147e-02
-2.290117181837558746e-02
-4.498458653688430786e-02
1.666178181767463684e-02
8.631901443004608154e-02
1.395730115473270416e-02
9.541296958923339844e-02
1.063454970717430115e-01
1.196585148572921753e-01
2.082558125257492065e-01
2.221083939075469971e-01
1.598094403743743896e-01
2.428852915763854980e-01
2.469965070486068726e-01
3.193588554859161377e-01
3.842553198337554932e-01
3.659690618515014648e-01
4.117164611816406250e-01
4.457810819149017334e-01
4.667577147483825684e-01
4.732413291931152344e-01
3.895159959793090820e-01
4.371100962162017822e-01
3.916860520839691162e-01
4.747724831104278564e-01
4.620321393013000488e-01
5.006828904151916504e-01
4.406986534595489502e-01
4.292975068092346191e-01
3.907645344734191895e-01
3.980068862438201904e-01
3.753097057342529297e-01
3.955802023410797119e-01
3.831034898757934570e-01
3.364757001399993896e-01
3.286038935184478760e-01
2.837730348110198975e-01
2.748900055885314941e-01
2.262395322322845459e-01
2.107282280921936035e-01
2.269515246152877808e-01
1.248827278614044189e-01
1.260498613119125366e-01
8.042579144239425659e-02
6.091616302728652954e-02
-8.195642381906509399e-03
2.027289569377899170e-02
-7.818540930747985840e-02
-8.224566280841827393e-02
-1.421382278203964233e-01
-1.851607114076614380e-01
-2.129220664501190186e-01
-1.527205258607864380e-01
-1.547875404357910156e-01
-2.207328975200653076e-01
-2.035446614027023315e-01
-2.534551024436950684e-01
-2.234528362751007080e-01
-2.637706398963928223e-01
-2.273975759744644165e-01
-1.902559399604797363e-01
-1.539571583271026611e-01
-2.687349617481231689e-01
-2.389570623636245728e-01
-2.891685366630554199e-01
-2.723594307899475098e-01
-2.644529640674591064e-01
-2.670613825321197510e-01
-2.817969918251037598e-01
-3.102721869945526123e-01
-2.797883152961730957e-01
-2.662687003612518311e-01
-1.970146447420120239e-01
-2.222603261470794678e-01
-1.949958652257919312e-01
-3.397662639617919922e-01
-3.609393537044525146e-01
-4.087487757205963135e-01
-3.361839950084686279e-01
-3.677893280982971191e-01
-1.336207389831542969e-01
-8.115501701831817627e-02
-6.338062882423400879e-02
-7.596801035106182098e-03
1.027557160705327988e-02
-1.137310732156038284e-02
7.446988672018051147e-02
4.326262325048446655e-02
4.201848804950714111e-02
6.912921369075775146e-02
1.229868680238723755e-01
1.276728957891464233e-01
8.158000558614730835e-02
5.741229280829429626e-02
5.356317758560180664e-02
6.842635571956634521e-02
2.629939839243888855e-02
7.527124136686325073e-02
-7.909347303211688995e-03
-7.493836432695388794e-02
-1.261335611343383789e-01
-8.750145882368087769e-02
-1.079813912510871887e-01
-1.878905296325683594e-01
-2.532348334789276123e-01
-3.043312728404998779e-01
-3.414965271949768066e-01
-3.650473356246948242e-01
-3.753003776073455811e-01
-4.468832612037658691e-01
-4.314905703067779541e-01
-4.780610501766204834e-01
-5.126004815101623535e-01
-5.279943943023681641e-01
-5.245598554611206055e-01
-5.397692918777465820e-01
-5.367845892906188965e-01
-5.456473827362060547e-01
-5.666752457618713379e-01
-5.704615712165832520e-01
-5.721867680549621582e-01
-5.795999765396118164e-01
-5.781577229499816895e-01
-5.756098628044128418e-01
-5.648443102836608887e-01
-5.461806654930114746e-01
-5.273696184158325195e-01
-5.013001561164855957e-01
-4.757235646247863770e-01
-4.435295164585113525e-01
-4.199010431766510010e-01
-3.902972340583801270e-01
-3.550396263599395752e-01
-3.144499659538269043e-01
-2.762814760208129883e-01
-2.408564835786819458e-01
-2.010664641857147217e-01
-1.646653562784194946e-01
-1.319761574268341064e-01
-8.845990896224975586e-02
-5.673329159617424011e-02
-2.968874759972095490e-02
-2.188448997912928462e-04
2.392154186964035034e-02
3.497745841741561890e-02
5.491830036044120789e-02
6.878424435853958130e-02
6.995185464620590210e-02
6.688625365495681763e-02
6.062146648764610291e-02
5.219163373112678528e-02
2.776874974370002747e-02
1.811154372990131378e-02
1.961176283657550812e-03
-2.707883156836032867e-02
-4.568038880825042725e-02
-7.510180026292800903e-02
-7.715236395597457886e-02
-1.028143465518951416e-01
-1.213276684284210205e-01
-1.465186178684234619e-01
-1.624888032674789429e-01
-1.756328344345092773e-01
-1.997762173414230347e-01
-2.190196961164474487e-01
-2.397571057081222534e-01
-2.609508037567138672e-01
-2.741318941116333008e-01
-2.856932282447814941e-01
-2.945965230464935303e-01
-3.072341084480285645e-01
-3.077048659324645996e-01
-3.246940672397613525e-01
-3.200067579746246338e-01
-3.223277628421783447e-01
-3.231861591339111328e-01
-3.141109049320220947e-01
-3.163550794124603271e-01
-3.065851628780364990e-01
-2.986229062080383301e-01
-2.914278209209442139e-01
-2.765282392501831055e-01
-2.603146433830261230e-01
-2.491774559020996094e-01
-2.272138297557830811e-01
-2.082453221082687378e-01
-1.912313103675842285e-01
-1.751312762498855591e-01
-1.514736413955688477e-01
-1.266491562128067017e-01
-1.144797801971435547e-01
-9.163213521242141724e-02
-6.449738144874572754e-02
-4.689797386527061462e-02
-1.550105307251214981e-02
1.008339342661201954e-03
2.599708363413810730e-02
3.838300332427024841e-02
6.170472502708435059e-02
7.491403818130493164e-02
1.015490815043449402e-01
1.279922425746917725e-01
1.480567902326583862e-01
1.555557101964950562e-01
1.665950715541839600e-01
1.601251810789108276e-01
1.745449304580688477e-01
1.665109097957611084e-01
1.669904440641403198e-01
1.400708109140396118e-01
1.984611004590988159e-01
1.799194812774658203e-01
1.599992364645004272e-01
2.142534852027893066e-01
1.953021883964538574e-01
1.786983013153076172e-01
1.656836420297622681e-01
1.574999839067459106e-01
1.553890556097030640e-01
1.605926007032394409e-01
1.743523776531219482e-01
1.979101151227951050e-01
2.325076758861541748e-01
2.793869674205780029e-01
2.654789388179779053e-01
2.663367688655853271e-01
2.832026481628417969e-01
1.686969995498657227e-01
2.213063985109329224e-01
1.450295597314834595e-01
8.973146229982376099e-02
5.665525048971176147e-02
-2.726669982075691223e-02
6.214221566915512085e-02
2.888185530900955200e-02
-5.149270221590995789e-02
-2.911513485014438629e-02
-5.136284232139587402e-02
-4.268001765012741089e-02
-7.613257318735122681e-02
-7.616420835256576538e-02
-4.152936860918998718e-02
-4.529328271746635437e-02
-8.620996028184890747e-02
-8.872221410274505615e-02
-5.158365517854690552e-02
-4.800902679562568665e-02
-3.192170988768339157e-03
8.900920860469341278e-03
-1.138463150709867477e-02
8.491839468479156494e-02
7.522231340408325195e-02
3.418350592255592346e-02
1.850803643465042114e-01
1.567033231258392334e-01
2.466417998075485229e-01
3.066191971302032471e-01
3.369808197021484375e-01
2.637609541416168213e-01
3.102377653121948242e-01
3.281342387199401855e-01
3.921063244342803955e-01
3.538767397403717041e-01
3.624120652675628662e-01
3.437455594539642334e-01
3.725324273109436035e-01
3.748055100440979004e-01
4.252194762229919434e-01
3.754957318305969238e-01
4.489103555679321289e-01
4.228731393814086914e-01
3.720376491546630859e-01
4.453681707382202148e-01
4.202735722064971924e-01
3.714065253734588623e-01
3.734194040298461914e-01
3.523421883583068848e-01
3.085156381130218506e-01
3.909022510051727295e-01
3.769091963768005371e-01
3.411873579025268555e-01
3.583874404430389404e-01
2.802267670631408691e-01
2.556665837764739990e-01
2.107348740100860596e-01
2.200813591480255127e-01
2.097336202859878540e-01
1.800301522016525269e-01
1.313091963529586792e-01
1.382199823856353760e-01
5.247855931520462036e-02
9.735596925020217896e-02
-2.405380085110664368e-02
-1.416881661862134933e-02
-2.127311937510967255e-02
-4.502873122692108154e-02
-1.095985248684883118e-02
-6.821646541357040405e-02
-6.887769699096679688e-02
-1.364454906433820724e-02
2.247110381722450256e-02
3.876853361725807190e-02
-3.976380825042724609e-02
9.106699377298355103e-03
3.605788573622703552e-02
4.038979485630989075e-02
9.571368247270584106e-02
1.270190775394439697e-01
5.929571390151977539e-02
1.147775948047637939e-01
6.983298808336257935e-02
1.466964036226272583e-01
1.217366531491279602e-01
1.428777575492858887e-01
2.094220519065856934e-01
9.773910790681838989e-02
1.786867380142211914e-01
2.286350280046463013e-01
2.468872815370559692e-01
1.584360599517822266e-01
1.855181157588958740e-01
1.788153946399688721e-01
2.119430899620056152e-01
2.098945528268814087e-01
2.462852448225021362e-01
2.461088448762893677e-01
2.161012142896652222e-01
2.298782616853713989e-01
2.198650836944580078e-01
2.373844236135482788e-01
2.297237068414688110e-01
2.184813916683197021e-01
2.029626816511154175e-01
2.047660350799560547e-01
1.786100417375564575e-01
1.609553247690200806e-01
1.436759084463119507e-01
1.335078924894332886e-01
1.148940399289131165e-01
9.457030892372131348e-02
7.927256822586059570e-02
6.087433174252510071e-02
3.868012875318527222e-02
2.685652300715446472e-02
9.845549240708351135e-03
-5.617620423436164856e-03
-2.027209289371967316e-02
-3.502924367785453796e-02
-4.341254010796546936e-02
-5.380782112479209900e-02
-6.716997921466827393e-02
-7.702299207448959351e-02
-8.432208001613616943e-02
-9.002263098955154419e-02
-1.025113016366958618e-01
-1.004504784941673279e-01
-1.145203933119773865e-01
-1.233837157487869263e-01
-1.354276686906814575e-01
-1.367462426424026489e-01
-1.208646520972251892e-01
-1.258948594331741333e-01
-1.230689734220504761e-01
-1.207746490836143494e-01
-1.199685633182525635e-01
-1.067452132701873779e-01
-1.043546572327613831e-01
-1.063225716352462769e-01
-9.874356538057327271e-02
-9.743663668632507324e-02
-9.592751413583755493e-02
-8.774188160896301270e-02
-8.126763254404067993e-02
-7.746152579784393311e-02
-6.984917074441909790e-02
-5.938724055886268616e-02
-5.446345731616020203e-02
-4.117219150066375732e-02
-3.533215075731277466e-02
-2.303757332265377045e-02
-1.267593540251255035e-02
-5.203538574278354645e-03
1.328558288514614105e-02
3.440416976809501648e-02
2.004063129425048828e-02
2.868774905800819397e-02
3.709626942873001099e-02
4.431030899286270142e-02
4.194294288754463196e-02
4.390060156583786011e-02
4.922756925225257874e-02
4.210598766803741455e-02
3.644242510199546814e-02
3.871239721775054932e-02
3.309813886880874634e-02
3.350632265210151672e-02
1.678459346294403076e-02
1.218420360237360001e-02
-2.964825602248311043e-03
-1.417697500437498093e-02
-3.669113665819168091e-02
-4.859070852398872375e-02
-6.511461734771728516e-02
-7.920852303504943848e-02
-8.381807804107666016e-02
-9.418231993913650513e-02
-1.255402863025665283e-01
-1.559755802154541016e-01
-1.784339994192123413e-01
-1.932925432920455933e-01
-2.009282261133193970e-01
-2.165803164243698120e-01
-2.406259030103683472e-01
-2.585799694061279297e-01
-2.633885145187377930e-01
-2.702910602092742920e-01
-2.722336947917938232e-01
-2.844558954238891602e-01
-2.924728095531463623e-01
-2.817995548248291016e-01
-2.825378179550170898e-01
-2.802027463912963867e-01
-2.751716971397399902e-01
-2.678219676017761230e-01
-2.510997951030731201e-01
-2.476757168769836426e-01
-2.430648505687713623e-01
-2.227821499109268188e-01
-2.169292271137237549e-01
-1.961587518453598022e-01
-1.905722022056579590e-01
-1.708221435546875000e-01
-1.521477103233337402e-01
-1.274946182966232300e-01
-1.121018156409263611e-01
-9.891486167907714844e-02
-7.344811409711837769e-02
-5.837135761976242065e-02
-3.919874876737594604e-02
-3.116876818239688873e-02
-1.236428692936897278e-02
9.407521225512027740e-03
1.890848204493522644e-02
3.062491491436958313e-02
3.674993664026260376e-02
4.433895274996757507e-02
4.571143165230751038e-02
3.369171917438507080e-02
3.838590532541275024e-02
3.045135922729969025e-02
2.513210289180278778e-02
1.537889987230300903e-02
1.573661225847899914e-03
-1.590167544782161713e-02
-2.180295251309871674e-02
-3.061040304601192474e-02
-4.937315732240676880e-02
-5.541596561670303345e-02
-7.808129489421844482e-02
-8.726283907890319824e-02
-9.744095802307128906e-02
-1.156649366021156311e-01
-1.266908347606658936e-01
-1.375680863857269287e-01
-1.627773195505142212e-01
-1.647815108299255371e-01
-1.729236841201782227e-01
-1.793914437294006348e-01
-1.912346929311752319e-01
-1.932101845741271973e-01
-1.923680305480957031e-01
-1.957585066556930542e-01
-2.030009180307388306e-01
-2.062835693359375000e-01
-2.052259892225265503e-01
-1.994478106498718262e-01
-2.108621448278427124e-01
-2.019333541393280029e-01
-1.945747137069702148e-01
-1.735441535711288452e-01
-1.681862175464630127e-01
-1.558279097080230713e-01
-1.435206681489944458e-01
-1.383160203695297241e-01
-1.175411045551300049e-01
-1.031097844243049622e-01
-9.464257210493087769e-02
-7.689785957336425781e-02
-6.435839831829071045e-02
-5.664477497339248657e-02
-4.594642296433448792e-02
-3.931496292352676392e-02
-2.150866389274597168e-02
-7.010130677372217178e-03
4.560303874313831329e-03
1.358238700777292252e-02
2.048075199127197266e-02
3.329037502408027649e-02
3.779783844947814941e-02
4.208314418792724609e-02
5.422643572092056274e-02
6.001470237970352173e-02
5.266616493463516235e-02
6.255471706390380859e-02
6.803669780492782593e-02
6.233079731464385986e-02
6.838028132915496826e-02
6.454195827245712280e-02
6.632830202579498291e-02
5.952753499150276184e-02
5.965242162346839905e-02
5.992256477475166321e-02
5.355772003531455994e-02
5.607103556394577026e-02
5.325139686465263367e-02
4.574997350573539734e-02
4.908023402094841003e-02
4.903132095932960510e-02
3.882352635264396667e-02
4.140159860253334045e-02
2.769260667264461517e-02
2.807243727147579193e-02
2.833036519587039948e-02
1.425565406680107117e-02
8.793016895651817322e-03
5.162716377526521683e-03
4.016041755676269531e-03
-8.858009241521358490e-03
-1.051504258066415787e-02
-1.516628637909889221e-02
-1.472980529069900513e-02
-1.598601043224334717e-02
-2.571547590196132660e-02
-2.097455225884914398e-02
-3.083746694028377533e-02
-3.979204222559928894e-02
-3.975740447640419006e-02
-3.751507401466369629e-02
-3.984678536653518677e-02
-4.610338434576988220e-02
-4.077371954917907715e-02
-3.807126358151435852e-02
-4.477858170866966248e-02
-3.795404732227325439e-02
-3.181172907352447510e-02
-2.570367418229579926e-02
-2.646851167082786560e-02
-1.144178491085767746e-02
-2.601091982796788216e-03
7.800239603966474533e-03
2.007765509188175201e-02
2.711540088057518005e-02
4.409093409776687622e-02
5.645724013447761536e-02
7.196056097745895386e-02
8.348491042852401733e-02
9.134538471698760986e-02
1.107193231582641602e-01
1.196285635232925415e-01
1.258194148540496826e-01
1.296071559190750122e-01
1.461693793535232544e-01
1.535282880067825317e-01
1.519995033740997314e-01
1.567610055208206177e-01
1.681287288665771484e-01
1.715566217899322510e-01
1.822232156991958618e-01
1.855828464031219482e-01
1.819522529840469360e-01
1.790795326232910156e-01
1.772819012403488159e-01
1.768767982721328735e-01
1.707508563995361328e-01
1.740841865539550781e-01
1.574705839157104492e-01
1.509528458118438721e-01
1.399874240159988403e-01
1.323243230581283569e-01
1.208514869213104248e-01
1.058882102370262146e-01
9.518508613109588623e-02
8.163064718246459961e-02
6.554469466209411621e-02
6.210937350988388062e-02
4.192035272717475891e-02
4.245328158140182495e-02
2.687289379537105560e-02
1.779277808964252472e-02
8.102144114673137665e-03
-1.878683688119053841e-03
-1.182940416038036346e-02
-1.399865746498107910e-02
-2.292844839394092560e-02
-3.086756914854049683e-02
-3.749603033065795898e-02
-4.257999733090400696e-02
-3.879879787564277649e-02
-3.378017619252204895e-02
-2.772093936800956726e-02
-2.081813663244247437e-02
-5.837916396558284760e-03
2.160029951483011246e-03
2.977964933961629868e-03
1.871119439601898193e-02
2.686816640198230743e-02
3.468146547675132751e-02
4.195230081677436829e-02
5.591271817684173584e-02
7.636341452598571777e-02
8.081150799989700317e-02
9.135048836469650269e-02
1.003491804003715515e-01
1.076073199510574341e-01
1.203554868698120117e-01
1.235308200120925903e-01
1.317946314811706543e-01
1.449458897113800049e-01
1.404901742935180664e-01
1.479506045579910278e-01
1.522636413574218750e-01
1.606589555740356445e-01
1.506418138742446899e-01
1.517351865768432617e-01
1.488754302263259888e-01
1.492922753095626831e-01
1.527844220399856567e-01
1.368573755025863647e-01
1.310344338417053223e-01
1.351146996021270752e-01
1.266041100025177002e-01
1.201643198728561401e-01
1.155949831008911133e-01
1.126959994435310364e-01
1.038364097476005554e-01
8.881662040948867798e-02
8.229950815439224243e-02
7.665494084358215332e-02
5.682196095585823059e-02
5.232650041580200195e-02
4.810818284749984741e-02
1.424472313374280930e-02
1.741840317845344543e-02
5.414180923253297806e-03
-7.102832663804292679e-03
-1.289838366210460663e-02
-1.220504008233547211e-02
-5.398935638368129730e-03
-7.754167076200246811e-03
-1.968248002231121063e-02
-2.673329785466194153e-02
-2.188704721629619598e-02
-2.784849517047405243e-02
-3.016687929630279541e-02
-2.925363928079605103e-02
-2.552026137709617615e-02
-3.424050286412239075e-02
-3.353273123502731323e-02
-3.123987652361392975e-02
-3.520504012703895569e-02
-3.097824007272720337e-02
-2.640305645763874054e-02
-2.932334691286087036e-02
-3.272107988595962524e-02
-5.187187716364860535e-02
-5.003401637077331543e-02
-4.248387739062309265e-02
-4.449823498725891113e-02
-1.933660730719566345e-02
-1.943214237689971924e-02
-1.547633949667215347e-02
-1.531665399670600891e-02
-4.507693927735090256e-03
-5.760018713772296906e-03
-4.629136528819799423e-03
-1.533185015432536602e-03
3.109280019998550415e-03
1.448207069188356400e-03
7.926472462713718414e-03
1.469331048429012299e-02
1.389764621853828430e-02
1.255033165216445923e-02
1.766198873519897461e-02
2.138084918260574341e-02
1.585500501096248627e-02
2.295686118304729462e-02
2.740327827632427216e-02
2.877333946526050568e-02
2.664619870483875275e-02
2.803224511444568634e-02
4.737314581871032715e-02
3.966202586889266968e-02
4.163441807031631470e-02
3.800851851701736450e-02
3.579623624682426453e-02
3.457887470722198486e-02
1.167530100792646408e-02
1.883734576404094696e-02
3.812417387962341309e-03
-3.909301012754440308e-03
-1.199241634458303452e-02
-1.323858462274074554e-02
-2.274198271334171295e-02
-3.330268338322639465e-02
-3.771992400288581848e-02
-5.108542367815971375e-02
-5.133453011512756348e-02
-5.355725437402725220e-02
-7.284276187419891357e-02
-7.226168364286422729e-02
-8.176374435424804688e-02
-7.928016036748886108e-02
-9.475912153720855713e-02
-9.869927167892456055e-02
-9.875408560037612915e-02
-1.025764420628547668e-01
-1.103875339031219482e-01
-1.075458601117134094e-01
-1.091338992118835449e-01
-1.079404577612876892e-01
-1.041851937770843506e-01
-1.055186614394187927e-01
-1.047291159629821777e-01
-1.094669923186302185e-01
-1.050895228981971741e-01
-9.924741834402084351e-02
-9.216054528951644897e-02
-9.148025512695312500e-02
-8.256509155035018921e-02
-7.306742668151855469e-02
-6.320922821760177612e-02
-6.064430251717567444e-02
-5.816511437296867371e-02
-4.113395884633064270e-02
-3.950075060129165649e-02
-3.119878657162189484e-02
-1.645585149526596069e-02
-1.036314573138952255e-02
-5.719862878322601318e-03
4.673457238823175430e-03
5.721593275666236877e-03
1.205230318009853363e-02
2.342969924211502075e-02
2.475423552095890045e-02
3.064929321408271790e-02
2.601238898932933807e-02
0.000000000000000000e+00
0.000000000000000000e+00
0.000000000000000000e+00
0.000000000000000000e+00
0.000000000000000000e+00
0.000000000000000000e+00
0.000000000000000000e+00
0.000000000000000000e+00
0.000000000000000000e+00
0.000000000000000000e+00
0.000000000000000000e+00
0.000000000000000000e+00
0.000000000000000000e+00
0.000000000000000000e+00
0.000000000000000000e+00
0.000000000000000000e+00
0.000000000000000000e+00
0.000000000000000000e+00
0.000000000000000000e+00
0.000000000000000000e+00
0.000000000000000000e+00
0.000000000000000000e+00
0.000000000000000000e+00
0.000000000000000000e+00
0.000000000000000000e+00
0.000000000000000000e+00
0.000000000000000000e+00
0.000000000000000000e+00
0.000000000000000000e+00
0.000000000000000000e+00
0.000000000000000000e+00
0.000000000000000000e+00
0.000000000000000000e+00
0.000000000000000000e+00
0.000000000000000000e+00
0.000000000000000000e+00
0.000000000000000000e+00
0.000000000000000000e+00
0.000000000000000000e+00
0.000000000000000000e+00
0.000000000000000000e+00
0.000000000000000000e+00
0.000000000000000000e+00
0.000000000000000000e+00
0.000000000000000000e+00
0.000000000000000000e+00
0.000000000000000000e+00
0.000000000000000000e+00
0.000000000000000000e+00
0.000000000000000000e+00
0.000000000000000000e+00
0.000000000000000000e+00
0.000000000000000000e+00
0.000000000000000000e+00
0.000000000000000000e+00
0.000000000000000000e+00
0.000000000000000000e+00
0.000000000000000000e+00
0.000000000000000000e+00
0.000000000000000000e+00
0.000000000000000000e+00
0.000000000000000000e+00
0.000000000000000000e+00
0.000000000000000000e+00
0.000000000000000000e+00
0.000000000000000000e+00
0.000000000000000000e+00
0.000000000000000000e+00
0.000000000000000000e+00
0.000000000000000000e+00
0.000000000000000000e+00
0.000000000000000000e+00
0.000000000000000000e+00
0.000000000000000000e+00
0.000000000000000000e+00
0.000000000000000000e+00
0.000000000000000000e+00
0.000000000000000000e+00
0.000000000000000000e+00
0.000000000000000000e+00
0.000000000000000000e+00
0.000000000000000000e+00
0.000000000000000000e+00
0.000000000000000000e+00
0.000000000000000000e+00
0.000000000000000000e+00
0.000000000000000000e+00
0.000000000000000000e+00
0.000000000000000000e+00
0.000000000000000000e+00
0.000000000000000000e+00
0.000000000000000000e+00
0.000000000000000000e+00
0.000000000000000000e+00
0.000000000000000000e+00
0.000000000000000000e+00
0.000000000000000000e+00
0.000000000000000000e+00
0.000000000000000000e+00
0.000000000000000000e+00
